2.712000000000000000e+03
2.708000000000000000e+03
2.692000000000000000e+03
2.716000000000000000e+03
2.696000000000000000e+03
2.660000000000000000e+03
2.648000000000000000e+03
2.620000000000000000e+03
2.656000000000000000e+03
2.656000000000000000e+03
2.668000000000000000e+03
2.644000000000000000e+03
2.628000000000000000e+03
2.592000000000000000e+03
2.600000000000000000e+03
2.616000000000000000e+03
2.568000000000000000e+03
2.568000000000000000e+03
2.568000000000000000e+03
2.536000000000000000e+03
2.572000000000000000e+03
2.540000000000000000e+03
2.540000000000000000e+03
2.500000000000000000e+03
2.520000000000000000e+03
2.496000000000000000e+03
2.480000000000000000e+03
2.496000000000000000e+03
2.464000000000000000e+03
2.468000000000000000e+03
2.428000000000000000e+03
2.424000000000000000e+03
2.444000000000000000e+03
2.424000000000000000e+03
2.428000000000000000e+03
2.424000000000000000e+03
2.380000000000000000e+03
2.376000000000000000e+03
2.392000000000000000e+03
2.348000000000000000e+03
2.340000000000000000e+03
2.344000000000000000e+03
2.320000000000000000e+03
2.336000000000000000e+03
2.308000000000000000e+03
2.296000000000000000e+03
2.292000000000000000e+03
2.280000000000000000e+03
2.288000000000000000e+03
2.276000000000000000e+03
2.232000000000000000e+03
2.252000000000000000e+03
2.220000000000000000e+03
2.204000000000000000e+03
2.204000000000000000e+03
2.184000000000000000e+03
2.176000000000000000e+03
2.196000000000000000e+03
2.172000000000000000e+03
2.164000000000000000e+03
2.124000000000000000e+03
2.132000000000000000e+03
2.116000000000000000e+03
2.112000000000000000e+03
2.092000000000000000e+03
2.096000000000000000e+03
2.080000000000000000e+03
2.064000000000000000e+03
2.024000000000000000e+03
2.036000000000000000e+03
2.016000000000000000e+03
2.044000000000000000e+03
1.976000000000000000e+03
1.968000000000000000e+03
1.996000000000000000e+03
1.928000000000000000e+03
1.948000000000000000e+03
1.944000000000000000e+03
1.908000000000000000e+03
1.888000000000000000e+03
1.864000000000000000e+03
1.856000000000000000e+03
1.848000000000000000e+03
1.820000000000000000e+03
1.840000000000000000e+03
1.820000000000000000e+03
1.816000000000000000e+03
1.776000000000000000e+03
1.764000000000000000e+03
1.752000000000000000e+03
1.752000000000000000e+03
1.740000000000000000e+03
1.712000000000000000e+03
1.696000000000000000e+03
1.648000000000000000e+03
1.628000000000000000e+03
1.636000000000000000e+03
1.648000000000000000e+03
1.600000000000000000e+03
1.556000000000000000e+03
1.616000000000000000e+03
1.568000000000000000e+03
1.552000000000000000e+03
1.520000000000000000e+03
1.520000000000000000e+03
1.476000000000000000e+03
1.484000000000000000e+03
1.488000000000000000e+03
1.464000000000000000e+03
1.436000000000000000e+03
1.416000000000000000e+03
1.428000000000000000e+03
1.336000000000000000e+03
1.344000000000000000e+03
1.340000000000000000e+03
1.316000000000000000e+03
1.252000000000000000e+03
1.272000000000000000e+03
1.264000000000000000e+03
1.224000000000000000e+03
1.220000000000000000e+03
1.216000000000000000e+03
1.172000000000000000e+03
1.188000000000000000e+03
1.148000000000000000e+03
1.132000000000000000e+03
1.076000000000000000e+03
1.048000000000000000e+03
1.060000000000000000e+03
1.000000000000000000e+03
1.016000000000000000e+03
9.800000000000000000e+02
9.720000000000000000e+02
9.360000000000000000e+02
9.320000000000000000e+02
9.200000000000000000e+02
8.800000000000000000e+02
8.600000000000000000e+02
8.400000000000000000e+02
7.720000000000000000e+02
7.560000000000000000e+02
7.520000000000000000e+02
7.200000000000000000e+02
6.840000000000000000e+02
7.120000000000000000e+02
6.480000000000000000e+02
6.000000000000000000e+02
6.000000000000000000e+02
5.680000000000000000e+02
5.320000000000000000e+02
4.960000000000000000e+02
5.080000000000000000e+02
5.160000000000000000e+02
4.440000000000000000e+02
4.440000000000000000e+02
4.320000000000000000e+02
3.840000000000000000e+02
3.560000000000000000e+02
3.120000000000000000e+02
2.960000000000000000e+02
3.040000000000000000e+02
2.560000000000000000e+02
2.320000000000000000e+02
1.960000000000000000e+02
1.960000000000000000e+02
1.600000000000000000e+02
1.480000000000000000e+02
1.440000000000000000e+02
1.320000000000000000e+02
1.920000000000000000e+02
1.360000000000000000e+02
1.280000000000000000e+02
1.320000000000000000e+02
1.280000000000000000e+02
1.280000000000000000e+02
1.280000000000000000e+02
1.280000000000000000e+02
1.280000000000000000e+02
1.280000000000000000e+02
1.280000000000000000e+02
1.280000000000000000e+02
1.280000000000000000e+02
1.280000000000000000e+02
1.280000000000000000e+02
1.280000000000000000e+02
1.280000000000000000e+02
1.280000000000000000e+02
1.280000000000000000e+02
1.280000000000000000e+02
1.280000000000000000e+02
1.280000000000000000e+02
1.280000000000000000e+02
1.280000000000000000e+02
1.280000000000000000e+02
1.280000000000000000e+02
1.280000000000000000e+02
1.280000000000000000e+02
1.280000000000000000e+02
1.280000000000000000e+02
1.280000000000000000e+02
1.280000000000000000e+02
1.280000000000000000e+02
1.280000000000000000e+02
1.280000000000000000e+02
1.280000000000000000e+02
1.280000000000000000e+02
1.280000000000000000e+02
1.280000000000000000e+02
1.280000000000000000e+02
1.280000000000000000e+02
1.280000000000000000e+02
1.280000000000000000e+02
1.280000000000000000e+02
1.280000000000000000e+02
1.280000000000000000e+02
1.280000000000000000e+02
1.280000000000000000e+02
1.280000000000000000e+02
1.280000000000000000e+02
1.280000000000000000e+02
1.280000000000000000e+02
1.280000000000000000e+02
1.280000000000000000e+02
1.280000000000000000e+02
1.280000000000000000e+02
1.280000000000000000e+02
1.280000000000000000e+02
1.280000000000000000e+02
1.280000000000000000e+02
1.280000000000000000e+02
1.280000000000000000e+02
1.280000000000000000e+02
1.280000000000000000e+02
1.280000000000000000e+02
1.280000000000000000e+02
1.280000000000000000e+02
1.280000000000000000e+02
1.280000000000000000e+02
1.280000000000000000e+02
1.280000000000000000e+02
1.280000000000000000e+02
1.280000000000000000e+02
1.280000000000000000e+02
1.280000000000000000e+02
1.280000000000000000e+02
1.280000000000000000e+02
1.280000000000000000e+02
1.280000000000000000e+02
1.280000000000000000e+02
1.280000000000000000e+02
1.280000000000000000e+02
1.280000000000000000e+02
1.280000000000000000e+02
1.280000000000000000e+02
1.280000000000000000e+02
1.280000000000000000e+02
1.280000000000000000e+02
1.280000000000000000e+02
1.280000000000000000e+02
1.280000000000000000e+02
1.280000000000000000e+02
1.280000000000000000e+02
1.280000000000000000e+02
1.280000000000000000e+02
1.280000000000000000e+02
1.280000000000000000e+02
1.280000000000000000e+02
1.280000000000000000e+02
1.280000000000000000e+02
1.280000000000000000e+02
1.280000000000000000e+02
1.280000000000000000e+02
1.280000000000000000e+02
1.280000000000000000e+02
1.280000000000000000e+02
1.280000000000000000e+02
1.280000000000000000e+02
1.280000000000000000e+02
1.280000000000000000e+02
1.280000000000000000e+02
1.280000000000000000e+02
1.280000000000000000e+02
1.280000000000000000e+02
1.280000000000000000e+02
1.280000000000000000e+02
1.280000000000000000e+02
1.280000000000000000e+02
1.280000000000000000e+02
1.280000000000000000e+02
1.280000000000000000e+02
1.280000000000000000e+02
1.280000000000000000e+02
1.280000000000000000e+02
1.280000000000000000e+02
1.280000000000000000e+02
1.280000000000000000e+02
1.280000000000000000e+02
1.280000000000000000e+02
1.280000000000000000e+02
1.280000000000000000e+02
