4.541688687605560811e-04
4.934690665823178533e-04
5.741333066160919998e-04
5.802371656259250245e-04
5.459945849580870184e-04
6.397276714107461015e-04
6.000439252020545915e-04
6.626375502784404275e-04
6.233820145569846484e-04
6.865662100282597571e-04
8.171277007796400038e-04
8.253700738996763838e-04
8.760774787816405897e-04
8.857369005595700905e-04
9.389378949286656100e-04
9.197588827257335582e-04
1.041509789669891684e-03
1.182916489269620914e-03
1.123946016990936018e-03
1.276266972687424605e-03
1.250877260997829100e-03
1.276226554173325164e-03
1.306673295969141505e-03
1.520777519073081892e-03
1.651685204597611815e-03
1.694080820374395087e-03
1.596938129980807588e-03
1.803579368258151220e-03
1.846327238673518270e-03
1.900971394155859424e-03
2.102211665249075542e-03
2.219863516096003478e-03
2.250564319707381265e-03
2.274546646982142459e-03
2.191377765927165003e-03
2.855798482739659548e-03
2.977283926443256151e-03
3.040684458603047126e-03
3.267580765143567826e-03
3.305378709098118206e-03
3.540927102477510989e-03
3.521647139744690357e-03
3.902319220427664416e-03
4.144448039099406234e-03
4.027485381759677609e-03
4.229165062298830165e-03
4.728755820969445488e-03
4.776802852919011591e-03
5.009540123742797953e-03
5.245431980910566366e-03
5.372647377212343318e-03
5.845107124286717630e-03
6.622426976110898540e-03
6.126324798674634073e-03
6.300694736380320349e-03
7.432804885817337337e-03
7.291649612604139165e-03
7.990849939892363113e-03
8.142141846851412221e-03
8.414961701350058207e-03
8.729062734793027745e-03
9.180680019246684198e-03
9.682677567594496354e-03
1.017068398380697840e-02
1.056696224263575096e-02
1.204101347598817047e-02
1.225331713160200675e-02
1.160503607562277280e-02
1.288281048164033153e-02
1.350190996330975779e-02
1.447359226243011970e-02
1.552759573999938636e-02
1.595032407113945727e-02
1.779906157325465005e-02
1.924920743246968588e-02
1.867096922275643389e-02
1.970073695892943927e-02
2.159773663804979982e-02
2.357895165975939372e-02
2.360963878741553779e-02
2.371696791459310463e-02
2.455947887128689597e-02
2.612022144295593137e-02
2.687606055477165246e-02
2.753128686010907281e-02
3.111358535903364225e-02
3.012152100331595000e-02
3.179786025961771345e-02
3.475377040605323598e-02
3.725530457549806884e-02
3.943640473353045989e-02
3.722560385383915510e-02
4.194577335322143691e-02
4.367200049577648485e-02
4.430280118560695618e-02
4.590137773158375206e-02
5.118943362594745305e-02
5.207892670567857568e-02
5.742957464704155635e-02
5.598999523724520339e-02
6.340280366889609887e-02
6.605705429327235478e-02
6.820046754720067439e-02
6.645557067714644162e-02
7.969012229333814756e-02
7.398956423873391530e-02
7.553767190554534772e-02
8.410940603130183379e-02
9.265132869867376275e-02
8.690355606553608336e-02
9.871529340164082733e-02
1.087635868689992846e-01
1.073660843039251356e-01
1.099857108289925278e-01
1.284825492546282644e-01
1.262312274931585432e-01
1.329873698316072494e-01
1.275362496672313994e-01
1.323652334505844574e-01
1.562624593741120116e-01
1.567317529416253907e-01
1.684923274008465477e-01
1.646077807542120908e-01
1.732215452243912046e-01
1.715102152506745581e-01
1.945093090990899498e-01
2.066303220563269483e-01
2.095623139757959719e-01
2.166879421053700128e-01
2.344186035426090164e-01
2.377871115762296983e-01
2.410838086186737061e-01
2.510721167048824420e-01
2.672608557354725356e-01
2.827598064029249736e-01
3.067263019417648118e-01
2.937257138084542474e-01
3.231752650886472455e-01
3.379311133905879005e-01
3.314011249474525522e-01
3.665940145215980106e-01
3.836477578984566206e-01
3.734795950732232583e-01
4.133788702184861830e-01
4.139545799565294004e-01
4.524546540397167971e-01
4.536363911383162750e-01
4.798925377498240996e-01
4.738463000546213610e-01
4.927685928204273424e-01
5.162463679192200727e-01
5.583870092998572954e-01
5.545877367723159868e-01
6.192998564845035858e-01
5.725556131164631912e-01
5.979483821697377799e-01
6.734153367338383545e-01
6.255474407692087624e-01
6.630267659705824101e-01
6.928584102977467518e-01
6.889256227107098951e-01
7.158592022958293333e-01
7.204537564069728450e-01
7.375913562138894930e-01
7.219299259388490819e-01
7.571151861404353811e-01
7.427497295298102209e-01
7.744927964058395675e-01
7.495588685212500879e-01
7.532604234726544279e-01
7.599499480795223194e-01
7.536258798226039834e-01
7.637704785211892888e-01
7.685635081558819248e-01
7.525106642468756268e-01
7.541249132500634778e-01
7.507362507080942438e-01
7.678303604146218264e-01
7.542298766142478961e-01
7.584808775111381296e-01
7.423477364299325698e-01
7.523060230360468781e-01
7.404827906964168704e-01
7.540267452530257097e-01
7.522602963581127566e-01
7.579473901729489871e-01
7.447509217602319431e-01
7.474027318469861347e-01
7.551927339206819800e-01
7.407357814251618322e-01
7.430432689822873416e-01
7.392441937435995092e-01
7.649339571282525174e-01
7.570513610331635057e-01
7.539085269951207868e-01
7.472672702301206282e-01
7.467044528609073639e-01
7.604911651354703261e-01
7.527781531943997795e-01
7.452839218685718414e-01
7.463896092482049660e-01
7.446709631091424919e-01
7.440291786113643058e-01
7.550089733104996537e-01
7.579145413215377936e-01
7.673262436516411489e-01
7.469906194443556302e-01
7.579950180583030495e-01
7.504459068740720884e-01
7.548807563108050900e-01
7.548120831304062639e-01
7.438678313005402387e-01
7.537619970128389690e-01
7.640804592310110888e-01
7.641316259242968423e-01
7.515516209963182259e-01
7.612836910951970015e-01
7.499165783089954962e-01
7.496689721947661367e-01
7.574404047723234390e-01
7.488652790567651429e-01
7.434294852276754906e-01
7.607230020007714755e-01
7.547599221651829504e-01
7.640153609434853221e-01
7.418067842552392710e-01
7.556391863738335379e-01
7.515383275930636042e-01
7.527832019592041179e-01
7.462926532270495183e-01
7.611343107086580018e-01
7.501744727104588950e-01
7.494219098553209779e-01
7.504841493369323047e-01
7.458040589504016937e-01
7.560950089387578066e-01
7.344187194217797199e-01
7.627122028939625764e-01
7.611581502709620084e-01
7.464524994992332019e-01
7.563232430221861202e-01
7.436930947343030063e-01
7.705634212397972638e-01
7.463244265343712547e-01
7.479382881301164243e-01
7.614177453117035865e-01
7.745948733832141997e-01
7.656762493995520336e-01
7.527726289319021102e-01
7.399797973912068949e-01
7.673613240926798751e-01
7.497242176796904412e-01
7.512805095662116184e-01
7.655049572104284383e-01
7.287169195153081480e-01
7.467972128900844941e-01
7.520117491678462995e-01
7.405114272673872788e-01
7.507319729288732812e-01
7.673254312349171435e-01
7.361367124081648061e-01
7.536488023645047107e-01
7.557153302854339172e-01
7.476796852020975992e-01
7.550014629469563587e-01
7.649955348312800218e-01
7.569259478933810792e-01
7.477299286494264452e-01
7.477170186227681814e-01
7.442599804652187956e-01
7.515061035094534603e-01
7.583687093318592920e-01
7.553081834506308878e-01
7.724979957507041028e-01
7.472774733008880066e-01
7.572618622223650231e-01
7.498471526857810598e-01
7.425240156048448226e-01
7.650725338313285606e-01
7.537029620385423678e-01
7.508987730240554992e-01
7.557205923842306161e-01
7.542483526390860726e-01
7.398056255145357696e-01
7.538928290739662641e-01
7.629180420337458024e-01
7.611886291742556709e-01
7.407697814249393220e-01
7.393885328460044759e-01
7.464380372699161992e-01
7.725757767678246291e-01
7.566938167482741839e-01
7.565930221559680202e-01
7.454621661541225297e-01
7.393223918810614137e-01
7.596118929112617435e-01
7.640669141710340062e-01
7.510284169025409629e-01
7.500089354222083671e-01
7.485931864809645120e-01
