1.900000000000000000e+03
1.896000000000000000e+03
1.896000000000000000e+03
1.888000000000000000e+03
1.848000000000000000e+03
1.860000000000000000e+03
1.852000000000000000e+03
1.832000000000000000e+03
1.808000000000000000e+03
1.776000000000000000e+03
1.784000000000000000e+03
1.784000000000000000e+03
1.764000000000000000e+03
1.772000000000000000e+03
1.760000000000000000e+03
1.740000000000000000e+03
1.712000000000000000e+03
1.704000000000000000e+03
1.684000000000000000e+03
1.708000000000000000e+03
1.672000000000000000e+03
1.668000000000000000e+03
1.648000000000000000e+03
1.644000000000000000e+03
1.636000000000000000e+03
1.620000000000000000e+03
1.616000000000000000e+03
1.608000000000000000e+03
1.564000000000000000e+03
1.592000000000000000e+03
1.564000000000000000e+03
1.552000000000000000e+03
1.508000000000000000e+03
1.552000000000000000e+03
1.512000000000000000e+03
1.500000000000000000e+03
1.468000000000000000e+03
1.472000000000000000e+03
1.476000000000000000e+03
1.448000000000000000e+03
1.440000000000000000e+03
1.432000000000000000e+03
1.412000000000000000e+03
1.388000000000000000e+03
1.412000000000000000e+03
1.376000000000000000e+03
1.340000000000000000e+03
1.328000000000000000e+03
1.332000000000000000e+03
1.320000000000000000e+03
1.360000000000000000e+03
1.308000000000000000e+03
1.328000000000000000e+03
1.296000000000000000e+03
1.280000000000000000e+03
1.268000000000000000e+03
1.244000000000000000e+03
1.260000000000000000e+03
1.216000000000000000e+03
1.236000000000000000e+03
1.212000000000000000e+03
1.196000000000000000e+03
1.172000000000000000e+03
1.192000000000000000e+03
1.152000000000000000e+03
1.136000000000000000e+03
1.116000000000000000e+03
1.108000000000000000e+03
1.108000000000000000e+03
1.112000000000000000e+03
1.084000000000000000e+03
1.068000000000000000e+03
1.060000000000000000e+03
1.060000000000000000e+03
1.052000000000000000e+03
1.016000000000000000e+03
1.020000000000000000e+03
1.004000000000000000e+03
9.960000000000000000e+02
9.840000000000000000e+02
9.720000000000000000e+02
9.400000000000000000e+02
9.640000000000000000e+02
9.520000000000000000e+02
9.240000000000000000e+02
9.240000000000000000e+02
9.360000000000000000e+02
9.040000000000000000e+02
8.720000000000000000e+02
8.800000000000000000e+02
8.760000000000000000e+02
8.600000000000000000e+02
8.160000000000000000e+02
8.120000000000000000e+02
8.200000000000000000e+02
7.840000000000000000e+02
7.720000000000000000e+02
7.760000000000000000e+02
7.720000000000000000e+02
7.480000000000000000e+02
7.400000000000000000e+02
7.440000000000000000e+02
7.240000000000000000e+02
7.120000000000000000e+02
7.120000000000000000e+02
6.800000000000000000e+02
6.640000000000000000e+02
6.280000000000000000e+02
6.480000000000000000e+02
6.200000000000000000e+02
6.120000000000000000e+02
6.200000000000000000e+02
5.920000000000000000e+02
5.840000000000000000e+02
5.560000000000000000e+02
5.520000000000000000e+02
5.360000000000000000e+02
5.600000000000000000e+02
5.200000000000000000e+02
5.120000000000000000e+02
5.120000000000000000e+02
5.040000000000000000e+02
4.680000000000000000e+02
4.680000000000000000e+02
4.560000000000000000e+02
4.680000000000000000e+02
4.120000000000000000e+02
4.560000000000000000e+02
4.120000000000000000e+02
4.320000000000000000e+02
4.120000000000000000e+02
3.920000000000000000e+02
4.040000000000000000e+02
3.320000000000000000e+02
3.440000000000000000e+02
3.360000000000000000e+02
3.120000000000000000e+02
3.320000000000000000e+02
3.200000000000000000e+02
2.720000000000000000e+02
2.840000000000000000e+02
2.640000000000000000e+02
2.480000000000000000e+02
2.520000000000000000e+02
2.480000000000000000e+02
2.240000000000000000e+02
2.240000000000000000e+02
2.000000000000000000e+02
2.160000000000000000e+02
2.000000000000000000e+02
2.080000000000000000e+02
1.840000000000000000e+02
1.720000000000000000e+02
1.840000000000000000e+02
1.560000000000000000e+02
1.560000000000000000e+02
1.520000000000000000e+02
1.360000000000000000e+02
1.440000000000000000e+02
1.440000000000000000e+02
1.320000000000000000e+02
1.280000000000000000e+02
1.280000000000000000e+02
1.320000000000000000e+02
1.280000000000000000e+02
1.280000000000000000e+02
1.280000000000000000e+02
1.280000000000000000e+02
1.280000000000000000e+02
1.280000000000000000e+02
1.280000000000000000e+02
1.280000000000000000e+02
1.280000000000000000e+02
1.280000000000000000e+02
1.280000000000000000e+02
1.280000000000000000e+02
1.280000000000000000e+02
1.280000000000000000e+02
1.280000000000000000e+02
1.280000000000000000e+02
1.280000000000000000e+02
1.280000000000000000e+02
1.280000000000000000e+02
1.280000000000000000e+02
1.280000000000000000e+02
1.280000000000000000e+02
1.280000000000000000e+02
1.280000000000000000e+02
1.280000000000000000e+02
1.280000000000000000e+02
1.280000000000000000e+02
1.280000000000000000e+02
1.280000000000000000e+02
1.280000000000000000e+02
1.280000000000000000e+02
1.280000000000000000e+02
1.280000000000000000e+02
1.280000000000000000e+02
1.280000000000000000e+02
1.280000000000000000e+02
1.280000000000000000e+02
1.280000000000000000e+02
1.280000000000000000e+02
1.280000000000000000e+02
1.280000000000000000e+02
1.280000000000000000e+02
1.280000000000000000e+02
1.280000000000000000e+02
1.280000000000000000e+02
1.280000000000000000e+02
1.280000000000000000e+02
1.280000000000000000e+02
1.280000000000000000e+02
1.280000000000000000e+02
1.280000000000000000e+02
1.280000000000000000e+02
1.280000000000000000e+02
1.280000000000000000e+02
1.280000000000000000e+02
1.280000000000000000e+02
1.280000000000000000e+02
1.280000000000000000e+02
1.280000000000000000e+02
1.280000000000000000e+02
1.280000000000000000e+02
1.280000000000000000e+02
1.280000000000000000e+02
1.280000000000000000e+02
1.280000000000000000e+02
1.280000000000000000e+02
1.280000000000000000e+02
1.280000000000000000e+02
1.280000000000000000e+02
1.280000000000000000e+02
1.280000000000000000e+02
1.280000000000000000e+02
1.280000000000000000e+02
1.280000000000000000e+02
1.280000000000000000e+02
1.280000000000000000e+02
1.280000000000000000e+02
1.280000000000000000e+02
1.280000000000000000e+02
1.280000000000000000e+02
1.280000000000000000e+02
1.280000000000000000e+02
1.280000000000000000e+02
1.280000000000000000e+02
1.280000000000000000e+02
1.280000000000000000e+02
1.280000000000000000e+02
1.280000000000000000e+02
1.280000000000000000e+02
1.280000000000000000e+02
1.280000000000000000e+02
1.280000000000000000e+02
1.280000000000000000e+02
1.280000000000000000e+02
1.280000000000000000e+02
1.280000000000000000e+02
1.280000000000000000e+02
1.280000000000000000e+02
1.280000000000000000e+02
1.280000000000000000e+02
1.280000000000000000e+02
1.280000000000000000e+02
1.280000000000000000e+02
1.280000000000000000e+02
1.280000000000000000e+02
1.280000000000000000e+02
1.280000000000000000e+02
1.280000000000000000e+02
1.280000000000000000e+02
1.280000000000000000e+02
1.280000000000000000e+02
1.280000000000000000e+02
1.280000000000000000e+02
1.280000000000000000e+02
1.280000000000000000e+02
1.280000000000000000e+02
1.280000000000000000e+02
1.280000000000000000e+02
1.280000000000000000e+02
1.280000000000000000e+02
1.280000000000000000e+02
1.280000000000000000e+02
1.280000000000000000e+02
1.280000000000000000e+02
1.280000000000000000e+02
1.280000000000000000e+02
1.280000000000000000e+02
1.280000000000000000e+02
1.280000000000000000e+02
1.280000000000000000e+02
1.280000000000000000e+02
1.280000000000000000e+02
1.280000000000000000e+02
1.280000000000000000e+02
1.280000000000000000e+02
1.280000000000000000e+02
