1.642925314389826752e-01
8.882280062911579455e-02
7.445722011028539644e-02
6.704933650488506536e-02
6.095405837903114521e-02
5.897131915706804728e-02
5.660850380154537620e-02
5.576682053549673196e-02
5.472624089740078107e-02
5.420717860568067398e-02
5.372279157386215809e-02
5.310605423691519555e-02
5.292077795566157983e-02
5.292463836169812585e-02
5.274042061800573306e-02
5.281288708087299860e-02
5.280249155694964613e-02
5.284141707783435865e-02
5.266882392114488609e-02
5.236996761286969587e-02
5.229458110989233799e-02
5.232963609608048960e-02
5.225360741027289257e-02
5.219981366869543699e-02
5.210909436979036663e-02
5.190707749329194487e-02
5.179924793496087920e-02
5.161722135051913241e-02
5.147138835032896709e-02
5.148877380997435305e-02
5.127647546327761263e-02
5.119012827388855907e-02
5.119864809909686898e-02
5.129354094980165257e-02
5.127208619432022108e-02
5.138320497740338916e-02
5.140951961101114520e-02
5.147807092822728053e-02
5.147951874676340994e-02
5.151091273164296047e-02
5.151333878066863964e-02
5.146708741233453621e-02
5.141216781944041997e-02
5.138333442714078381e-02
5.125112335747930570e-02
