1.300000000000000000e+01
2.600000000000000000e+01
3.700000000000000000e+01
5.000000000000000000e+01
6.300000000000000000e+01
7.500000000000000000e+01
8.700000000000000000e+01
9.800000000000000000e+01
1.090000000000000000e+02
1.230000000000000000e+02
1.360000000000000000e+02
1.490000000000000000e+02
1.620000000000000000e+02
1.750000000000000000e+02
1.880000000000000000e+02
2.010000000000000000e+02
2.130000000000000000e+02
2.240000000000000000e+02
2.370000000000000000e+02
2.490000000000000000e+02
2.620000000000000000e+02
2.740000000000000000e+02
2.860000000000000000e+02
2.980000000000000000e+02
3.110000000000000000e+02
3.250000000000000000e+02
3.370000000000000000e+02
3.510000000000000000e+02
3.660000000000000000e+02
3.780000000000000000e+02
3.900000000000000000e+02
4.030000000000000000e+02
4.150000000000000000e+02
4.280000000000000000e+02
4.400000000000000000e+02
4.520000000000000000e+02
4.640000000000000000e+02
4.760000000000000000e+02
4.890000000000000000e+02
5.000000000000000000e+02
5.100000000000000000e+02
5.220000000000000000e+02
5.340000000000000000e+02
5.460000000000000000e+02
5.590000000000000000e+02
