5.171876703383059271e-01
4.432182964703896833e-01
4.032990428602772348e-01
3.452989384298891240e-01
3.201633760348171487e-01
2.891397487045749837e-01
2.878326228512456120e-01
2.764307460746132095e-01
2.369698751772458811e-01
2.244639176274961234e-01
2.076472607536123949e-01
2.008623701922343241e-01
1.890251414859283607e-01
1.723151532500195593e-01
1.661711802031303198e-01
1.573643860799018024e-01
1.490252058588150408e-01
1.421028792767701221e-01
1.341420733954242217e-01
1.320288277486570683e-01
1.285041613050342535e-01
1.243794011136509226e-01
1.214705585137872551e-01
1.164125731197332286e-01
1.107570679505608391e-01
1.071735477983385143e-01
1.050911303002608349e-01
1.024914878287918607e-01
1.005952160454333943e-01
9.951790654679280868e-02
9.775160413512654078e-02
9.661704260783461617e-02
9.522038085666291451e-02
9.334759882548548937e-02
9.289141415795898471e-02
9.163426645501694667e-02
9.027359590810850321e-02
8.800387467718749634e-02
8.659303195627232608e-02
8.541453050685129944e-02
8.460813653841785242e-02
6.076575590205398475e-02
5.347540780789349774e-02
4.861612559593086330e-02
4.460048841019284560e-02
4.215653334464900676e-02
3.966606210357030010e-02
3.864985711962805326e-02
3.850317583908562102e-02
3.788370266556904953e-02
3.719553332769692106e-02
3.689977895858070206e-02
