3.043110332003305385e-01
1.780882214381338535e-01
1.271908963278438887e-01
9.734873588870489314e-02
8.601190341369914505e-02
7.797429462787126841e-02
5.969913516258033154e-02
5.085263631434037979e-02
4.317813159527571915e-02
4.114702399054562254e-02
3.792050775483064157e-02
3.733783667304705484e-02
3.492674523748377086e-02
3.299517537781199161e-02
3.078749483130856918e-02
3.028133617727255672e-02
2.963988124078967973e-02
2.857450770940749354e-02
2.750140324102644598e-02
2.693850911769119297e-02
2.652127692919325000e-02
2.585777898111377843e-02
2.647415018245318288e-02
2.534180978481428287e-02
2.460843835060344195e-02
2.465572429291983808e-02
2.466713533223363966e-02
2.409403371325137544e-02
2.397856708833177863e-02
2.356625107927936072e-02
2.346890116182217406e-02
2.307588747244589469e-02
2.290878836763934542e-02
2.293081954585341961e-02
2.280696517672201398e-02
2.283745998710723368e-02
2.295285883120033385e-02
2.284344765541396552e-02
2.265882444995878306e-02
2.257874853854896155e-02
2.240138519830474004e-02
2.236217538680089489e-02
2.225524968335649070e-02
2.213375116961315697e-02
2.198893281800374036e-02
