3.841828515050554893e-01
3.171914747556295322e-01
2.718663506950851905e-01
2.231113330560064167e-01
1.970568675673411430e-01
1.705282261882050954e-01
1.487671375032926513e-01
1.391067495703044721e-01
1.283718515077089117e-01
1.197024848029049487e-01
1.113016308390445824e-01
1.068261430855753091e-01
1.005863052507874195e-01
9.755278490606325570e-02
9.324960416533778496e-02
9.021355395809857458e-02
8.858434714659627063e-02
8.497256630872006278e-02
8.189125304260146121e-02
7.962050841780343724e-02
7.820124891120888710e-02
7.696241518469662535e-02
7.518882268341729735e-02
7.374533091191641521e-02
7.284829382780276530e-02
7.197786250112830908e-02
7.070165327798853816e-02
7.074569295231157573e-02
7.032110313529656154e-02
6.961233249971884862e-02
6.904130164281307991e-02
6.770310951093097551e-02
6.606407588865359504e-02
6.525998433691544698e-02
6.538850410442732797e-02
6.508733290304731522e-02
6.456573746371035982e-02
6.388041755998688509e-02
6.301671029172209448e-02
6.265172194326536215e-02
6.222876886029780202e-02
6.240950937826388045e-02
6.201232864923928584e-02
6.113470506993410464e-02
6.099473033868364757e-02
4.953689822353602584e-02
4.464012512212058026e-02
4.101134008512274248e-02
3.945886941621205846e-02
