2.300000000000000000e+01
4.400000000000000000e+01
6.300000000000000000e+01
8.200000000000000000e+01
1.040000000000000000e+02
1.230000000000000000e+02
1.450000000000000000e+02
1.670000000000000000e+02
1.890000000000000000e+02
2.080000000000000000e+02
2.260000000000000000e+02
2.440000000000000000e+02
2.660000000000000000e+02
2.850000000000000000e+02
3.030000000000000000e+02
3.240000000000000000e+02
3.440000000000000000e+02
3.640000000000000000e+02
3.840000000000000000e+02
4.050000000000000000e+02
4.250000000000000000e+02
4.460000000000000000e+02
4.660000000000000000e+02
4.860000000000000000e+02
5.030000000000000000e+02
5.240000000000000000e+02
5.430000000000000000e+02
5.630000000000000000e+02
5.840000000000000000e+02
6.030000000000000000e+02
6.210000000000000000e+02
6.400000000000000000e+02
6.630000000000000000e+02
6.830000000000000000e+02
7.040000000000000000e+02
7.240000000000000000e+02
7.440000000000000000e+02
7.640000000000000000e+02
7.820000000000000000e+02
8.020000000000000000e+02
8.210000000000000000e+02
8.400000000000000000e+02
8.600000000000000000e+02
8.790000000000000000e+02
9.000000000000000000e+02
1.902000000000000000e+03
2.801000000000000000e+03
3.497000000000000000e+03
4.063000000000000000e+03
