1.500000000000000000e+01
3.000000000000000000e+01
4.700000000000000000e+01
6.100000000000000000e+01
7.700000000000000000e+01
9.100000000000000000e+01
1.070000000000000000e+02
1.210000000000000000e+02
1.340000000000000000e+02
1.510000000000000000e+02
1.660000000000000000e+02
1.810000000000000000e+02
1.960000000000000000e+02
2.090000000000000000e+02
2.240000000000000000e+02
2.400000000000000000e+02
2.550000000000000000e+02
2.710000000000000000e+02
2.840000000000000000e+02
3.020000000000000000e+02
3.170000000000000000e+02
3.330000000000000000e+02
3.470000000000000000e+02
3.620000000000000000e+02
3.800000000000000000e+02
3.960000000000000000e+02
4.090000000000000000e+02
4.240000000000000000e+02
4.400000000000000000e+02
4.550000000000000000e+02
4.710000000000000000e+02
4.850000000000000000e+02
5.000000000000000000e+02
5.160000000000000000e+02
5.310000000000000000e+02
5.460000000000000000e+02
5.600000000000000000e+02
5.750000000000000000e+02
5.900000000000000000e+02
6.060000000000000000e+02
6.200000000000000000e+02
6.350000000000000000e+02
6.510000000000000000e+02
6.680000000000000000e+02
6.850000000000000000e+02
