2.000000000000000000e+01
4.100000000000000000e+01
6.000000000000000000e+01
8.000000000000000000e+01
1.000000000000000000e+02
1.210000000000000000e+02
1.410000000000000000e+02
1.600000000000000000e+02
1.790000000000000000e+02
1.950000000000000000e+02
2.140000000000000000e+02
2.350000000000000000e+02
2.560000000000000000e+02
2.760000000000000000e+02
2.970000000000000000e+02
3.140000000000000000e+02
3.330000000000000000e+02
3.500000000000000000e+02
3.700000000000000000e+02
3.890000000000000000e+02
4.100000000000000000e+02
4.300000000000000000e+02
4.490000000000000000e+02
4.690000000000000000e+02
4.870000000000000000e+02
5.060000000000000000e+02
5.260000000000000000e+02
5.450000000000000000e+02
5.640000000000000000e+02
5.830000000000000000e+02
6.030000000000000000e+02
6.220000000000000000e+02
6.420000000000000000e+02
6.620000000000000000e+02
6.810000000000000000e+02
7.020000000000000000e+02
7.210000000000000000e+02
7.400000000000000000e+02
7.600000000000000000e+02
7.780000000000000000e+02
7.970000000000000000e+02
8.180000000000000000e+02
8.380000000000000000e+02
8.580000000000000000e+02
8.770000000000000000e+02
