5.642607633954973556e-01
5.371129068320754651e-01
5.336959311252834626e-01
5.301382352891728100e-01
5.276708227828486031e-01
5.240029340983358708e-01
5.181534635498308283e-01
5.118790553726044745e-01
4.992380458298574242e-01
4.884362075118556246e-01
4.706559581039960749e-01
4.577842265837880342e-01
4.433125219241755843e-01
4.310315880921457010e-01
4.033027874562853388e-01
3.892896757138816777e-01
3.739541381977879997e-01
3.717551035127316661e-01
3.559995161307237255e-01
3.459463338834388724e-01
3.375186220295047224e-01
3.318627051655602123e-01
3.248682924543874750e-01
3.176001235335614292e-01
3.076661071714358320e-01
3.043116142597850904e-01
2.949420713233170677e-01
2.923535021946473966e-01
2.759335877128231140e-01
2.637537089365088461e-01
2.590663029738587420e-01
2.583441339654278246e-01
2.525141948115400825e-01
2.514234285786801082e-01
2.449019071028837591e-01
2.396894496588823087e-01
2.381361549359565233e-01
2.332996179123736358e-01
2.323592854124309770e-01
2.241925263760350673e-01
2.229640238629734261e-01
2.177334267104614196e-01
2.083227711995530862e-01
2.063359194346918446e-01
2.059520590799157058e-01
2.048115396731399751e-01
1.989381675350877787e-01
1.981996910385872279e-01
1.942732638481262097e-01
1.881817657311199710e-01
1.870394711075507310e-01
1.859403966978041556e-01
1.766124083466210082e-01
1.756614531940237367e-01
1.695220582732590298e-01
1.625302168880100873e-01
1.613998171517937452e-01
1.609721539730268602e-01
1.606836174805532647e-01
1.547556563270187924e-01
1.524800159680165801e-01
1.514744061100024020e-01
1.479459881219051809e-01
1.423965726912073126e-01
1.414066629176589929e-01
1.394664791671837711e-01
1.367961639481930780e-01
1.329334211886019634e-01
1.317814628287081735e-01
1.313659100539486813e-01
1.253732583128711886e-01
1.245923770339693037e-01
1.236167718386952663e-01
1.151859642088670782e-01
1.147348027698749662e-01
1.099967838617246507e-01
1.095353603446762997e-01
1.021177535508325795e-01
1.014145918809049307e-01
1.012520168110341429e-01
9.665069712356084974e-02
9.522656219862393745e-02
9.477056277277294549e-02
9.022006304481944294e-02
8.948469009690876441e-02
8.596805309961011443e-02
8.566589919316999757e-02
8.365114674300645758e-02
8.133849741630755359e-02
7.857295999474352144e-02
7.097471242795873325e-02
7.008547106786980341e-02
6.852518648020108905e-02
6.834866518919192890e-02
6.150502209946583781e-02
6.062290483468001090e-02
6.018493046735864938e-02
6.001296346994543229e-02
5.985768934814748171e-02
5.940798628834862566e-02
5.884558452758083258e-02
5.379551693069190010e-02
5.343479010303586740e-02
5.188773504884898469e-02
4.993290884129304719e-02
4.968889928485138718e-02
4.906251575559210376e-02
4.885068876379699415e-02
4.844302354812600464e-02
4.642296145021038850e-02
4.633738086298405667e-02
4.618362626210348321e-02
4.609154503253214130e-02
4.398551913625194099e-02
4.284381101789682539e-02
4.118646751907723697e-02
4.094802778042480607e-02
3.960574092169936306e-02
3.843387967211919082e-02
3.819003103713543290e-02
3.774479236221713746e-02
3.757541258050881711e-02
3.687254912471628343e-02
3.559244247841227698e-02
3.471559320414983885e-02
3.450728308316289294e-02
3.436402089597107024e-02
3.434114261526704376e-02
3.369981048310633637e-02
3.305874837487188939e-02
3.231358216575042075e-02
3.177584092937583288e-02
3.157440100823466489e-02
2.891185577935006037e-02
2.888957037401027050e-02
2.833551909264035371e-02
2.668396998611181903e-02
2.662860500690393192e-02
2.604277800955709030e-02
2.597026484287669190e-02
2.593416895096271879e-02
2.575261404425018691e-02
2.506557129630061082e-02
2.411915180590448390e-02
2.397307952404929138e-02
2.386978717631428604e-02
2.377425395096554109e-02
2.340233298318901770e-02
2.292725859863532778e-02
2.275762080911781712e-02
2.222887318586490996e-02
2.219667184615575425e-02
2.209836812295707525e-02
2.203969301677714820e-02
2.141280851232077800e-02
2.055643966724203173e-02
2.049427666873105541e-02
2.026728308799021633e-02
1.982920401403990771e-02
1.954344166062504246e-02
1.907676639918367764e-02
1.899931771042862039e-02
1.895284623217117700e-02
1.885326060585669136e-02
1.844243429322225264e-02
1.840160936336970865e-02
1.701995912348952533e-02
1.679093268383959406e-02
1.667058680851534608e-02
1.665963600108242085e-02
1.464820962109511515e-02
1.463754533871120152e-02
1.461489624802125332e-02
1.394737299191203816e-02
1.345576927102522420e-02
1.330686530271928993e-02
1.320981152042353252e-02
1.315087877938577593e-02
1.314649763441838939e-02
1.249418670823269906e-02
1.235663019210573969e-02
1.214911804308936062e-02
1.213031638186841746e-02
1.207969974173679975e-02
1.094001011712509783e-02
1.079196706023963746e-02
1.070857016597125469e-02
1.051862804147247338e-02
1.045140148037870982e-02
9.843047367572644799e-03
9.251788666109567183e-03
9.226323143068208138e-03
9.153748035964540120e-03
9.101828693056476099e-03
8.639464107364613205e-03
8.052860303894597213e-03
7.689815715972482708e-03
7.557479744012021890e-03
7.503009710124980240e-03
7.492183492267765962e-03
7.470036481270935641e-03
7.412435119612028819e-03
6.874478858492171288e-03
6.692379663845797813e-03
6.619987673706737887e-03
6.590035340017885539e-03
6.336295286388606007e-03
6.182696532800476159e-03
6.110296259324949839e-03
6.102851787718067272e-03
6.017566274579686479e-03
5.761789825842951983e-03
5.122657281589232045e-03
4.962145525162932509e-03
4.807484308220430838e-03
4.498392581178629890e-03
4.484254893969800114e-03
4.382443920081401448e-03
4.345051615816696196e-03
4.289594526248966151e-03
4.276993232643639363e-03
4.265787191639658187e-03
4.252415616708853964e-03
4.173457432453122999e-03
4.148122299715875996e-03
4.092304075743044382e-03
4.069859050974871349e-03
3.853003082291557059e-03
3.820269461953626228e-03
3.810641118348965205e-03
3.804141643000842708e-03
3.772994912637590067e-03
3.496798347048935777e-03
3.452705981298527602e-03
3.382501505923366132e-03
3.300518503211694651e-03
3.289166312151655704e-03
3.239941386457100350e-03
3.181804865923567975e-03
2.914979305601193491e-03
2.870340255248653681e-03
2.859267503374946298e-03
2.848452469157465063e-03
2.802901968078474158e-03
2.780794262159901921e-03
2.774048974669259243e-03
2.710132855678405814e-03
2.700795955525587665e-03
2.586013202603883177e-03
2.537407129588698049e-03
2.520438928460541801e-03
2.517164608244558573e-03
2.489368938899699790e-03
2.432179486883913420e-03
2.039899297816403449e-03
2.036946755598355134e-03
2.029756274213494541e-03
2.016226665918555844e-03
2.005336052610365641e-03
1.979480901298195407e-03
1.906344386874636414e-03
1.902786786893256778e-03
1.765929767928113309e-03
1.579586912112002257e-03
1.576684997668832602e-03
1.569758303514254402e-03
1.481592194550776639e-03
1.458862377971131613e-03
1.441457978561068486e-03
1.436967062003761649e-03
1.346677633775307092e-03
1.308927846062274804e-03
1.282846515642221442e-03
1.280736624073500109e-03
1.277779294627789768e-03
1.273584902660344171e-03
1.172060103288951769e-03
1.164218761385816007e-03
1.086240661706367903e-03
1.065960071715939738e-03
1.059414912914137140e-03
1.047465149747624485e-03
1.045316617895121047e-03
1.043531844926250812e-03
1.042959839173192727e-03
1.041412501623690309e-03
1.038255322462944014e-03
1.035318602432926593e-03
1.016045167028438966e-03
9.312886071809367734e-04
8.983742400808805923e-04
8.736307111364640830e-04
8.620956123738426121e-04
8.461584242928915775e-04
8.426640411596731306e-04
7.699444813899139874e-04
7.306134191768268952e-04
7.263974178136051564e-04
7.258880042143306529e-04
7.205964740198768414e-04
7.137427205484908393e-04
7.120188461041467324e-04
7.115174911330833648e-04
6.579421405338963793e-04
6.216902164265067539e-04
6.185938675660980273e-04
6.142725189225436240e-04
6.071091224597365693e-04
6.049923490402395795e-04
6.040155602603476193e-04
5.973228917798763552e-04
5.542383192799129211e-04
5.436268882364486557e-04
5.343565566697864840e-04
5.214381416512827621e-04
5.178013429822528671e-04
4.919095234795746929e-04
4.837367591286720510e-04
4.754210988712737041e-04
4.728178594343203107e-04
4.715141426626540686e-04
4.707346034966415453e-04
4.430183334243292088e-04
4.415411615689363370e-04
4.291336619654389519e-04
3.757357481370821582e-04
3.574459830271324774e-04
3.554513321227579614e-04
3.535510584661689351e-04
3.467505273987883229e-04
3.435943009600585956e-04
3.427678188328254984e-04
3.301579015336993952e-04
2.937020151569578433e-04
2.928867883804843909e-04
2.924734936105310469e-04
2.923005344757837300e-04
2.911546814235652634e-04
2.796962346800474356e-04
2.790189394956997331e-04
2.769639454034733593e-04
2.737770580188590903e-04
2.705117920555961042e-04
2.648116639028018165e-04
2.481327544784321789e-04
2.292172846209351216e-04
2.278892591590526431e-04
2.259666992657718033e-04
1.961468679194827182e-04
1.914864167436058679e-04
1.907469659441126666e-04
1.877526962900275757e-04
1.833883640762759223e-04
1.831101982354951308e-04
1.818032452404393865e-04
1.774364931626316898e-04
1.768985923871857588e-04
1.748560750330637001e-04
1.736472318467490198e-04
1.687209720170655485e-04
1.621140629142273353e-04
1.577380855394103394e-04
1.509811051197202845e-04
1.504348054435185387e-04
1.495452756302068965e-04
1.490581833234332922e-04
1.484750793458449619e-04
1.450842862325013734e-04
1.432570397693820835e-04
1.413352380635245968e-04
1.401185748935534190e-04
1.375257340768693546e-04
1.370099296204450238e-04
1.363766324920736184e-04
1.323610681017724331e-04
1.220531420631837047e-04
1.180891395612479347e-04
1.173176653137373996e-04
1.170622222007116454e-04
1.164418385209521010e-04
1.154162646754572450e-04
1.151584793122107687e-04
1.145704390705494725e-04
1.127915135934125750e-04
1.099406993623205047e-04
1.094108712701509132e-04
1.080043717235525379e-04
1.037357050737957844e-04
1.036444267737652929e-04
1.022214273715384364e-04
1.002991482930641582e-04
9.103770182175544468e-05
9.076517738887721716e-05
9.072551175366057601e-05
8.986066875354468508e-05
8.878204176058091934e-05
8.783168691620204030e-05
8.748257387669505281e-05
7.870131017726266301e-05
7.827411597747926453e-05
7.498030192628633080e-05
7.494677518769262510e-05
7.475392787242072341e-05
7.401823462008896338e-05
7.321235459434424688e-05
7.250610318310139963e-05
7.238243396913298072e-05
7.221393354129647965e-05
6.404266819423260512e-05
6.228699323997486531e-05
6.188982791155691406e-05
6.115083066481183296e-05
5.891887984948207036e-05
5.734092989734704770e-05
5.730945538989022208e-05
5.685528412541436175e-05
5.651752517026036878e-05
5.616910000570736624e-05
5.542501010353501176e-05
5.539968201887970195e-05
5.532010802662724744e-05
4.838489389372710794e-05
4.338410786441407286e-05
4.266999260771220533e-05
4.145644791997661280e-05
4.129918322956524046e-05
4.079721998689373488e-05
3.999534298464804693e-05
3.994211076132787581e-05
3.983614622425336410e-05
3.964311720477192919e-05
3.924118600110005999e-05
3.833824934843017992e-05
3.542163064790465122e-05
3.288363970542910780e-05
3.132809667200309395e-05
3.111442548761190720e-05
3.068700794115023926e-05
2.872247541285727869e-05
2.828660180597540082e-05
2.796589214279323181e-05
2.796280084977210205e-05
2.693368133777805450e-05
2.641249039003872723e-05
2.557678126132626964e-05
2.554419681704345527e-05
2.371759530623606920e-05
2.196929131199768984e-05
2.151928030747847682e-05
2.149337444937071993e-05
2.137150950165123272e-05
2.082935467542276601e-05
2.064769352925659024e-05
2.061934839080622171e-05
2.057943532491426331e-05
2.044979745195762795e-05
2.039973781060142499e-05
1.644088478186720605e-05
1.612895671568899002e-05
1.598797239913009029e-05
1.583835447741159256e-05
1.581838498037868489e-05
1.576335400097847184e-05
1.571037506409232292e-05
1.569774812434191771e-05
1.565789153649831228e-05
1.538812811735093880e-05
1.404862724929703805e-05
1.399648485136447907e-05
1.327808094422491720e-05
1.322704484469061920e-05
1.319475747828160921e-05
1.319127351057481102e-05
1.293381965076721584e-05
1.291016542128102637e-05
1.286135123869012999e-05
1.284164976411001063e-05
1.232340213136094598e-05
1.216978150435764502e-05
1.191168885567049491e-05
1.167983240929405056e-05
1.158534466637058188e-05
1.023778346563119974e-05
1.022242721060847202e-05
9.683654690507315871e-06
9.639580477803764188e-06
9.511236557951960885e-06
9.495242717115389609e-06
9.145215805746948135e-06
7.902136138213075079e-06
7.884843984963797896e-06
7.799158728473403336e-06
7.691916110450811465e-06
7.607165244374103440e-06
7.538430857698024735e-06
7.236056294516049015e-06
7.162199662981645596e-06
7.059992242291505308e-06
7.005378615386748380e-06
6.983850529053927800e-06
6.822042522445497777e-06
6.692538115814815378e-06
6.679582496693596736e-06
6.663668311288752864e-06
6.580661146619029288e-06
6.119155311051439457e-06
5.835766724995589912e-06
5.809291583739148134e-06
5.433960086196809200e-06
5.057944637066114653e-06
4.438893290638429890e-06
4.317335655219450567e-06
4.273056441210212054e-06
3.928796761332159714e-06
3.825105301430468581e-06
3.744553384507288876e-06
3.678415747246812123e-06
3.534554709743369599e-06
3.459773911808070083e-06
3.356160304261580869e-06
3.351191570860908522e-06
3.338652937273463490e-06
3.241814751641856016e-06
3.095890692576446988e-06
3.022575155037748293e-06
2.924269483763487173e-06
2.902891763618569168e-06
2.893062355319789890e-06
2.879400734190445013e-06
2.836475554856520051e-06
2.834608418197126776e-06
2.812224873919914905e-06
2.758552236972996593e-06
2.753964311408128472e-06
2.631428712883419245e-06
2.593876190634769541e-06
2.559806916261303027e-06
2.449090055072676707e-06
2.214909944160410075e-06
2.166132820585950652e-06
2.148825186882502623e-06
2.137842993907141888e-06
2.133221823227796629e-06
2.125200497756014600e-06
2.093921917332399198e-06
1.969297672588120344e-06
1.966191284139630898e-06
1.963518301179848097e-06
1.945515663038648853e-06
1.910367692096079865e-06
1.899726085096126240e-06
1.783692593632650909e-06
1.630597643128698321e-06
1.530201957903568356e-06
1.518663510309507687e-06
1.516142254418216740e-06
1.509534930436154610e-06
1.484581625679261226e-06
1.472484130076623567e-06
1.449647575446484571e-06
1.445024085967968447e-06
1.443260296875416369e-06
1.440534675304936639e-06
1.425650402984850753e-06
1.409528330883582286e-06
1.401172100031788340e-06
1.399041133580031109e-06
1.280741847120413299e-06
1.203764236557861075e-06
1.142769322004235361e-06
1.085515906938769918e-06
1.080182341827113959e-06
1.044150437688590339e-06
1.042879428342012126e-06
9.592739136707653839e-07
9.568277691088629301e-07
9.552559413767955510e-07
9.486451928191090673e-07
9.260973586103617370e-07
9.129965187730255128e-07
7.220886849259603972e-07
7.069302171275770164e-07
6.918451563677199738e-07
6.887807239882627009e-07
6.793789177945755367e-07
6.778181699614023461e-07
6.759791115522352001e-07
6.688452637780248877e-07
6.666726805089323422e-07
6.664398998442386731e-07
6.599322465360776251e-07
6.553237613816125945e-07
6.471719300138810211e-07
5.471140994806010149e-07
5.456986943605047895e-07
5.365928199178204150e-07
5.191287068592146392e-07
4.905464651572461577e-07
4.654325374744628559e-07
4.515869446044011150e-07
4.303057106280356448e-07
4.301279404885570559e-07
4.299473217674400454e-07
4.288664228199206857e-07
4.237616472405673325e-07
4.218445253955026859e-07
4.210986602515783559e-07
4.204685863164138806e-07
4.114043961997628239e-07
4.060796691503587881e-07
4.052188327829951088e-07
4.031295979218306727e-07
3.940414057655215518e-07
3.477461823604348009e-07
3.467440652079409989e-07
3.429528092917279500e-07
3.377466006591171708e-07
3.346537898274878496e-07
3.188115526920185055e-07
3.081401058002409568e-07
3.030857264365418852e-07
3.026225888708288130e-07
3.002945307440500122e-07
3.001648804162695538e-07
2.984492415776473817e-07
2.971256020327499949e-07
2.967820164218801602e-07
2.847200095056496097e-07
2.430352181919585791e-07
2.408499380227911977e-07
2.349939889819439372e-07
2.321907346316771554e-07
2.293274579844661236e-07
2.185119177340411689e-07
2.084587572742962338e-07
2.065900679042313919e-07
1.986797152035478950e-07
1.963729008504340646e-07
1.942867265196330443e-07
1.896471500244129112e-07
1.883554561213048139e-07
1.752222709049615361e-07
1.744108687181269306e-07
1.738322280092666704e-07
1.737377754066762358e-07
1.736569733222864668e-07
1.687939395819614373e-07
1.646020551692144666e-07
1.643150256214115975e-07
1.424643130212015208e-07
1.238088418318650482e-07
1.193715571828743334e-07
1.185375365110169061e-07
1.182517367121242239e-07
1.179222937921889332e-07
1.178308038877688576e-07
1.164292778931178812e-07
1.136024942175200385e-07
1.095592311552594975e-07
1.093852097575249245e-07
1.083532455224748096e-07
1.073858329475270725e-07
1.069313205637981553e-07
1.066810781298098829e-07
1.050972179056697669e-07
1.016683802058503371e-07
9.919078030598688087e-08
9.304485786393993112e-08
8.887396692373446865e-08
8.531143828807850210e-08
8.194395983920157767e-08
8.087110733427846994e-08
8.063439446773106984e-08
8.042844775043157014e-08
8.022045870761605570e-08
8.005861721639463320e-08
7.951417729292479842e-08
7.884869473289697342e-08
7.872799206603883047e-08
7.842891531951321862e-08
7.835900697060548776e-08
7.654103378675793471e-08
7.547886412261596676e-08
7.351997609903201328e-08
7.240177033601040136e-08
7.144641431990140441e-08
6.095065193476206095e-08
4.929063953001780575e-08
4.917438095919099137e-08
4.816598156302227714e-08
4.768920625445795903e-08
4.757254173640161120e-08
4.688252821460619196e-08
4.668956942289625504e-08
4.650982270114992561e-08
4.616406072634476297e-08
4.577764377127016144e-08
4.354444136724936631e-08
4.326419941773527199e-08
4.218925423059837677e-08
4.216550937816162546e-08
4.187814029990191912e-08
4.181588175244402412e-08
4.127374048845799276e-08
4.101298253118730389e-08
4.091201511159918896e-08
4.038814285334947346e-08
4.026202978422343535e-08
3.948809733727086800e-08
3.836695175479557535e-08
3.284788729655125526e-08
2.920337598158861815e-08
2.901531482938039972e-08
2.593284792504355892e-08
2.545272818273420189e-08
2.535699194008648844e-08
2.528194177858415727e-08
2.524333588061432684e-08
2.465943167376897413e-08
2.425105131669611264e-08
2.416573567439718138e-08
2.412298583368746228e-08
2.314599790817172249e-08
2.235486672811798613e-08
2.222175366371011875e-08
2.197640075000102793e-08
2.189192469275027403e-08
2.173893437918990520e-08
2.162458233110877485e-08
2.040801236577411885e-08
1.575855821436044817e-08
1.557929019682954569e-08
1.536889734657152136e-08
1.514488855881271045e-08
1.496182888831704525e-08
1.479813353700953540e-08
1.471896909292083055e-08
1.468944395017170130e-08
1.463525924490729459e-08
1.417206132876603874e-08
1.354838213413847609e-08
1.319265315260944764e-08
1.298667118687147752e-08
1.244900973683096053e-08
1.243120446047653075e-08
1.238798856182650262e-08
1.222897333286300854e-08
1.124807740247592435e-08
1.094526962016317228e-08
1.081474295869607650e-08
1.059041480067525474e-08
1.055633447292475342e-08
9.621682912466463728e-09
9.608601662981762399e-09
9.587979254049701311e-09
9.420649124568337310e-09
7.935241093776440650e-09
7.869417596444163922e-09
7.843957916751906693e-09
7.737067926461034848e-09
7.690524237935329789e-09
7.476662531042577625e-09
7.434020013557260633e-09
7.353519405356822342e-09
7.259652844484474166e-09
7.248637623638786591e-09
7.231388522368346937e-09
7.215674044444740424e-09
7.193683515992932266e-09
7.167443763690417100e-09
7.104152940426872744e-09
7.061230912911377296e-09
6.268296377150892143e-09
6.014797668253621667e-09
5.798110849752349374e-09
5.592765859226938171e-09
5.436741087908001998e-09
5.202663807890498894e-09
5.132574634674079939e-09
5.082379888355497223e-09
5.081487507430133335e-09
4.657805245061562381e-09
4.644166296871680844e-09
4.625780963218280033e-09
4.598264329060148554e-09
4.565461074113707408e-09
4.457380520384268416e-09
4.335223057202089114e-09
4.297804105746336293e-09
4.272387621168334004e-09
3.153688607295061811e-09
3.087676938295701725e-09
3.065028356418344185e-09
3.050360010585140166e-09
3.048551026027240137e-09
2.989620406971774731e-09
2.978192576151762588e-09
2.968817841551492615e-09
2.948416629004462614e-09
2.883587630844500075e-09
2.873772323884058918e-09
2.822129171583477097e-09
2.789297965835915440e-09
2.741940480321618382e-09
2.728285575035619360e-09
2.702819056299381636e-09
2.690949668621934135e-09
2.646215974452587946e-09
2.553633571782098985e-09
2.511844071279296461e-09
2.279188291513900061e-09
1.841955698147055241e-09
1.792441733730938719e-09
1.790697677925680454e-09
1.785891353630448289e-09
1.780595357906517997e-09
1.739716373536277176e-09
1.733792254075302529e-09
1.730556098005472190e-09
1.702384816592389798e-09
1.689018333674404761e-09
1.681898045752015362e-09
1.677387170469987628e-09
1.625737301206997734e-09
1.615550589444960994e-09
1.579912487424758766e-09
1.573707220596865158e-09
1.502693637050357885e-09
1.267209510478203762e-09
1.151176727844169484e-09
1.133298424798328734e-09
1.072159796183444784e-09
9.284217306556724039e-10
9.086467550339489191e-10
9.034285281129831833e-10
9.000946489197902918e-10
8.919547600091275385e-10
8.885390843154220912e-10
8.859535590355977377e-10
8.841416090398035188e-10
8.835534967185703671e-10
8.464953322650045681e-10
7.974120853560384114e-10
7.918524142388677069e-10
7.722741620118842827e-10
7.086406444592233583e-10
6.858961469017039145e-10
6.750900343378055683e-10
6.626410115762337581e-10
6.532704163742049198e-10
5.512257810654242286e-10
5.452586945036687967e-10
5.432744112774101874e-10
