1.399081817111444304e+00
1.048685649141180898e+00
6.931305690351069471e-01
5.486996134726093155e-01
4.336737765094481611e-01
3.795489542911033576e-01
3.358532329107214998e-01
3.032462552715788351e-01
2.747470243750179120e-01
2.422841491243464818e-01
2.185332227928132587e-01
1.869829378502696482e-01
1.660512190312462277e-01
1.405163515313025968e-01
1.213422686122803684e-01
1.005803660352771189e-01
8.363529433378505407e-02
7.088984663327302371e-02
6.150678407267335529e-02
5.090432913454201458e-02
4.239116267850580322e-02
3.455364366232884649e-02
2.757292531741348598e-02
2.198265469726133972e-02
1.843459114470338486e-02
1.412953514589507416e-02
1.134472021042457444e-02
9.069260937667947622e-03
7.299430152814678427e-03
5.846999356474011193e-03
4.769821585202211819e-03
3.983837975676613775e-03
3.333619652188609880e-03
2.691550107172746391e-03
2.076482141073025811e-03
1.621302301701228700e-03
1.303867862599219270e-03
1.038374816343946112e-03
8.650765572916110750e-04
7.310774344511985481e-04
6.486440058178960565e-04
5.154088812436240490e-04
4.187818460843243068e-04
3.412470936186237386e-04
2.696278608416262119e-04
2.088980678159712407e-04
1.669972276804433740e-04
1.459314733137544238e-04
1.208745865224788139e-04
9.389435401752148054e-05
7.746302756731892475e-05
6.597344055611872632e-05
4.864792460320153467e-05
4.203062243450237295e-05
3.487068540971148697e-05
2.851112776517430021e-05
2.576241538869955048e-05
2.160738380516062838e-05
1.915316426472862772e-05
1.635669622239890983e-05
1.324927995535622623e-05
1.118114246960826810e-05
9.595281584708499398e-06
7.228927891655508633e-06
5.791508290114316150e-06
4.698750018390590156e-06
3.434742881492123951e-06
2.678795479772505367e-06
2.293100424922652623e-06
1.836291057952266372e-06
1.617746820411277055e-06
1.205908712077431745e-06
1.030269426778032752e-06
8.198543507395603245e-07
6.057929883394916124e-07
5.282974759198582311e-07
3.860841253780304949e-07
2.764559842806415160e-07
2.431791190275803637e-07
1.873125863260303250e-07
1.508746151132451675e-07
1.220328844426186756e-07
8.969614054414760015e-08
7.722514474955070259e-08
5.920031466333764806e-08
5.242768439044436655e-08
3.854472071757511378e-08
2.734560275754887384e-08
2.421634843571451074e-08
1.815273028233451797e-08
1.448792460398117848e-08
1.207339928552381473e-08
8.905996450196247113e-09
7.083029773933341112e-09
4.819390000085533206e-09
4.100178010284413467e-09
3.311056687598149859e-09
2.760046676890625899e-09
2.209264061747405159e-09
1.718852128047930983e-09
1.133044481862917393e-09
9.418836355664559915e-10
7.390184771530237773e-10
6.707592064640870843e-10
5.116457412495407217e-10
4.441498516457914948e-10
3.522183606282486218e-10
