4.985463389259199851e-01
4.704957962952374118e-01
4.532782961916627662e-01
4.222233212463610830e-01
4.045120577465280420e-01
3.898844158800822690e-01
3.779903989618548787e-01
3.677416644218062247e-01
3.575032993208064891e-01
3.465889727414696586e-01
3.379508276540876821e-01
3.299539407667095858e-01
3.224939895674006629e-01
3.153501376621706820e-01
3.081623094824997855e-01
3.012798013092242710e-01
2.945525928025187756e-01
2.877027829452550867e-01
2.809063163956314058e-01
2.749613712454606618e-01
2.693810970572660946e-01
2.632414713649979254e-01
2.574876462106355235e-01
2.519657574198870265e-01
2.467144139176072060e-01
2.414688431272772606e-01
2.366953557620190829e-01
2.320982992347931650e-01
2.272983856194539243e-01
2.221668933037562466e-01
2.166574970137476464e-01
2.109995442025951740e-01
2.062532763872132746e-01
2.019031898556001847e-01
1.975148394057714418e-01
1.933087167130734252e-01
1.892149087997929691e-01
1.849271055503997896e-01
1.809158869445881002e-01
1.764827711151273071e-01
1.720650431069873365e-01
1.676612446963833825e-01
1.638119270109526238e-01
1.602358437403660907e-01
1.566992717785232192e-01
1.533902112478773838e-01
1.503275909736009330e-01
1.470975833019010359e-01
1.439659005459308083e-01
1.410780293409814035e-01
1.383282986646698631e-01
1.358697997494515974e-01
1.334864584344785110e-01
1.311777370432960499e-01
1.287693577577168347e-01
1.264246400641357571e-01
1.239959461210890512e-01
1.215004882534846259e-01
1.190151403400697139e-01
1.165575940339442507e-01
1.142754870327113287e-01
1.120155282259916452e-01
1.098428358169489250e-01
1.077878290360741315e-01
1.056918221585533835e-01
1.035483112735771372e-01
1.016460061246831081e-01
9.983162688612989832e-02
9.792950273341763379e-02
9.601244631836010346e-02
9.406234722646074353e-02
9.200832957082666352e-02
9.003155599742999893e-02
8.816178206459807098e-02
8.652069132364435811e-02
8.500510256925065955e-02
8.346700659269259970e-02
8.188906568430799615e-02
8.024778379692940056e-02
7.844577123251922357e-02
7.668032992748315124e-02
7.503302723405468055e-02
7.337698943191375833e-02
7.178810353202251526e-02
7.019690667878078494e-02
6.874578226644813272e-02
6.730513046217923012e-02
6.589656901179467841e-02
6.455847655044373579e-02
6.327839315273799115e-02
6.212085621013987285e-02
6.092801614938521404e-02
5.966586721362022311e-02
5.836794948590590115e-02
5.717308537648279482e-02
5.605498443355381999e-02
5.494442472539399352e-02
5.378618988729590850e-02
5.270973731557521830e-02
5.171197137870342520e-02
5.075127388045889976e-02
4.983964379127862887e-02
4.894203643763692796e-02
4.799400515371828740e-02
4.711442159160767612e-02
4.629322049854499993e-02
4.553847598394198531e-02
4.483034485296183425e-02
4.413543111010723163e-02
4.345105731316601522e-02
4.278482504501088940e-02
4.215179633043667634e-02
4.150398238795495465e-02
4.086432295913832585e-02
4.029368577078561164e-02
3.970833280756252970e-02
3.911846077878982503e-02
3.853301150212563170e-02
3.792755048489845904e-02
3.731627999453083350e-02
3.673596269370563855e-02
3.621169504327134692e-02
3.566392020022206288e-02
3.515600482924442077e-02
3.466182335436789053e-02
3.417935743365195511e-02
3.367210189452529701e-02
3.317220201801351909e-02
3.265733466835160637e-02
3.212833805332955539e-02
3.160757388134612794e-02
3.109959993533684824e-02
3.059120359172927753e-02
3.007052344480018111e-02
2.954411112028215020e-02
2.901807892221800605e-02
2.848719839115930810e-02
2.799173242751517091e-02
2.750863413007439279e-02
2.703010002435762144e-02
2.654198487302718290e-02
2.604292074576746926e-02
2.556981333511648344e-02
2.511043747013630423e-02
2.466446207189630299e-02
2.424116911507649685e-02
2.382684907115665066e-02
2.341142696458503245e-02
2.297253270197933961e-02
2.251446708747104758e-02
2.206373051644240635e-02
2.165222033798824136e-02
2.127769419830400147e-02
2.088751258119468310e-02
2.052651920442304795e-02
2.020481110193284718e-02
1.983335292795592592e-02
1.945402901876553542e-02
1.908919731734891323e-02
1.872045135504225508e-02
1.835741745172543571e-02
1.802007496781736148e-02
1.769741013541046779e-02
1.735097661721988344e-02
1.700652636903278447e-02
1.668495314582152042e-02
1.634944149389809531e-02
1.602638174594535683e-02
1.570866762017411253e-02
1.540838413510358176e-02
1.512247343504640948e-02
1.483965139697859294e-02
1.455952922701817670e-02
1.430770129037704091e-02
1.406629874591841349e-02
1.384083594900987167e-02
1.362294545606151409e-02
1.340405593734891529e-02
1.319100571806967534e-02
1.297853078036489798e-02
1.277911146541681024e-02
1.257376549236051064e-02
1.234769419179104592e-02
1.211778960277066879e-02
1.189908622527176101e-02
1.169488158005698060e-02
1.149159675885239734e-02
1.129448050251376928e-02
1.109845270138074685e-02
1.088835612470624888e-02
1.068520897131374284e-02
1.049610891919901257e-02
1.032563500113816389e-02
1.017342558133550387e-02
1.000914547057164990e-02
9.841087944008682087e-03
9.684792192630412716e-03
9.526170406473374527e-03
9.383349947281460768e-03
9.225398087507058129e-03
9.066461361351028578e-03
8.909404811523859505e-03
8.756614704794355927e-03
8.618568607181780611e-03
8.479341070929728719e-03
8.327385388432024041e-03
8.175362474016210218e-03
8.027020029411647759e-03
7.880933712798479651e-03
7.726929925409575795e-03
7.568826650117094559e-03
7.415992874599089055e-03
7.277654264111475466e-03
7.143053010297997600e-03
7.003406322772696806e-03
6.859190670466309460e-03
6.716235079919527680e-03
6.573493823149335717e-03
6.432081508519188646e-03
6.295376007168145514e-03
6.165191840429363676e-03
6.044154963110243833e-03
5.930911318751508343e-03
5.811016428861779000e-03
5.697830084562566233e-03
5.593839185588855671e-03
5.479009172428579190e-03
5.363076755009524126e-03
5.249947155696692985e-03
5.131354870378215978e-03
5.021297338925782491e-03
4.918412099118027632e-03
4.820775337673843981e-03
4.734870647734146232e-03
4.645785654564382229e-03
4.550610345468476814e-03
4.455671131000624868e-03
4.365826991081766736e-03
4.281007832454307611e-03
4.196370934277809245e-03
4.111689091538461675e-03
4.024317665590445951e-03
3.935823824046076787e-03
3.849855935602632812e-03
3.770209845806878589e-03
3.691889353336846175e-03
3.610637972880206825e-03
3.531607951986712093e-03
3.456088367397115290e-03
3.379782310365956905e-03
3.307398275751161944e-03
3.231082198429841706e-03
3.155820648516602985e-03
3.084072568186580886e-03
3.020400334250480934e-03
2.962119538407144426e-03
2.899943772762954633e-03
2.837607526612402360e-03
2.777713572749603618e-03
2.723669295517972249e-03
2.670584051874851355e-03
2.616022096385646825e-03
2.557078732537939551e-03
2.502773505153806175e-03
2.450612513684135609e-03
2.403830326121048598e-03
2.358085161906093349e-03
2.310530808363084245e-03
2.265320836099595728e-03
2.218727315828203199e-03
2.172591235281043972e-03
2.128026170507941409e-03
2.087342246438847471e-03
2.051578921458827292e-03
2.013759697746212753e-03
1.973059709615018319e-03
1.933343123957640070e-03
1.893643850249635647e-03
1.853664741156938215e-03
1.816581689839466204e-03
1.778558104444948528e-03
1.740434113121076213e-03
1.703363297020708865e-03
1.670137724436987535e-03
1.638740431408970038e-03
1.604766120578000801e-03
1.572550791286997547e-03
1.544221179239006368e-03
1.516330673520028790e-03
1.487971024382910012e-03
1.461129140409321786e-03
1.432862012654479702e-03
1.404121570310326670e-03
1.375887966292050832e-03
1.349012394665240287e-03
1.323473158552312045e-03
1.296231626989978285e-03
1.269934889511414302e-03
1.242757846577445232e-03
1.215603901220928826e-03
1.190133946097183789e-03
1.166787259133505745e-03
1.143427935693677082e-03
1.119252777249076566e-03
1.094541331220119564e-03
1.070805643256752746e-03
1.048067503278750454e-03
1.026391815188731167e-03
1.004279755178918597e-03
9.811282440086914556e-04
9.579359385307520663e-04
9.352636474555791474e-04
9.153811533331467944e-04
8.934927841907058235e-04
8.709060861352566551e-04
8.500732295146601163e-04
8.301893584404877431e-04
8.111064172017412761e-04
7.917097627062828205e-04
7.727284521149898472e-04
7.542698127841463134e-04
7.359855631727922360e-04
7.189816757012928170e-04
7.028150074477065943e-04
6.878651003937189066e-04
6.723542348157712182e-04
6.566646377311838876e-04
6.429461967057530656e-04
6.307256969672870011e-04
6.168071356327494217e-04
6.026581109503812090e-04
5.889915350496257793e-04
5.765117901693354906e-04
5.648814385135121109e-04
5.548037692493544082e-04
5.448353189514505614e-04
5.350283041380859191e-04
5.249966661685649856e-04
5.158951881652545837e-04
5.075601371114990198e-04
4.995381024055966981e-04
4.915605346418141543e-04
4.844359035644918020e-04
4.771203851057654048e-04
4.697204463403870361e-04
4.625278983524983597e-04
4.559269212964859306e-04
4.492222113653802115e-04
4.430680389121006133e-04
4.381429904120905366e-04
4.328495586349326535e-04
4.273541957485290548e-04
4.224316252557355007e-04
4.175107496499297572e-04
4.123795642776151293e-04
4.075894320670862955e-04
4.031955034655091558e-04
3.986108811409659440e-04
3.938444921772108983e-04
3.892512886900734918e-04
3.850440088088778029e-04
3.812819744071375755e-04
3.771659172321736755e-04
3.730496641800281135e-04
3.687597024401848738e-04
3.646472011466145085e-04
3.608506742000465017e-04
3.569342626311303797e-04
3.527081744177685023e-04
3.485130571095129215e-04
3.444458525569176139e-04
3.410083202045649151e-04
3.374619958063267209e-04
3.335784035549465231e-04
3.299555719498091229e-04
3.262889590767000469e-04
3.224402377689091718e-04
3.184744421560890457e-04
3.144719898539738846e-04
3.107840907864715323e-04
3.071314387188131610e-04
3.036404847963430301e-04
2.997349886146359155e-04
2.956811451739783112e-04
2.916293416577349904e-04
2.878143834442488521e-04
2.840254665012226123e-04
2.803597214009350726e-04
2.766080642517520496e-04
2.727654889401940046e-04
2.689335005974771622e-04
2.649762579787865455e-04
2.611883245248916943e-04
2.577153574516737782e-04
2.540594339011575725e-04
2.500587818247523419e-04
2.460243166403572866e-04
2.422207421058521876e-04
2.386698297926529127e-04
2.351096482906968430e-04
2.308870591622572198e-04
2.267179967667654040e-04
2.225704900477633872e-04
2.188854035494404080e-04
2.154058277780719741e-04
2.113235233523566732e-04
2.071114645597967757e-04
2.031260605102567509e-04
1.995230460917481012e-04
1.958815504662044015e-04
1.923691507505658805e-04
1.886176686000917680e-04
1.844117028259445717e-04
1.803026331188583881e-04
1.766672179618398010e-04
1.730992650463233397e-04
1.692308136014558781e-04
1.652238152820344696e-04
1.613924341274146292e-04
1.573433368099490454e-04
1.534927392634007938e-04
1.501539421601762756e-04
1.468947955141194288e-04
1.431530491763721247e-04
1.394642098228953916e-04
1.360118872002349184e-04
1.331371273932745820e-04
1.299159528253352391e-04
1.264363880193697344e-04
1.229556016447498666e-04
1.196233196721487540e-04
1.165047806579154352e-04
1.135305476213654014e-04
1.107974643221131781e-04
1.078792305998056776e-04
1.049026185868115409e-04
1.022419361225604357e-04
9.958695550690236514e-05
9.662635771447129090e-05
9.396155416748757793e-05
9.154147550581683338e-05
8.917234569591805102e-05
8.658522734064142789e-05
8.397328889971872692e-05
8.175017639300117970e-05
7.975979133028891408e-05
7.742982357501328812e-05
7.490778224422282644e-05
7.228732834926076601e-05
6.998142629141860735e-05
6.812177950919861126e-05
6.607371752828516281e-05
6.399762632852644124e-05
6.220518263759309662e-05
6.041781145156914051e-05
5.864801151555102993e-05
5.688446829529867022e-05
5.522492031997203058e-05
5.358718410179542728e-05
5.182640196939369891e-05
5.010739620271999185e-05
4.859309801205775984e-05
4.721680194141847337e-05
4.571456784389550410e-05
4.416250388549469843e-05
4.258267459090138207e-05
4.107566725842452788e-05
3.975845722134340864e-05
3.862297618375895326e-05
3.751104213839798928e-05
3.636947399986250305e-05
3.540577861683922694e-05
3.453610227100536751e-05
3.356743045822430110e-05
3.263513495223562005e-05
3.186123154213309455e-05
3.089949315669785488e-05
2.992234663859400111e-05
2.904728922461605002e-05
2.827074517245027358e-05
2.752633773464122519e-05
2.678839198320030155e-05
2.608561458305954877e-05
2.545123602396403897e-05
2.486592306709763510e-05
2.428229673721398924e-05
2.369373666022374570e-05
2.317432856556169248e-05
2.270768581759398353e-05
2.225885308796903640e-05
2.178057091663475320e-05
2.130045401950266047e-05
2.084512717742874894e-05
2.044932303026838740e-05
2.007165239004350522e-05
1.969182379716394990e-05
1.932892407949234417e-05
1.903244033933639489e-05
1.870718554603240165e-05
1.837948713333498351e-05
1.809343049235006466e-05
1.778256969623168382e-05
1.746629755370941283e-05
1.720025081437179576e-05
1.692711701490341844e-05
1.663840896680175770e-05
1.637097528448300631e-05
1.613398355132270872e-05
1.589453580504833361e-05
1.564888944146275562e-05
1.542919421016034119e-05
1.522456460808893024e-05
1.500312079823359372e-05
1.478349078682554142e-05
1.456631219469698674e-05
1.435994575344908564e-05
1.417880097260138939e-05
1.401671762549912927e-05
1.384305276343928773e-05
1.369205045494817102e-05
1.353472932834235617e-05
1.336586585896339901e-05
1.319594223930064647e-05
1.303420030234027527e-05
1.288368724421264412e-05
1.274218205672667621e-05
1.259153975526255137e-05
1.244873372049375525e-05
1.230764112353380684e-05
1.214699194239451799e-05
1.198439211870746773e-05
1.184169422015237133e-05
1.170023740534978677e-05
1.154254855763337808e-05
1.139889054328599849e-05
1.125849789227682503e-05
1.109932948218831976e-05
1.093922553950144077e-05
1.079055634021431806e-05
1.064187696824680593e-05
1.048479899044216042e-05
1.032740354570281293e-05
1.016763830544478145e-05
1.002366674454508679e-05
9.861572132399598671e-06
9.694829077085404041e-06
9.531217280523021998e-06
9.376956974108007877e-06
9.226547820266266418e-06
9.070416492065455015e-06
8.911799574046012839e-06
8.761795159463253783e-06
8.622311115344651137e-06
8.477838681376775062e-06
8.331313896597169848e-06
8.188490817234211886e-06
8.051320746034009194e-06
7.906086718264424088e-06
7.763195602636149259e-06
7.621816647086272377e-06
7.476405858692644225e-06
7.328712749242404104e-06
7.183074711345544710e-06
7.062258263053182687e-06
6.937914836205021915e-06
6.798515142830149337e-06
6.658443689726365527e-06
6.526828768076126329e-06
6.404798016161875270e-06
6.275010562622808972e-06
6.136751157119151289e-06
5.997097463812705609e-06
5.858241822812233834e-06
5.709937715043321366e-06
5.579517979845796071e-06
5.460659482181762533e-06
5.334338529189511986e-06
5.206704513746616572e-06
5.076855539261813031e-06
4.950834476139717463e-06
4.826788592229686761e-06
4.714657505208223834e-06
4.614494949075979519e-06
4.503223061630244228e-06
4.407826037372186986e-06
4.315907950789134732e-06
4.203639680577758444e-06
4.097567535139441134e-06
3.999818606050501121e-06
3.906226650677520350e-06
3.810338463434892598e-06
3.712248107917608077e-06
3.617835161772872961e-06
3.529165261150893101e-06
3.445425682779448892e-06
3.364400568851904101e-06
3.283949100654344214e-06
3.213540599701798789e-06
3.145975603269213059e-06
3.076505008956804243e-06
3.010769729478484071e-06
2.945461228438725341e-06
2.881169512808987179e-06
2.814881184753292947e-06
2.753775598714343541e-06
2.694520731122558595e-06
2.638916958667746299e-06
2.583534214598177354e-06
2.522042695278554546e-06
2.463395860721213627e-06
2.406213752797635524e-06
2.350612705150772521e-06
2.296290882003319205e-06
2.245587408104189500e-06
2.192317272526416720e-06
2.136597473094211716e-06
2.078942996946956810e-06
2.024164675908578261e-06
1.972032309256475775e-06
1.919710203958588322e-06
1.866223436772419418e-06
1.814663018447030599e-06
1.765198548472193212e-06
1.718731740534700239e-06
1.675582856902408742e-06
1.631376753087198880e-06
1.589960642327699237e-06
1.555187701796262126e-06
1.516610417605828672e-06
1.477796016050178879e-06
1.443987698847808527e-06
1.410130456081955309e-06
1.375826032769259240e-06
1.340553557744378386e-06
1.306212431193595917e-06
1.274592066655736972e-06
1.242637781649782386e-06
1.209852588724369251e-06
1.175193892213472062e-06
1.143845859059023137e-06
1.115332107376845424e-06
1.086901740609526904e-06
1.059281131262762769e-06
1.032824237041958648e-06
1.007324939618388704e-06
9.817063734579394618e-07
9.575751177650725546e-07
9.342173485380862811e-07
9.103758794683040387e-07
8.851523131035078839e-07
8.615967376605624106e-07
8.405523129698974736e-07
8.195361011772485624e-07
7.996558287071199477e-07
7.801822867820806307e-07
7.597407624622209662e-07
7.405833759928387557e-07
7.241565041651603782e-07
7.078851184787312098e-07
6.900428804433813766e-07
6.742899535667155723e-07
6.607775010865509969e-07
6.471711989418002066e-07
6.336385146737384874e-07
6.194478003618938919e-07
6.063531223924212812e-07
5.952774525270154187e-07
5.848061594881512253e-07
5.725745585179696089e-07
5.609520832844873867e-07
5.497029599408031399e-07
5.383091320287480687e-07
5.274657423231819901e-07
5.177583778026914483e-07
5.078846646463983674e-07
4.983289767982335070e-07
4.903439276934606725e-07
4.831119645681731510e-07
4.754809580595127476e-07
4.676674075388253671e-07
4.606475471020296526e-07
4.544415166025004961e-07
4.482726768372751237e-07
4.420546173735386549e-07
4.351008098282192816e-07
4.274220933210309602e-07
4.204938323246750402e-07
4.141246923850405631e-07
4.077297884197159798e-07
4.009828782005028023e-07
3.947343053933736820e-07
3.891214993515408723e-07
3.834226068049312855e-07
3.781082903754084232e-07
3.724158570092259376e-07
3.665477511001449744e-07
3.609184624289595715e-07
3.557324601419848504e-07
3.501359146149004828e-07
3.445981848105476173e-07
3.395109854937830186e-07
3.345678147336811674e-07
3.292690294760572999e-07
3.241571327819614786e-07
3.197178951927966574e-07
3.156134045323324323e-07
3.113367734533583188e-07
3.070867238254356750e-07
3.028181474218615923e-07
2.985730988172602894e-07
2.946590884594012825e-07
2.907732261192811434e-07
2.866615680617245854e-07
2.826835758174977940e-07
2.788808747886125163e-07
2.750652516816166959e-07
2.711112321382467018e-07
2.671197874939202580e-07
2.629591866351657927e-07
2.586519234713829317e-07
2.544424701593679856e-07
2.504750752043977640e-07
2.467206703868692989e-07
2.424863565023947882e-07
2.384340642566308362e-07
2.348553346963162340e-07
2.316165617460061872e-07
2.283913080223023799e-07
2.251991887378694561e-07
2.218933859494331234e-07
2.186874586651268764e-07
2.154240619865990624e-07
2.119425287127221248e-07
2.085682305366975512e-07
2.054835686650963418e-07
2.024633920812061045e-07
1.993869542228384361e-07
1.964183099511818833e-07
1.934322915225934986e-07
1.904535739891408085e-07
1.875330534329738044e-07
1.844948181768827804e-07
1.814318240658024458e-07
1.788861260000300018e-07
1.761761368433152857e-07
1.731607151243622472e-07
1.703266581312298258e-07
1.679098443121203808e-07
1.652833435486642005e-07
1.624451165643165572e-07
1.597269134009382416e-07
1.571814551273681251e-07
1.546942867392017626e-07
1.522881029355195341e-07
1.498253388197470400e-07
1.474622141507957495e-07
1.452645040690597590e-07
1.431749721192647413e-07
1.410578602121466940e-07
1.388776656048733053e-07
1.367113639961739879e-07
1.346888137419641540e-07
1.326625608486621028e-07
1.305487257157546674e-07
1.285927733179691432e-07
1.265276224679425958e-07
1.242292099957273153e-07
1.221303775215790266e-07
1.199278427005726883e-07
1.177143534065768217e-07
1.154506229513333530e-07
1.132209462622928523e-07
1.110348652182012736e-07
1.090444285210629825e-07
1.069959873059199314e-07
1.048824488667083675e-07
1.028061187400770701e-07
1.009129995001309426e-07
9.912722665800691489e-08
9.736849857141879777e-08
9.551102230757655047e-08
9.364825069278177519e-08
9.180131769036216098e-08
9.003631024757527570e-08
8.815305454357303691e-08
8.616222839770045202e-08
8.409330977462524226e-08
8.210468104592078007e-08
8.033050882256528401e-08
7.868386929793395897e-08
7.703474307023587478e-08
7.540502563641853969e-08
7.375967594769294546e-08
7.224791677572526602e-08
7.076493678911401701e-08
6.925006887393980566e-08
6.780044816801333490e-08
6.638296616506879012e-08
6.487993429462187665e-08
6.340160845570520297e-08
6.205985569526408974e-08
6.060554487914644825e-08
5.936783993608449646e-08
5.822734709382134365e-08
5.690594987893833624e-08
5.557123194825208011e-08
5.431517670596613816e-08
5.324467437615287273e-08
5.208538853889610296e-08
5.087321513454304492e-08
4.975082782122887703e-08
4.872914946255736398e-08
4.760632652392133154e-08
4.648830884338955879e-08
4.547903944990709105e-08
4.442656543980190132e-08
4.339232546648013215e-08
4.237452282744065209e-08
4.138633131210582023e-08
4.039461927098947706e-08
3.953270501357571067e-08
3.876740501532601468e-08
3.782340626244490442e-08
3.686127692723747493e-08
3.594597639685788710e-08
3.499070356383620321e-08
3.399038617726195903e-08
3.302274400720253465e-08
3.204195117992115113e-08
3.113630600379107458e-08
3.025121508819026111e-08
2.938102199045159338e-08
2.854893263578935367e-08
2.773706101191879093e-08
2.702414179511115730e-08
2.626056742818814188e-08
2.552839877062132737e-08
2.484074199528049227e-08
2.425242441324985913e-08
2.368300950486718277e-08
2.306531089321078931e-08
2.242380519257156764e-08
2.185687243400600789e-08
2.131935726080275984e-08
2.076596303456297783e-08
2.022792719147466384e-08
1.970544789129294361e-08
1.917992020575133525e-08
1.870999438167019874e-08
1.826980138025168859e-08
1.780595844240015066e-08
1.732643883049357986e-08
1.685899739004805252e-08
1.645137207254844043e-08
1.611062211695811389e-08
1.575872777983213720e-08
1.545096449034728610e-08
1.512648398153350188e-08
1.475749253261687891e-08
1.440021507735523323e-08
1.407873435468983653e-08
1.379372280941876677e-08
1.352924579353102295e-08
1.323408704538626782e-08
1.292633171062630056e-08
1.263874091930125871e-08
1.236531039552662534e-08
1.208732491927296447e-08
1.183134665534836523e-08
1.160174343530882932e-08
1.137664502468267994e-08
1.114192428283692589e-08
1.092389815560470339e-08
1.071788306294385494e-08
1.051748726162224639e-08
1.033022085868543178e-08
1.015463813613275898e-08
9.980863852256243266e-09
9.802982880033178217e-09
9.605682414989609337e-09
9.389767580767222328e-09
9.189363640491154908e-09
9.007263058594119860e-09
8.826713946346851983e-09
8.653508055444576029e-09
8.498310621835375290e-09
8.342789964124106352e-09
8.179125198884026009e-09
8.016812841573061762e-09
7.872480676900819585e-09
7.733917451528210516e-09
7.591902625541366782e-09
7.452689599995132159e-09
7.309774692114715447e-09
7.171116728204388233e-09
7.050501309962485133e-09
6.922052223687383878e-09
6.797668851279169681e-09
6.667896839092191701e-09
6.530340261035040691e-09
6.398202988110393544e-09
6.283609587105180542e-09
6.152786456435010541e-09
6.021925187097134115e-09
5.908724838745674377e-09
5.797199078155326679e-09
5.687598725455047039e-09
5.575350969537929634e-09
5.467361664197323271e-09
5.360553831139834580e-09
5.251358511381322275e-09
5.145538497198077395e-09
5.046689295334850916e-09
4.955154817916461658e-09
4.864671399453034622e-09
4.766316494202167277e-09
4.670603887560883988e-09
4.592027635853879339e-09
4.512872880486038876e-09
4.433289562190770694e-09
4.369299443848277252e-09
4.301765422363149536e-09
4.225902628322381752e-09
4.160773956493084823e-09
4.095941842495658243e-09
4.033118429865929390e-09
3.978364871148601784e-09
3.921466116095205605e-09
3.857362318334827111e-09
3.797653153154015463e-09
3.739970964995677483e-09
3.687402168705950227e-09
3.633029032641529980e-09
3.578986220373193678e-09
3.525664559216847367e-09
3.473446788595294503e-09
3.427994810895804334e-09
3.385450407097780257e-09
3.337511362130569358e-09
3.293218084341922378e-09
3.250909380683405894e-09
3.207120049207999379e-09
3.163436111552502026e-09
3.122282841873152908e-09
3.083602939154069114e-09
3.040723478023029665e-09
2.996558230539099676e-09
2.958617825930584801e-09
2.918891647669425394e-09
2.879310319842723430e-09
2.842822566564376860e-09
2.804849188391639734e-09
2.767158390978107418e-09
2.732262148303343888e-09
2.699584971886524674e-09
2.664890353184711941e-09
2.625872442499893526e-09
2.585171467761996069e-09
2.543828891230278661e-09
2.505103368289562012e-09
2.473061734509137493e-09
2.439787814117994885e-09
2.401592238650032376e-09
2.359139945829314993e-09
2.316391865541963398e-09
2.275359545809826186e-09
2.234370940773700965e-09
2.191492535767909058e-09
2.147163602818716544e-09
2.102841824014735155e-09
2.062874019535647740e-09
2.025289432734808295e-09
1.980719153288207853e-09
1.942550870721337503e-09
1.908219855027571303e-09
1.863181284808132156e-09
1.817599552299960877e-09
1.777369885085543958e-09
1.740285624764460575e-09
1.703227960239262128e-09
1.663334742398852216e-09
1.621201130545315318e-09
1.585579769045342612e-09
1.552463567736353266e-09
1.514333247488231415e-09
1.476807802501575855e-09
1.438842505436061969e-09
1.398852156250337229e-09
1.358653934920820525e-09
