2.776238572595701282e+00
2.351000747304056837e+00
2.049148683616652367e+00
1.770893054639269160e+00
1.507098419589496974e+00
1.267739864313943254e+00
1.129428587613467982e+00
9.638991697002938785e-01
8.658735595026949561e-01
7.535218505767281583e-01
6.359162029693147256e-01
5.445709604589825670e-01
4.693697242077430332e-01
4.009951346440669417e-01
3.330064981254047263e-01
2.810672128652021429e-01
2.438267365012616039e-01
2.133957419460620342e-01
1.889850925862089359e-01
1.681187496502990208e-01
1.426312149615788782e-01
1.257056196987750563e-01
1.123695135871226602e-01
9.850083578557364272e-02
8.764535011214513727e-02
7.710499473161318285e-02
6.981682009943630807e-02
6.208200583632116076e-02
5.514235400912004953e-02
4.937115997852512678e-02
4.700952896438505280e-02
4.330282172320193412e-02
3.967465387872533278e-02
3.621264184768116512e-02
3.392681162392127692e-02
3.237230426842402364e-02
2.960452483993181172e-02
2.737143464645479599e-02
2.431933831879401139e-02
2.110122569969606968e-02
1.792662108180331434e-02
1.512906772269165777e-02
1.354488811140956879e-02
1.259372593008146156e-02
1.080443825453592140e-02
9.429684880313361078e-03
8.813489576816269100e-03
7.463968106059555747e-03
6.298650482725011261e-03
5.731105799982817196e-03
5.148822137172883243e-03
4.725317021193693214e-03
4.164724831232872321e-03
3.589847469048484691e-03
3.336333569753584943e-03
2.947233434823335382e-03
2.572167540334591510e-03
2.336587648109928785e-03
2.210415227434456113e-03
2.016272518538868470e-03
1.884117804740276410e-03
1.661947909162597194e-03
1.455304294662154631e-03
1.368259130767611291e-03
1.191280758678541938e-03
1.046979216276955945e-03
9.395566696996807219e-04
7.878657525315303691e-04
7.045305876080479182e-04
6.383486297582691409e-04
5.684801253433341330e-04
5.173637874223559023e-04
4.250398110801120841e-04
3.871743298866431792e-04
3.374011976131932556e-04
2.877752646220035513e-04
2.551493000424866035e-04
2.387303312662321776e-04
2.176904863952220704e-04
2.054231553972886393e-04
1.928709822029347500e-04
1.790244497820745536e-04
1.717737191026473932e-04
1.593558738804467872e-04
1.502544016550670636e-04
1.389897367872818001e-04
1.324916975192453412e-04
1.210880404480237316e-04
1.135900875732781258e-04
1.033195999415535536e-04
9.655863414277640936e-05
9.042602912987915040e-05
8.022412442236948483e-05
7.373355567172145244e-05
6.407284913527644876e-05
5.550565202112425111e-05
4.501896443283651806e-05
3.987211038371481691e-05
3.353075122245744897e-05
3.011344167132257009e-05
2.554514756410017749e-05
2.221644317362980143e-05
1.974046421369436439e-05
1.715188232392944628e-05
1.476128131795404403e-05
1.258030968426911554e-05
1.184667126151601019e-05
1.029455507723795111e-05
9.320500714735238790e-06
8.334582667102119686e-06
6.652707600508143001e-06
5.562557443505775870e-06
4.883043511484593114e-06
4.125722767290260668e-06
3.736645995866536327e-06
3.317025755840554949e-06
2.998599070384279140e-06
2.637470392849631550e-06
2.406213951960840119e-06
2.078547680645562603e-06
1.900261501243412324e-06
1.603511062020456141e-06
1.488350423851534778e-06
1.246563877412960956e-06
1.068513954653801677e-06
8.688235411019652976e-07
7.005534440363504279e-07
5.725290818781504566e-07
5.203971809597284200e-07
4.512238418216543545e-07
3.877653778846039368e-07
3.452047194862997861e-07
3.138761416437208792e-07
2.479308299195518982e-07
2.120610424627650710e-07
1.802046647557146859e-07
1.538246877533233022e-07
1.321135600488593019e-07
1.195381409917436026e-07
1.033695639524160566e-07
9.170069923515015185e-08
8.459580082666860865e-08
6.873464914512499739e-08
6.175382614723829701e-08
5.550795508080958885e-08
4.929280846859330565e-08
4.464913415571851189e-08
4.183432293129690915e-08
3.772020904817415190e-08
3.383957889985677570e-08
3.124938232410895836e-08
2.552780064838732091e-08
2.355853670416101191e-08
1.837532703908933879e-08
1.579488140504540343e-08
1.373328747969413237e-08
1.184263296861601255e-08
1.023813743539102298e-08
8.764900794401976668e-09
8.019613630040874736e-09
6.580758809995361381e-09
6.004506631343142854e-09
4.841595883186393356e-09
3.938280258870788543e-09
3.413870122599367136e-09
2.717559963149729754e-09
2.409156902361441651e-09
2.015866022898937631e-09
1.771798378736194007e-09
