5.184117651071588062e-01
4.678999426262155370e-01
4.351703624554719152e-01
4.092481037317963199e-01
3.906528296065334138e-01
3.675311135796737738e-01
3.514999191018968738e-01
3.382656934036009089e-01
3.245621739110692849e-01
3.113494410877206686e-01
3.007503729924583258e-01
2.902548082039440036e-01
2.818162994132443200e-01
2.724297036821666240e-01
2.624660335412004053e-01
2.542804376496816676e-01
2.469545996644916253e-01
2.394504093117392485e-01
2.330120535897758360e-01
2.272568139883744398e-01
2.218897822642853790e-01
2.168221646256625057e-01
2.120603256368458200e-01
2.077227949542597985e-01
2.033786647814939674e-01
1.985819684996884826e-01
1.944666574913640755e-01
1.908077321974781526e-01
1.868756811289659647e-01
1.826739153923486458e-01
1.789518383200830454e-01
1.751507097142407932e-01
1.716764039186559621e-01
1.683089410023024812e-01
1.652751243131216352e-01
1.623606644177371661e-01
1.592954549277360021e-01
1.565485263329686183e-01
1.543170861470472277e-01
1.516966981345305165e-01
1.492583518934425812e-01
1.471991654128078086e-01
1.450680124017357242e-01
1.429185322687757387e-01
1.408712823155580940e-01
1.388433313722350071e-01
1.370263149067262043e-01
1.352221991576375848e-01
1.334642929975515813e-01
1.319320038705059372e-01
1.304284182806591530e-01
1.288608511198673090e-01
1.272936164313530072e-01
1.258131825932425896e-01
1.242956667981561930e-01
1.227083059183060321e-01
1.212040004973656548e-01
1.197776877563064835e-01
1.184446322149925318e-01
1.169591085429375760e-01
1.153935131689012711e-01
1.138034857953107992e-01
1.121641814403082082e-01
1.105218451986624134e-01
1.087942234165140964e-01
1.068487200664286901e-01
1.048091460079140225e-01
1.028070001648344889e-01
1.005763691565873669e-01
9.825430172285440356e-02
9.595773105516472445e-02
9.332128003075315648e-02
9.074887449439633658e-02
8.814928979193144276e-02
8.549845971111004472e-02
8.290071763226494750e-02
8.032588758844295962e-02
7.777123250045435421e-02
7.534989817263498812e-02
7.281423450587941326e-02
7.001188823030582431e-02
6.751701452503956757e-02
6.515110933400056203e-02
6.289142517918801245e-02
6.058595221665131342e-02
5.855149970112351332e-02
5.633473312718943055e-02
5.395024596769426584e-02
5.179158036274798121e-02
4.982731744425479559e-02
4.790928409523569076e-02
4.598627350854740670e-02
4.415944264304852429e-02
4.243598540298488403e-02
4.078532684267321268e-02
3.917945670572620803e-02
3.768286993720086631e-02
3.615460925234653677e-02
3.471862203307556072e-02
3.345291779785514175e-02
3.226549679927272207e-02
3.108338081030428274e-02
2.993335162202673261e-02
2.889150749273939472e-02
2.793367572381920752e-02
2.704865586311562542e-02
2.619063029305512477e-02
2.532868318217902648e-02
2.449759577659340465e-02
2.375902804065325655e-02
2.304455513879870993e-02
2.241747199343116503e-02
2.188041758166696035e-02
2.131495920759140725e-02
2.080458445979218446e-02
2.033443782406334222e-02
1.989759193341327642e-02
1.952201520849395841e-02
1.917144967642674461e-02
1.877152090725249176e-02
1.835650753195905427e-02
1.800175183208790886e-02
1.765469808510865268e-02
1.730156963166177425e-02
1.696059710833936959e-02
1.663860733116923757e-02
1.630552777047086441e-02
1.599399936915033710e-02
1.566359862983307538e-02
1.534794221080785885e-02
1.504649363883657498e-02
1.473193854946045801e-02
1.442627332708560500e-02
1.412979528965608612e-02
1.381742668497843926e-02
1.353611240494283045e-02
1.324629960578957259e-02
1.295845971131127233e-02
1.267220143547559928e-02
1.238792315784053612e-02
1.212081459293837780e-02
1.184734976646970549e-02
1.156877958351815693e-02
1.128200954127647065e-02
1.099565216537897079e-02
1.071012283463894897e-02
1.043392000715756725e-02
1.017597082915935695e-02
9.953395371916100645e-03
9.739881876165154898e-03
9.512542228010309117e-03
9.280574149667640896e-03
9.037999442802880853e-03
8.776740487645522809e-03
8.519508217213004816e-03
8.284723163567573462e-03
8.052232240856419324e-03
7.814668321153671673e-03
7.575072862424402260e-03
7.354363505437252861e-03
7.144494570738348441e-03
6.940497608821712995e-03
6.722178850296577600e-03
6.511300144268861861e-03
6.303299587106949049e-03
6.091358573391054097e-03
5.898887191834566689e-03
5.712070656119179468e-03
5.543584552378846494e-03
5.375193555571535289e-03
5.221270925127296028e-03
5.078150129174898234e-03
4.931400174855048689e-03
4.782787801818351447e-03
4.634726644078260814e-03
4.492972351734622789e-03
4.352233276001244919e-03
4.220977883921602468e-03
4.101312889533067184e-03
3.987012411601731712e-03
3.869115755397294423e-03
3.755929155340309491e-03
3.644944465494509914e-03
3.536174932683734066e-03
3.435535259206682571e-03
3.342456051626205207e-03
3.256264139380972075e-03
3.171468984535266017e-03
3.089295588513808147e-03
3.002247540195869795e-03
2.909805156106439958e-03
2.822565973395910286e-03
2.744597078945431017e-03
2.670749340097268096e-03
2.593712226974919516e-03
2.518900167649080948e-03
2.451680270840590758e-03
2.378449682588823066e-03
2.310562891731003654e-03
2.240040946831159483e-03
2.165259816430582535e-03
2.094279613466302602e-03
2.028430575328840028e-03
1.963816074610900964e-03
1.905279036921227317e-03
1.852757842000181399e-03
1.803278419049774870e-03
1.752250743392088457e-03
1.704896399791411580e-03
1.660762574219648482e-03
1.619639140450630918e-03
1.578839117516880625e-03
1.536967175146211530e-03
1.494495912986188585e-03
1.455049814030207967e-03
1.416244900869630509e-03
1.381490505166987860e-03
1.350313101895398273e-03
1.320616163920814356e-03
1.288481614678438098e-03
1.256544509070224840e-03
1.227718710568285456e-03
1.197395481927670917e-03
1.165942765083821707e-03
1.134931352322602997e-03
1.103021978255134920e-03
1.069655692165548486e-03
1.036906670319524262e-03
1.006086046789729646e-03
9.755622339392874516e-04
9.450469882713348349e-04
9.191529133034735503e-04
8.919482296727225101e-04
8.631766295173136068e-04
8.340112295184719986e-04
8.076188182057840144e-04
7.815978586870223977e-04
7.542595228293455349e-04
7.261671498372978444e-04
6.983075367107720787e-04
6.719497669232284013e-04
6.459740157530138079e-04
6.210646519301618205e-04
5.971077581457230003e-04
5.752715075079038948e-04
5.529961040763944641e-04
5.294522595400173249e-04
5.062470815495791893e-04
4.837047106735365689e-04
4.626683063714832054e-04
4.428528531101962908e-04
4.245828756285949766e-04
4.080357220920549925e-04
3.931446716109147249e-04
3.784842134996519347e-04
3.651455796838535325e-04
3.528151445072898445e-04
3.413551099804539436e-04
3.299589433244498452e-04
3.183675459202850618e-04
3.069276024508309458e-04
2.963193725400222345e-04
2.860811778158668358e-04
2.767493350178491449e-04
2.676452257037711057e-04
2.589762834035487385e-04
2.513210514860037079e-04
2.443150235590449003e-04
2.370906661131473830e-04
2.310804890139899089e-04
2.255483674247904112e-04
2.199359634016367741e-04
2.142981964103777626e-04
2.091064013894376652e-04
2.038251824766757045e-04
1.981335962519483092e-04
1.931945778135543484e-04
1.884412797627172179e-04
1.834855250228040907e-04
1.784563201154555601e-04
1.733759474964640724e-04
1.686535065695151216e-04
1.639160658031574725e-04
1.593698561119295289e-04
1.550175596371989380e-04
1.504414519395413377e-04
1.457792660800995917e-04
1.413078618296290860e-04
1.368326769981140429e-04
1.322724251511693528e-04
1.279709822203511514e-04
1.239244694116863619e-04
1.196217664059185044e-04
1.150680796217895389e-04
1.110240159410078178e-04
1.074342356199058985e-04
1.036329954256313404e-04
9.980498561872581747e-05
9.609308899080490829e-05
9.248475879382358198e-05
8.915120950207528882e-05
8.617594203270693477e-05
8.299682208165790444e-05
8.009522795325947013e-05
7.746306067263953362e-05
7.493372985417698221e-05
7.243488556994757792e-05
7.010394385868915304e-05
6.797257487220565776e-05
6.614060655309098437e-05
6.430299233254509672e-05
6.250281304557274041e-05
6.074503133061626500e-05
5.901603922778502729e-05
5.742642776399556657e-05
5.597169049163976665e-05
5.463652053421837315e-05
5.340148408579364615e-05
5.223004179286857689e-05
5.110911641629532672e-05
5.005347591173390728e-05
4.899761828581351679e-05
4.797320753038732111e-05
4.706762430237819433e-05
4.623842393076949675e-05
4.548520425857784111e-05
4.466227323452383335e-05
4.385698904965755078e-05
4.316309740819916884e-05
4.247639376482740322e-05
4.178698877140671380e-05
4.107429829319047523e-05
4.042491632878585068e-05
3.980668953872772955e-05
3.915734094519907315e-05
3.846956970602542466e-05
3.778635618309591674e-05
3.706534079386649344e-05
3.636090468285268362e-05
3.565454761267561134e-05
3.500632604750994421e-05
3.430226637932066498e-05
3.358715935503640474e-05
3.288529914658394973e-05
3.223146115004405795e-05
3.153655628682852251e-05
3.082634305135702137e-05
3.009362883693220058e-05
2.929509474384113610e-05
2.850615500209104837e-05
2.772585740643758635e-05
2.696566521865184759e-05
2.616218351515969749e-05
2.534101350251860205e-05
2.454457079708647049e-05
2.381295488088697513e-05
2.313936661470814509e-05
2.248511835798867176e-05
2.176450724050511259e-05
2.091448621719322655e-05
2.009908424385881866e-05
1.935524648218274444e-05
1.862400757229795215e-05
1.780886332540291634e-05
1.696486741984129309e-05
1.621733774481743534e-05
1.552972459717427779e-05
1.479373903346997703e-05
1.403925968053861031e-05
1.333738033487596548e-05
1.273526031662118379e-05
1.213321834886700111e-05
1.150848088745249075e-05
1.093378763890379567e-05
1.043808649529448529e-05
9.963415912165318270e-06
9.514804897144951289e-06
9.116320318583993301e-06
8.732252081260803505e-06
8.382575453410414363e-06
8.071729769775538323e-06
7.770324303973361689e-06
7.446262871604523881e-06
7.149288069058255663e-06
6.873072294018710083e-06
6.628864055784328706e-06
6.388910929408053127e-06
6.169336146599131810e-06
5.966032340528009984e-06
5.777190158839116170e-06
5.578995299036749652e-06
5.377056897519777925e-06
5.192271536774039366e-06
5.012587344556095680e-06
4.840940030284158635e-06
4.686342969054653786e-06
4.562177498786499344e-06
4.430238437358697217e-06
4.287665510398074228e-06
4.162181904000379619e-06
4.041600179861166850e-06
3.928745604860820963e-06
3.801532391308521817e-06
3.684276905333673386e-06
3.577243419325439254e-06
3.469654133541686418e-06
3.354658022367606180e-06
3.238375782973854336e-06
3.135955757470763593e-06
3.045351806940773212e-06
2.945217078551585837e-06
2.847442031552579461e-06
2.753821560335699982e-06
2.662269484920586916e-06
2.582029866276186246e-06
2.505544286917037161e-06
2.427370027856637932e-06
2.355601039740423270e-06
2.297872190466465887e-06
2.236498949845536235e-06
2.174280890511531254e-06
2.114084958571079434e-06
2.049662674711790542e-06
1.984919251030930995e-06
1.923258261268103262e-06
1.867762105878237009e-06
1.823754399476566231e-06
1.779044837831866767e-06
1.729604164639899927e-06
1.678570088087612459e-06
1.629078743849660304e-06
1.580148495594177272e-06
1.533444036462996760e-06
1.489213427861378055e-06
1.452777532935776070e-06
1.419189335374141508e-06
1.384549077186199739e-06
1.352286672028806418e-06
1.318120301002523291e-06
1.281387087065064819e-06
1.245239606177629425e-06
1.210014526415489593e-06
1.177408682208712402e-06
1.146649171028100448e-06
1.119245026166963829e-06
1.095586912588566879e-06
1.070713956825570390e-06
1.044393501091038616e-06
1.018356799887246634e-06
9.934781246706641147e-07
9.697553727792407878e-07
9.486399489998492050e-07
9.272352760632251329e-07
9.048848300838762049e-07
8.855084957659539341e-07
8.676440776287751868e-07
8.488209547057216131e-07
8.280543122537351032e-07
8.091718705878976624e-07
7.914790831129091738e-07
7.722918121162951330e-07
7.515869190428256841e-07
7.303742284958497315e-07
7.099313671006637652e-07
6.920727679769179401e-07
6.728217973349024470e-07
6.513170954040587326e-07
6.306775521788345366e-07
6.122982568652774780e-07
5.939109741659275490e-07
5.768912045733993767e-07
5.582412481905236787e-07
5.389591990469510986e-07
5.188818870581974774e-07
4.988376789175021508e-07
4.818363887846937100e-07
4.652281030533755611e-07
4.483233474481710072e-07
4.317641012065996440e-07
4.163978374737123724e-07
4.015667545424901849e-07
3.868423028666909153e-07
3.715533912551331868e-07
3.585803913103231341e-07
3.469805291736554794e-07
3.346028073688850289e-07
3.235086483076568013e-07
3.147202217054863396e-07
3.053580617990978010e-07
2.956086973747875380e-07
2.857107660528770985e-07
2.766778337380125946e-07
2.688071368741151018e-07
2.617809999868072302e-07
2.547204595049750676e-07
2.478664890653151121e-07
2.415907559201989325e-07
2.355028956295482954e-07
2.290410731261885790e-07
2.228094558664657654e-07
2.169607812363654764e-07
2.109241720580915893e-07
2.047056583398156526e-07
1.993426590102848536e-07
1.940726174554628577e-07
1.881094488832017481e-07
1.827047618449415439e-07
1.779220917851436471e-07
1.727545180887115466e-07
1.679127256700440741e-07
1.637211214470227526e-07
1.591542786850731534e-07
1.545333799718640009e-07
1.502756448975582450e-07
1.460871669785351264e-07
1.416645288430929736e-07
1.371085713354978846e-07
1.329764573821944767e-07
1.290689096315448703e-07
1.249618580301849111e-07
1.208851739975197116e-07
1.172678648624775454e-07
1.135674041283224443e-07
1.097080660452054535e-07
1.059438647027408667e-07
1.023802774740946703e-07
9.910203641585348021e-08
9.581388159247211597e-08
9.248463823634528160e-08
8.955275058745453993e-08
8.705912757377730905e-08
8.432885197079026013e-08
8.172674570330126578e-08
7.952294313163718699e-08
7.747370977192646897e-08
7.519299494876758155e-08
7.307096283389280680e-08
7.134125830364933358e-08
6.955015714575660685e-08
6.772727240204550091e-08
6.595979127390150969e-08
6.427059642775074883e-08
6.263881815988589693e-08
6.120437424273820557e-08
5.979147006472538089e-08
5.833106751935789380e-08
5.700849156471267480e-08
5.592199157994905597e-08
5.477619726073203428e-08
5.357803597736445065e-08
5.243870426267095424e-08
5.133874807180640390e-08
5.027717310622077680e-08
4.929457863744393883e-08
4.832317221654817229e-08
4.734394915190330599e-08
4.637663948900624178e-08
4.541407240646124223e-08
4.446681595155090456e-08
4.352934470366447752e-08
4.263092890775472415e-08
4.183229423323229688e-08
4.103614302211656651e-08
4.013848482711289021e-08
3.924196212644080621e-08
3.850889020720758764e-08
3.780615564362485483e-08
3.702411883668449999e-08
3.629502050466405127e-08
3.557569931380885934e-08
3.477098268455703452e-08
3.398024313847618073e-08
3.312724956804385856e-08
3.228219562638622804e-08
3.139876380280455547e-08
3.052697975639891568e-08
2.973202889122652084e-08
2.891579989449079156e-08
2.806531259631375619e-08
2.726555328680750716e-08
2.649980420310343890e-08
2.571919498289645215e-08
2.492413734627353015e-08
2.415140105035782043e-08
2.350586644812747829e-08
2.281409392900856581e-08
2.213057559104580476e-08
2.162101951167169722e-08
2.103313017304261624e-08
2.039256896974694869e-08
1.978994635546156170e-08
1.921325012879793241e-08
1.865034663536284094e-08
1.813239011286814119e-08
1.762932949902478322e-08
1.712633884912364874e-08
1.664673835959294781e-08
1.618864514809374122e-08
1.575476279144390012e-08
1.530979607844138257e-08
1.487666908465878431e-08
1.450105810736439125e-08
1.415729325069022331e-08
1.381808928785482344e-08
1.347404142524780757e-08
1.314440094728076752e-08
1.282979117059054228e-08
1.251980341594816709e-08
1.219682517259795194e-08
1.190024921758362053e-08
1.159411692270186802e-08
1.129730835230414306e-08
1.099556523575709058e-08
1.070887940094734654e-08
1.044344206543181110e-08
1.020467441948367006e-08
9.982535041862189499e-09
9.769678245737290125e-09
9.563707336821165578e-09
9.346113156922398548e-09
9.123233289891341672e-09
8.904996271400873680e-09
8.715634047830098530e-09
8.519385557673420064e-09
8.311725536666440402e-09
8.114961360452279327e-09
7.925706021345456804e-09
7.728120400704794391e-09
7.553697932115239962e-09
7.385265615350663042e-09
7.198516246110658921e-09
7.010968816513883241e-09
6.822309505893122578e-09
6.644184474993636793e-09
6.465877535447488054e-09
6.293673269542065916e-09
6.120980153757817972e-09
5.937970604340299087e-09
5.756326352533576657e-09
5.587784180834219424e-09
5.396262914184315538e-09
5.211612675346697019e-09
5.032385966019946313e-09
4.841170886574361543e-09
4.668400768002336534e-09
4.497788655073022202e-09
4.323615093208324492e-09
4.152776735981000057e-09
3.983835471560338552e-09
3.814541984957066425e-09
3.636390949007977165e-09
3.467348140328452754e-09
3.320777314577782526e-09
3.152237165363421337e-09
2.993355708653173161e-09
2.838485882631405496e-09
2.700041495106876962e-09
2.574223570665506310e-09
2.455819377163060046e-09
2.342263868753613568e-09
2.225739386499810654e-09
2.105628661268699559e-09
1.994671640350692283e-09
1.898381026508609240e-09
1.801213020626061819e-09
1.705145764764538597e-09
1.614162822884942195e-09
1.535039703892562463e-09
1.449669207214407679e-09
1.365367856998625596e-09
1.288899976405497070e-09
1.226140948537265048e-09
1.172165678892019574e-09
1.120617248593169219e-09
1.068466717811870914e-09
1.019522155725044688e-09
9.763022314470003186e-10
9.407755797807093421e-10
9.046787812801167640e-10
8.665632155224069551e-10
8.303167952509544743e-10
7.935251119518866983e-10
7.565369655123791216e-10
7.213884635365425627e-10
6.899321506199794974e-10
6.616378264782577108e-10
6.316456304002558014e-10
6.035919588337473273e-10
5.786639021640970581e-10
5.549276129370806119e-10
5.317738588794779243e-10
5.101530867623777082e-10
4.906850953729560472e-10
4.706933811672727337e-10
4.523985364516016767e-10
4.369103872863529100e-10
4.205731399260210548e-10
4.034566519726968115e-10
3.881085566552902434e-10
3.736340758675095319e-10
3.591738503272437122e-10
3.452921344955016159e-10
3.321672848045889765e-10
3.213108738334292187e-10
3.120207486197300393e-10
3.011627028953931242e-10
