1.457636556478168366e+00
3.134391811432066355e+00
4.505862761116002702e+00
4.687253577222437961e+00
4.607456604930129096e+00
4.368409238319938659e+00
4.103369153172047312e+00
3.992728055084626693e+00
3.636402309363854890e+00
3.268768155119963215e+00
2.931349146417241869e+00
2.654415116461280366e+00
2.385088949842302242e+00
2.181470451745558314e+00
2.009383797700920127e+00
1.867875860669931498e+00
1.703093390821837971e+00
1.602695547445835533e+00
1.540158666266722598e+00
1.381085690570174718e+00
1.236414511057594812e+00
1.150383469060024311e+00
1.118782241016466505e+00
1.031385849999079118e+00
9.687054947319763132e-01
9.025872550179342424e-01
8.345393485535490541e-01
8.133369459138745095e-01
7.567839421460641480e-01
6.755189172869559000e-01
6.475062082097616800e-01
6.207166835773160196e-01
6.003904541298675790e-01
5.516100239299670527e-01
5.057384758418439485e-01
4.671818415586551643e-01
4.432982820185256134e-01
4.198741746004063247e-01
4.068553823790669877e-01
3.922828867123233643e-01
3.699216592357844058e-01
3.470482642775550297e-01
3.167660105557147388e-01
3.098942095450397671e-01
2.819413068291151681e-01
2.790508050047963429e-01
2.636662728660106869e-01
2.572663025662661473e-01
2.402096257183627126e-01
2.368798200913249108e-01
2.235575246850217412e-01
2.041561948936328474e-01
1.906993973774209761e-01
1.876296235450894412e-01
1.722942429930796049e-01
1.684212404851099520e-01
1.548836807711625185e-01
1.517954596353014440e-01
1.409473932707083765e-01
1.377100525633827011e-01
1.355221408519109716e-01
1.232070973092561084e-01
1.189353806044007034e-01
1.105239596623084491e-01
1.078155674090921362e-01
9.709915902294399825e-02
9.421697322008824871e-02
8.922797802550180846e-02
8.652807112787169741e-02
8.554897083836239535e-02
7.982091463895385486e-02
7.764778759683071963e-02
7.530549760522811664e-02
7.038969544904305486e-02
6.917456208892223957e-02
6.517897201332077672e-02
6.343307270798018149e-02
6.086775326199565100e-02
5.799829582143803397e-02
5.737836410723568675e-02
5.349727969327037341e-02
5.144967269055372022e-02
4.985354765467081561e-02
4.687268619766949557e-02
4.654326586639578184e-02
4.305318805554270850e-02
4.142938468441034749e-02
3.961191181198927408e-02
3.911764269959284307e-02
3.765790418729841188e-02
3.623351927160694402e-02
3.493496333447768110e-02
3.334808094439092180e-02
3.169289411805633477e-02
3.054496428395723009e-02
2.803589007288878263e-02
2.732755058377912827e-02
2.595958765717296807e-02
2.525166400114071258e-02
2.509291577466767412e-02
2.393664242759679234e-02
2.313937193277409987e-02
2.301179881388386653e-02
2.230615617563278322e-02
2.119102762333584591e-02
2.075621581826631729e-02
2.045215525964480530e-02
1.948967314598924055e-02
1.919677590552178528e-02
1.869553618255726662e-02
1.773327466540403421e-02
1.738651120639648703e-02
1.710691788317158027e-02
1.587071444033065493e-02
1.561096926942621976e-02
1.536725563365910416e-02
1.462995960528337518e-02
1.396790512609383771e-02
1.383506264347167912e-02
1.277539547376334815e-02
1.250645621850922026e-02
1.147496487244363886e-02
1.129378883648120106e-02
1.081925581724800522e-02
9.843984578295814081e-03
9.518841221419821821e-03
9.147378898120332724e-03
8.558286282358636490e-03
8.239036574940378221e-03
8.127996471495211109e-03
7.884731268631662779e-03
7.424703564085692598e-03
7.208463925060289677e-03
7.024012459228836866e-03
6.908881187725211641e-03
6.253849565415671441e-03
5.918485528580261397e-03
5.587964308744435352e-03
5.374980119011904187e-03
5.197659109184319011e-03
4.698321278766163893e-03
4.559426856028003794e-03
4.345456219310871691e-03
4.092359437639181245e-03
4.064526575772959421e-03
3.735006229792616709e-03
3.633687677964136682e-03
3.558633478158796694e-03
3.348920585265187898e-03
3.220763424478770894e-03
2.913904589914861898e-03
2.788816767756516300e-03
2.738275241012070194e-03
2.386193526048283487e-03
2.326395404316533144e-03
2.119143956977605214e-03
2.042980436375649387e-03
1.986793809713094470e-03
1.933112946401529695e-03
1.866232529669845965e-03
1.720256942978857411e-03
1.673881072451229371e-03
1.563470028477747685e-03
1.509197789641109977e-03
1.439536177322640453e-03
1.347745194257104562e-03
1.315750286322834011e-03
1.245120245012110377e-03
1.143066344934140369e-03
1.095891814304842402e-03
1.056814266927244518e-03
1.044841466973595772e-03
9.648975889224990256e-04
9.520839834712850397e-04
9.119078011022396617e-04
8.647093011755943017e-04
8.252512269514443357e-04
8.191827625531372843e-04
7.497006286810347026e-04
7.265124986337646081e-04
6.688748005488411594e-04
6.555176294067980485e-04
6.384353386353244482e-04
6.179877086320804958e-04
6.108656359374705844e-04
5.912952910071076623e-04
5.750673560775846965e-04
5.491158425639946789e-04
5.400248646348322157e-04
5.092147397395515359e-04
5.012252617324511415e-04
4.598662317460865860e-04
4.565076711079772264e-04
4.322066976522722986e-04
4.224462146373611482e-04
4.073717886576181746e-04
3.755584214617460484e-04
3.651656537109924331e-04
3.604966802570415863e-04
3.248146949607900167e-04
3.083903329575862729e-04
2.887798267089784765e-04
2.765441831949015639e-04
2.592729751659788987e-04
2.512791873896913063e-04
2.357521712294235864e-04
2.241374321135746167e-04
2.161002475277010485e-04
2.044586048380378626e-04
2.010854712403095949e-04
1.918099238993747088e-04
1.823233319160737502e-04
1.810057037621045609e-04
1.709223656921095974e-04
1.610960188338750288e-04
1.579144803248606075e-04
1.538468202026167255e-04
1.482692940194796881e-04
1.444053746601444181e-04
1.378727760181641269e-04
1.319891200257661539e-04
1.257758382918504401e-04
1.236729748920598927e-04
1.211776621148931275e-04
1.162365458597995572e-04
1.138310257861582716e-04
1.058002090030248039e-04
1.043921376315078337e-04
1.003909734338138813e-04
9.842285317094709907e-05
9.662295443945280275e-05
9.037395358848032494e-05
8.804979101116489093e-05
8.489763153634514829e-05
8.300583551623792430e-05
8.187809126702657420e-05
8.094394562427517355e-05
7.950866328340564220e-05
7.738996110827456418e-05
7.405809752429765318e-05
7.223356218560171213e-05
7.093088530750520245e-05
6.892121876085030878e-05
6.629795112574330188e-05
6.399446777300126649e-05
5.863614096275877825e-05
5.799042745076094971e-05
5.352893380085263508e-05
5.258398654051156968e-05
5.129732794373633543e-05
4.879930302352589324e-05
4.701000140595504279e-05
4.630474071302351918e-05
4.367806868058448510e-05
4.209054922130181156e-05
4.127556179641224746e-05
3.859438267213389980e-05
3.708081200494938828e-05
3.543934785893937080e-05
3.440096359444233889e-05
3.202517389195846931e-05
3.129343737003402269e-05
3.040037782782185538e-05
2.765045231468126545e-05
2.747779106412933043e-05
2.526240150607957018e-05
2.291635617445821871e-05
2.108965372884333368e-05
1.981364336319192600e-05
1.799896597325299866e-05
1.738599327836606184e-05
1.566240746368077375e-05
1.526540898036192655e-05
1.493924857375679510e-05
1.447831196546027943e-05
1.383632959887179849e-05
1.356789647795505757e-05
1.341838495524797386e-05
1.271151813207902933e-05
1.252429797280407180e-05
1.193977387439974482e-05
1.156473853156346126e-05
1.130935659052925325e-05
1.093359592539514273e-05
1.054451913226297743e-05
9.934845674695225615e-06
9.846627485017762655e-06
9.516749437897879015e-06
9.258179649616455240e-06
8.753738933614191452e-06
8.507384945888980541e-06
8.443596300356276095e-06
7.927218679346266844e-06
7.553971267259250601e-06
6.774635343647551071e-06
6.700458594881153964e-06
6.311263086555087968e-06
5.938358780515369309e-06
5.828367448189183583e-06
5.559624812697338404e-06
5.124832094044228035e-06
5.026288463626174004e-06
4.950859471078252659e-06
4.553839688768391337e-06
4.498054246896811820e-06
4.260935092761220007e-06
4.128374553030841800e-06
3.988145455578223883e-06
3.783929029522915844e-06
3.639783449180170965e-06
3.431259952354270332e-06
3.189434597100093399e-06
2.870563301938362005e-06
2.598561175013859865e-06
2.483847446751164696e-06
2.397246089266603517e-06
2.210888387939427081e-06
2.114454827705442044e-06
2.045329406086590353e-06
1.975253413696956339e-06
1.820292371657913282e-06
1.726703077780932575e-06
1.680889494900294038e-06
1.454462285085767902e-06
1.217350820404523337e-06
1.145782561549626609e-06
1.078304125404854798e-06
9.900019734623443658e-07
9.733798696445173217e-07
9.379338601464131999e-07
9.155254963438692377e-07
8.676383022950818079e-07
8.563659115746341145e-07
8.461431122899014114e-07
8.012987741089751908e-07
7.857297253448739020e-07
7.440799028394399768e-07
7.267995599022889942e-07
6.975697466263177049e-07
6.776941088388245641e-07
6.649675376170707718e-07
6.262928132464597127e-07
6.141819325799502026e-07
6.002836312050637270e-07
5.875743640619243169e-07
5.678415066746164178e-07
5.439976807665855190e-07
5.330971953988599980e-07
5.157709029988708112e-07
4.814492907736142806e-07
4.572646431651549745e-07
4.269527954678585119e-07
3.983449799462488424e-07
3.835820546105170332e-07
3.711817388616541361e-07
3.475094548330736301e-07
3.448181067355407517e-07
3.178703165906336472e-07
3.102213255387236714e-07
2.886952657727719943e-07
2.763784960758421531e-07
2.715008797353464930e-07
2.653913529677708800e-07
2.547380617436477824e-07
2.307289601143764882e-07
2.230410276509425805e-07
2.191524019742043842e-07
1.936542351604581367e-07
1.902372253303440210e-07
1.713006632084290548e-07
1.679948582820757399e-07
1.599490150138163778e-07
1.551013860503773947e-07
1.461755120188214441e-07
1.386808725323087055e-07
1.282637836720910735e-07
1.239839184660890120e-07
1.216186791986787500e-07
1.092348470204156771e-07
1.078073326429615415e-07
1.017896877153377764e-07
9.494074295797428536e-08
9.269528332580752212e-08
9.172265427832935769e-08
8.349631247734281236e-08
8.269288429349266861e-08
7.882732102775759538e-08
7.653381829479174224e-08
7.370504339864268380e-08
6.748893882930942120e-08
6.518019932313536591e-08
6.143271751062570989e-08
5.834322163406549417e-08
5.369452455907020601e-08
5.211469153850400655e-08
5.044093748092891399e-08
4.966598222522259683e-08
4.738586327393563423e-08
4.481118634934358162e-08
4.347046433426735208e-08
3.992538761927165356e-08
3.932934623629559555e-08
3.848968541112862808e-08
3.709817182355909405e-08
3.578621425963517507e-08
3.523881769077350689e-08
3.418976940322531589e-08
3.364910010124942610e-08
3.254387794167092659e-08
3.127136159938915560e-08
3.080410985253342776e-08
3.022719975018201275e-08
3.001045087209710867e-08
2.787600578631946777e-08
2.675647255493688431e-08
2.480493050528795931e-08
2.440575110360386251e-08
2.275474301735965743e-08
2.223616580869147254e-08
2.123458509425633211e-08
2.034845688594507612e-08
1.907574747800280132e-08
1.854883531982111522e-08
1.810004249315667053e-08
1.780282952971027048e-08
1.689770008675474946e-08
1.605763671565059030e-08
1.565636220120796595e-08
1.518507222909856274e-08
1.431996090708953933e-08
1.396201769844222724e-08
1.291473206599042690e-08
1.270359668292193605e-08
1.133181835664322414e-08
1.093866974835745686e-08
1.073178468557787336e-08
1.031069111077702149e-08
9.887300649025827913e-09
9.368232784007357540e-09
8.897280305337393037e-09
8.347037607522346385e-09
8.024086770556678938e-09
7.410709120870996113e-09
6.691506216029968053e-09
6.374766240276275948e-09
6.243455213408089413e-09
5.821392205296548070e-09
5.284358177469814047e-09
5.086792348566078575e-09
4.986809673618203439e-09
4.699995051954589713e-09
4.564599817315057097e-09
4.363385847940612771e-09
4.208121284746845073e-09
4.116624897141981080e-09
4.051926612587249814e-09
3.860143846767030602e-09
3.738914331818739302e-09
3.490299624839144925e-09
3.403731813641803877e-09
3.119394977514533371e-09
3.035046328037597301e-09
2.850839592234229397e-09
