2.432487963872772774e+00
1.936385234006002598e+00
1.532414179795308806e+00
1.306117405714065649e+00
1.108169715832690194e+00
9.071019404694490307e-01
7.981833786254940444e-01
7.115840504806696387e-01
6.262130508480254765e-01
5.505107126978460164e-01
5.030774537896322007e-01
4.540017244019931564e-01
4.111754706476454246e-01
3.712326402845917972e-01
3.379652988326976026e-01
3.115563753156070925e-01
2.872861324186358201e-01
2.611749326627180734e-01
2.361334083136525375e-01
2.140778560918689677e-01
1.887393861976571219e-01
1.687497296127636603e-01
1.517860981227545092e-01
1.349590937647172362e-01
1.242277301571509257e-01
1.157293057731456909e-01
1.044499204411577925e-01
9.293313689302430680e-02
8.392467245989299052e-02
7.529140387037666637e-02
6.793647373527662847e-02
6.059615268250944514e-02
5.601671347488135222e-02
4.889231346897668362e-02
4.307300052566537252e-02
3.918388212990724095e-02
3.403746794551615329e-02
2.800847694993564840e-02
2.312284978600670851e-02
1.910919709108735778e-02
1.621349206663608156e-02
1.362092173142195883e-02
1.270422559068462229e-02
1.157217359262198084e-02
1.049910762756936337e-02
9.627042037293549043e-03
8.626884301137520764e-03
8.010257820348908389e-03
7.365668204382844544e-03
6.435364791045431257e-03
5.687779963665218382e-03
5.041168965153876476e-03
4.457817724921144149e-03
4.199001885630663372e-03
3.811937206518912265e-03
3.524425525930008178e-03
3.244430208649634433e-03
2.925331218484624254e-03
2.773810516528409705e-03
2.420283196204596043e-03
2.181051092464678532e-03
1.991298021248283801e-03
1.861453273011680646e-03
1.596497401248120774e-03
1.343276935406413587e-03
1.112366747272523640e-03
9.623911307108693695e-04
8.035231371238274814e-04
7.001962024946220249e-04
6.388614703305619397e-04
5.727603747471877744e-04
5.136204095712383665e-04
4.727784528168693743e-04
4.404218250330239719e-04
4.031516957279581846e-04
3.719751360447179464e-04
3.310439960232048804e-04
3.055454077214620639e-04
2.634137095494112988e-04
2.406668693583055888e-04
2.089061072441081475e-04
1.908433321365401428e-04
1.635199086786766733e-04
1.473975893900924888e-04
1.250789158884330586e-04
1.119338065969213215e-04
1.007414077548801569e-04
9.295162283860564003e-05
8.151674606051939023e-05
7.094145550912692904e-05
6.325141134523934580e-05
5.843173424193925193e-05
5.272711487069568374e-05
4.691759487073440951e-05
4.155563121485156438e-05
3.855490449378076706e-05
3.544478069211609149e-05
3.239896711475392547e-05
2.818695614831563098e-05
2.467224138563574689e-05
2.160741446956343517e-05
1.944124105901005964e-05
1.601011461865712278e-05
1.423987288196173562e-05
1.237319896268691388e-05
1.089223905869589569e-05
9.287708667979090703e-06
8.231662795288369118e-06
7.210671876445631124e-06
6.484913388924806897e-06
5.724618123555524857e-06
4.943572616542932200e-06
4.443844847925674312e-06
3.801288264036923142e-06
3.353240537331279156e-06
3.237963958565370434e-06
2.930749130017452984e-06
2.750482227772979585e-06
2.525013294701667390e-06
2.358758150792925110e-06
2.105535046591348715e-06
1.991631905840168303e-06
1.774302366473717793e-06
1.645175032352480052e-06
1.482695784720550561e-06
1.362434055267876549e-06
1.185977494760046103e-06
1.028008015225603312e-06
8.976121674268933571e-07
7.857026045257267457e-07
6.788832183802307359e-07
6.060612158048865222e-07
4.927207246154812049e-07
4.734645397518270860e-07
4.161190907644852233e-07
3.951292508551053807e-07
3.449211966354007512e-07
3.205690963361627277e-07
2.858889271080801862e-07
2.572242006782438037e-07
2.172645540384989746e-07
1.965187037049753533e-07
1.706779721882034871e-07
1.536890203481278021e-07
1.338076447927350733e-07
1.213362540991797399e-07
1.099925863760143015e-07
1.052737983749892831e-07
9.705989598961651776e-08
9.219925687843458229e-08
8.413002654982739120e-08
8.006284651305275723e-08
7.512853988916222785e-08
6.540201541603879439e-08
5.852399986820737945e-08
5.417384361864487833e-08
5.108784583902036050e-08
4.404594674734977440e-08
3.949800323679046089e-08
3.262805677661032764e-08
2.755208929925853299e-08
2.459616552037782484e-08
2.180832645730702382e-08
1.769704730769444045e-08
1.584733860868638074e-08
1.356515249601630645e-08
1.132557006597807489e-08
9.653941403503122604e-09
8.290456261065864216e-09
7.769943134369678198e-09
6.411988147299534196e-09
5.716372907686492580e-09
4.977435663246193625e-09
4.481270007197013727e-09
4.149178250958026727e-09
3.585602050352534799e-09
3.069920153780120821e-09
2.666953374746215631e-09
2.408660014015670786e-09
2.096288201673131040e-09
1.883828000686293847e-09
1.657709502788895789e-09
1.502463902983666942e-09
1.374862899442618241e-09
