9.337686916654065472e-01
4.529721920759828824e-01
2.671888053743268210e-01
1.930037167094035833e-01
1.512622124233846121e-01
1.097706719734787562e-01
6.848863813229445763e-02
4.442257476863328142e-02
3.524325538247313067e-02
2.900838509833950085e-02
2.050063278572293243e-02
1.570156644623742215e-02
1.108978156354302469e-02
7.142985137131586601e-03
4.272657319435689723e-03
2.545897723167234519e-03
1.681275677461872278e-03
1.114868245195462437e-03
8.446507160365065211e-04
5.861059008304876378e-04
3.584816254627910554e-04
2.069788689493043258e-04
1.395573702794636990e-04
9.307749510615974126e-05
6.202840279661215510e-05
5.040362997160958514e-05
3.380780434692769632e-05
1.968783284460660002e-05
1.175399655402513531e-05
8.136625889983431032e-06
5.702885968071111791e-06
3.660915070641973680e-06
2.309480200652148707e-06
1.357486333429062846e-06
7.308840138691082035e-07
3.891769528031961891e-07
2.534158348062256305e-07
1.921825245840886301e-07
1.384378789546904306e-07
8.208734581202704083e-08
4.704317012011649258e-08
3.142248176512283585e-08
1.971486974154611043e-08
1.282889242290398832e-08
1.069734845263304907e-08
5.889573517059493201e-09
3.334864264152425741e-09
1.979984612118270254e-09
1.339764325795440107e-09
9.042072213423893810e-10
5.348735842050413602e-10
3.274403016375467639e-10
2.260852436480606400e-10
