9.248259863089043353e-01
7.679656421538400002e-01
5.256132332759010373e-01
4.506730629245085940e-01
3.747138622571528077e-01
3.480689447318036644e-01
3.185844715348422618e-01
2.879976589524509412e-01
2.594867238711626722e-01
2.367362027574909655e-01
2.254863443738793216e-01
2.093861241400040152e-01
1.955320071438831631e-01
1.796820823811740020e-01
1.662964053027421729e-01
1.560224453035929937e-01
1.479386490505475993e-01
1.402892663221132208e-01
1.329708759981803323e-01
1.253016280943931582e-01
1.177438542675758731e-01
1.118058729864702533e-01
1.054199591603375841e-01
9.910040598484777530e-02
9.116350587380436798e-02
8.432389395502132290e-02
7.980121018587968407e-02
7.458732617649957430e-02
6.734860107454174183e-02
6.351872932326696475e-02
5.987415279860223982e-02
5.542694234689327787e-02
5.121315755580414103e-02
4.906455641663828859e-02
4.558143161909992969e-02
4.225222942770088391e-02
4.082739240904566247e-02
3.694373998199220605e-02
3.359665649002949867e-02
3.094638941854210845e-02
2.854732091862215854e-02
2.564627228269414361e-02
2.430124324122110574e-02
2.268677221629941676e-02
2.053728670827398642e-02
1.840678745892788959e-02
1.594633701568830969e-02
1.427373770567471126e-02
1.373110894234024458e-02
1.190113720028741079e-02
1.080324194732651746e-02
1.026858142825240634e-02
9.125421473949055229e-03
8.000971822265017311e-03
7.536332317143662647e-03
6.746774187336863557e-03
6.404545426654206959e-03
5.828746230248352603e-03
5.526071624517803378e-03
5.135726097800899503e-03
4.584057355086441909e-03
4.277536878120688328e-03
3.884033586788847824e-03
3.423406139078980035e-03
2.921817044739885138e-03
2.650968332871671274e-03
2.363661714942726956e-03
2.000412299662961569e-03
1.767058016035617232e-03
1.625890343394408889e-03
1.517205130199789521e-03
1.318958168202348600e-03
1.182417440673265733e-03
1.106629884325573522e-03
1.007887425682077323e-03
8.679881267987317635e-04
7.324135081120035449e-04
6.398727223985883113e-04
5.720746768491508354e-04
4.948340886524389996e-04
4.515948970112580643e-04
4.109244867304531540e-04
3.679457882316338282e-04
3.454919673168274576e-04
3.238444632142297754e-04
2.799534186508981226e-04
2.571626126268743758e-04
2.275810096893026661e-04
1.919159079310201832e-04
1.654102200558172134e-04
1.580357326828564979e-04
1.333528082500422187e-04
1.219301896258631954e-04
1.133888796749485585e-04
1.022217749114015490e-04
8.713366583091889067e-05
7.599686400624462398e-05
6.923574872864235582e-05
6.237188089447062451e-05
5.662038620057637791e-05
5.223783199232603469e-05
4.490592564825522084e-05
4.042932182671615061e-05
3.604338280031934308e-05
3.234692092990348118e-05
3.008142527277356203e-05
2.858673453685450818e-05
2.609301425437303768e-05
2.491860109808402833e-05
2.244060102661185006e-05
2.065375571304254912e-05
1.938691328692905449e-05
1.874400358964939964e-05
1.776494725493089815e-05
1.707421662824057314e-05
1.568932777359806341e-05
1.540071924052616428e-05
1.419465507101231839e-05
1.310148658235395694e-05
1.226044964908142143e-05
1.111519939387718364e-05
9.726795097373988857e-06
8.427698781570436382e-06
7.166281607172947383e-06
6.644359159873784836e-06
5.775135685039337634e-06
5.155342186571543886e-06
4.812623193005902178e-06
4.212540857705512574e-06
3.956626286598436620e-06
3.686034241086882245e-06
3.182586992483203987e-06
2.925397809834967780e-06
2.661532402801279472e-06
2.274655128309442599e-06
2.207373058645502343e-06
1.919485218185096560e-06
1.662972557789696101e-06
1.515224772490166304e-06
1.364190915083138162e-06
1.258350243128425358e-06
1.077636332652373489e-06
9.544474851458640589e-07
8.253565276445152327e-07
7.353425341584884400e-07
6.463754746872639399e-07
5.777298030811690489e-07
4.781607667157126790e-07
4.112085044367818174e-07
3.802642553845201569e-07
3.564225999321041877e-07
3.017818940435364161e-07
2.843521218424980317e-07
2.582242772862785500e-07
2.303321667419050618e-07
2.143188421234435749e-07
1.929409610326057635e-07
1.816617354403112251e-07
1.572024425786595534e-07
1.473086548189924787e-07
1.261820914473131203e-07
1.101428362575824245e-07
9.965685367192136565e-08
8.581804705643961151e-08
7.655033958999326158e-08
6.501758362492197235e-08
5.656859477850263307e-08
5.118047517388248516e-08
4.338505733535588424e-08
3.875680781330759816e-08
3.241865505180716204e-08
3.088687254739376115e-08
2.649879250985520149e-08
2.345493595356644465e-08
2.254805230907411468e-08
1.923815098476703403e-08
1.852748630996724736e-08
1.580533710898127381e-08
1.412069405242289185e-08
1.270376779286091472e-08
1.039544849956414081e-08
8.962132234995690882e-09
7.890632640560185581e-09
7.044806772976852294e-09
6.264037556153919620e-09
5.363183898978740983e-09
4.574767630358015662e-09
4.152485641968129872e-09
3.597894072129386241e-09
3.204894961529009295e-09
2.983299172244207642e-09
2.654866822422264683e-09
2.531848792085255619e-09
2.203532730047598145e-09
1.900489398804783298e-09
1.840270085254220066e-09
1.681349663799102957e-09
1.529210065933630399e-09
1.422995173959980088e-09
1.337284223353736522e-09
1.162855976265909986e-09
9.980253822628319869e-10
8.664025050387745242e-10
8.069412092032144700e-10
7.248857797379694324e-10
6.252550761737194013e-10
5.267299553993433672e-10
4.438035666044249694e-10
4.039499497357577949e-10
3.530003982319224246e-10
3.259964451946444854e-10
2.879301506998008507e-10
2.432942235691694948e-10
