1.072611166433405705e+00
1.510289893474763279e+00
1.593977390234599723e+00
1.529302541685315209e+00
1.426675717216985939e+00
1.255682111689062186e+00
1.132987063894089097e+00
1.012052473170508726e+00
9.070679824313838679e-01
8.410926095868218599e-01
7.572701095247181824e-01
7.166034956630620290e-01
6.809327067290007474e-01
6.455550992531250420e-01
6.091868367315563804e-01
5.746251449681250012e-01
5.526633408852870133e-01
5.378659678452232251e-01
5.177900416451156618e-01
4.966728027868454465e-01
4.749408777625157563e-01
4.573124033470821193e-01
4.410070376385513691e-01
4.273601739866090821e-01
4.145744968766864602e-01
3.983555835386120569e-01
3.922147706940971035e-01
3.839130173531744572e-01
3.702167100851406767e-01
3.560795023200294396e-01
3.456184753492800299e-01
3.386468152279042410e-01
3.255182040852112046e-01
3.128301813530766085e-01
3.030195235134746645e-01
2.943870528758727456e-01
2.802067685810478159e-01
2.677345770509127476e-01
2.612447206624652352e-01
2.515739127623996541e-01
2.394201172890697837e-01
2.297989801591761860e-01
2.251617771159453441e-01
2.168224568549259046e-01
2.068602069382245723e-01
1.981443746966988773e-01
1.875021671616188546e-01
1.823707755855748236e-01
1.761920439498120272e-01
1.714448250907022464e-01
1.656936284574588858e-01
1.593147850103784624e-01
1.546845943618305463e-01
1.519479800312776296e-01
1.489310051544104341e-01
1.450903936133851879e-01
1.409960295774395911e-01
1.382099592698474433e-01
1.341188374460073052e-01
1.297044632946255938e-01
1.266316184909406506e-01
1.249541785955552570e-01
1.204762971040021224e-01
1.167860871326300287e-01
1.136108562003773914e-01
1.120967593631890108e-01
1.085840172324952085e-01
1.063463908547442466e-01
1.028782489431142450e-01
9.920817559996621127e-02
9.733071101332722852e-02
9.500643959868236565e-02
9.140101712731302230e-02
8.741175161865923082e-02
8.476087498265602593e-02
8.203682553621953477e-02
7.929007794181371083e-02
7.628911807461104255e-02
7.408162558111423823e-02
7.111300283095334240e-02
6.799455995565326094e-02
6.465982294172187284e-02
6.193680541671950368e-02
5.988059580674382626e-02
5.744202674063634412e-02
5.644445354647943669e-02
5.435083543409899992e-02
5.344850120960453754e-02
5.135802206062455022e-02
4.944188666987196779e-02
4.881189480664155367e-02
4.775182482445102655e-02
4.673100020772037039e-02
4.562285793438067977e-02
4.467851723760788568e-02
4.371991098858390989e-02
4.217209341320358323e-02
4.142114734879681626e-02
3.955109522909134451e-02
3.799042120459939637e-02
3.746552085775320395e-02
3.574223861262346841e-02
3.454150666775447631e-02
3.282154108537218423e-02
3.086434527176969839e-02
3.043760682789494951e-02
2.890635211668766275e-02
2.771962038608456400e-02
2.667527626892335357e-02
2.617859344798226934e-02
2.587532817809250901e-02
2.494731812610477203e-02
2.457256819170322223e-02
2.408961885885234008e-02
2.341423604126926725e-02
2.226180905381667033e-02
2.177629290923964109e-02
2.080755907635088719e-02
2.049975980371252643e-02
1.959722403229531909e-02
1.896856821040662083e-02
1.860276365433363374e-02
1.778912115503832048e-02
1.739666444758713668e-02
1.648267303987688628e-02
1.612004071954112674e-02
1.527439090409243340e-02
1.485428300522639508e-02
1.439758670961996737e-02
1.369323040978193996e-02
1.315238977176308444e-02
1.281560168552534247e-02
1.250713752310717367e-02
1.196800150683831332e-02
1.169188189159329691e-02
1.104881075796049911e-02
1.081051634958509616e-02
1.058989334289571482e-02
1.020696562727634385e-02
9.794875801393371564e-03
9.620490733581486126e-03
9.340500962704665830e-03
9.104482951285713943e-03
8.862011526744317802e-03
8.650641673531191470e-03
8.223050853927011544e-03
8.056570386917091126e-03
7.867122860679687940e-03
7.510810120045102907e-03
7.141057884483181274e-03
6.955203147734308373e-03
6.858767640549793751e-03
6.443355348339832242e-03
6.310427824002999043e-03
5.899253282144609895e-03
5.730843232368784158e-03
5.518735834927470350e-03
5.307378868954514863e-03
5.140455649668004660e-03
4.787107371463176705e-03
4.686180001397156555e-03
4.509553249197700148e-03
4.402032771646570593e-03
4.268834414962948548e-03
4.044100430363265115e-03
3.894921176264983485e-03
3.802610979310330416e-03
3.600778112550336897e-03
3.528482823065183169e-03
3.278676732418007219e-03
3.211955737009696606e-03
3.128668392525393079e-03
2.885680482144365507e-03
2.798304967943235702e-03
2.635085438189277950e-03
2.478312968553643848e-03
2.390780166408525750e-03
2.285126474900141518e-03
2.056307450154432667e-03
1.973743872203969664e-03
1.873942984268980958e-03
1.746564935972384379e-03
1.629062998880817167e-03
1.588097389738303599e-03
1.526715064640318375e-03
1.392143594486981327e-03
1.298709323894472762e-03
1.229213974124562098e-03
1.186643203934695766e-03
1.136753010325913414e-03
1.118309933433721433e-03
1.069012869458199275e-03
1.038574201679580379e-03
1.003531023216641714e-03
9.777170093373530654e-04
9.321881152603372174e-04
9.074667643020733468e-04
8.806238196767481085e-04
8.527063972227968145e-04
8.344082259712890144e-04
8.162875823891400191e-04
7.969433348356470999e-04
7.717227239130764783e-04
7.550901111154364412e-04
7.180781217758757653e-04
7.081096854731578965e-04
6.845527727496145695e-04
6.449306804945822806e-04
6.285619201262867151e-04
6.094598832822481450e-04
5.726575076390242030e-04
5.612129427401406790e-04
5.525448669376669189e-04
5.159312873434212642e-04
5.046711340074567630e-04
4.872896494589293607e-04
4.594193201408813343e-04
4.514839374377017109e-04
4.355557314474446727e-04
4.233935340165986176e-04
4.136011098149819094e-04
4.028573251153792886e-04
3.869006283437578558e-04
3.841413959209374267e-04
3.667090637787552825e-04
3.607170536097272623e-04
3.536646290035174106e-04
3.466495389555487904e-04
3.355509955384228553e-04
3.260421160959870650e-04
3.193086798905489434e-04
3.055017835258033894e-04
2.987586953636927212e-04
2.923663819135732616e-04
2.882569184960282849e-04
2.723335195499744770e-04
2.665363537978473530e-04
2.568230339200631464e-04
2.424644068628113876e-04
2.332400866712089837e-04
2.181639323396637839e-04
2.075234731728307089e-04
1.979662723823188432e-04
1.915609102209517138e-04
1.848158154399430931e-04
1.782112654274664967e-04
1.733589792490711299e-04
1.638478303626986904e-04
1.576579960280367529e-04
1.545352577824044959e-04
1.475806627624641791e-04
1.380855812358235807e-04
1.324112744659006126e-04
1.305604923357021245e-04
1.213245099698797669e-04
1.179112360704642325e-04
1.115316483234375650e-04
1.029621363661196710e-04
9.685152482040978517e-05
9.349602141302273636e-05
8.442065280323878755e-05
8.244051492537500709e-05
7.973822145055399480e-05
7.398429858172709368e-05
7.196062986919638709e-05
6.926163839365018508e-05
6.799734329075444506e-05
6.323118821477342931e-05
6.216757372243799588e-05
5.978840718132063387e-05
5.720809786732971046e-05
5.528890437754542341e-05
5.323834483987638133e-05
5.163240902363308842e-05
5.072849475174627824e-05
4.954199956995530894e-05
4.823246300710833594e-05
4.605875792739650858e-05
4.484103272628953292e-05
4.233929485323012482e-05
4.132129432372589971e-05
4.047877098045929900e-05
3.875710452591547882e-05
3.752427854017647391e-05
3.632082192439957841e-05
3.504791663742983068e-05
3.315164865220648655e-05
3.203220136697642549e-05
3.003418413071419295e-05
2.877955295118039158e-05
2.802767836404195613e-05
2.639161424570919928e-05
2.531170819767828136e-05
2.462278981682376863e-05
2.373182865209067457e-05
2.312143009874601405e-05
2.106467852502042453e-05
1.998486141785580904e-05
1.824677638174533576e-05
1.764137747967966805e-05
1.660212413106592141e-05
1.535572968999072342e-05
1.468030315219921905e-05
1.409363207548978117e-05
1.301389333518780171e-05
1.239877219925008334e-05
1.212871508650883250e-05
1.156985624064172025e-05
1.094794464412151491e-05
1.051322961279281674e-05
9.661561118207829431e-06
9.231796225104644599e-06
8.688551740654912298e-06
8.394899452865455916e-06
7.812895909461929064e-06
7.688899109353478952e-06
7.375879809629046369e-06
7.017329835365543469e-06
6.728251322134665372e-06
6.307935952443604035e-06
5.941527755464108604e-06
5.559188566423525253e-06
5.372340621231376445e-06
5.201675206646546763e-06
4.892934839217903511e-06
4.662352876619985110e-06
4.585028043629573667e-06
4.284158414699892862e-06
4.192877468268029304e-06
3.921159858588445338e-06
3.831402739124188741e-06
3.685720536475658641e-06
3.544094327317767315e-06
3.411733955161427451e-06
3.374333492735406262e-06
3.231232660083101103e-06
3.070938250565431073e-06
3.029395548135845138e-06
2.963235093128320824e-06
2.857763512951734024e-06
2.791748930246375339e-06
2.688195912837493600e-06
2.597009807436398548e-06
2.476022447480359473e-06
2.403093870100311058e-06
2.343077139602016212e-06
2.218388924575621848e-06
2.193453064891823455e-06
2.120695784675656408e-06
2.027801274940940581e-06
1.938411642052381820e-06
1.866313859129641367e-06
1.799055257387293815e-06
1.732195659930186108e-06
1.689275385282973416e-06
1.651213580682343157e-06
1.568586569454893314e-06
1.535976022080262767e-06
1.502217859329771185e-06
1.461358032553492951e-06
1.401245019803015783e-06
1.382529317498134402e-06
1.317241584545542724e-06
1.287891854099567322e-06
1.226396251593495951e-06
1.203508058217494137e-06
1.181866541674573367e-06
1.143736284980228524e-06
1.125736037830800664e-06
1.099102760958303478e-06
1.067931713947522952e-06
1.048497481159768486e-06
1.029335775863410651e-06
9.872074401662443391e-07
9.663804091134055916e-07
9.454367518184562733e-07
9.053415898124192894e-07
8.899173226058529059e-07
8.819589971469394695e-07
8.613900267092677510e-07
8.306456889228003275e-07
8.137101258791761820e-07
8.001866590771612846e-07
7.858714523991248447e-07
7.716313149224531152e-07
7.319957762801503970e-07
7.221477487863934629e-07
7.011452552167315854e-07
6.746856330218151774e-07
6.559787142356721163e-07
6.457415053164821253e-07
6.199476920892428435e-07
6.014569860883562427e-07
5.743328452493883955e-07
5.543976516271803480e-07
5.212112143497967641e-07
5.040740831716713185e-07
4.801808264708581850e-07
4.592996032366244565e-07
4.522817362135409979e-07
4.321336822568448557e-07
4.186759832279936094e-07
4.051125555830170224e-07
3.862447575068455573e-07
3.762869993297962049e-07
3.663963653349993019e-07
3.519886880862044714e-07
3.458448973767115054e-07
3.387598883842666755e-07
3.261766409062028713e-07
3.182473956204314716e-07
3.079278392067021131e-07
2.959875877482300221e-07
2.848228600960915242e-07
2.714230196880526161e-07
2.632532467830657608e-07
2.497696237582545255e-07
2.331575549144591248e-07
2.291215091838453753e-07
2.217451445834568852e-07
2.159512417690103072e-07
2.082763590092175022e-07
1.956939902449419920e-07
1.909564840050949444e-07
1.759635227818063146e-07
1.683465156781622711e-07
1.619224567418187220e-07
1.574171493845343205e-07
1.534879214572119826e-07
1.469346862552647451e-07
1.442451534757048781e-07
1.373982777731807761e-07
1.340300747683829935e-07
1.278151909875228222e-07
1.254446247604847968e-07
1.223476390181023569e-07
1.191594350604402922e-07
1.156518145836353956e-07
1.124147863026936251e-07
1.083340496501247216e-07
1.044297530731157319e-07
9.838921581514785522e-08
9.698139940799958920e-08
9.279772651657085830e-08
9.007075844916017967e-08
8.566082249716645630e-08
8.193611242210975961e-08
7.686766056277315823e-08
7.383305496173737552e-08
7.111946172303674154e-08
6.887053586223843515e-08
6.656796073365139804e-08
6.148086287618702268e-08
5.925466367133218698e-08
5.686450989753831803e-08
5.179364414149082480e-08
4.953805493546776023e-08
4.537379091688198971e-08
4.354843912145858703e-08
4.219141052558989492e-08
3.813896785242116966e-08
3.762601256425707866e-08
3.377708038882611122e-08
3.203624859882642887e-08
3.126637082042193385e-08
2.824208301550723339e-08
2.707927332073159783e-08
2.600460587078749003e-08
2.497775791377869585e-08
2.414664190336696698e-08
2.305934407634640350e-08
2.182777391736755465e-08
2.060485879536539590e-08
1.937669056359058923e-08
1.851809442190820056e-08
1.722782785925083661e-08
1.643018793244062492e-08
1.583685889590644642e-08
1.512670579188117853e-08
1.387719870573505289e-08
1.339165090372628617e-08
1.257409967720669840e-08
1.237534761147387349e-08
1.150056935764897461e-08
1.118365606932268249e-08
1.087798816931291887e-08
1.011801134356328197e-08
9.871420026410911864e-09
9.655359015494452482e-09
9.157705919327262518e-09
8.684429488514080838e-09
8.527406135063113748e-09
8.067353144578054044e-09
7.790163115626392684e-09
7.344980204178107539e-09
6.909279765704219838e-09
6.798564464908767850e-09
6.613612076009765549e-09
6.187311013338323894e-09
6.027791746052211111e-09
5.808587683651338698e-09
5.710271740841714451e-09
5.581633599573057962e-09
5.520467978753081228e-09
5.384783423550669496e-09
5.223614027403564305e-09
5.075209008850128194e-09
4.898220145639338847e-09
4.794459323164186158e-09
4.685911794153454093e-09
4.631821891850927648e-09
4.377002254622906450e-09
4.310116262634574271e-09
4.160050903520864704e-09
4.039172904021794650e-09
3.909768888780054233e-09
3.743193471755398158e-09
3.594544554868550249e-09
3.440220803865915222e-09
3.200145407910077292e-09
3.062040847841237859e-09
2.905558540838812586e-09
2.792732334659165907e-09
2.665571415788700300e-09
2.589273727428128761e-09
2.389693285571116823e-09
2.319036187634820215e-09
2.191714978092181462e-09
2.085687918884225481e-09
2.016304410265296009e-09
1.948862066063300379e-09
1.824481599997278352e-09
1.746542749988308522e-09
1.677881306334278230e-09
1.535498083840084302e-09
1.494804428656295071e-09
1.443609056388228240e-09
1.373492058448952449e-09
1.329522389494739339e-09
