1.102616594215409362e+00
7.454678792404859644e-01
6.197295861158932384e-01
4.349387208056123000e-01
3.561008223755597335e-01
3.080458480284695155e-01
2.712921079182882833e-01
2.477876760154882618e-01
2.251894489253703224e-01
2.054992113408725674e-01
1.833954768746502428e-01
1.686051821521402094e-01
1.548713063418803992e-01
1.423439576143229190e-01
1.291064889569062124e-01
1.171868806561079251e-01
1.055824353510068092e-01
9.543774577203675835e-02
8.358761716458346092e-02
7.296543272312197570e-02
6.348098190900774984e-02
5.665480733838436367e-02
5.182818175163509539e-02
4.556812108177579063e-02
4.053745940073185533e-02
3.617179378611544427e-02
3.118347572335564838e-02
2.736904547139032418e-02
2.454517805250419279e-02
2.303807623941227581e-02
2.039320094631187630e-02
1.775929392853153183e-02
1.507498280829182996e-02
1.213159588681832039e-02
1.029841559683042709e-02
8.793304433932551400e-03
7.498117156409541892e-03
6.607614696084080502e-03
5.773775076195346127e-03
5.473589774910221986e-03
4.599810050076628791e-03
3.931084010817971139e-03
3.274028008034156247e-03
2.650198373237232664e-03
2.205162824731125935e-03
1.729837117060739051e-03
1.389892543947629771e-03
1.074718034861837273e-03
8.800412935072174717e-04
8.131397263928593234e-04
6.789420968303940505e-04
5.676684464117338728e-04
5.047914983706126672e-04
4.054321597595416998e-04
3.381698339254869136e-04
2.961751480184512584e-04
2.696309259257315735e-04
1.962810669372604491e-04
1.517604046777944996e-04
1.318475519928777979e-04
1.048721462735557896e-04
8.188673477604732013e-05
6.716250238527936495e-05
6.017516244311937288e-05
5.145659268772757405e-05
4.322804752313077581e-05
3.917562711530033924e-05
3.407144285324424188e-05
3.033166929325521521e-05
2.783557434730451528e-05
2.641259660720251821e-05
2.346514949370609671e-05
2.114706579617984072e-05
1.945899521924756748e-05
1.623035994796321552e-05
1.361894672979355188e-05
1.258786226992841379e-05
1.140934798939897506e-05
1.072382260522335102e-05
9.426066744800200403e-06
7.962060251631330381e-06
6.914278305939404845e-06
5.525244401672065241e-06
3.827152315493827297e-06
2.479578038175676436e-06
1.578202347266178966e-06
1.163459326476985224e-06
1.001189624894298332e-06
8.093785184530673715e-07
6.424861735311060880e-07
5.451110583203158474e-07
3.997038190075620939e-07
3.034190719027292462e-07
2.547044402204130443e-07
2.076205394619034232e-07
1.769210028832787118e-07
1.485695431955492517e-07
1.164554730136585401e-07
9.985530536743575668e-08
8.276795336296452870e-08
7.425418502255061817e-08
6.084866856161639895e-08
4.711920232838573163e-08
4.301056347156723342e-08
3.794364797323119704e-08
3.052868097130232770e-08
2.726010503080402499e-08
2.039049397921441490e-08
1.707419472975870473e-08
1.489105592165371446e-08
1.223394910741310254e-08
9.129378585033548344e-09
7.494259625989792341e-09
5.193826179741707462e-09
4.388660211775316047e-09
3.356896185473620584e-09
2.695538239254094843e-09
1.937078167840541624e-09
1.593230843264510171e-09
1.187944162712232643e-09
9.955621310333318053e-10
8.812318869940544074e-10
6.759714213740154582e-10
5.299700941796266603e-10
3.904780722487734872e-10
2.525182524314022674e-10
1.628530955150807614e-10
