1.228950351459906942e+00
1.572273254524844566e+00
1.367838711317347800e+00
1.187658510219373964e+00
9.200818069111492692e-01
7.577372346119605195e-01
6.506555642995104360e-01
5.627220469769140809e-01
5.188545476740432649e-01
4.727463810841257552e-01
4.308220917635939839e-01
3.867129024265532067e-01
3.514306456986515115e-01
3.243213679543625050e-01
2.937582458733824509e-01
2.671855451626891087e-01
2.482056638067277055e-01
2.288043201392170045e-01
2.173247586744462001e-01
1.937184431555261932e-01
1.761892793814952840e-01
1.606049855313582131e-01
1.506026959486938266e-01
1.413909086706237883e-01
1.305211416005375158e-01
1.182130452894618738e-01
1.080350399371978604e-01
1.007161895412168190e-01
9.366839367284073015e-02
8.737002772590063415e-02
8.213704791272428973e-02
7.651477945308200745e-02
7.366241884351171221e-02
7.053709017496836986e-02
6.438349374798474356e-02
5.907662555392098613e-02
5.452636670823546999e-02
4.952492100711116535e-02
4.820357633079321719e-02
4.508801513652618137e-02
4.204289639388639893e-02
3.982248458896921195e-02
3.652825722410410481e-02
3.247388349611804448e-02
2.950713436762202393e-02
2.662320349246024079e-02
2.485421380218997417e-02
2.324197645234698031e-02
2.127646277768588737e-02
1.907325842154348333e-02
1.689899998118279956e-02
1.448304447585746502e-02
1.348214445876462844e-02
1.155193345484944144e-02
9.890215124002147903e-03
9.393541213235984469e-03
8.019464416654260158e-03
7.184843531489387009e-03
6.819180779573050417e-03
6.208189530231998307e-03
5.800869663794106651e-03
5.539393394944078404e-03
5.197984276462133679e-03
4.629141640965679649e-03
4.020970899834072285e-03
3.684382208091426403e-03
3.343489189663635328e-03
3.037937156350557603e-03
2.682606692007215559e-03
2.295805568576508512e-03
2.088130604768778133e-03
1.939452135875151988e-03
1.773226441323533416e-03
1.515418849155386778e-03
1.356555255769073629e-03
1.196701043093397225e-03
1.142549019371249261e-03
9.734094110971753481e-04
8.529624572774401666e-04
7.939755230922398120e-04
6.973703862173824021e-04
6.111237304716504899e-04
5.555145548197979680e-04
5.304397519460705762e-04
4.874141291484132966e-04
4.565445462322246248e-04
4.378557645755829278e-04
4.195560157569759303e-04
3.910563323418413074e-04
3.793338226007446638e-04
3.722844888532239756e-04
3.517059374279305904e-04
3.407743656052575083e-04
3.282598831842323608e-04
3.179365619305255485e-04
3.010366528711283301e-04
2.821137677865597675e-04
2.637133621497163034e-04
2.486093200535657941e-04
2.294621385802026175e-04
2.180414997253607369e-04
1.995168528608352637e-04
1.903331326305308479e-04
1.803196141759858863e-04
1.682291334921254126e-04
1.587022902060147497e-04
1.369634002283915894e-04
1.282929344652932694e-04
1.118258532141602876e-04
1.002734766293866006e-04
8.546430478763928013e-05
7.259949958204260537e-05
6.406838866456563005e-05
5.563476378229545590e-05
5.212148933925503418e-05
4.650730605022966786e-05
4.304614543755907796e-05
4.160365009023800386e-05
3.875030967315991776e-05
3.604831807019565423e-05
3.493231394332336115e-05
3.227307834070604093e-05
3.023929884117435393e-05
2.870368151502764896e-05
2.707813448669699031e-05
2.591524577084614725e-05
2.459803287114559832e-05
2.290153811939099965e-05
2.162674416705826972e-05
1.928708616100104995e-05
1.841470343403398341e-05
1.659982963340864184e-05
1.610712311415745591e-05
1.487299907345058772e-05
1.376598187706057832e-05
1.260207322601432511e-05
1.183294663334888683e-05
1.126105542441772164e-05
1.011058563828338505e-05
9.192525992781786767e-06
8.348413601963334041e-06
7.918753987282894978e-06
6.877566527023483390e-06
6.447835868281955674e-06
5.480567992682640398e-06
4.977943878817554874e-06
4.334047136413726700e-06
3.552457646178319248e-06
3.114121201518687088e-06
2.825064765344236565e-06
2.608194138593159795e-06
2.470436048296163795e-06
2.251784261823971373e-06
2.062474206422677887e-06
1.781058083263203282e-06
1.593731481964067533e-06
1.508717993059843300e-06
1.410572175928039009e-06
1.378737337818442883e-06
1.339276966112912792e-06
1.189993580603736332e-06
1.073891875132651357e-06
9.695436300868463649e-07
9.021897125391991198e-07
8.297272840527557003e-07
7.280016767845067740e-07
6.533727216064582300e-07
6.011772224243908451e-07
5.554521922544171699e-07
4.787048724505518161e-07
4.395552600164386971e-07
4.006802953250227116e-07
3.622361862171288244e-07
3.491157256437716644e-07
3.183709998642055697e-07
2.922726607578257370e-07
2.738197264449142313e-07
2.537858751546473746e-07
2.336626382546730582e-07
2.051647658212937260e-07
1.879197216769845169e-07
1.602838034158995906e-07
1.476811088559979493e-07
1.360724645369941044e-07
1.189173043814486978e-07
1.049098683888691885e-07
9.205215295492324430e-08
8.800409139574384914e-08
7.943098176353903252e-08
6.613323398166712575e-08
6.123665137709133789e-08
5.583131402705714364e-08
4.884204504408074534e-08
3.888157669729077116e-08
3.353977617157555889e-08
2.987211190201977522e-08
2.675107557078202207e-08
2.386143522070821929e-08
2.205916389277691016e-08
2.096514939879353137e-08
1.920751866947068210e-08
1.784388907869235704e-08
1.650652791332070506e-08
1.463823648507217033e-08
1.298989949228679084e-08
1.142732157277348444e-08
1.018425586581360558e-08
9.246977927646167335e-09
8.448805004015001481e-09
7.201246445635634026e-09
6.523994714753869040e-09
6.104715330208981875e-09
5.780410101491099273e-09
5.585783289635983551e-09
5.391506515241565703e-09
5.146343233749975279e-09
4.775482355365893812e-09
4.531966293958511525e-09
4.130979695389845387e-09
3.908069376980553630e-09
3.694435482835731105e-09
3.413349111784040368e-09
3.205806430353170693e-09
3.001270051207554171e-09
2.785365837136886721e-09
2.448660483230464721e-09
2.354542276961095016e-09
2.096571882837094700e-09
2.024206120588350891e-09
1.884220677530426290e-09
1.772157327065224921e-09
1.679305660341285587e-09
1.548494130368993369e-09
1.410820345870587412e-09
1.329373701905042727e-09
1.200671953692054027e-09
1.084233043037642320e-09
