1.046393041768869381e+00
1.059506750900062189e+00
8.946932261597051461e-01
6.520675712989757455e-01
5.041395985033076954e-01
4.419478307558354913e-01
3.898126086848817673e-01
3.540848157609761682e-01
3.223311967577663917e-01
2.987063538046543787e-01
2.773537607884670186e-01
2.567098690474735045e-01
2.480753595386122889e-01
2.326066143640310446e-01
2.241434781816501465e-01
2.108579816358247261e-01
2.024449167814643402e-01
1.929273379298201418e-01
1.836101613278029732e-01
1.752214122268938301e-01
1.694214900961378556e-01
1.659847358019946317e-01
1.595241301333691075e-01
1.506782844570196678e-01
1.439614149210228233e-01
1.397174287782870505e-01
1.325174224979313309e-01
1.236923646716820424e-01
1.166051487924745084e-01
1.084136228178444600e-01
1.005030541082119061e-01
9.355987307881324933e-02
8.654222784725128237e-02
7.929127341950117924e-02
7.208034864505943884e-02
6.490407709516025914e-02
5.922975284542435909e-02
5.597540298526194891e-02
5.362823282986969864e-02
5.085164712492501460e-02
4.651138004333612436e-02
4.295166460806127545e-02
4.141078665015362342e-02
3.832803585842881056e-02
3.536206132958528287e-02
3.293968869714219982e-02
3.147702569136993922e-02
2.952594287389830041e-02
2.773270955101091867e-02
2.596775601934897190e-02
2.427748147550277957e-02
2.283484155565117940e-02
2.170487618014266956e-02
2.046999966332339535e-02
1.902913748459417187e-02
1.811424035768529131e-02
1.751264760035076487e-02
1.627199218509545880e-02
1.502080290391771648e-02
1.419736503804482422e-02
1.348544742081464985e-02
1.274728926432368986e-02
1.151192569873186675e-02
9.888674416138172607e-03
8.985533631958135536e-03
8.123642209977313677e-03
7.275516263531753812e-03
6.408733367903599737e-03
5.958746089106859919e-03
5.392233421033783107e-03
5.036575957897313285e-03
4.466491095858057120e-03
3.978014152275072962e-03
3.696584121849369724e-03
3.424054845363295151e-03
3.010751321734148316e-03
2.724159145911777755e-03
2.643733065525016076e-03
2.424933154354716285e-03
2.297265025672552783e-03
2.137543895668696323e-03
1.988934429998369738e-03
1.869736900437854151e-03
1.714350036266526793e-03
1.568857731174316730e-03
1.402526441938806807e-03
1.306979233147842609e-03
1.209728353823216578e-03
1.122846827325410480e-03
1.054949386888771575e-03
1.003581803346752102e-03
9.386839694411338664e-04
8.338588540200079623e-04
7.336798331318185188e-04
7.094184425067055029e-04
6.661143414435563570e-04
6.213587134684176155e-04
5.761452263420070068e-04
5.254065662902379728e-04
4.536103701498293687e-04
4.023662346641191669e-04
3.828382658518982582e-04
3.405163636932156436e-04
3.183143750574414727e-04
2.888548346153775787e-04
2.604684462290925498e-04
2.435490418798057710e-04
2.319300878719859839e-04
2.214817594657409632e-04
2.040003540904231864e-04
1.891086110520085589e-04
1.799998594511492147e-04
1.739193997033951374e-04
1.646860730542011315e-04
1.508992638824463233e-04
1.433878637964913132e-04
1.344659130264606775e-04
1.249458634771362321e-04
1.176234119131315829e-04
1.075820698492696933e-04
9.836626890095162188e-05
9.388946940204426098e-05
8.885967347903466385e-05
8.187292061073951491e-05
7.344970265364090005e-05
6.974931962986973065e-05
6.448555658914584265e-05
5.534614875795358202e-05
5.236729285798494841e-05
4.805677693078807812e-05
4.215168595601021803e-05
3.568519542636716110e-05
3.105396217827726112e-05
2.545703927831559254e-05
2.239573219380182334e-05
1.942760236009397599e-05
1.678838192224293871e-05
1.576622673173203002e-05
1.352620930249424145e-05
1.247899843131184810e-05
1.094187264241480800e-05
1.051819465916288332e-05
9.787253219175186006e-06
8.573991859950020079e-06
7.928193259908413156e-06
7.198672099090802683e-06
6.764796710468709218e-06
6.133654655163040899e-06
5.644131057115627825e-06
5.261273582933750505e-06
4.928996137640100695e-06
4.724422480153115868e-06
4.325699875927560805e-06
4.078955925467400754e-06
3.693208907346814120e-06
3.542651913139704459e-06
3.145937286573684159e-06
2.948823356429842601e-06
2.803230036226440508e-06
2.656949156778521893e-06
2.548201124347300305e-06
2.254172777262600314e-06
2.154429086388478872e-06
2.099952520030316940e-06
1.947821041133137272e-06
1.848648305295303392e-06
1.723125985316513970e-06
1.653187445002214348e-06
1.581782425510071093e-06
1.475758789639558396e-06
1.402519863907710861e-06
1.340413890820590801e-06
1.256368941418474976e-06
1.155064620338776067e-06
1.095445204155863167e-06
1.063116115509344571e-06
9.748029560199434930e-07
9.370281211845924412e-07
8.482055076679153933e-07
7.875695559778869160e-07
7.540794544258915718e-07
6.721168327473739708e-07
6.269174292473866619e-07
5.333199163238127285e-07
4.854143244700499414e-07
4.259521028893879042e-07
3.914705516712162617e-07
3.444257125725533806e-07
3.196681064870481416e-07
2.814533821967019169e-07
2.614101326364655447e-07
2.469855552583711342e-07
2.317166029590259976e-07
2.086622972368222177e-07
1.814255821989208886e-07
1.686574241790580292e-07
1.536590138008763027e-07
1.471390508468870732e-07
1.318866168666799079e-07
1.229363878152564640e-07
1.136348339645486451e-07
1.033230260686764187e-07
9.534181368599832984e-08
8.913840189726227826e-08
8.208531973201588118e-08
7.448573424992129036e-08
6.967730679762482137e-08
6.126688917505572645e-08
5.797790135054908141e-08
5.272950094906882152e-08
5.017589049220746094e-08
4.680731676387297799e-08
4.076987317381917748e-08
3.700513194954862842e-08
3.301275835718217511e-08
3.116965440340064161e-08
2.946322151405149903e-08
2.675731221660934621e-08
2.474030784208819765e-08
2.239624000260767488e-08
1.965464569457590957e-08
1.726974938629968344e-08
1.612153131607448324e-08
1.458706454833822071e-08
1.390670856161649170e-08
1.359598959936070332e-08
1.244098343662478154e-08
1.192596966411568145e-08
1.103988269821537165e-08
1.060183273607720367e-08
1.003242443013127942e-08
9.519459330567837403e-09
8.741342850550213667e-09
8.465204238084704605e-09
7.857579860706019196e-09
7.264428530789472937e-09
6.794724066465146241e-09
6.060466850428372116e-09
5.429450799565333906e-09
4.948023161828938991e-09
4.527088096393175452e-09
4.315775427274235021e-09
3.940965284818996623e-09
3.776747493591471393e-09
3.536212356259404381e-09
3.294094859496661718e-09
3.077180066508956209e-09
2.790681748951079421e-09
2.548154575719725245e-09
2.269342714521746648e-09
2.162058411007820756e-09
2.007871077238827552e-09
1.851977890324078981e-09
1.549920785815972772e-09
1.379592942932058165e-09
1.273939549416661798e-09
1.173426362357650104e-09
1.115999153843452128e-09
9.977071661929912573e-10
9.622802681417820500e-10
9.121906024946410858e-10
7.926521325528988052e-10
7.208149502690297840e-10
6.395765653711759782e-10
6.012185509788455955e-10
5.402287554397207774e-10
4.918563555213133049e-10
4.639583413564726692e-10
4.415329762742898195e-10
