1.191418539946189625e+00
1.822142655697025715e+00
2.059197560562533003e+00
1.735564635437072178e+00
1.575502573826261132e+00
1.278656034895631954e+00
1.116553526491190551e+00
1.015958188970146114e+00
9.293351929609922069e-01
8.836308892238089463e-01
8.122372004652758104e-01
7.550556241869593732e-01
7.025739087875251254e-01
6.601054841400104678e-01
6.207684948475219455e-01
5.897867220690180545e-01
5.606462512696827050e-01
5.306266621098472136e-01
5.016573037744825880e-01
4.782986211592608616e-01
4.692812915528263851e-01
4.510107453139939881e-01
4.289410944700001171e-01
4.059032752672605548e-01
3.882032902699357746e-01
3.733559382306804175e-01
3.599527819701724973e-01
3.460054463337562392e-01
3.338677992964870778e-01
3.190128855180751621e-01
3.113779618837022589e-01
3.004486302256103580e-01
2.883178225236582848e-01
2.767132501574804393e-01
2.714357085206297038e-01
2.647374761908018459e-01
2.579322254149986060e-01
2.489188162784758407e-01
2.427913367349631146e-01
2.361886969263878588e-01
2.258349902301497736e-01
2.185107491112970868e-01
2.133007358331927561e-01
2.044218512007358879e-01
1.971610235189273641e-01
1.916080371148626837e-01
1.840286909158122264e-01
1.762223932157526152e-01
1.720292565449114686e-01
1.653475984615338235e-01
1.619672181087737639e-01
1.574693598999192812e-01
1.511313773684375139e-01
1.431245528818093082e-01
1.369941725226234697e-01
1.345070453449004333e-01
1.274652635147827950e-01
1.195808141947409947e-01
1.125052101097952922e-01
1.090727095413887848e-01
1.048196233898510410e-01
1.018683562249996788e-01
9.674273950349114581e-02
9.125634134843367551e-02
8.898101870923280643e-02
8.538575622891200756e-02
8.203023741940126956e-02
7.886673814771998081e-02
7.408907877688969412e-02
7.172376922281173406e-02
6.537020810184773767e-02
6.015365356925646279e-02
5.818715516075764066e-02
5.533461428834326318e-02
5.332360452160779529e-02
5.063818164658244469e-02
4.904434964185117041e-02
4.727407519651576073e-02
4.599652347671565056e-02
4.383807449899609909e-02
4.329155638106407106e-02
4.185469980290184439e-02
4.027247393689915161e-02
3.821452778005970941e-02
3.690902096036114549e-02
3.519578654317894600e-02
3.337846191348768643e-02
3.255772253133039362e-02
3.164431691001316771e-02
3.060773586811215904e-02
2.870232063604975098e-02
2.708909696813505130e-02
2.656084667982464703e-02
2.590954332237112301e-02
2.500919158608848683e-02
2.418571173449876946e-02
2.352993482906965556e-02
2.232994098326808452e-02
2.188368038439787375e-02
2.105044377377617362e-02
1.996665449057195840e-02
1.867218110045524779e-02
1.832570725235231970e-02
1.724328922395857236e-02
1.670788793104404854e-02
1.554913000964925143e-02
1.503032221063485899e-02
1.432306162376771261e-02
1.412681533636145348e-02
1.366284908778046987e-02
1.298494675217187234e-02
1.256801201901327700e-02
1.162482556545560604e-02
1.129095368408337269e-02
1.090462673966918067e-02
1.056009490892053510e-02
1.034198496360266492e-02
1.011693095359722343e-02
9.729696451460849091e-03
9.211870921862756745e-03
8.993094024581243379e-03
8.706423160067085915e-03
8.562089229811808630e-03
8.313340264946430039e-03
8.192316137204410861e-03
7.914874146388044610e-03
7.639604000189788649e-03
7.374824393308760002e-03
6.892334760928107810e-03
6.628638982798452928e-03
6.377504151436006949e-03
6.049243910530884352e-03
5.839594883888851035e-03
5.493551101349582536e-03
5.276740704777834433e-03
5.141501982634340794e-03
4.812570646335841140e-03
4.695388990094897554e-03
4.439434941924463689e-03
4.180070981035944461e-03
4.020377914121146291e-03
3.879154698890435217e-03
3.554534268180529685e-03
3.445470640613457203e-03
3.124431360773329176e-03
2.931696431037690478e-03
2.823743377707005949e-03
2.709512251311115005e-03
2.521851037325349276e-03
2.380649382477972777e-03
2.194554519099340371e-03
2.161263354783087096e-03
2.040836951832937420e-03
1.920779094142802774e-03
1.861051026702108691e-03
1.788241801778364063e-03
1.686568797351441435e-03
1.634097927349377781e-03
1.577678155370982899e-03
1.410973751070935742e-03
1.306159068879834875e-03
1.243765556232578418e-03
1.147549350763340343e-03
1.083868235010092967e-03
9.831046233458621761e-04
9.166700433071837571e-04
8.974641203460762559e-04
8.287244211757019289e-04
7.827654295430864747e-04
7.184479769557175922e-04
6.517439699766444531e-04
6.304935507880308349e-04
5.901357104627647778e-04
5.621011226279271989e-04
5.432230396927586417e-04
5.076971283740002198e-04
4.852285822292042852e-04
4.652537511054553377e-04
4.545673517581250828e-04
4.132094344955970474e-04
3.996856662804118034e-04
3.867515553009166968e-04
3.658842824290925054e-04
3.455523989545171556e-04
3.341301319046435943e-04
3.092784686976435922e-04
2.998144489535057460e-04
2.750921429036016596e-04
2.629608455818582390e-04
2.521436229260095772e-04
2.426880065222911890e-04
2.259427372932879994e-04
2.223809168840174357e-04
2.028122252416400865e-04
1.994852719840650495e-04
1.958125037858741437e-04
1.804202199598288177e-04
1.777759381884633574e-04
1.670383053708522170e-04
1.567944151680186738e-04
1.528739812528635616e-04
1.470081248503312581e-04
1.391644521705642811e-04
1.325773592189416624e-04
1.243669545947089655e-04
1.180483321789352021e-04
1.108185260172869606e-04
1.071266980875229454e-04
9.876880671779578245e-05
9.755319094746582576e-05
9.278548154192817221e-05
8.539048495066958115e-05
8.280889703572530630e-05
7.797455886286135259e-05
7.308599915349044921e-05
6.971558598907657721e-05
6.760690442001507903e-05
6.562148819779622239e-05
6.081240838308558792e-05
5.976678211907051393e-05
5.621870876148108088e-05
5.438462030077508653e-05
5.263446756892634391e-05
5.032652055671551632e-05
4.848241377469791658e-05
4.782212778268431295e-05
4.570658913428809897e-05
4.412953311405683036e-05
4.269632593517204633e-05
3.978199402133359867e-05
3.803614273993105360e-05
3.633204441388977897e-05
3.469101548188653530e-05
3.321237062991267878e-05
3.258564450669816740e-05
3.175754299492512041e-05
3.074323072588080438e-05
3.022029488131164175e-05
2.950476780681701101e-05
2.856175904583455811e-05
2.783549563232706056e-05
2.716190732759390640e-05
2.641852415943462664e-05
2.547583091145492202e-05
2.516526727305472895e-05
2.367241814881604161e-05
2.277359024700457296e-05
2.200262825273108561e-05
2.117245634533671220e-05
2.027542640334565810e-05
1.951799352755549021e-05
1.897640407678704446e-05
1.850574558724871936e-05
1.752967583764311694e-05
1.720607091561329415e-05
1.674762099507126723e-05
1.565763681906694744e-05
1.489132212256076253e-05
1.393986948571417275e-05
1.354632807782174595e-05
1.309570070445208165e-05
1.247771598195923118e-05
1.196222395974421648e-05
1.086625266663423675e-05
1.044364744069103360e-05
9.980685956661248433e-06
9.250127471275196748e-06
9.066278707080054639e-06
8.874036632015929279e-06
8.409842117848221051e-06
8.168729292996329476e-06
7.697997858445052594e-06
7.264137001782507151e-06
6.971808527021220731e-06
6.572646825079404574e-06
6.422602370101982820e-06
6.066182840449455216e-06
5.893912291711924654e-06
5.625948032988594556e-06
5.326969570578095258e-06
5.122834053987098387e-06
4.944439289772025795e-06
4.725019994663805294e-06
4.654210158364507978e-06
4.507425255044637004e-06
4.312386715315821084e-06
4.122931574054302779e-06
3.901685462483593393e-06
3.736156793589549945e-06
3.608831897152997075e-06
3.408969381785005244e-06
3.356733069512110168e-06
3.239020363600307598e-06
3.119761459678898843e-06
3.058707424470958230e-06
3.003516687966065419e-06
2.855901292865981152e-06
2.786379719693343405e-06
2.702279817016159165e-06
2.466568748302300078e-06
2.432704368328337269e-06
2.291904221579135472e-06
2.251393263784596848e-06
2.152354987468135428e-06
2.060124274020608464e-06
2.024068023415293869e-06
1.838157096429019267e-06
1.790799233813914745e-06
1.676164164598497770e-06
1.621908469309246013e-06
1.504289789438507959e-06
1.466468018111194977e-06
1.424923169432926994e-06
1.362980247707846735e-06
1.291373825633497695e-06
1.236632305835692367e-06
1.199009715014593596e-06
1.084555242907654689e-06
1.036613021270619472e-06
9.541782975203281588e-07
9.263683780839262432e-07
8.982707124101913728e-07
8.449845466038023674e-07
8.149753612779295255e-07
7.708529265684110118e-07
7.373376427066529921e-07
6.875240639931072991e-07
6.800763618796164721e-07
6.476262420050659546e-07
6.175451195694368480e-07
6.001164880190916679e-07
5.432898712541469931e-07
5.258787056638438170e-07
4.919737063875042600e-07
4.712019923044719325e-07
4.443452794772608786e-07
4.268474410173261868e-07
4.020677638595528731e-07
3.919323218609668427e-07
3.679223309657248782e-07
3.525438816588299046e-07
3.452676912547694143e-07
3.157639014329822580e-07
3.115832411325906653e-07
2.821690934053911698e-07
2.651167869746925341e-07
2.594544102873388478e-07
2.338375559269683262e-07
2.277286720546855210e-07
2.220917124143367163e-07
2.086060203167986885e-07
1.928347523496986305e-07
1.835515365413673298e-07
1.732857228609605559e-07
1.641001934283217501e-07
1.558576471397705825e-07
1.472257033747031086e-07
1.391428846951800238e-07
1.338616079269150512e-07
1.320307852269313899e-07
1.227119943837481696e-07
1.183078874508223707e-07
1.138145547581960793e-07
1.109586733128837132e-07
1.077281839528838479e-07
9.847876002251364027e-08
9.367029539096075145e-08
8.915163504155800657e-08
8.435306619380173610e-08
8.018848525187495023e-08
7.441277156414938941e-08
7.009178543390812945e-08
6.425999480466906996e-08
6.265259864533808009e-08
5.962369102860490730e-08
5.802446812553590192e-08
5.476704311916134325e-08
5.093606581827988894e-08
4.985920260576950375e-08
4.670262637130300490e-08
4.357833387877245478e-08
4.184159911587060617e-08
4.011386458087574066e-08
3.737532175150260137e-08
3.649821621940838993e-08
3.517372579926237636e-08
3.340704298162124432e-08
3.225300897752345523e-08
3.078822830402595666e-08
2.983698656125496942e-08
2.868379033710552725e-08
2.814081189209950028e-08
2.646212857165680879e-08
2.507787989481915712e-08
2.469089983700757458e-08
2.339184086595888325e-08
2.243708663199883893e-08
2.135948483434607617e-08
2.059191585687103912e-08
1.949977779713763204e-08
1.852065344774323333e-08
1.789633956247182077e-08
1.660367977915426918e-08
1.621648916779146450e-08
1.528556241840742371e-08
1.473652154986399535e-08
1.421961087711660851e-08
1.333369557320129143e-08
1.268123401441929300e-08
1.203107182806441348e-08
1.129446310614239554e-08
1.051655840378609731e-08
1.029442528118667957e-08
8.988401559636388382e-09
8.642576980392591022e-09
7.944901430707370632e-09
6.996637888573404874e-09
6.627115542671693443e-09
6.369402195270903206e-09
5.654731037900908070e-09
5.241967071000594707e-09
5.000735733330664289e-09
4.846311471357072224e-09
4.457385583356051044e-09
4.345529004841113493e-09
4.109175403616198979e-09
3.850121540545439352e-09
3.770357333522110329e-09
3.296889716604214484e-09
2.952693739709067942e-09
2.827428367849032626e-09
2.675918342366489335e-09
2.517886679678580748e-09
2.399578863093598404e-09
2.268946219650991222e-09
2.155694069852144942e-09
1.939496962480654558e-09
1.856992704355195103e-09
1.718465814678432949e-09
1.647561695150865799e-09
1.614613746116964424e-09
1.534300839890517047e-09
1.496693273504411894e-09
1.437770736815701931e-09
1.393064210765845670e-09
