5.135186200420183145e-01
4.304918952062259385e-01
3.871710510160835672e-01
3.674609513443793385e-01
3.421741134865028400e-01
3.093934966430719746e-01
2.881549285998481480e-01
2.718533837475696768e-01
2.596660640070940773e-01
2.479327065748570535e-01
2.369928578202016300e-01
2.274297028149290523e-01
2.209554046596437504e-01
2.142598699680871022e-01
2.072298693144854487e-01
2.002433143701956297e-01
1.951879963489575875e-01
1.903421420127912600e-01
1.854585691990714991e-01
1.809889054357599059e-01
1.773574671029150285e-01
1.737990393255677002e-01
1.701492509289297961e-01
1.672213944835590771e-01
1.642242282901792416e-01
1.609424996834363242e-01
1.576175368930030074e-01
1.547565106228866727e-01
1.519647543595633588e-01
1.488982330971433676e-01
1.462061820081711205e-01
1.435559559594328238e-01
1.408921017794734776e-01
1.380690357832583259e-01
1.356369068845690029e-01
1.331930506826402294e-01
1.306932721118288510e-01
1.281765223466946602e-01
1.260449093652580843e-01
1.238779855501084409e-01
1.216418695386330823e-01
1.194754720922109048e-01
1.172923860014372793e-01
1.151218926818287497e-01
1.129315789622255262e-01
1.105217930528095832e-01
1.079693423619058346e-01
1.052879628036127030e-01
1.024762727145227953e-01
9.967079622053832966e-02
9.694545955436484341e-02
9.392996718709524517e-02
9.082728934897611739e-02
8.784926857450450766e-02
8.423994133757455038e-02
8.096675394182076269e-02
7.798514947311327439e-02
7.480538061292547891e-02
7.180581398635907386e-02
6.861058985041393332e-02
6.552056156767427364e-02
6.265137387591550311e-02
5.963544194522715780e-02
5.668385788271345510e-02
5.358830432656669363e-02
5.051175232482138511e-02
4.752387266091347151e-02
4.479296332776744327e-02
4.200740696104139638e-02
3.949631149914317046e-02
3.718056067591554714e-02
3.481192129684403808e-02
3.285365727374485456e-02
3.084648254142449697e-02
2.905720638372389850e-02
2.747161591623897142e-02
2.598297484201525856e-02
2.458451748159941677e-02
2.336887884745826940e-02
2.223529098761584805e-02
2.108962980035649151e-02
2.013076191790099875e-02
1.928792687537115788e-02
1.851288495562799022e-02
1.778648929768527481e-02
1.714241989826117973e-02
1.646316905192012070e-02
1.581119796353126425e-02
1.523719161578142127e-02
1.473447350412098941e-02
1.429049573421946502e-02
1.385155688925415567e-02
1.344031854155139719e-02
1.306416385315958134e-02
1.271071360466320167e-02
1.235952985917640641e-02
1.204595834114985560e-02
1.174449937498865497e-02
1.143660476443493675e-02
1.113292870116625380e-02
1.084500751905660525e-02
1.054667447427095305e-02
1.025267708397231865e-02
9.984488439712663546e-03
9.719432094045981144e-03
9.436868191139575687e-03
9.130114021917986461e-03
8.848256768795916341e-03
8.561682361233021940e-03
8.287459889482940920e-03
7.998084596326169790e-03
7.712579824023848077e-03
7.445819534123251059e-03
7.149759131886241834e-03
6.874254748344818186e-03
6.597854842729980636e-03
6.334524910342404121e-03
6.069543491615280763e-03
5.809192783017627648e-03
5.529417454425123411e-03
5.245892383387690781e-03
4.984940783157820049e-03
4.738421252922766537e-03
4.495859207983587437e-03
4.262049580896914297e-03
4.049934359800107936e-03
3.843843599511243166e-03
3.664815584879687303e-03
3.498958029554565755e-03
3.339266194529160164e-03
3.187112137203043823e-03
3.041274451614030087e-03
2.899508636419566646e-03
2.763435969185984355e-03
2.623373466176754341e-03
2.506714092978002632e-03
2.385849230573646763e-03
2.267588794371836608e-03
2.159068392518647891e-03
2.056577987617826900e-03
1.970254321094925230e-03
1.886398480092114785e-03
1.805520346376760302e-03
1.731327318614588008e-03
1.660688406915590857e-03
1.591127026965461671e-03
1.521107782977759509e-03
1.452745866577804384e-03
1.394999187460727996e-03
1.343407570915845436e-03
1.292995290187186255e-03
1.239040871117527785e-03
1.184368501605435886e-03
1.126494877615183670e-03
1.069368385213803575e-03
1.014620027009457536e-03
9.653980705158368919e-04
9.188664714853730497e-04
8.729280218846359506e-04
8.276990759393095193e-04
7.851625580427958398e-04
7.437471232282389256e-04
7.020673105141430562e-04
6.661646388305816555e-04
6.346202451545065234e-04
6.045147444392509183e-04
5.755144122761646566e-04
5.471116498871751894e-04
5.215807349254355076e-04
4.965408272464816699e-04
4.743982946522606599e-04
4.527853849551611003e-04
4.335189708903148457e-04
4.147243531668316579e-04
3.974504803818648051e-04
3.826435733590296900e-04
3.697641417209249996e-04
3.585983213280311975e-04
3.468355696869241354e-04
3.350054477870481997e-04
3.230110845380307111e-04
3.114330820004102170e-04
2.999554963713661261e-04
2.885974323400364132e-04
2.778360110595247162e-04
2.675308848335668579e-04
2.569167532168872901e-04
2.459782195718409020e-04
2.363223888084904948e-04
2.273907364198090610e-04
2.191923338022451473e-04
2.113894496639117152e-04
2.025559045128834444e-04
1.942965611052809699e-04
1.866013286572586595e-04
1.792725995985012622e-04
1.730981176228137803e-04
1.672966825560151180e-04
1.619303947347631490e-04
1.569940545797469803e-04
1.519088405872860801e-04
1.466558645461940591e-04
1.416326939087845876e-04
1.367950283256453442e-04
1.322023743628436955e-04
1.279836152078973454e-04
1.242664651818220912e-04
1.205011752808086701e-04
1.166173545372002553e-04
1.127386635615417230e-04
1.087462275019416479e-04
1.048223420165428609e-04
1.012626740368891497e-04
9.795158974067515601e-05
9.436729891699846648e-05
9.082542818193275265e-05
8.771222727562737122e-05
8.487522361092762898e-05
8.219628806725305897e-05
7.920273085834602961e-05
7.625595336302080571e-05
7.334973741718409730e-05
7.068317306371483535e-05
6.810983831753913357e-05
6.582271251870252138e-05
6.380999145790635957e-05
6.157573591054453109e-05
5.938369704042963180e-05
5.747261515159157258e-05
5.550976585274845380e-05
5.359702270995898995e-05
5.196102393064065802e-05
5.028621140422116119e-05
4.860549492724787978e-05
4.689327395493193422e-05
4.533335072033561425e-05
4.378696818902764538e-05
4.231739752703471560e-05
4.079953778015092333e-05
3.922638577002561771e-05
3.774706073561052717e-05
3.629399299728917200e-05
3.490058752540567416e-05
3.351621467314178695e-05
3.216873033124685507e-05
3.088336660272854360e-05
2.965663229072954183e-05
2.858390855125984115e-05
2.755423269958795236e-05
2.650386043396064673e-05
2.547041263739646574e-05
2.452961071461141153e-05
2.358442225870995161e-05
2.254960404068506871e-05
2.156893067988330573e-05
2.070741924639773351e-05
1.980982563648752239e-05
1.889393642002247352e-05
1.805246875240643404e-05
1.722377245307001498e-05
1.644781244678501566e-05
1.568739763122408036e-05
1.492939170077104193e-05
1.425811444881756278e-05
1.367927191466023595e-05
1.318091498228681701e-05
1.268290520971452130e-05
1.214711295532478696e-05
1.163147349723532125e-05
1.117302990066206133e-05
1.070876816506351508e-05
1.028497334160279900e-05
9.875433262930818153e-06
9.496937657348007922e-06
9.124054104198746094e-06
8.764398473275852549e-06
8.442256957659615975e-06
8.102529182169072129e-06
7.772018730725413680e-06
7.475792482851219095e-06
7.207242094406221565e-06
6.939112723685221564e-06
6.655951998201215253e-06
6.384508803258594380e-06
6.095928508495964069e-06
5.788755019570779027e-06
5.492262855911336679e-06
5.231904088814435993e-06
4.965265713678677689e-06
4.697218670402175336e-06
4.439888123023254286e-06
4.195106419118129295e-06
3.972653565781130504e-06
3.767082231050771923e-06
3.564287634260667768e-06
3.356161489271896417e-06
3.152517614958660497e-06
2.970339938202307461e-06
2.824062275343796106e-06
2.675273085334428216e-06
2.538313998939212651e-06
2.413213667475475336e-06
2.281554451464193052e-06
2.158226536722508997e-06
2.045464510853830759e-06
1.937225431954891462e-06
1.832495492858171626e-06
1.728101493846421216e-06
1.621069461282306023e-06
1.529656628243317570e-06
1.447235568635202869e-06
1.367142804318001426e-06
1.294380541759587044e-06
1.223667888321505980e-06
1.159213872660031557e-06
1.098076715488094734e-06
1.042360532947100515e-06
9.908396882980428133e-07
9.432303363180306540e-07
9.019862187955915621e-07
8.633527268756276153e-07
8.234923818910601635e-07
7.901327336283502255e-07
7.620798104349101300e-07
7.332128539779385659e-07
7.076932495467115787e-07
6.823471128911063195e-07
6.620528935210537880e-07
6.436487207974278246e-07
6.226336666096776078e-07
6.042185000261533648e-07
5.872201734257693486e-07
5.706678997191799043e-07
5.539215740041532326e-07
5.377085717640283968e-07
5.221961443884137797e-07
5.080464538761882422e-07
4.931694013916045727e-07
4.791988754837236268e-07
4.659730964080854297e-07
4.555826686980773304e-07
4.443456271248405837e-07
4.322473774722341397e-07
4.204141517208194930e-07
4.097836197133303909e-07
3.983625360469397761e-07
3.871345917280418422e-07
3.761616958188514289e-07
3.653370527405176684e-07
3.538777134888391833e-07
3.419050527585934101e-07
3.300985191477727846e-07
3.175099288143699200e-07
3.051588247770950613e-07
2.930580393278786042e-07
2.797441033190902780e-07
2.661746148370763551e-07
2.524848564430290764e-07
2.391599092737027815e-07
2.246686988005358955e-07
2.104222609273604632e-07
1.964781384221356959e-07
1.841792139746978087e-07
1.730513017855737046e-07
1.605612694935022274e-07
1.481742939011717377e-07
1.377611095799988857e-07
1.284804362680132051e-07
1.196174565746449571e-07
1.110733857584618867e-07
1.030842063403828944e-07
9.578332318212371567e-08
8.926061286303047779e-08
8.343395962713304434e-08
7.828622264839470980e-08
7.388570516951799340e-08
7.014563129557300366e-08
6.682906438800792897e-08
6.394938077229544625e-08
6.119090792438115242e-08
5.846431104827957087e-08
5.621240120287940532e-08
5.431356648530763281e-08
5.225806387571425781e-08
5.031107458215138157e-08
4.850318850949022644e-08
4.667363409894446699e-08
4.501738098199551835e-08
4.350640209413667588e-08
4.217567480151579408e-08
4.082153858835669340e-08
3.935558710594751883e-08
3.789301108093407166e-08
3.668773219809106041e-08
3.557367217926668107e-08
3.438055172398070015e-08
3.327845973626741423e-08
3.223200038335365903e-08
3.112254502499974470e-08
3.007347779301599246e-08
2.901850995808296586e-08
2.810532899271022421e-08
2.711069313403468394e-08
2.616881704432192425e-08
2.535394659441997138e-08
2.455850002002849556e-08
2.366246679021802707e-08
2.279004193217854282e-08
2.206076668856164547e-08
2.140605842471954681e-08
2.073513864223811639e-08
2.011553321470281745e-08
1.946246359763822867e-08
1.879239736630006768e-08
1.816157001532279228e-08
1.756940752563222537e-08
1.693448019334272355e-08
1.631635025382743282e-08
1.576865919235455258e-08
1.524233985697225086e-08
1.476516623421177513e-08
1.429579868174727854e-08
1.381998425798597696e-08
1.335385949174964255e-08
1.288561492883842125e-08
1.245430572922153658e-08
1.210652149970233094e-08
1.174103405704807925e-08
1.134991377996367192e-08
1.095757345780730957e-08
1.060231027112687448e-08
1.032029391847866909e-08
1.002058536302364462e-08
9.689008014697293019e-09
9.367349276333620802e-09
9.048939550629375508e-09
8.741809331717856995e-09
8.426979348943982342e-09
8.125373297625609331e-09
7.868506397605699913e-09
7.583084461053619913e-09
7.292419343568769721e-09
7.024527823695525905e-09
6.775480118624011492e-09
6.523903023120787421e-09
6.259234823899662834e-09
5.991165965946480962e-09
5.729044775807196932e-09
5.471051525638171614e-09
5.222124860885792453e-09
4.999003797979757947e-09
4.801865626015027886e-09
4.577197228815828645e-09
4.356684982645450725e-09
4.152217481304521627e-09
3.924501695487764053e-09
3.702231331885510927e-09
3.473324806014604806e-09
3.248667327033152960e-09
3.062994489426614045e-09
2.900520654025633714e-09
2.718439027264361507e-09
2.556472735302648683e-09
2.409052390902817352e-09
2.267118926056645470e-09
2.127416267477402098e-09
2.011741776489650199e-09
1.898213619700076510e-09
1.779109233002134939e-09
1.663867244069381274e-09
1.558665476867371359e-09
1.456552976780755475e-09
1.357896947711379940e-09
1.266334868127461711e-09
1.182172009005862206e-09
1.117331540259223455e-09
1.061058107017327240e-09
1.003364099620851634e-09
9.504577312649387208e-10
9.039201700176914800e-10
8.594000601229584421e-10
8.187270933374662398e-10
7.803793634174633968e-10
7.481819606477418107e-10
7.212708800021998077e-10
6.962751565866834011e-10
6.718307072556991786e-10
6.496845275663303002e-10
6.315128325456328424e-10
6.144417644705415464e-10
5.953353337770922900e-10
5.764023767478102251e-10
5.586534354255933465e-10
5.427384163956861319e-10
5.266923024030594344e-10
5.112426935392924015e-10
4.973333031716252206e-10
4.847107258054647409e-10
4.709083557863499364e-10
4.579899300465002537e-10
4.454182954723706940e-10
4.321409381398556964e-10
4.190796009837609302e-10
4.080765681127498719e-10
3.955678933047566045e-10
3.825396536800034468e-10
3.710457611106323080e-10
3.607947369709018958e-10
3.495155896335218680e-10
3.381336252707083150e-10
3.279057612126428393e-10
3.192997546646355626e-10
3.106132103848632596e-10
3.019296140131512490e-10
2.934168787417429113e-10
2.848424318838315080e-10
