1.275880748644921958e+00
8.984346478485359944e-01
7.031843999555293934e-01
5.733600560558664849e-01
5.143391604178872978e-01
4.422210177150973642e-01
3.483558003917637258e-01
2.738025714202533822e-01
2.314875013850120622e-01
1.906909792473177323e-01
1.439571190683956448e-01
1.238205486938039751e-01
9.443889655186836485e-02
7.153562449837037873e-02
5.392338964660123302e-02
4.322721843518183282e-02
3.828284617786296279e-02
3.240695300452559741e-02
2.796791925267865311e-02
2.343090895704931856e-02
1.898498332834586480e-02
1.618523335343383107e-02
1.374430100825594671e-02
1.254950736229531495e-02
1.121723581175527486e-02
1.004637929618251192e-02
9.016908190267937384e-03
7.588851768473937887e-03
6.249030904126872364e-03
5.140549138589717293e-03
4.034888714948513082e-03
3.219964775680896757e-03
2.557100096827190448e-03
2.067144623687632715e-03
1.728276750979997967e-03
1.407738411824619069e-03
1.081623807828531372e-03
7.962940866785117155e-04
6.165598990781090850e-04
4.566729625370058638e-04
3.473188331798646709e-04
3.205754830274825675e-04
2.658778008298476152e-04
2.344254784805588506e-04
2.133648821713667303e-04
1.950931995133172413e-04
1.787642586304370653e-04
1.507527892144953875e-04
1.237473726922439887e-04
9.582992445537385823e-05
7.405802834971702523e-05
5.607972172977934380e-05
4.181066391495126240e-05
3.131056644989507694e-05
2.238465929971031337e-05
1.524837912120800287e-05
1.097001969344854733e-05
9.106171897133345187e-06
7.963486515442075355e-06
6.766952859088589439e-06
5.545130522610615925e-06
4.352280756402903817e-06
3.460930939999078194e-06
3.004062837889105857e-06
2.583791346578838906e-06
2.180217090374930084e-06
1.822642232713046117e-06
1.469354478998705529e-06
1.139392763520661999e-06
8.883398573315481606e-07
7.481994232439775843e-07
6.252362439137990843e-07
4.597593630252634468e-07
3.427203863392548123e-07
2.776823219026102045e-07
2.266527401139237820e-07
2.045748918043651900e-07
1.755644140267634247e-07
1.313560980278698588e-07
8.825851520810953384e-08
6.052044369694459279e-08
5.106228773157942475e-08
3.984173569036712820e-08
3.313166948344490716e-08
2.772316433042221790e-08
2.073922752815210219e-08
1.525958349617001834e-08
1.095919476177464216e-08
8.357701232595139892e-09
6.903807799256952845e-09
6.015673782730683319e-09
4.851788110288583784e-09
4.051783877190530430e-09
3.763934059323838724e-09
3.074527011126979248e-09
2.667336334810953996e-09
2.154910422768285409e-09
1.730284210775607021e-09
1.284509211147653274e-09
9.497690168207390672e-10
