9.333581948146043583e-01
8.176670718515449687e-01
6.052292200378637244e-01
4.949384797723319629e-01
4.274014004915637766e-01
3.754817124823411900e-01
3.306413860293646034e-01
3.049476786662877470e-01
2.838489906497239090e-01
2.678608726556395148e-01
2.506524150459225608e-01
2.401550273124332113e-01
2.249890132857513547e-01
2.152983949381655215e-01
2.039296309849252808e-01
1.942938745054680894e-01
1.840097348587023951e-01
1.769416794574101004e-01
1.679007360070340626e-01
1.602414636655372926e-01
1.524554710479395503e-01
1.452116921321195964e-01
1.397829361828775430e-01
1.326566118366398761e-01
1.263071956170583043e-01
1.199216041238423541e-01
1.171400448475518191e-01
1.116974612936192657e-01
1.053966685021664601e-01
9.857173584497214147e-02
9.544864409708539443e-02
8.955014999279520271e-02
8.359888972223322723e-02
7.822967420949840378e-02
7.553776468855813442e-02
7.155749575214445657e-02
6.650174141365351732e-02
6.188150571386651089e-02
5.694982876589742976e-02
5.407081075787830565e-02
4.966657334639925508e-02
4.381305358185956511e-02
3.856101512678471871e-02
3.486942916923877617e-02
3.198539425337652842e-02
2.803193427945014846e-02
2.483616824111033877e-02
2.318074934150730210e-02
2.141886871923438102e-02
1.920738415993396286e-02
1.693208082865346048e-02
1.497332272221594922e-02
1.389980345421793807e-02
1.341886157923631931e-02
1.251922472269921364e-02
1.157151614116109194e-02
1.080710596076753585e-02
1.039546239919426213e-02
9.730010777898983818e-03
9.321454056000766375e-03
8.935571451034653861e-03
8.353679627487866494e-03
7.838721623968980534e-03
7.536925334840461656e-03
7.295947837164772944e-03
7.151379107900464847e-03
6.808541109224863080e-03
6.612972413182560162e-03
6.371268280959751368e-03
6.108078199491358620e-03
5.857713167881071527e-03
5.461814675057977998e-03
4.991817714573461989e-03
4.676470384791887001e-03
4.489038630497889891e-03
4.279685648635452727e-03
3.935106399221308636e-03
3.717874355875378997e-03
3.485832652071196424e-03
3.150844688813753298e-03
2.869400127756526094e-03
2.744509409350635865e-03
2.460330634349105951e-03
2.260049248244123694e-03
2.150600989206534735e-03
2.060201143169257919e-03
1.919494706669608785e-03
1.796539194625863594e-03
1.720084320956440007e-03
1.639754920877487757e-03
1.555739805250229337e-03
1.456077136632378220e-03
1.403821272347871661e-03
1.364669252779130305e-03
1.324063645168502929e-03
1.257003813127841345e-03
1.195911721197953593e-03
1.161388725437497143e-03
1.116249749237734068e-03
1.046294963789817399e-03
1.013812981895662654e-03
9.325251846343906963e-04
8.503790018080552900e-04
8.014130519546829121e-04
7.202675352734060239e-04
6.620701841536983214e-04
6.229674508982125259e-04
5.917829392681402687e-04
5.175554185684936139e-04
4.956036069104007924e-04
4.326273156846130430e-04
3.844502488298921230e-04
3.638603160256896423e-04
3.484181048714317668e-04
3.137395560653922447e-04
2.849812653420102058e-04
2.636048667574063730e-04
2.496470301116206388e-04
2.306392620274938174e-04
2.151753382529199082e-04
1.920690154146507641e-04
1.778773221648422530e-04
1.539811593778992805e-04
1.464062008521931882e-04
1.263670369804477075e-04
1.172193047270476762e-04
1.035930005845552541e-04
9.568220055266546766e-05
9.265884397200836134e-05
8.699562111513758336e-05
8.201599494329732593e-05
7.433481492989047943e-05
6.916151373826168636e-05
6.277420868536960912e-05
5.631682788209671275e-05
5.004527234087963791e-05
4.749688305261081154e-05
4.460619379712182301e-05
4.110452754556204907e-05
3.775096395249404849e-05
3.469310800650436276e-05
3.008586187246543273e-05
2.745991091527658778e-05
2.546948723597206116e-05
2.301443913990135659e-05
2.064452578391939784e-05
1.968573290752355899e-05
1.791344975142038418e-05
1.728362872301714067e-05
1.649405146527584961e-05
1.488972963957245068e-05
1.347853917923277622e-05
1.284505892727271394e-05
1.191330025139610066e-05
1.125661366510521404e-05
9.922279702871525029e-06
9.095647318270409036e-06
8.445513187747545909e-06
7.714656384654797319e-06
7.019901516865734913e-06
6.522222332561895514e-06
6.231188381873668577e-06
5.534669760535393562e-06
4.754692624342861054e-06
4.542573734443377005e-06
3.985786039487428381e-06
3.631178317462821420e-06
3.260971694392682159e-06
3.048307793775304819e-06
2.782657025458721617e-06
2.491623454799448068e-06
2.103673559740545007e-06
1.692551672782474136e-06
1.547633404650923282e-06
1.364379613549739277e-06
1.185397670546976534e-06
9.886688963868420550e-07
9.082793505213658278e-07
7.733394385097253574e-07
6.555613309615966240e-07
5.573007418120230461e-07
5.128637031733239452e-07
4.668906182077581095e-07
4.350829631664198491e-07
4.073503340310534971e-07
3.745121925470429879e-07
3.378026482338947458e-07
3.084825928709202814e-07
2.949923571813614504e-07
2.712974651463157996e-07
2.386732322461672334e-07
2.289107406819376370e-07
2.087667117995035626e-07
1.974236383379783140e-07
1.833862165948473775e-07
1.647636818142059337e-07
1.428403493732231208e-07
1.262809628773585652e-07
1.181201758968835372e-07
1.115934882626747460e-07
9.557931174946096052e-08
8.031796376111612206e-08
6.996972782259785944e-08
6.723880936597373316e-08
6.246364757327103777e-08
5.750923372717867906e-08
5.319413835975372335e-08
4.982835146569914846e-08
4.717738081240168911e-08
4.383882742594541417e-08
4.024626266883694110e-08
3.475169132995836582e-08
3.237619028777700122e-08
2.797534607747453206e-08
2.584586318909131549e-08
2.367896704816080367e-08
2.083446081433747635e-08
1.887092887967908687e-08
1.724454910108301113e-08
1.640816192475205377e-08
1.374519986692962933e-08
1.217890939277528406e-08
1.124935431273951528e-08
1.029725575961056564e-08
9.500365253382054160e-09
9.043981484382769332e-09
8.183921393143245581e-09
7.748783287376511663e-09
7.282189762996475234e-09
6.642682969346067253e-09
6.268060595441002894e-09
5.906836471342951750e-09
5.231303724204769515e-09
4.786587042417734943e-09
4.436304813958269538e-09
4.181460584761929327e-09
3.783237132723250312e-09
3.536760880187635052e-09
3.170109937357977748e-09
2.962793628529342872e-09
2.747054016427487646e-09
2.325011096166804052e-09
1.915337257623823933e-09
1.675851390910247896e-09
1.559884204715896144e-09
1.407071481885445460e-09
1.250189867622940422e-09
1.166014907799596114e-09
1.053127487476146683e-09
8.773716397829093500e-10
8.410862298865704759e-10
7.397223627193730897e-10
6.916461813624075460e-10
6.071391296516839490e-10
5.100415104057943711e-10
4.684541829312572711e-10
3.987050154099530737e-10
3.736367758526388225e-10
3.275121005725404918e-10
3.122404934821016369e-10
2.778463021867509900e-10
