1.022539925595513877e+00
1.126770647980197548e+00
1.104833041494852175e+00
9.126645573212561757e-01
7.642728619923468969e-01
6.825129195726363784e-01
5.875537089300290061e-01
5.353395628676957951e-01
4.816314005866663694e-01
4.497353341117447112e-01
4.197059397371829537e-01
3.942340086400045740e-01
3.736893679896824971e-01
3.533260149523657079e-01
3.325082254477013666e-01
3.124038777995485905e-01
2.984257796561852194e-01
2.931245902838283679e-01
2.803320527433696974e-01
2.665497892369399491e-01
2.548290465873440103e-01
2.448436312023553885e-01
2.350099148836233276e-01
2.270643568936840384e-01
2.186380589550423192e-01
2.127707516591554326e-01
2.089282995167668078e-01
2.031783455958087736e-01
1.956781827781171601e-01
1.888071089045435247e-01
1.841537632772168309e-01
1.805616328946359483e-01
1.772330143362050303e-01
1.708287728051516852e-01
1.647253845978544906e-01
1.575860374448405654e-01
1.509928077289598436e-01
1.441694090004600748e-01
1.391166499444885241e-01
1.331445770528532080e-01
1.284746372223542210e-01
1.251191733135869621e-01
1.200356548084005742e-01
1.150519938774007961e-01
1.122340331226609339e-01
1.089281782348567873e-01
1.059513522639186078e-01
1.023140298797394626e-01
9.736266671200685674e-02
9.329699893934370603e-02
8.887047691793482918e-02
8.371293082120231932e-02
8.061135522051468549e-02
7.711754124270549238e-02
7.388951507348272274e-02
6.989940314479117789e-02
6.651619935007038742e-02
6.329733004892450221e-02
6.200006043202542505e-02
5.788106180091336789e-02
5.383085401496118250e-02
5.121638381907707427e-02
4.890098016490149885e-02
4.582774811204735899e-02
4.227161664983591222e-02
4.043410673768475100e-02
3.869420958328281812e-02
3.656452755278459532e-02
3.468445204791439224e-02
3.282229759769122318e-02
3.172898376236112788e-02
3.036037131869410294e-02
2.925377754150832593e-02
2.723950019436470471e-02
2.602867102019934889e-02
2.476294231016326966e-02
2.340693936027146704e-02
2.209052818815486485e-02
2.167002483972079938e-02
2.048216228885743270e-02
1.922781220369329871e-02
1.814733710003842496e-02
1.777697454987900438e-02
1.736749089050760794e-02
1.630211450053497754e-02
1.525890643385319732e-02
1.492843430305460482e-02
1.441356143440050003e-02
1.392095517206316108e-02
1.316475680586819651e-02
1.260538313665659181e-02
1.211282826609240589e-02
1.177587288207506029e-02
1.114890824117139440e-02
1.083069020910473225e-02
1.043662126023878374e-02
1.017627168143781999e-02
9.755160523168226322e-03
9.459865549859339945e-03
8.934534730988354101e-03
8.721625586551796927e-03
8.350293299310401068e-03
8.018858267850897947e-03
7.501990237776427067e-03
7.213839183205803494e-03
6.837663871303205701e-03
6.562187464985613956e-03
6.401539967944239011e-03
6.067704036957498846e-03
5.901231478192818514e-03
5.295462861998039700e-03
4.921092917230173065e-03
4.560427791708756423e-03
4.163295436975409866e-03
3.938793450826085125e-03
3.608263415099229304e-03
3.415138483439291057e-03
3.157346717418941205e-03
3.003517478898205199e-03
2.866453189432536207e-03
2.680851383661662490e-03
2.554746137823770292e-03
2.462384493029124224e-03
2.324909511569093513e-03
2.242447596783177840e-03
2.127929283879563278e-03
2.064288492332761859e-03
2.013107176010615895e-03
1.945082682592250405e-03
1.877794874969798775e-03
1.792190387182004702e-03
1.723290971574128593e-03
1.703756592298374039e-03
1.630346119887081781e-03
1.568501191515673902e-03
1.516915227503168187e-03
1.448911721035265124e-03
1.366656242785098396e-03
1.289988195022558591e-03
1.210228033187806494e-03
1.136164868955770674e-03
1.074513503329933102e-03
1.044444149483477738e-03
1.005838888084315723e-03
9.656572953822573644e-04
9.370593642485915359e-04
8.864463447186522130e-04
8.527797720347899540e-04
8.145300062092656820e-04
7.806959453867116016e-04
7.470007724997703661e-04
6.901161279563750462e-04
6.360131128104591592e-04
5.996208796531039744e-04
5.679924820803645795e-04
5.343742772774192360e-04
5.215014126261322165e-04
5.038571086219075000e-04
4.528269175860999613e-04
4.213060834206619606e-04
3.850965103293168103e-04
3.658804231021734279e-04
3.348051844277591198e-04
3.158455143008800773e-04
3.007350129640920934e-04
2.893773847283907514e-04
2.634985105000351249e-04
2.496987932312260587e-04
2.341169096749577900e-04
2.213608164098758554e-04
2.083818331168982188e-04
1.922614416990412150e-04
1.861266579203025206e-04
1.774436055173248406e-04
1.691927976143679476e-04
1.614855632821705304e-04
1.530521542220687477e-04
1.437983620657367343e-04
1.354328241088408752e-04
1.294657184501925350e-04
1.221015191532887740e-04
1.158154215028217560e-04
1.095329116357186502e-04
1.020987672074757691e-04
9.977455703586237973e-05
9.298504475992474844e-05
9.034881331897417676e-05
8.186062931620520500e-05
7.654160578362124816e-05
7.164720819424721563e-05
6.697384286573942655e-05
6.377718363925742888e-05
6.260714419084251257e-05
5.889484402198742118e-05
5.649690307305747870e-05
5.456717899461185147e-05
5.275290727825535813e-05
4.982709658218172148e-05
4.697694716158429712e-05
4.514800724153439381e-05
4.217516608301228085e-05
4.127212633486401170e-05
3.957694118324969903e-05
3.785098902794759853e-05
3.668613447910431928e-05
3.586427774940945096e-05
3.317744818240928023e-05
3.205097958944068480e-05
2.893340689740103936e-05
2.781730506466919943e-05
2.543093895894681425e-05
2.268644784917365234e-05
2.091120687143686131e-05
1.889735253338331309e-05
1.824358299253582653e-05
1.614612040161120127e-05
1.574629797070121152e-05
1.535628450204985863e-05
1.435038459336466227e-05
1.364805955332686658e-05
1.294474403073600871e-05
1.227298529110424791e-05
1.186201047338102028e-05
1.134270048880472357e-05
1.084773391670634175e-05
1.032481487720488911e-05
9.629315526789570298e-06
9.183827878711007682e-06
8.777333615360815157e-06
8.335328251723322663e-06
8.084761291448823653e-06
7.598494804141643779e-06
7.273980105203045954e-06
6.806017377550644652e-06
6.438226062594607311e-06
6.042581927112621233e-06
5.889295503956722847e-06
5.529362242434508409e-06
5.206870098675318003e-06
5.100995749692941231e-06
4.832735737695523161e-06
4.703740017401786016e-06
4.522840554414479973e-06
4.468656470541042242e-06
4.239819171136291652e-06
4.056354729642711056e-06
3.976440718009908864e-06
3.820528678377345708e-06
3.700909505111070235e-06
3.618693017177143546e-06
3.518902620915452952e-06
3.406142573689517478e-06
3.352566024036879695e-06
3.232943523219356134e-06
3.169362725216745022e-06
3.143403053851249273e-06
3.005694400733781561e-06
2.910585797602320648e-06
2.804273093917628167e-06
2.730377966867581174e-06
2.619562333995728660e-06
2.494946349323729985e-06
2.423158472840248706e-06
2.310373429297481365e-06
2.238157515246783642e-06
2.145484215413046785e-06
2.051699717926540450e-06
2.013690076471380068e-06
1.936974946353125714e-06
1.835751796579454300e-06
1.741614361800714730e-06
1.656458727675074710e-06
1.573750657101082074e-06
1.494952770410505696e-06
1.415195725381458823e-06
1.342187156274596471e-06
1.234893811407916584e-06
1.190634571488303085e-06
1.135865521339388497e-06
1.092326024571901258e-06
1.059075342514121334e-06
1.020438797487672259e-06
9.420661185279635417e-07
8.938197508917522492e-07
8.516977756363696184e-07
7.978684108404071244e-07
7.545583999919827482e-07
7.204613089795929292e-07
6.735207391676504180e-07
6.403892675568601790e-07
5.921116211280789289e-07
5.307905801061309948e-07
5.128389012245324090e-07
4.893951643888113717e-07
4.524972510955482174e-07
4.089025672548691001e-07
3.923723522736086563e-07
3.610736275141204295e-07
3.394107436997440177e-07
3.276464963757084986e-07
2.959797265680286517e-07
2.742193139303716446e-07
2.636180308456338356e-07
2.416969979050426465e-07
2.356914327826707465e-07
2.309747496569799344e-07
2.129464957009400683e-07
2.019669404820409631e-07
1.890245128413344175e-07
1.804668749676516203e-07
1.724948832591230317e-07
1.645345018970421963e-07
1.491608946639119752e-07
1.378131727015740239e-07
1.296146032453973583e-07
1.265389639281889909e-07
1.239547440036476134e-07
1.211804044869545432e-07
1.101631057572796973e-07
1.060736672703961544e-07
9.963346924406089388e-08
9.300347485285455303e-08
8.908329818033150135e-08
8.070212846230039644e-08
7.394394335985062713e-08
7.031791286829431446e-08
6.471168895081929591e-08
6.115306666293603339e-08
5.874287637595331594e-08
5.320907222780347605e-08
5.073624126594587182e-08
4.672283110534078591e-08
4.488813289664071599e-08
4.093619601744379622e-08
3.756393625880649411e-08
3.561353810618511115e-08
3.325725815122177887e-08
3.129110095934943420e-08
2.872145304437649124e-08
2.753304849742350083e-08
2.506629852350318413e-08
2.455092891763953535e-08
2.384896177921792925e-08
2.212689728930880529e-08
2.127495717031082007e-08
2.009191563714483169e-08
1.919114126223511212e-08
1.849823981323902069e-08
1.795593055966090937e-08
1.659671329924909131e-08
1.602555691909647698e-08
1.539742556717203261e-08
1.487686576195306014e-08
1.465953979099527293e-08
1.397521955735298953e-08
1.348899572429525694e-08
1.313606796066241132e-08
1.249629394869734614e-08
1.220317616625693715e-08
1.167971031801524729e-08
1.122148582728467430e-08
1.099449233034090097e-08
1.004825186899312409e-08
9.597420897321825761e-09
9.077912857492047585e-09
8.878668767056779307e-09
8.552158837021186717e-09
7.927059989625791639e-09
7.507076943322625401e-09
7.063559730266119920e-09
6.705969953001809636e-09
6.208129929996757911e-09
5.936720859880325012e-09
5.625726861728458247e-09
5.186905888521125476e-09
4.822165243478348241e-09
4.548897817973455564e-09
4.353963517879244662e-09
3.981377023527219023e-09
3.843350695676579419e-09
3.516242141422154947e-09
3.231418811072083839e-09
3.009875382774106984e-09
2.810581014962007285e-09
2.663955997081004872e-09
2.468537881944637001e-09
2.372413620874114505e-09
2.235142623799207761e-09
2.188688616806425094e-09
2.101328586063619463e-09
2.053568965210126844e-09
1.976711503575591134e-09
1.943981747462546420e-09
1.880671447475673410e-09
1.829285962965177997e-09
1.746507555251409725e-09
1.701753283257514152e-09
1.606924636051427558e-09
1.568411713584664249e-09
1.489123923407735154e-09
1.440770747259269400e-09
1.407574950264804767e-09
1.387119587580271815e-09
1.363442849736250026e-09
1.293943314832776301e-09
