1.456413533553165829e+00
1.965858510339098864e+00
2.003404930765001257e+00
1.784414472538310648e+00
1.599759618205907730e+00
1.427266767305399586e+00
1.264001053773642580e+00
1.151264948937611887e+00
1.050523232616304314e+00
9.692119187650807266e-01
8.927435877286535870e-01
8.350856976652119013e-01
7.757030931056220213e-01
7.104281977033733986e-01
6.628878245441187644e-01
6.040625085623523294e-01
5.564660960227151287e-01
5.203955916478186783e-01
4.862024511824126205e-01
4.546251627265102679e-01
4.260327592524483231e-01
4.074005565670428264e-01
3.826088614131242238e-01
3.479300655847635815e-01
3.157082439563284604e-01
2.929619838495103323e-01
2.796986393987140884e-01
2.625233867938600585e-01
2.430392989404578930e-01
2.268229782591763000e-01
2.146748896999734202e-01
2.098053050791427732e-01
1.991850931477079922e-01
1.877553826030722017e-01
1.797864911313082070e-01
1.745128972509270016e-01
1.663283808910193395e-01
1.632769356144295470e-01
1.540559415269974475e-01
1.472531924172861273e-01
1.430444374718402023e-01
1.373403722494569157e-01
1.288689683433885680e-01
1.222405558072316573e-01
1.190683240103458523e-01
1.130694513422816350e-01
1.069126985115559647e-01
1.030432499477778319e-01
9.724017397336956470e-02
9.220765210189625638e-02
8.955697142554194801e-02
8.666807320226876943e-02
8.495122117784374705e-02
8.120855572581724136e-02
7.956175577751607719e-02
7.678486868402326082e-02
7.541840665331255023e-02
7.305040974513019036e-02
7.133991379203048766e-02
6.910605846039795386e-02
6.677321362327878762e-02
6.537068437107364238e-02
6.354116722187289068e-02
6.248373383462416802e-02
6.061390458688646621e-02
5.995392187186660699e-02
5.793546139204489021e-02
5.609195132336992906e-02
5.554111193949224506e-02
5.423740803763855978e-02
5.254125851353242532e-02
5.161055394585858935e-02
5.049314501227051416e-02
4.918888853811566320e-02
4.733379640526912818e-02
4.566061866699191313e-02
4.400899841448507877e-02
4.337503694827016948e-02
4.263889502182836855e-02
4.114540109146189867e-02
3.997819361390536619e-02
3.939109739360850682e-02
3.876599633000937101e-02
3.789307028413986533e-02
3.726930105958225353e-02
3.680608503371709389e-02
3.539160941129308735e-02
3.475008841796947689e-02
3.358874414477147630e-02
3.283052100271550977e-02
3.209691718627894624e-02
3.104570782565017548e-02
3.040920920597599275e-02
2.968549246140853373e-02
2.914234968812145707e-02
2.827715940784746376e-02
2.791630567537653831e-02
2.724445079133478928e-02
2.708413427700597995e-02
2.651507857548415087e-02
2.636393969800193346e-02
2.597939711681016006e-02
2.562902680695049173e-02
2.547275249956816937e-02
2.520759166784491620e-02
2.489074912092582512e-02
2.472401268852857797e-02
2.429502911543509822e-02
2.365657105668284368e-02
2.302285973298392671e-02
2.271617971269212360e-02
2.248473808007725797e-02
2.211165129719184011e-02
2.154499953579047319e-02
2.142315016863574964e-02
2.093298855919617854e-02
2.050662285184075978e-02
2.014982846846243708e-02
1.976184725307965698e-02
1.956453340888534079e-02
1.920790421880168991e-02
1.872060736993862162e-02
1.827526802617363000e-02
1.802499596465574269e-02
1.783443015114731522e-02
1.735904123811246938e-02
1.693975062190928790e-02
1.639838072596684626e-02
1.601317824121193528e-02
1.557922925534469503e-02
1.524090489238750720e-02
1.500010508487666615e-02
1.434533015739078085e-02
1.392351781970490969e-02
1.347184993287189707e-02
1.272387152795411043e-02
1.234325999964819287e-02
1.143317442664254849e-02
1.114988042623394141e-02
1.070139968954181113e-02
1.017712037988073581e-02
9.711879734192879754e-03
8.970773370823024659e-03
8.403872128665047098e-03
7.653811099100518538e-03
7.460611603604229772e-03
7.041694922227570604e-03
6.783450083577807765e-03
6.535782829925181926e-03
6.182354023992722020e-03
5.745979554019588903e-03
5.272861879336966304e-03
4.975756328159348235e-03
4.811543837847578366e-03
4.533043555660456504e-03
4.271844271463608005e-03
4.156049288717892677e-03
3.941422817315672587e-03
3.763059363770962160e-03
3.603523248147711116e-03
3.438982217557875944e-03
3.353883981784739655e-03
3.230652200108792473e-03
3.140339707395892101e-03
3.006281172468401944e-03
2.905069955557339993e-03
2.808491952485320849e-03
2.734441904343910303e-03
2.663837554828362569e-03
2.607673518741518079e-03
2.553525987380787007e-03
2.483194752453457381e-03
2.438026237828907865e-03
2.389937094358656703e-03
2.347048994737049692e-03
2.322698536640454073e-03
2.296589186846960135e-03
2.264696702574421454e-03
2.257208642182578513e-03
2.201532418530039153e-03
2.158633758701761652e-03
2.124903469794832411e-03
2.093649876832747413e-03
2.061264889878550773e-03
2.032400335408208764e-03
2.011815987674475323e-03
1.991800674392872009e-03
1.979401315781839903e-03
1.959275485701655016e-03
1.935328924028310079e-03
1.924941272238011539e-03
1.883143453305793826e-03
1.873505732653744232e-03
1.834937349688175795e-03
1.806690090002373295e-03
1.785733825118376904e-03
1.752100011473764788e-03
1.731924703816585661e-03
1.698497921508698109e-03
1.658593077726317443e-03
1.627274695157599838e-03
1.595712681651773653e-03
1.522816803593608510e-03
1.448388288481588116e-03
1.423391296934453784e-03
1.377920818004602565e-03
1.358970277110464926e-03
1.298873490611224908e-03
1.249807506863218412e-03
1.201409984204943960e-03
1.166337350720366524e-03
1.138443398625961283e-03
1.052830740849909240e-03
9.995338528275908140e-04
9.509497182295404902e-04
9.188644516321230063e-04
8.774305136458827783e-04
8.304576674273282970e-04
7.782537896627899276e-04
7.390460054103171984e-04
6.993996926870690162e-04
6.757361398237359462e-04
6.379406064017104560e-04
6.109535624945006474e-04
5.653265836027251750e-04
5.419505614243034499e-04
5.219072063313444278e-04
4.843301912210531989e-04
4.630269789385033476e-04
4.257003176781599756e-04
4.095151960097110104e-04
3.943686877868505603e-04
3.813481206482413925e-04
3.550841499672912206e-04
3.450024486455895525e-04
3.294161898200493460e-04
3.035170443723456970e-04
2.966559954398065367e-04
2.780619908003781229e-04
2.598364876329460637e-04
2.379962422798900280e-04
2.135250589612608136e-04
2.027348727908427867e-04
1.839955500768341288e-04
1.708949604455471433e-04
1.576921012756720059e-04
1.369916878926667010e-04
1.264575145437638916e-04
1.153745847406053931e-04
1.121593248354684278e-04
1.003334455033803104e-04
9.608172155608796791e-05
8.932714484545071782e-05
8.030074733630281417e-05
7.672729120324511029e-05
7.188742343554128044e-05
6.774551185163918074e-05
6.357321233730215608e-05
5.720838341850830610e-05
5.201059078628443447e-05
4.852011290316226585e-05
4.458826179690056498e-05
4.029782906426676646e-05
3.900973702953197458e-05
3.698840768850660335e-05
3.583047773596245776e-05
3.350289571799418660e-05
3.206913749071329362e-05
2.966678431449536936e-05
2.864985214930438709e-05
2.674766610819506071e-05
2.593834027395141217e-05
2.437181088597850914e-05
2.323718215202236220e-05
2.130858747749413170e-05
2.077373671936868607e-05
2.039076311932236827e-05
1.899184109668914177e-05
1.812197855652762955e-05
1.772489391255415209e-05
1.733542890813252711e-05
1.648210033667410151e-05
1.539752469039333156e-05
1.466229526348847508e-05
1.429756459624365921e-05
1.365082641069398988e-05
1.326303758582848735e-05
1.281607745602236883e-05
1.226468170080612864e-05
1.191212218270084697e-05
1.146775730231885373e-05
1.081471484414618776e-05
1.038921842112465890e-05
9.996632568363672444e-06
9.691357380069428809e-06
9.353526364203571477e-06
8.691100295141526084e-06
8.272571893475696037e-06
7.689602332324607190e-06
7.250617382993997647e-06
6.752037181730074625e-06
6.165364052071414110e-06
5.836331806780119777e-06
5.448156257803754458e-06
5.056993543950859714e-06
4.539533370835825048e-06
4.264870526636236565e-06
4.123920270015771401e-06
3.951897631343798603e-06
3.780230053723873823e-06
3.693205113857909143e-06
3.325376572408033659e-06
3.079165765941150484e-06
2.886089196556069903e-06
2.739001699696693358e-06
2.571463810028746262e-06
2.417729447576346566e-06
2.292406942483721719e-06
2.174158212016054564e-06
2.105910422070819933e-06
1.926306334440495234e-06
1.856981875501060402e-06
1.777850658833259880e-06
1.649989415530340579e-06
1.606591384661457220e-06
1.519500797639397273e-06
1.457726367969173901e-06
1.359417447200785914e-06
1.331564324406438657e-06
1.267702898475913594e-06
1.180469444196010918e-06
1.139691721140137795e-06
1.030571985907366307e-06
9.697532092699633817e-07
9.041788568383793608e-07
8.463231542023025734e-07
7.688305895857231264e-07
7.505788532035972961e-07
6.623209550285499743e-07
6.488751288474657080e-07
5.870114937105787217e-07
5.426915931145748704e-07
5.138540366073209175e-07
4.760812724368664215e-07
4.592857535749283028e-07
4.342561011019883950e-07
4.193095383992785520e-07
3.990746161392933523e-07
3.789424129901460905e-07
3.655473919340906228e-07
3.509221796108904167e-07
3.307993405613866622e-07
3.153519898539950190e-07
3.093645417684267748e-07
2.909418415652306885e-07
2.814461351894135385e-07
2.682063004062739692e-07
2.487446724657840493e-07
2.354215987554761762e-07
2.202642675713139906e-07
2.123567854060850000e-07
1.977084698363030977e-07
1.904991792489660167e-07
1.730795839369616757e-07
1.626588560402871713e-07
1.552021349549180237e-07
1.467934399734969389e-07
1.337955728768134064e-07
1.278907688537092831e-07
1.150951747362953754e-07
1.078720867480483419e-07
9.249977754138080334e-08
8.450601863772255782e-08
7.390297523074920391e-08
7.037118696409087730e-08
6.423436852240278201e-08
6.038643851590301516e-08
5.732876232726729954e-08
5.334941736816520719e-08
4.847058422600816074e-08
4.431966620923204895e-08
4.297890458810424607e-08
4.046580011389868304e-08
3.628538178235777570e-08
3.534846905595966235e-08
3.253350647742358273e-08
2.898028549039809948e-08
2.823163244166718806e-08
2.579588058304164915e-08
2.334299449429766754e-08
2.250014819703732085e-08
2.022417237326815139e-08
1.939117846851737723e-08
1.742651414232100208e-08
1.593199902105181574e-08
1.530814115804725801e-08
1.494287129141850460e-08
1.344855495303361187e-08
1.287040001114378935e-08
1.194378049781785664e-08
1.107873248638463548e-08
1.072753944059652786e-08
1.006837754784936016e-08
9.588300786480660482e-09
8.995943393329680170e-09
8.609450420248096789e-09
8.019705476818280313e-09
7.589100684194547184e-09
7.258227451822733924e-09
6.841027585000891491e-09
6.645274470608931082e-09
6.208542360251521548e-09
6.121900110384251449e-09
5.728062272898015434e-09
5.411253987911452181e-09
5.160676067532110444e-09
4.795381627048686226e-09
4.594714037002948403e-09
4.152454966921172217e-09
4.080759582265572496e-09
3.739522164489981480e-09
3.530879233826165897e-09
3.311129664717873899e-09
3.126982012638243295e-09
3.001739225069583031e-09
2.897302966149523579e-09
2.766399892397264962e-09
2.559558132007394821e-09
2.417491234182810399e-09
2.274110087252237016e-09
2.175880702558119275e-09
2.084618549934375768e-09
1.974208554948929687e-09
1.880088749464318955e-09
1.801597150801070434e-09
1.709670517251686616e-09
1.610995532905518494e-09
1.528720665834062999e-09
1.389686897917584419e-09
1.316057532747373968e-09
