9.505018620232056348e-01
9.320416449143541504e-01
9.232686595823275111e-01
9.107532240317685046e-01
8.939049792880596756e-01
8.652682892355013644e-01
8.403546368844796444e-01
8.234159672163484656e-01
8.037995995601483479e-01
7.825730149194566332e-01
7.580716028771335990e-01
7.294460418629079568e-01
7.042524153516025454e-01
6.791930084265624945e-01
6.584653262409461139e-01
6.382422945612873377e-01
6.189997258292517790e-01
5.951878827953700490e-01
5.758228706288953669e-01
5.590981079383706698e-01
5.393439029117771399e-01
5.216393110914447906e-01
5.008656807860440985e-01
4.840486163588205715e-01
4.621177295537821639e-01
4.471332511674322996e-01
4.389521475496913627e-01
4.195945477849730154e-01
3.998212799099289949e-01
3.887138094563781232e-01
3.772378474590940001e-01
3.606580183960220176e-01
3.459617458334952600e-01
3.341069068873332992e-01
3.255132488703718630e-01
3.169291190709184747e-01
3.058220211347008610e-01
2.954375062126045615e-01
2.846076909803829658e-01
2.749566053286113254e-01
2.672242231755119213e-01
2.617849613121869257e-01
2.537392288268314755e-01
2.444650525241791328e-01
2.414984839964983421e-01
2.333690491367190756e-01
2.270926465843428610e-01
2.219629807387484555e-01
2.148231523578488789e-01
2.093502383633075725e-01
2.037329828413356470e-01
1.986352720028642660e-01
1.958940621564130291e-01
1.900720426163901022e-01
1.848463509817910022e-01
1.808385852541978811e-01
1.752262652592180281e-01
1.696445845539546748e-01
1.646633780753032628e-01
1.618954450410378387e-01
1.580795234009272632e-01
1.535522737050174780e-01
1.484140081463211081e-01
1.425219399868027648e-01
1.398629706896121205e-01
1.362365629597856731e-01
1.320260109820872163e-01
1.254851237424740307e-01
1.185775707895877495e-01
1.119811439035711675e-01
1.082113571213558362e-01
1.026689402623496283e-01
9.899003127631347820e-02
9.499807283178146600e-02
9.043220703045680431e-02
8.697122913771061781e-02
8.217773402351820355e-02
7.701602607851235072e-02
7.377045817705349395e-02
6.965198277591036491e-02
6.780848831475207172e-02
6.372493932312973952e-02
6.181853303616714757e-02
5.944126829871930473e-02
5.638006965140766186e-02
5.499637729566043270e-02
5.324368043912527243e-02
5.139086176797308392e-02
4.914155537096800974e-02
4.774347224014763996e-02
4.468198169714658607e-02
4.098590146150878771e-02
3.910550256033184374e-02
3.627440463629188344e-02
3.325301940091460184e-02
3.242818164805488096e-02
2.953636036516438593e-02
2.738581791067124308e-02
2.574464492481080141e-02
2.374050590955661261e-02
2.232696627990223004e-02
2.149460662274329040e-02
1.937032804504612571e-02
1.704323951986893432e-02
1.620534826060423400e-02
1.467439663552462352e-02
1.402165228793194295e-02
1.272145416308753836e-02
1.198819095974145571e-02
1.155540669995761167e-02
1.072977834671173802e-02
1.020669863248863107e-02
9.845583302162615874e-03
9.555172561883719037e-03
9.096857911355239398e-03
8.608354388706707799e-03
8.439625008657008348e-03
8.144109156855977930e-03
7.817650912493616031e-03
7.550563389711900490e-03
7.367573637500008168e-03
7.080674307543333157e-03
6.674340492947808401e-03
6.307962912234739428e-03
6.131034452972116897e-03
5.793645320854856617e-03
5.556643738588809035e-03
5.230027405946972158e-03
5.055851214920285656e-03
4.751403621362406370e-03
4.539557798233812870e-03
4.307074885973186454e-03
4.125664594478122352e-03
3.881192945785828016e-03
3.567885773232470480e-03
3.368062992953324824e-03
3.215609444673214398e-03
3.046246739213808070e-03
2.975941810096232893e-03
2.769509965171067494e-03
2.671628248627080839e-03
2.580911796562453987e-03
2.465924131000398443e-03
2.377054987301123641e-03
2.249094521021423581e-03
2.142472445217737543e-03
2.017341780225566199e-03
1.970190246662221600e-03
1.874702522250231351e-03
1.806829201066005022e-03
1.719396780071584790e-03
1.666959528354651889e-03
1.564813850067092423e-03
1.485543732939643199e-03
1.434803838636732661e-03
1.410661500366767887e-03
1.343052289547187186e-03
1.328808514168161939e-03
1.263507912772336749e-03
1.225302577031640514e-03
1.174731796340493586e-03
1.149560336962715101e-03
1.124213022067513390e-03
1.101668768742598099e-03
1.062873956473311347e-03
1.026712056453274501e-03
9.869012487448121720e-04
9.561951651034257928e-04
9.286483941254566801e-04
8.894350629150708830e-04
8.698849765668240650e-04
8.172876119328227563e-04
7.830668799154694940e-04
7.533402684857844070e-04
7.176242609780279650e-04
7.009865166080628740e-04
6.651214877536722669e-04
6.440838272285888443e-04
6.057807934532980637e-04
5.597925389987519181e-04
5.256206050596540441e-04
5.113672184958851065e-04
4.939205783671469412e-04
4.756299198848360377e-04
4.533630712995516334e-04
4.436588189358137342e-04
4.258510849711367747e-04
4.097170366132442637e-04
3.908187657154479412e-04
3.752840569012418363e-04
3.635766023638884272e-04
3.476066500438694052e-04
3.298387063612879242e-04
3.247004712703594658e-04
3.169177081159180089e-04
3.070648052000237490e-04
2.974947715509367822e-04
2.861698211901382593e-04
2.836381359204555655e-04
2.753813618306732774e-04
2.698552638738308234e-04
2.662874563403196788e-04
2.612012818177311202e-04
2.569075712340222273e-04
2.521493487722538222e-04
2.475055218824720482e-04
2.422266237319206129e-04
2.341587879313409312e-04
2.308166385756128597e-04
2.197830486894577454e-04
2.152453251115846568e-04
2.025957457619968825e-04
1.934977981412373403e-04
1.787280233350362285e-04
1.748138073625275899e-04
1.573011021137357788e-04
1.452573661931524159e-04
1.343602440936107019e-04
1.271277552572016862e-04
1.181264532058485145e-04
1.114163312530428368e-04
1.016057238559844574e-04
9.825547435610340185e-05
9.066137460700006076e-05
8.838126395980979962e-05
8.503125273479277631e-05
7.924231828077690841e-05
7.448235253952437032e-05
7.268326172077438807e-05
7.056111571400377211e-05
6.787342181904343179e-05
6.571568987841003079e-05
6.323590213677575064e-05
6.130859117666411667e-05
5.995411054689634626e-05
5.742802594765505540e-05
5.535410604289526859e-05
5.383189787300934762e-05
5.145177687433379011e-05
4.945861507893686598e-05
4.700221341332499786e-05
4.439746881991714800e-05
4.262010386691033410e-05
4.064596693665579964e-05
3.843625351272512443e-05
3.620074628641596441e-05
3.450464422984605143e-05
3.332253971649550532e-05
3.196915540185943600e-05
3.023724604477480698e-05
2.819753424432101441e-05
2.651128656626967024e-05
2.517853301969150671e-05
2.445265093909752453e-05
2.265673788338008713e-05
2.209779747670460198e-05
2.032378219514459447e-05
1.875956156583825869e-05
1.660254835241173078e-05
1.493372458710515426e-05
1.347295466096135261e-05
1.242917995233159101e-05
1.181900815525881333e-05
1.096212280025651477e-05
1.015512180459463775e-05
9.591859714285582867e-06
8.802470505454617882e-06
8.508983192648478461e-06
8.153183120928935842e-06
7.674356765866188098e-06
7.355306970760078442e-06
6.928118057500824709e-06
6.479496961820956038e-06
6.335856988709248656e-06
5.982990968027976220e-06
5.526363528505992900e-06
5.384272939460765216e-06
4.939919165343373480e-06
4.699676031245581171e-06
4.341064387543113629e-06
4.127678071200402977e-06
3.864898064397849480e-06
3.589783866667871975e-06
3.303457723018312284e-06
3.143075660026326457e-06
2.927396403758875343e-06
2.830419176275761884e-06
2.621383774848537930e-06
2.524753775119332207e-06
2.432537726989605380e-06
2.297233267072424153e-06
2.130305316193818898e-06
2.084992890771393526e-06
1.917925056015243345e-06
1.805640658860078332e-06
1.679905937542819203e-06
1.587691125337474605e-06
1.470915399065754140e-06
1.384069359047050281e-06
1.278411613503049478e-06
1.177700606579326959e-06
1.038562170026347476e-06
9.829838567971766309e-07
9.132283776039886166e-07
8.273922222137772055e-07
7.631114939008353401e-07
6.965314488766997096e-07
6.342956878113957635e-07
5.798706691160807388e-07
5.439773800644942565e-07
5.152002065543335792e-07
4.874044067585042186e-07
4.618053043839754298e-07
4.434949960207531812e-07
4.141174939476898594e-07
3.802543054005221027e-07
3.480417581911284413e-07
3.211691314200853360e-07
2.812369966459117545e-07
2.656261132594334452e-07
2.563724836324643274e-07
2.373601266351364949e-07
2.262655197807157978e-07
2.129555140371858864e-07
2.017127783777511145e-07
1.928915300761709930e-07
1.848117614783881488e-07
1.783561192797411481e-07
1.706931850358808331e-07
1.664571006319747611e-07
1.578918951076874394e-07
1.527469368717381891e-07
1.490640702366547914e-07
1.408475787246519027e-07
1.351257714947674077e-07
1.302108170533371866e-07
1.260316624198148252e-07
1.209514687041284694e-07
1.120037124613616964e-07
1.035504857379132494e-07
9.592143386156968517e-08
8.809992350165314546e-08
7.888500914730202146e-08
7.550316100479825592e-08
6.884798724030952177e-08
6.481314017785362986e-08
5.825071986022538255e-08
5.427670854782224104e-08
4.851582383183780711e-08
4.646318655827337739e-08
4.425155758987885234e-08
4.170050386385440720e-08
3.940168091224615443e-08
3.619472877216122367e-08
3.434707457610260361e-08
3.215826525301849970e-08
2.998804005952131930e-08
2.799769094916002147e-08
2.567484287539343596e-08
2.444431065577441317e-08
2.253079369149310961e-08
2.069551024168580489e-08
1.823820871044575882e-08
1.715673184183015622e-08
1.590609533497911484e-08
1.430841447851028899e-08
1.351544929933946638e-08
1.284917984641236386e-08
1.215558106747027233e-08
1.115944596329643195e-08
1.075199682999833513e-08
9.588149557520325861e-09
9.093149644418694427e-09
8.728976628540186963e-09
7.977172815859202735e-09
7.536072404360825416e-09
6.938670947348469528e-09
6.770203893411441954e-09
6.442622481616181994e-09
6.125280245043694495e-09
5.610587003931618852e-09
5.095442224928985945e-09
4.881001807103286697e-09
4.560613491288199457e-09
4.247801529653484265e-09
4.112900704197451039e-09
3.873021525214516058e-09
3.739062207531636216e-09
3.548251506313992128e-09
3.386098494548601478e-09
3.249546889842593540e-09
3.057690949000795090e-09
2.880660353099868822e-09
2.588695778641492105e-09
2.434441304520523563e-09
2.212134666673088066e-09
2.078135919774228955e-09
1.975133313111348102e-09
1.820755030659487957e-09
1.744749683973650158e-09
1.596867189322270432e-09
1.498382833628685364e-09
1.342054450069759351e-09
1.277247285652091202e-09
1.137477277237968627e-09
1.054755017530491500e-09
9.697751441104029424e-10
8.773204850706966614e-10
8.096093016164915973e-10
7.402580097379695639e-10
7.031410435882479698e-10
6.631783172203542029e-10
6.074928624001704883e-10
5.427448472011628718e-10
5.237823522573790445e-10
4.924748385127650429e-10
4.414434590136243782e-10
4.001609882604189129e-10
3.748793073324069715e-10
3.584643843334474324e-10
3.343131772005696098e-10
3.070451560068854102e-10
2.924548536357720388e-10
2.624618437611364979e-10
2.432900788804926104e-10
2.232655391087537375e-10
2.095367501862070725e-10
1.970426006583228321e-10
1.759809558271258487e-10
1.701143180655250792e-10
1.644822492889199801e-10
1.526288942340553961e-10
1.450152373528416361e-10
1.353250343491822002e-10
1.245936275121219537e-10
1.178226045644501274e-10
1.142397339208258126e-10
1.077488626436674062e-10
1.037598005809011300e-10
9.730665473798976472e-11
9.019659844743074017e-11
8.688980690845299577e-11
8.330060900765402685e-11
7.663844929847772883e-11
7.155498733867314396e-11
6.430255322666748941e-11
5.890146718512949487e-11
5.268813192901191754e-11
4.953248357821548271e-11
4.643224173088584470e-11
4.477362960139490995e-11
4.011718112868148360e-11
3.822692775187815769e-11
3.493497151806642569e-11
3.163563151668417664e-11
2.908953445308150717e-11
2.535628921087529282e-11
2.303978571182682913e-11
2.180322963718821307e-11
