9.110012203090280813e-01
8.840809084626229941e-01
8.636058198355113236e-01
8.428029598973852954e-01
8.108343461568149335e-01
7.455737131163410192e-01
6.964324672152832907e-01
6.484240016293052467e-01
6.041375443307045456e-01
5.651290586000564664e-01
5.273059494145561077e-01
4.955202915745240966e-01
4.670707427044412663e-01
4.381146767602238090e-01
4.122546034741931265e-01
3.894693222958638401e-01
3.693817674444052623e-01
3.493160396887198815e-01
3.326608177520281040e-01
3.128330209286011021e-01
3.000753126074318100e-01
2.832213902463673882e-01
2.687726075003742388e-01
2.553669132861697277e-01
2.449719517066002716e-01
2.306185321194199056e-01
2.154783103796734933e-01
2.008437252562025321e-01
1.872280465762422019e-01
1.755116497522965779e-01
1.650673857636599517e-01
1.558996023238530537e-01
1.467249252635616508e-01
1.376108671101984038e-01
1.284589522988052179e-01
1.216682867291575820e-01
1.161328333005606228e-01
1.118458091177085140e-01
1.081513172527842626e-01
1.039461275123317041e-01
9.868769257830489749e-02
9.449104651747036732e-02
9.217832708481636661e-02
8.700426396414144559e-02
8.307013142896745028e-02
7.783602437317055367e-02
7.367375110075377598e-02
6.969444643241129445e-02
6.554980036326714388e-02
6.163193227634881227e-02
5.930177726498191831e-02
5.701801130617761143e-02
5.320721734554888227e-02
4.896374333889897540e-02
4.581837478187890389e-02
4.314943452363870918e-02
3.872896218557940473e-02
3.654556221993871673e-02
3.457099547099728998e-02
3.218666952872697995e-02
3.004129617124966234e-02
2.731104753027986665e-02
2.524179332176944637e-02
2.408207369971846964e-02
2.236329673845845883e-02
2.076119288783524752e-02
1.922136597443850972e-02
1.843238681006022575e-02
1.729616933319117617e-02
1.608014992494417178e-02
1.531490602008386478e-02
1.419093293718178342e-02
1.307600520850263522e-02
1.240922636742164062e-02
1.115130317314845694e-02
1.069683226825567102e-02
9.562052124338542639e-03
8.671502411748121045e-03
7.697474911201143341e-03
6.616577834027727312e-03
5.814199827079389281e-03
5.199200569909082775e-03
4.370718767883876275e-03
3.640721961885386420e-03
3.130096585461096884e-03
2.828775408723854193e-03
2.509157738629380890e-03
2.284350028289108131e-03
1.963255467241278775e-03
1.758649344643710638e-03
1.636560209625388890e-03
1.555133694670507959e-03
1.458372938235936306e-03
1.328758035919101440e-03
1.227452644280688883e-03
1.174465048075775319e-03
1.070613652028619021e-03
9.953381323975711136e-04
9.098074594194596135e-04
8.620524762153671406e-04
7.858985077225067676e-04
7.327662442329349124e-04
6.803163824673583854e-04
6.386826197871879433e-04
6.096531431723752536e-04
5.759954307346085069e-04
5.510026507214660580e-04
5.204442708564507728e-04
5.007068415041011694e-04
4.849789111349718908e-04
4.760406393432741801e-04
4.594515952955832705e-04
4.402653786518081103e-04
4.234813558597091249e-04
4.120155960670271759e-04
3.980190052424376133e-04
3.821290602098636113e-04
3.674966389044571511e-04
3.504115695895869387e-04
3.364645844126901392e-04
3.129924348756918276e-04
2.948942360152885024e-04
2.806198092630916158e-04
2.621589440077349577e-04
2.516174494715547969e-04
2.335306171187846985e-04
2.163131610807403945e-04
2.043888843359065416e-04
1.948446879600681516e-04
1.887363089475243595e-04
1.806173994815680464e-04
1.679374384418475539e-04
1.543705207060811727e-04
1.433781476872347240e-04
1.329304358056912472e-04
1.175550181598086265e-04
1.022860075485796164e-04
9.494997480056055863e-05
8.347744877904852371e-05
7.390038608267436940e-05
6.864329219558334852e-05
6.058422459523948888e-05
5.232625528537029002e-05
4.424428743955405687e-05
3.883909564482010619e-05
3.603566606816969092e-05
3.376518836059570219e-05
3.069961389977245983e-05
2.914886806100079600e-05
2.622057579702498188e-05
2.437872322441184226e-05
2.165216409440348961e-05
2.014279783802355056e-05
1.843884940627589159e-05
1.629197698308352854e-05
1.450630606432324842e-05
1.274376315415720659e-05
1.168550619627535029e-05
1.045216753785118080e-05
9.477716980284405803e-06
8.168564509574809186e-06
7.191409412622952211e-06
6.144623380777994792e-06
5.396879566619468801e-06
5.071290641214970483e-06
4.441626055928170371e-06
4.098032021075670100e-06
3.714833941640704378e-06
3.454751623041349502e-06
3.152019354285079702e-06
2.925086708447465290e-06
2.757095056946107106e-06
2.656100413193703713e-06
2.477025678921667493e-06
2.319298659465113284e-06
2.202738661597301856e-06
2.076765254745498390e-06
1.947929548733198126e-06
1.803793415746005773e-06
1.616116433717921276e-06
1.545929503767888383e-06
1.449866133085354610e-06
1.333503960427006873e-06
1.197026301302898924e-06
1.090593364780820647e-06
9.743113499314623498e-07
8.279973327160595374e-07
7.346094769734513342e-07
6.717979811422979901e-07
6.073046162633727264e-07
5.642749713028823484e-07
5.160497431170816977e-07
4.808868986008686927e-07
4.435255513822990659e-07
4.116334655308080295e-07
3.726492790407140384e-07
3.433330151733471682e-07
3.212271972124350906e-07
2.940285577390380991e-07
2.824968972226783066e-07
2.637229660146073421e-07
2.476662870574779331e-07
2.334244355737818151e-07
2.115094135438652251e-07
1.965243555568843894e-07
1.722380172797284674e-07
1.506025730090154496e-07
1.303220973453807300e-07
1.123179946133136525e-07
1.016041930033509680e-07
9.007102774916323178e-08
7.808835466839288260e-08
6.386535613706285221e-08
5.285112545026084879e-08
4.973515276734363476e-08
4.589058118438292529e-08
4.114689130818292512e-08
3.712042235543962805e-08
3.309206619029070688e-08
2.909906863873467778e-08
2.721355375335231873e-08
2.304946971192898599e-08
2.178187268416235022e-08
1.799725925070697444e-08
1.567355047475152866e-08
1.315260002640401073e-08
1.175265035031754601e-08
9.479473342238745852e-09
7.512473976771177157e-09
6.320847694699891754e-09
5.283375471349358529e-09
4.771188111519866207e-09
4.310882768539958432e-09
3.939448502992168304e-09
3.350907953613900118e-09
2.997746638645639231e-09
2.511151448836949736e-09
2.256695585494333424e-09
1.959021670522067101e-09
1.793416747877308131e-09
1.531657154195355412e-09
1.382855767461645222e-09
1.181240393189107199e-09
1.007950449013372422e-09
7.983055826975217605e-10
7.067779444542327045e-10
5.783135998377442333e-10
5.287227524091328850e-10
4.364674368578955211e-10
3.916093219832310990e-10
3.391162720551082015e-10
3.239465309337194109e-10
2.842334892169754215e-10
2.515469005991088946e-10
2.313057760969012281e-10
2.075064267613713453e-10
1.910077966170460688e-10
1.704893948486610163e-10
1.449515307278030227e-10
1.258129446093090938e-10
1.092417496914485044e-10
9.754115721941064848e-11
8.429319462221096554e-11
7.354222675442418832e-11
6.657868744695870999e-11
5.724878105708390544e-11
5.288004139252679204e-11
4.963348807769494685e-11
4.644627741818584525e-11
4.168134120015155224e-11
3.744780591073509244e-11
3.429640438736372973e-11
3.174927906876148628e-11
2.922424607933454249e-11
2.566218079302559160e-11
2.230705867866402975e-11
