9.288266202686735751e-01
9.007507703270576371e-01
8.907772960014813668e-01
8.834424491116387168e-01
8.732889695901417948e-01
8.539166217972322670e-01
8.301501230556095345e-01
8.001910689379531094e-01
7.719726403684983307e-01
7.490462200466529996e-01
7.265901610285374623e-01
6.998649922092691211e-01
6.708755305251885570e-01
6.394843767438185278e-01
6.107281878820773890e-01
5.806542278236299648e-01
5.544738121270463838e-01
5.241960173339048623e-01
4.987752615345982798e-01
4.886174787740643066e-01
4.656968948291304589e-01
4.404541559851636867e-01
4.182771316587868826e-01
3.943538872912172311e-01
3.712741536029208755e-01
3.524247544601059601e-01
3.304064895032177707e-01
3.140233743570591263e-01
3.023977159342224885e-01
2.861740771077114220e-01
2.712878440312802009e-01
2.570454078260104858e-01
2.492439320349608134e-01
2.415767640902838909e-01
2.370518233522167506e-01
2.268514977721006465e-01
2.164097715557779800e-01
2.080767758897124342e-01
1.992314870827264495e-01
1.913242314447447245e-01
1.830599939022317380e-01
1.764780125898045560e-01
1.700559333736152701e-01
1.650456050935250329e-01
1.580856086874999344e-01
1.507516999973046723e-01
1.478819676734330624e-01
1.436341854058649226e-01
1.393113471579162932e-01
1.365678315634839823e-01
1.307522845717569437e-01
1.269299576042071387e-01
1.223849578307881908e-01
1.172800476065632008e-01
1.144444526457089328e-01
1.107894978988832463e-01
1.076685256290446091e-01
1.049349976220980835e-01
9.956393046481051834e-02
9.493974243876311669e-02
9.321472935073490951e-02
8.842517481843742422e-02
8.397335966480744263e-02
7.978600352405103291e-02
7.671339560276982383e-02
7.180340105484500635e-02
6.895101418212230826e-02
6.511876053836036793e-02
6.100284905370164518e-02
5.765909283689789333e-02
5.426392547125604565e-02
5.226950410185602497e-02
4.909672889424697428e-02
4.699296799406098291e-02
4.607648987235783006e-02
4.437034185708234324e-02
4.241601052353126400e-02
3.978878985297672893e-02
3.705520531526265010e-02
3.551788583742222088e-02
3.390745357974925961e-02
3.151630094887797329e-02
2.976194729437961484e-02
2.782981860466157698e-02
2.585735019318844211e-02
2.500757599445702431e-02
2.420140289672211703e-02
2.290220864611616433e-02
2.140188944088652206e-02
1.925561504782535502e-02
1.779480957898311663e-02
1.674761099608864517e-02
1.562957335095508868e-02
1.473045399160332648e-02
1.342482368115069380e-02
1.279197935571734120e-02
1.172296941888238860e-02
1.108334978191586814e-02
1.026283694141632424e-02
1.003662510694124446e-02
9.268735780401979318e-03
8.797935309920729488e-03
8.103595085067813800e-03
7.889415913915268433e-03
7.209709178663535264e-03
6.983403954768767526e-03
6.712444994023517714e-03
6.293282297226854977e-03
5.842418565785532404e-03
5.657308540552114136e-03
5.418546144420706943e-03
5.256370437321329983e-03
5.039160718326899692e-03
4.928469759236160479e-03
4.852074474294284893e-03
4.662135278429836889e-03
4.446191058736137861e-03
4.345244752339791003e-03
4.139500707899142033e-03
3.991998649330057679e-03
3.769638236370819254e-03
3.577843755423413315e-03
3.482605393941601291e-03
3.392234423254886482e-03
3.207202976152523539e-03
3.083730181925101958e-03
2.978819427179387955e-03
2.876480636664068089e-03
2.804598925447569866e-03
2.630547169150638381e-03
2.510963315465061796e-03
2.405237838796956112e-03
2.294346245332767181e-03
2.219612642598413864e-03
2.111420732377745826e-03
2.021163565196981097e-03
1.899589945347863714e-03
1.803824593691761213e-03
1.706212418213067829e-03
1.683752564683016657e-03
1.604102620467180067e-03
1.483934612693005610e-03
1.449151694579399940e-03
1.386995062266129343e-03
1.305959225114529214e-03
1.246706745760330212e-03
1.141307658716229825e-03
1.042606832396881416e-03
9.991160351504296388e-04
9.471378618880786160e-04
9.008899367009100745e-04
8.853432049659140570e-04
8.504864938937192319e-04
8.056664205347521162e-04
7.772024068749633580e-04
7.292113792906762407e-04
7.063475090928361027e-04
6.757199073989218156e-04
6.439846408576823571e-04
6.103406482230779853e-04
5.659892260595934940e-04
5.483142215978325813e-04
5.362701725605191917e-04
5.096211312426219458e-04
4.894895947767664282e-04
4.794495714743980870e-04
4.594126499009842913e-04
4.343439456992267316e-04
4.093187299467550993e-04
3.804624635344339037e-04
3.668741530643491707e-04
3.377134400599525726e-04
3.217132484259194311e-04
2.992277093101488651e-04
2.846316512048136850e-04
2.695696063614542591e-04
2.544800509614386988e-04
2.504312161828670872e-04
2.379424806149705847e-04
2.210694383776694858e-04
2.124011167190754056e-04
2.033615871887485993e-04
1.985341442163782806e-04
1.901840401268759505e-04
1.845304992924123161e-04
1.734228026969667099e-04
1.694877872308944711e-04
1.609437312052339826e-04
1.534865394998971360e-04
1.476992954287601736e-04
1.444966965323891733e-04
1.361079148517102056e-04
1.300746616024211382e-04
1.238921687713684752e-04
1.171737145688132436e-04
1.106612693765786500e-04
1.054006188145340526e-04
1.006271764141982697e-04
9.378721336022834468e-05
9.163080154370029768e-05
8.967512752668918476e-05
8.616229374427927291e-05
8.472296176849254408e-05
8.314336417267386900e-05
7.857082314967944237e-05
7.675254101738661122e-05
7.235637984534786654e-05
7.065258025253987853e-05
6.888523831080095876e-05
6.441082349379745992e-05
6.278871882678601377e-05
5.732891284577815817e-05
5.377330289262415117e-05
5.173167477551744080e-05
4.922725692073284532e-05
4.772819404039575861e-05
4.507148675068658030e-05
4.203667982500382879e-05
3.989093698684245015e-05
3.611961519511895890e-05
3.364128645727655837e-05
3.128870747261047947e-05
3.042409767362941339e-05
2.816340685568119955e-05
2.640392757078734127e-05
2.500149079066198344e-05
2.362192204787712631e-05
2.176234139224775990e-05
2.134401835546185562e-05
1.929585241281551818e-05
1.855388261776496337e-05
1.793809307694594111e-05
1.666865417672306625e-05
1.520496166602771467e-05
1.410544693022994940e-05
1.285364038032825534e-05
1.210463011402426991e-05
1.128525435454703208e-05
1.044763929213827342e-05
1.002572607736768180e-05
9.488517908552540801e-06
8.978053394440179926e-06
8.366214856912488414e-06
8.102348259825093265e-06
7.530225593629854023e-06
6.924788338022557345e-06
6.517469344701951910e-06
5.871913382124170055e-06
5.574719063789345320e-06
5.072008196720404460e-06
4.703957129150714270e-06
4.410516894383668695e-06
4.243157284340870556e-06
3.992516362693211080e-06
3.721040071779200239e-06
3.617995496127044028e-06
3.430882202463009035e-06
3.258531688969147972e-06
3.080999963937043531e-06
2.994077032265675657e-06
2.854179911961114944e-06
2.738387403770225748e-06
2.622774790322608100e-06
2.479134811712505348e-06
2.327759349862139569e-06
2.286673023574000911e-06
2.220425965997194113e-06
2.047608411342523404e-06
1.954101074431970643e-06
1.885564363124218019e-06
1.801305594009979510e-06
1.692291275093624763e-06
1.631802033802174986e-06
1.496341531229660661e-06
1.424350129783483358e-06
1.371224682798653876e-06
1.286830084918217361e-06
1.257359244872444559e-06
1.211947606786576283e-06
1.108278736571834473e-06
1.074331142251074673e-06
1.024514061160841572e-06
9.831045374552084254e-07
9.156633294869198947e-07
8.596626191215519088e-07
7.999126575509175584e-07
7.311888171211046100e-07
6.784452969470171660e-07
6.342246255811763764e-07
5.758570084256654710e-07
5.667008705592101906e-07
5.194337216019817477e-07
4.712403921776287075e-07
4.502580558686943808e-07
4.212479315307528058e-07
3.821351208319330353e-07
3.607489488281031305e-07
3.452486886396009344e-07
3.138924426705220587e-07
3.041970965123084344e-07
2.916347007444378558e-07
2.732339470138702602e-07
2.569389457921185384e-07
2.451559004926223544e-07
2.187476312329408162e-07
2.064536421802491955e-07
1.979417010584945739e-07
1.851562681888888103e-07
1.722765370718800524e-07
1.621018500987405793e-07
1.502804858377144785e-07
1.384912401304929326e-07
1.299327759716506387e-07
1.196535712709141174e-07
1.114632200836790210e-07
1.091763459911570906e-07
1.048318114440556177e-07
9.344625729387024035e-08
8.582106417497357309e-08
8.283529754266023947e-08
7.963013056964145007e-08
7.743579744307826031e-08
7.293105365528701532e-08
6.888095775052666799e-08
6.555962603544514517e-08
6.281690133189933615e-08
6.071996006046496146e-08
6.001513389045764419e-08
5.626670288227990840e-08
5.283576495931071300e-08
5.106175024139148325e-08
4.760886960171450501e-08
4.481422679860446654e-08
4.368736811422873002e-08
4.064787817339312544e-08
3.954104089332633127e-08
3.640843213867781858e-08
3.524307642091179213e-08
3.410989667779929048e-08
3.214762166772914776e-08
3.121867139976357951e-08
3.001306793705358097e-08
2.765942033464047748e-08
2.653126500008304520e-08
2.496933650019015213e-08
2.386023938086362664e-08
2.250096552290370608e-08
2.198204799452275077e-08
2.103269274272522541e-08
2.008685255360007692e-08
1.941007161244514681e-08
1.907856428174203944e-08
1.855227825304928865e-08
1.796708484936670665e-08
1.723104525823199816e-08
1.684720499204083944e-08
1.571622374038041980e-08
1.529723091954633123e-08
1.475706914937323277e-08
1.445770552794395599e-08
1.406394314302522662e-08
1.367918283226947703e-08
1.346587920887529971e-08
1.303176722411422306e-08
1.286444079803903284e-08
1.268620417928850504e-08
1.216789905562029877e-08
1.196910809067430710e-08
1.157439592115933177e-08
1.134867733039726056e-08
1.098984764650186780e-08
1.064693907434199536e-08
1.040268371514150042e-08
1.004738793811591201e-08
9.730663950990365974e-09
9.512381978994393960e-09
9.241220495091800396e-09
8.625112036204693307e-09
8.346875638566189573e-09
8.032136237640996840e-09
7.613903337594970230e-09
7.058329901612944638e-09
6.641789555065042719e-09
6.237814597897075074e-09
5.595896363063949780e-09
5.173852153918382415e-09
4.881118361650779046e-09
4.207558786542369822e-09
3.821242826594077957e-09
3.328229948498900637e-09
3.159777993626509899e-09
2.613872167116290538e-09
2.315740169733762242e-09
1.932493599377602137e-09
1.812713646083025139e-09
1.688093142736481836e-09
1.488990016301465512e-09
1.419800897162446736e-09
1.353701887890661864e-09
1.277187019507828541e-09
1.197157153555481957e-09
1.159131913151383947e-09
1.083902743143894879e-09
9.862356280486673599e-10
8.612780643319564375e-10
8.280249632044312805e-10
7.692148026282566438e-10
7.189793587963572644e-10
6.641963411474177689e-10
6.360763000099406419e-10
5.815927775874802134e-10
5.363555187439669738e-10
5.102194467375207225e-10
4.945541907645702419e-10
4.687222930765636405e-10
4.300298171247828366e-10
4.148220701661903445e-10
3.784120803519421384e-10
3.636057811598679685e-10
3.489278563875785848e-10
3.275332852310395665e-10
3.108152061132859045e-10
2.865107403860704356e-10
2.751109473755530305e-10
2.480197299943841410e-10
2.426623450561784578e-10
2.309300260436450733e-10
2.177200581560607217e-10
1.946279575068775976e-10
1.873817242898819464e-10
1.735994026701861565e-10
1.629480620047395601e-10
1.431050887048376197e-10
1.298912672084165738e-10
1.171309547804235904e-10
1.118314157798285930e-10
1.066493821745031142e-10
1.030273395551397151e-10
9.493959728149622247e-11
9.135243348485512344e-11
8.821525397336356335e-11
8.176811343746547429e-11
7.703524343373537258e-11
7.296355272319997178e-11
6.752644117883231795e-11
6.448222182236713471e-11
5.915402626361688567e-11
5.619005296662156287e-11
5.059065858512962755e-11
4.963891299274247431e-11
4.646851303744427881e-11
4.408364511650586433e-11
4.114842118105291225e-11
3.891694178118957542e-11
3.711620009583909145e-11
3.469593894655957194e-11
3.337506943004078529e-11
3.055475660032861023e-11
2.920086315664414958e-11
2.788274157433887761e-11
2.562305238455619761e-11
2.467746836349555481e-11
2.411364099410823120e-11
2.256189975721617874e-11
