8.542141292894785964e-01
8.149835230360380489e-01
7.803184218964533958e-01
7.456947925317042314e-01
6.999266833782342712e-01
6.336410058938196643e-01
5.802090570729937502e-01
5.263772161047318709e-01
4.943997160875348573e-01
4.667904398155593992e-01
4.440648658249913838e-01
4.088771765044095230e-01
3.749682803694303068e-01
3.475014240911637464e-01
3.275517539112248744e-01
3.108510734979317292e-01
2.885978027229487153e-01
2.650062530937613015e-01
2.446358502436494775e-01
2.229507322618506371e-01
1.991680953035302737e-01
1.786439036349682097e-01
1.616790471872592005e-01
1.506417117224954361e-01
1.352779396832675674e-01
1.231059646648598599e-01
1.178837485610659819e-01
1.125159579702910972e-01
1.057468506796510471e-01
9.887844423270190919e-02
9.598296497670810723e-02
8.840895778978305475e-02
8.466758908279280182e-02
7.900439660664666797e-02
7.144778777795506020e-02
6.765837559319498595e-02
6.206199433625503997e-02
5.568059053537002812e-02
4.962607436981997244e-02
4.374327241152383555e-02
4.156698258459282092e-02
3.757112288782338966e-02
3.467540919369670183e-02
3.170429694275325727e-02
2.838323257001239275e-02
2.489147567876258405e-02
2.156247507756861581e-02
1.839800605889979276e-02
1.762173605416527192e-02
1.531068001072856399e-02
1.302375325074776706e-02
1.244722923128144774e-02
1.103056058909202518e-02
9.727678585054799765e-03
9.268711424562611420e-03
8.438312831902510316e-03
7.489835862557514372e-03
6.428367545559238345e-03
5.879182960133930852e-03
5.184400106105882360e-03
4.326670822768123072e-03
3.832750479690442535e-03
3.332250658520863416e-03
2.799100270236079286e-03
2.380271372043097061e-03
2.217415836211807188e-03
1.968522601411224968e-03
1.712906294693007560e-03
1.598595062749164119e-03
1.386062541641358906e-03
1.335092879949650218e-03
1.120219673098225583e-03
9.402533326132874424e-04
8.899087936806278571e-04
7.646920873752464454e-04
6.918823587787726421e-04
5.985176208437497985e-04
5.676904472531546855e-04
5.043586179511790491e-04
4.376272190591413806e-04
3.813423686718304863e-04
3.520014581629434631e-04
3.205453625193684618e-04
3.099525585192219228e-04
2.790400758912777845e-04
2.607527715430647342e-04
2.363082591686123130e-04
2.135440197843160859e-04
1.993936614507349980e-04
1.893050711173424204e-04
1.835980765245342539e-04
1.705464537952335849e-04
1.622512531534483745e-04
1.512458158333871404e-04
1.413887903656672776e-04
1.368996446842648260e-04
1.243363210365345790e-04
1.108159680673646082e-04
1.023878749176994812e-04
9.439363916214053450e-05
9.042739662222051985e-05
8.384859784393021876e-05
7.771022354724203720e-05
6.883802830832179919e-05
6.256681468117883805e-05
5.727342234070678515e-05
5.221406889807860636e-05
4.834042402636222794e-05
4.491180692081173510e-05
4.209982824017235303e-05
3.861402053562398249e-05
3.254591568779602231e-05
2.884463346821068737e-05
2.731153467861664502e-05
2.349705256482512462e-05
2.218355607567614796e-05
1.940046238451917607e-05
1.864389018294467857e-05
1.692227049707517987e-05
1.467115038681758293e-05
1.229418470398028315e-05
1.108105507082986566e-05
9.994908898044095366e-06
9.500910140025952135e-06
7.989941511625992776e-06
6.670596516738464278e-06
5.853970366543616064e-06
5.128195097851255179e-06
4.390088724620794552e-06
3.752745386025871538e-06
3.501555522153510194e-06
3.191753583602538532e-06
2.940863957286134604e-06
2.783833354293634563e-06
2.394619855495721415e-06
1.962965990919677212e-06
1.848712400766268421e-06
1.601586168051707397e-06
1.392886757419258190e-06
1.204850462859062907e-06
1.105775478696047048e-06
9.626253330071262958e-07
8.658783232533346108e-07
7.683325105217885988e-07
6.924384148760724553e-07
5.637800022789699742e-07
5.155533284683283112e-07
4.382855828948012152e-07
4.008806121069694850e-07
3.479908706024498153e-07
3.006587468273625105e-07
2.585763748790302576e-07
2.192732486428778705e-07
1.896180041258447030e-07
1.678448043033875170e-07
1.452826524949563437e-07
1.242355785589408748e-07
1.138434904097984175e-07
1.058968724744443138e-07
9.691151971681279198e-08
9.087863712848392252e-08
8.467051553258815702e-08
7.712994514483992295e-08
6.989301960176925549e-08
6.276510043514308475e-08
5.462894767559670671e-08
5.124028595350985496e-08
4.872644996135839686e-08
4.173456117728327308e-08
3.599657416104079363e-08
3.282692308603930921e-08
2.920859473749251237e-08
2.555489243665543184e-08
2.144996653473730200e-08
1.937920907480491549e-08
1.760328709099102977e-08
1.609393138623449338e-08
1.439836130981926449e-08
1.227746310843203439e-08
1.187546378282088580e-08
1.012458257773459809e-08
9.083972920323247080e-09
7.573248743015503729e-09
7.040180677753978518e-09
6.154220468342290035e-09
5.465008693517739501e-09
5.043871414267094477e-09
4.499472302598402898e-09
4.306896477495708752e-09
3.726391882981692554e-09
3.384498823644479365e-09
3.061560758895783776e-09
2.815264458951872074e-09
2.535595756550957882e-09
2.299480431382801611e-09
1.892376242537324659e-09
1.815030155985468297e-09
1.411630187921909957e-09
1.133935668181601684e-09
1.010751785717850331e-09
9.233339158855341953e-10
8.481051903113565290e-10
6.758309283212072082e-10
5.318373563495618167e-10
4.677410790941259040e-10
4.065980430660224139e-10
3.335950962371923118e-10
2.795648501931875767e-10
2.655626090818703681e-10
2.337668126879307591e-10
2.165366682619839183e-10
2.076867360323095311e-10
1.849038949469791789e-10
1.593610146517647466e-10
1.459441858162510181e-10
1.310646230634858768e-10
1.200056073729127544e-10
1.151312222102621661e-10
1.018434367362016150e-10
9.156396091884608287e-11
8.153487142482453302e-11
7.635519577378108314e-11
6.882062377887663060e-11
5.735730644063042549e-11
5.014605894704282678e-11
3.948460145880467283e-11
3.316949713707486586e-11
2.892720758660108379e-11
2.423995910017291702e-11
2.149428672742857342e-11
1.737977399599202988e-11
1.471841613400535820e-11
