9.925209470333369310e-01
9.850262670777184537e-01
9.764408436882368036e-01
9.672830655339931250e-01
9.567716809412609713e-01
9.456828526965799231e-01
9.331491012343386959e-01
9.197292776058586528e-01
9.053517789938611005e-01
8.901577060244253436e-01
8.747742676467564760e-01
8.593731917305041934e-01
8.429254345932307713e-01
8.269737706588135007e-01
8.121688573280853030e-01
7.961397743546558825e-01
7.803726069117131736e-01
7.643289575731643248e-01
7.487509753347564301e-01
7.328013713793801731e-01
7.161728218769094489e-01
6.982587012561899398e-01
6.795648273104583081e-01
6.600368589685307041e-01
6.394232220006367262e-01
6.179611186777780318e-01
5.961640137974300035e-01
5.742275697242998911e-01
5.526146500992055177e-01
5.318349036976478539e-01
5.110640389647246318e-01
4.909872366870635108e-01
4.702192234467585941e-01
4.489707880821001140e-01
4.276851447500312764e-01
4.067398591305856903e-01
3.870814848850368528e-01
3.684045942267634155e-01
3.511766059467402723e-01
3.350617410504701521e-01
3.195228369111293709e-01
3.051810521683172017e-01
2.912085339757112812e-01
2.783771295647336497e-01
2.662527088492502303e-01
2.549002039964026745e-01
2.446417751472782509e-01
2.347059656765456137e-01
2.256264413097081867e-01
2.175957966847706648e-01
2.102640965931630579e-01
2.034625014427347833e-01
1.970231254897328310e-01
1.906630735996934500e-01
1.846522719418574598e-01
1.788466461822822984e-01
1.735478703720180760e-01
1.683565976731704883e-01
1.631218705086266985e-01
1.580581652151146210e-01
1.528556993752133997e-01
1.479830501287610622e-01
1.431814983649560558e-01
1.384878420774472152e-01
1.342612130803839676e-01
1.299677734049972389e-01
1.255504001334463993e-01
1.213099079104327377e-01
1.174173986026486038e-01
1.133092778365192010e-01
1.092912741697047579e-01
1.054440274450663545e-01
1.018466433830097218e-01
9.840454378006729952e-02
9.514198637790421964e-02
9.193129429833453437e-02
8.873696340274592198e-02
8.564586508667948461e-02
8.250641234839792282e-02
7.940784810117162973e-02
7.652184479592362421e-02
7.363708015155971676e-02
7.068619611781148948e-02
6.777152532288373277e-02
6.481882837901584149e-02
6.194138603425884682e-02
5.917949561845876200e-02
5.656350149079718281e-02
5.390651992536774073e-02
5.140397611757157453e-02
4.906806285645144705e-02
4.702530146200587652e-02
4.509781173194406939e-02
4.314221148143220635e-02
4.128651188853725562e-02
3.948629782029706992e-02
3.788870104037270897e-02
3.643962186175479789e-02
3.512608891822902729e-02
3.380136424663255507e-02
3.263300328259041011e-02
3.155502201658912098e-02
3.050324091183515343e-02
2.947457891762671894e-02
2.852054288611612434e-02
2.768331956962129942e-02
2.688954854517703816e-02
2.612795015911062793e-02
2.534137769705414184e-02
2.452113852048648512e-02
2.369366380859374427e-02
2.291515413146195251e-02
2.217059036868411492e-02
2.143200708502156215e-02
2.072101426938640495e-02
2.002769030030603081e-02
1.932964045954272195e-02
1.864659268727125729e-02
1.801586988955576271e-02
1.738129528893020415e-02
1.675420750643383597e-02
1.610758650087348864e-02
1.549658565015497001e-02
1.488747181892496364e-02
1.430067640407657950e-02
1.374404849068643249e-02
1.320725022011282057e-02
1.265504631707235240e-02
1.207174780098151969e-02
1.146388287775509246e-02
1.086044184324354289e-02
1.026134504537432393e-02
9.651849920144587799e-03
9.082886551711789186e-03
8.534771862851958310e-03
8.023015213170595419e-03
7.552981308141073699e-03
7.109843375125695503e-03
6.708112695733531132e-03
6.339931360697910814e-03
6.003022997237085663e-03
5.692629157101355628e-03
5.410815451616081580e-03
5.139767412401873015e-03
4.890044955556591827e-03
4.654117314915163540e-03
4.433299617525645123e-03
4.239072892276903384e-03
4.056782445683615110e-03
3.882435675204331301e-03
3.730167380029903324e-03
3.588541047214880656e-03
3.448776559530454273e-03
3.308598273091660231e-03
3.179340185571903447e-03
3.057568572155040017e-03
2.944152239644833718e-03
2.838002011784596362e-03
2.738719480506181855e-03
2.638216036090055075e-03
2.539530144012398273e-03
2.440744665302490082e-03
2.343334785771834620e-03
2.248356656500195751e-03
2.157202496930892693e-03
2.063912684488516860e-03
1.974474001649048020e-03
1.889273954269897167e-03
1.810046912348486740e-03
1.738291988832870718e-03
1.667505138628812104e-03
1.600805852771374415e-03
1.529636338727330272e-03
1.458414901816268471e-03
1.390592218648992098e-03
1.324761219268356330e-03
1.261383453106665071e-03
1.201193149487375092e-03
1.145347824789054881e-03
1.092241665647697641e-03
1.047529184284552196e-03
1.006684148271851488e-03
9.634033269093526071e-04
9.221969640641776824e-04
8.838423059223906360e-04
8.493898097738444234e-04
8.173612022563243830e-04
7.873676651026971724e-04
7.591583001547480732e-04
7.335864184654820397e-04
7.088037718904144704e-04
6.844394788129740895e-04
6.587688157759886498e-04
6.334125025438345352e-04
6.097394806332946497e-04
5.881010927599101580e-04
5.657581072094405167e-04
5.420861152850594937e-04
5.191279503485386661e-04
4.976431373390479904e-04
4.757589768766852371e-04
4.528247049036479848e-04
4.303117148274562950e-04
4.089391724136737065e-04
3.902125307968134279e-04
3.727915397339898445e-04
3.542643758695459047e-04
3.364841105410587411e-04
3.191596544060183185e-04
3.019704394311765972e-04
2.854862992532042993e-04
2.706914969309870151e-04
2.574236177958212331e-04
2.456310281387063242e-04
2.344093287768924956e-04
2.233058012890675186e-04
2.130239427279243263e-04
2.036428377200033373e-04
1.947422123509658315e-04
1.862775079284482082e-04
1.788894419685881933e-04
1.726470327441458844e-04
1.661693648669351688e-04
1.598217370283640801e-04
1.539514949076311971e-04
1.485073163037833833e-04
1.427812965053451794e-04
1.370591581711176729e-04
1.319524637415256895e-04
1.271763557698540100e-04
1.224029347896523397e-04
1.179656575536555544e-04
1.140228224940993045e-04
1.104191323395277787e-04
1.071221834365857406e-04
1.039723995142295871e-04
1.009649153498784859e-04
9.816432607475659609e-05
9.554392309715789241e-05
9.322254167260542038e-05
9.085706836129149567e-05
8.851167859059165717e-05
8.626554343661523537e-05
8.413172965207878586e-05
8.199267287332399131e-05
7.997986240308618713e-05
7.801290112057819191e-05
7.604579380673295982e-05
7.428894208351501701e-05
7.264009006512451639e-05
7.085944807795063207e-05
6.906713486073525810e-05
6.730450871167219760e-05
6.555197346187337606e-05
6.377323745318120977e-05
6.206878340101674887e-05
6.032032978511040557e-05
5.836708087073575233e-05
5.625421361200429941e-05
5.414513077684902351e-05
5.235858611003172671e-05
5.046991446198321557e-05
4.833645914384207288e-05
4.609580393090356276e-05
4.393637554698280134e-05
4.198597007924552139e-05
3.994953202094878681e-05
3.795699932453362632e-05
3.592236584233076015e-05
3.405421105096594542e-05
3.214703788264906679e-05
3.012419630153357947e-05
2.811373754116223771e-05
2.615496867167427619e-05
2.427610709567645277e-05
2.263934472979176168e-05
2.108678869938325620e-05
1.960183917050596972e-05
1.822849230597535291e-05
1.698996409673378142e-05
1.601781114963158321e-05
1.502852172935642779e-05
1.403683860089837443e-05
1.314212618044820793e-05
1.239825843295321989e-05
1.177888127646903798e-05
1.121392156614502135e-05
1.066337783063519307e-05
1.017435437529660355e-05
9.739190987088917588e-06
9.365216004374930409e-06
9.006941005185063666e-06
8.657805034256550801e-06
8.343224778469550916e-06
8.015082866576739680e-06
7.676722162335064472e-06
7.369098280066069415e-06
7.092564417481947836e-06
6.861685776181231122e-06
6.640731504211834195e-06
6.408841485160705847e-06
6.181513283652625366e-06
5.956410130487977752e-06
5.740768410876017273e-06
5.544596461526505521e-06
5.356740874524562140e-06
5.171445679214109969e-06
4.993919252989502737e-06
4.818144842313397438e-06
4.649081906609657359e-06
4.489674026202534882e-06
4.340112819013810216e-06
4.188256224661675680e-06
4.033046523308397562e-06
3.878508146875116236e-06
3.724373963362748179e-06
3.567859795197343561e-06
3.422048536206811039e-06
3.276241046331098082e-06
3.133269257118237226e-06
3.005055069706756453e-06
2.886458974260337122e-06
2.767442567783007743e-06
2.647585407637064036e-06
2.530186044763185708e-06
2.425114530525484268e-06
2.333534987610253089e-06
2.237582078391998348e-06
2.140176539213542071e-06
2.045978215040601933e-06
1.950511862252347042e-06
1.857327640213177108e-06
1.768657890291873186e-06
1.686804921868399830e-06
1.607709294920534993e-06
1.528490463686975149e-06
1.455446557641291269e-06
1.394241206361677884e-06
1.332714214336430118e-06
1.267911943983556642e-06
1.205727432975435664e-06
1.152831244468962590e-06
1.102723845511891062e-06
1.053535835813473954e-06
1.008129009201278765e-06
9.659502611376638554e-07
9.261349931377759461e-07
8.907499917179435107e-07
8.586145907230359109e-07
8.261352338301497050e-07
7.950987582629401634e-07
7.670068467907930079e-07
7.385888896930268376e-07
7.124239334632535909e-07
6.889459045228525302e-07
6.657375344608082960e-07
6.420769942828774963e-07
6.184221189821437633e-07
5.966024528597489593e-07
5.774784679405202958e-07
5.599799736240556766e-07
5.392904252855183557e-07
5.178677184388501505e-07
4.983349714898213351e-07
4.827116865087029881e-07
4.648158869441804345e-07
4.462698119167571404e-07
4.290295803672190999e-07
4.134284819784121637e-07
3.958077373202466851e-07
3.789358203297806923e-07
3.633130468983041430e-07
3.460568475668483323e-07
3.279036514842915381e-07
3.105312750486198316e-07
2.933780419498263625e-07
2.756126090000874616e-07
2.573367799888736592e-07
2.400754952616605275e-07
2.244269126574950319e-07
2.111015816167284695e-07
1.981593155565940042e-07
1.860475438925031939e-07
1.750454318435473721e-07
1.649315423278847503e-07
1.561317606001396127e-07
1.493201856524175182e-07
1.424723796301267670e-07
1.356573796831588925e-07
1.296558320759432858e-07
1.244661122174959390e-07
1.195635664546903153e-07
1.147507374569990427e-07
1.104602814402398270e-07
1.068638141364657264e-07
1.034783894847533460e-07
1.002281647220734210e-07
9.709772909667897406e-08
9.408119390319338149e-08
9.157316726447754672e-08
8.899480460866793738e-08
8.639669749771472216e-08
8.380849545708277540e-08
8.120529126337401753e-08
7.870553835970510934e-08
7.631697889444895894e-08
7.398931600860303221e-08
7.172326309720949884e-08
6.964566992130197806e-08
6.794173765093326529e-08
6.611956115629638041e-08
6.414979597365310952e-08
6.220749665201201040e-08
6.037201044570378974e-08
5.864235593727661231e-08
5.683307251367506408e-08
5.508836489184310799e-08
5.334246912042012251e-08
5.136435356724325346e-08
4.925029845403717174e-08
4.723015378762601277e-08
4.551516654967128529e-08
4.390016831909627350e-08
4.205121939116459033e-08
4.017783254719267100e-08
3.854782923392503997e-08
3.701047483436252295e-08
3.522878065188677356e-08
3.337994987933256222e-08
3.176652036871197455e-08
3.030411491886415477e-08
2.864893969913057985e-08
2.699372953340131972e-08
2.545658670669907756e-08
2.401648912063431835e-08
2.267519637334430920e-08
2.150503180363294404e-08
2.048738410918320540e-08
1.949353726549649882e-08
1.852521675783274285e-08
1.764386101412693566e-08
1.677615624895721491e-08
1.594101285911364626e-08
1.518164011579153896e-08
1.454021466755778822e-08
1.393803468182202108e-08
1.331028896917610631e-08
1.275459834116756319e-08
1.228655956165362371e-08
1.189122012920575997e-08
1.154955113533719551e-08
1.119324571459279639e-08
1.086655301390462030e-08
1.054451192007202333e-08
1.020814882127928473e-08
9.879559593654568511e-09
9.573211129821997080e-09
9.313211717899225683e-09
9.052901229522378816e-09
8.757490219497020283e-09
8.462624631921231229e-09
8.171520796115256859e-09
7.902017925881450005e-09
7.649219842357662742e-09
7.380875257637624109e-09
7.102820007677249881e-09
6.838750980665795615e-09
6.593599468046979813e-09
6.348449827187040599e-09
6.097953281384787769e-09
5.869296440224528924e-09
5.676518753268163895e-09
5.436575508153336977e-09
5.184032919949510256e-09
4.934044732460090802e-09
4.709656183510650877e-09
4.506076116834205156e-09
4.285161077917561609e-09
4.065961082781636493e-09
3.880731284965805113e-09
3.683406335687351222e-09
3.483888911817967578e-09
3.301878407877618254e-09
3.146002489410129462e-09
3.008668227562902046e-09
2.859351303846265829e-09
2.722313125280871291e-09
2.604979191458544149e-09
2.480747024386888377e-09
2.353261705468695677e-09
2.238494731921921448e-09
2.135693276674391718e-09
2.040052095184055263e-09
1.945957556254388933e-09
1.861268971407032451e-09
1.778871111633577549e-09
1.693027975925881944e-09
1.615029185333125013e-09
1.531007827520328129e-09
1.443858870487473611e-09
1.355594057333013742e-09
1.273197340315658582e-09
1.197935427772907203e-09
1.130258124503135359e-09
1.060268989930044662e-09
9.948579233772620714e-10
9.376511869572662546e-10
8.843566309577363024e-10
8.301050232295989905e-10
7.785441714468146275e-10
7.360730361171153772e-10
6.992882764819934735e-10
6.624877477901837477e-10
6.255213003220866850e-10
5.952844591030424127e-10
5.697694094913384616e-10
5.416673166361552737e-10
5.136541408127879965e-10
4.881833562461948640e-10
4.652269357155547606e-10
4.461533589120205391e-10
4.274430661930328051e-10
4.091854823529709185e-10
3.935226411675298924e-10
3.785742500757363745e-10
3.646152824863366346e-10
3.524191964793959207e-10
3.418311696378399979e-10
3.307439221795173365e-10
3.199338631239963006e-10
3.101056211770535653e-10
3.027051159745388951e-10
2.958681480262641465e-10
2.884499059643699775e-10
2.816379352885211919e-10
2.760080279872807386e-10
2.705777693931578166e-10
2.644651199851576845e-10
2.583370230766366329e-10
2.531202242539658779e-10
2.480571567737669824e-10
2.432472801504297676e-10
2.382711040806478470e-10
2.327409644651609104e-10
2.273484531422169309e-10
2.223792376805885992e-10
2.176272348029472144e-10
2.125222724297429720e-10
2.075615242851339193e-10
2.028087240283288249e-10
1.977646572726232371e-10
1.921795517991404127e-10
1.867110871646663612e-10
1.814540011764268005e-10
1.757514865318702633e-10
1.704082651000393618e-10
1.651592262870816981e-10
1.596501642264099612e-10
1.541555935726469239e-10
1.489521159895814212e-10
1.441205381486710094e-10
1.394347818845763657e-10
1.346607435793727841e-10
1.299214784024948568e-10
1.254738522659239698e-10
1.213695657118413051e-10
1.175264637537612122e-10
1.132781433799388310e-10
1.089384474413396463e-10
1.049433585084323939e-10
1.010314000469981723e-10
9.686200914949308720e-11
9.216113592998933747e-11
8.734160369889307468e-11
8.258800548163466283e-11
7.812890230653898770e-11
7.412239141692101580e-11
7.028723193539300850e-11
6.620122622197893049e-11
6.214217702696342665e-11
5.846478686119781530e-11
5.472382518058380671e-11
5.108579629819024652e-11
4.771397825285432566e-11
4.478018167252940063e-11
4.173764178125650585e-11
3.883104142378997625e-11
3.630056595744667930e-11
3.410972954408457259e-11
3.207774077957790128e-11
3.024531787506023373e-11
2.853273386611861301e-11
2.687667849448069924e-11
2.522684235650747604e-11
2.385082584047699968e-11
2.259075269838344794e-11
2.127590115858824846e-11
2.006775524803457019e-11
1.897079368651745635e-11
1.796729207886110649e-11
1.697666842906338996e-11
1.614227102946633933e-11
1.536578316013459888e-11
