7.982511733489632277e-01
7.556729551616676588e-01
7.289556518637090310e-01
6.828609581281595009e-01
6.271586729637669277e-01
5.679618069872103270e-01
5.009933558232515516e-01
4.542644117351755106e-01
4.021180260885772739e-01
3.540501196099798964e-01
3.132735859780986232e-01
2.813390600329612745e-01
2.462037002911744432e-01
2.185429340934109121e-01
1.966544640716308412e-01
1.804701089438939532e-01
1.628887064120625450e-01
1.451961375612683680e-01
1.308182311008334875e-01
1.154742152400354133e-01
1.029246785681429827e-01
8.595583306707654803e-02
7.838098808374799331e-02
7.022394062385112212e-02
6.006229092379748030e-02
5.082785127539584530e-02
4.198685593628186108e-02
3.677169258164569160e-02
3.244069747048217156e-02
2.748169803250119850e-02
2.392326526117503557e-02
2.050660635981173610e-02
1.777714526772746981e-02
1.584093880500873214e-02
1.371216782555650937e-02
1.135398925394111302e-02
9.162961944091633712e-03
6.850738975073997553e-03
5.115760558562030408e-03
4.293698687483360477e-03
3.744871381138380282e-03
2.755037462468467278e-03
2.149489424631986344e-03
1.858604789175221294e-03
1.589856419859377252e-03
1.321606410260388722e-03
1.138309214890521719e-03
1.061273760954546284e-03
9.080877875113802390e-04
7.790499781093446858e-04
6.667487231434667590e-04
5.418313026522189298e-04
4.332127370746837163e-04
3.109772210305943680e-04
2.114998217923625421e-04
1.835052970472042023e-04
1.574730229337897836e-04
1.313310016362457654e-04
1.032751776430071189e-04
8.467957567547939332e-05
7.869976053482211759e-05
6.791257649960140321e-05
6.235455660026664282e-05
5.787460952067952926e-05
5.110916941812110114e-05
4.850828759125690404e-05
4.446802757177442135e-05
4.103790098114084358e-05
3.609283351099514095e-05
3.171720240950595302e-05
2.843262278341386756e-05
2.339416406232847754e-05
1.936811570607764171e-05
1.765461396033396916e-05
1.585419584751997197e-05
1.304618258013890455e-05
1.139291887081107794e-05
9.954646456306264575e-06
8.948602595933841499e-06
7.585096450739072728e-06
6.043763248256232693e-06
4.851759207175549919e-06
3.978244979838444121e-06
3.460856824307548613e-06
3.000781711048385030e-06
2.577542410373741633e-06
1.914790552232620552e-06
1.443891618226872415e-06
1.183688329210321782e-06
9.669559953272949617e-07
8.907385540495744989e-07
6.841092781895005710e-07
5.024962277598274425e-07
4.043977352296846145e-07
3.397524763915823158e-07
2.589035574474918549e-07
1.952897563702001555e-07
1.674817281556689424e-07
1.244367040908236399e-07
1.009841394235396487e-07
7.462178490341727240e-08
6.350441802697525145e-08
5.046825416972819785e-08
4.548826293508798532e-08
3.999005676718193444e-08
3.326860416722196358e-08
2.936287502624184781e-08
2.470715561368792748e-08
2.178477321851444949e-08
1.880269393793704041e-08
1.693666738472562815e-08
1.278646008329318723e-08
9.735748544916876249e-09
6.696885816981042240e-09
5.640199553311583962e-09
3.781720716511481932e-09
3.212627928215239109e-09
2.424041812035686767e-09
1.968240236538906386e-09
1.605302388853429573e-09
1.286945844613461587e-09
1.131057092416349959e-09
9.298651600796331566e-10
8.491591217077334005e-10
7.390033276419006811e-10
6.159001557184766525e-10
4.598528946923998009e-10
4.299976260783278270e-10
3.001698712317202171e-10
2.367876919892172898e-10
1.399033655714258799e-10
8.138566862131490968e-11
5.775813246632180081e-11
4.051112382858590160e-11
3.135479083029529605e-11
2.104980513271962829e-11
1.756968457342301584e-11
1.397620848368610669e-11
