7.078687467678608236e-01
6.737601810610747144e-01
5.837916226495832861e-01
4.920489598003158771e-01
4.211511770759379658e-01
3.500927111126784230e-01
2.699580039020925137e-01
2.062398033080888315e-01
1.618301473834281579e-01
1.204863470077166265e-01
9.372461972409479314e-02
6.946866146273221465e-02
5.148545516116511539e-02
3.899589390565425667e-02
2.812201780880211818e-02
2.085069295299572800e-02
1.410801551139911209e-02
1.012984008295630435e-02
7.583962818970783198e-03
6.691251700497895423e-03
5.319035805861278485e-03
4.236809898153590798e-03
3.324492662552963954e-03
2.942518553571232126e-03
2.262163191809568423e-03
1.680113939857424531e-03
1.234430731297233826e-03
9.490860212442562725e-04
7.352832509457696850e-04
5.892257733283792764e-04
4.626472165357682696e-04
3.432581772482665595e-04
2.557319820513713569e-04
1.917582343528185802e-04
1.413840803586704966e-04
1.029660660695228485e-04
8.907178194153515067e-05
7.072476708984828866e-05
5.183931068398519427e-05
4.211396029063428458e-05
3.604652061340891668e-05
2.677090269512236569e-05
2.078663008509751799e-05
1.625372898236793778e-05
1.254046075043497743e-05
9.705885945004505210e-06
6.764515160975745670e-06
4.496579694083975372e-06
3.084382719244414485e-06
2.338931237790079598e-06
1.852521894507166757e-06
1.411249924300924525e-06
1.127500829871933540e-06
9.884716107749541228e-07
8.056637133535922610e-07
6.176252084359702800e-07
4.266360344919696799e-07
3.054230739648044824e-07
2.477327795519493046e-07
1.729325710347802941e-07
1.186596407119144330e-07
8.595522497945537468e-08
6.523236319215740933e-08
4.845491453274075526e-08
3.430423742790716827e-08
2.430159179732424318e-08
1.693447171260292161e-08
1.175749322336729880e-08
8.526556126370589034e-09
7.548386395331372685e-09
5.605345579480806897e-09
4.273757237815020242e-09
3.292986035922303526e-09
2.527025869579852753e-09
1.713000186972500551e-09
1.362093407406090938e-09
9.003279198720594275e-10
5.710900448640503161e-10
4.002884005847124444e-10
2.816403460987150126e-10
1.908861623233438874e-10
1.112022836062453827e-10
7.321092368231407569e-11
5.467105465964249937e-11
4.161624743896454250e-11
3.607338110322497824e-11
2.554842727603295074e-11
1.716667827859705944e-11
