4.619586804449115069e-01
3.858237750157179069e-01
2.626502872909942665e-01
1.925698053856470526e-01
1.308885039150400886e-01
7.756247023108249483e-02
5.101074525576531488e-02
3.355081377005663529e-02
2.255894694561894412e-02
1.436487115352079111e-02
9.244293727908215255e-03
6.634524009088392515e-03
4.475142091312473737e-03
3.015555055528239617e-03
1.935802034510291682e-03
1.125883420220064957e-03
6.168809201296596286e-04
3.316237300287545897e-04
1.865807621054403793e-04
9.196093393549313057e-05
5.161576569456494893e-05
2.639218155303184570e-05
1.656690920871567433e-05
9.885831998776225754e-06
5.273133803628748614e-06
2.601242906835427932e-06
1.441807101411481549e-06
7.794009997894559110e-07
4.094159298817652937e-07
2.453310341017564296e-07
1.665479743120816944e-07
1.225154255756824109e-07
7.602699268440824013e-08
4.159021002904695473e-08
2.773511184457502193e-08
1.362890010687959041e-08
6.385492664748213896e-09
3.031312345399058761e-09
1.499776331763866862e-09
8.006678749886622818e-10
4.287145721994681307e-10
2.185269470523027810e-10
1.095610093764463313e-10
4.544072413059765785e-11
1.535933794925093292e-11
5.680170162027748646e-12
