8.733892869569876982e-01
8.424585386375134100e-01
8.297526164624110523e-01
8.217215576266809762e-01
7.819165247181422140e-01
7.374735766144361326e-01
6.921115969963945735e-01
6.612203586709559655e-01
6.393550242759681312e-01
6.056823053647136801e-01
5.774087022880317610e-01
5.213753867267775233e-01
4.722197269325330016e-01
4.390747254475855788e-01
4.095073521335889644e-01
3.802015990186259908e-01
3.498627012053778795e-01
3.265897930739215527e-01
3.080495545677758296e-01
2.828530976952920439e-01
2.542962491742448705e-01
2.301052189460925101e-01
2.095441047459147832e-01
1.947112314054385007e-01
1.804077214006829244e-01
1.585732567389050163e-01
1.391318557798378042e-01
1.310476741633482822e-01
1.121246146581590941e-01
9.629312545089487030e-02
9.044742341983591505e-02
7.528925680967581135e-02
6.449626547369492757e-02
5.963947146273763933e-02
5.308874115433446367e-02
4.700644494146832136e-02
4.438049006886050918e-02
4.093460146195038174e-02
3.663325910103658323e-02
3.302943792982377530e-02
2.992933378658069535e-02
2.752692288208945584e-02
2.603523444929021699e-02
2.473628931787324320e-02
2.215552203794855790e-02
2.079545297941485377e-02
1.992458354189544437e-02
1.871630313415835814e-02
1.659878237619332939e-02
1.481029059646420988e-02
1.399279454538268457e-02
1.220534270524234292e-02
1.108487147777143661e-02
9.942839893559951917e-03
8.740512538821867961e-03
7.635754464810455555e-03
6.810554036312612552e-03
6.352454722626989930e-03
5.650517874797634371e-03
5.001673350318897905e-03
4.223795644862711647e-03
3.932201811447271975e-03
3.637685971388862020e-03
3.413519729175839342e-03
3.149663780689974067e-03
2.737992626764040264e-03
2.435390179702906152e-03
2.315723682950496069e-03
1.999494074312780853e-03
1.804250841923826310e-03
1.653655399617729284e-03
1.569928548080359908e-03
1.377781329774824867e-03
1.208329113623908416e-03
1.027678671565275797e-03
8.701276375652231086e-04
7.837211092787891697e-04
7.178179834881218222e-04
6.493579762784953665e-04
6.047475482667589129e-04
5.839381733805093771e-04
5.247983428698992873e-04
4.820114729001106894e-04
4.545009305556467960e-04
4.284723908740824499e-04
3.888825029923932957e-04
3.633371954715023007e-04
3.081922484638923028e-04
2.963570961766446871e-04
2.501860885241754639e-04
2.313701782233691434e-04
2.100670951820328349e-04
1.951969783504924093e-04
1.741321388795932833e-04
1.543295195026950727e-04
1.380969488812022500e-04
1.279037301863639674e-04
1.177806272387699302e-04
1.017542229077976907e-04
9.793969514989402656e-05
8.471138475683912363e-05
7.316235929081265244e-05
6.743831190733061171e-05
6.239764058276811023e-05
5.054168183016556577e-05
4.033218712408713952e-05
3.290379800193691650e-05
3.169342306490819582e-05
2.644477395484590366e-05
2.530960360979568895e-05
2.416826356500783441e-05
2.119950931304825998e-05
2.027076304548259750e-05
1.813368034498391980e-05
1.713362940444375558e-05
1.566830486484976489e-05
1.411001093766121655e-05
1.305999995161475431e-05
1.235650727914935226e-05
1.132855543143173105e-05
1.002854056640975958e-05
9.773167977308474223e-06
8.755824100546584279e-06
7.993588757576433645e-06
7.006643968681201056e-06
6.139606826205510136e-06
5.731201882021017554e-06
5.326747092117477867e-06
4.546712938565823248e-06
4.367965699356431172e-06
3.895478510961147331e-06
3.463840728451790983e-06
3.098056897883370088e-06
2.729569333129947684e-06
2.518153542563756877e-06
2.142207132121009286e-06
2.026051207484896397e-06
1.810628247989623693e-06
1.523107862035738237e-06
1.459588115610198036e-06
1.390230148856878365e-06
1.187147443528568969e-06
1.088277734224881464e-06
9.608178686408087925e-07
8.636117722554721359e-07
7.892402670664236430e-07
6.855802210186078146e-07
6.509267751462659872e-07
5.596975417423879453e-07
5.089292983382548647e-07
4.376795127736740862e-07
3.937283224905078002e-07
3.083754566888806132e-07
2.730858628581923317e-07
2.554263960856230741e-07
1.996949218510137312e-07
1.831165568243349940e-07
1.571449594334649075e-07
1.396127369628551367e-07
1.330524352858677522e-07
1.109124861732459485e-07
1.011918380910940178e-07
8.380756263775571406e-08
7.835862434708034587e-08
7.263726260275867864e-08
6.087433684716493311e-08
5.721792678923206692e-08
4.851478443178880117e-08
4.208110766476392670e-08
3.522611729695771565e-08
3.233614952274692307e-08
3.062158209098712803e-08
2.832448501815185829e-08
2.478117254295713604e-08
2.181259144760424123e-08
2.033623469570881657e-08
1.736981112081577548e-08
1.529550874038895027e-08
1.392854959587647706e-08
1.243920113444124736e-08
1.087300997816881174e-08
9.868002853211412429e-09
8.818440502820429209e-09
8.201660938857496521e-09
7.739411727113352153e-09
7.163526008731343773e-09
6.562415674149907349e-09
6.288563544890231498e-09
5.943004550953451857e-09
5.660205724109121229e-09
5.295403905218235949e-09
4.696963974974835001e-09
4.549801245713941870e-09
4.191890374057154518e-09
4.063307411535052772e-09
3.493800839035840026e-09
3.280865186714684218e-09
2.742298278573494899e-09
2.552680502258798718e-09
2.165215346001185437e-09
2.026061705118870380e-09
1.739714415828050087e-09
1.495624536651989584e-09
1.227544784806127887e-09
1.013026062456338256e-09
9.310336515460122125e-10
8.448706824982464699e-10
7.527422212907956925e-10
6.841440766149302837e-10
5.905851187279125403e-10
5.628425330125870266e-10
5.214042952098337833e-10
4.450890120368662342e-10
4.261282472914834897e-10
3.872934527566083190e-10
3.428729596396094306e-10
3.267663825549117795e-10
2.972680592386131680e-10
2.498584707221311168e-10
2.285558707634881101e-10
1.918104109187517799e-10
1.715253732487974838e-10
1.564453347592578087e-10
1.437442945078097678e-10
1.264013462052695858e-10
1.225244782290217489e-10
1.126569944950801966e-10
9.822267475967444500e-11
9.329773781712395356e-11
8.933573393914679553e-11
7.041959557266840164e-11
5.969375830031472053e-11
5.502523562291412979e-11
4.892083606272967019e-11
4.599344888778065358e-11
4.008682231064616824e-11
3.453820565911827122e-11
3.225493199753309751e-11
2.741874252942435100e-11
2.399469083886589158e-11
