9.998612267926303421e-01
9.996031529011860650e-01
9.991275050512854472e-01
9.985401372800958297e-01
9.977645366993027620e-01
9.967506632158531499e-01
9.942321347877502991e-01
9.924438392215612081e-01
9.906851546284211052e-01
9.875072498822847766e-01
9.836286631727323426e-01
9.795135635847381783e-01
9.732204344488515346e-01
9.655230121624941431e-01
9.567623239529171597e-01
9.487676049776009313e-01
9.351096409101860019e-01
9.214506956239775226e-01
9.065740742572822031e-01
8.930198354980863895e-01
8.898982390760229455e-01
8.763080491167166697e-01
8.639804370202291972e-01
8.605904599884948158e-01
8.463285397211279815e-01
8.302662189980641871e-01
8.130291494882562198e-01
8.041700814259181707e-01
7.918351262104623700e-01
7.665216957653456786e-01
7.497998622313283290e-01
7.445305453248146632e-01
7.247957224186180047e-01
7.173754869186923511e-01
6.973422726164248964e-01
6.927468974132870994e-01
6.844705013423209028e-01
6.678389098874479846e-01
6.443904505006052830e-01
6.407542793530657255e-01
6.253983410241167329e-01
6.210146927913291481e-01
5.946582667308613068e-01
5.757405179714067955e-01
5.706237490409921120e-01
5.516172076009416836e-01
5.478184412069241338e-01
5.256693207648145405e-01
5.192305808582479143e-01
4.957596494988272262e-01
4.948964481975360874e-01
4.745503944068879543e-01
4.699153051020117933e-01
4.503012116779601670e-01
4.455024184996113079e-01
4.446702721989808094e-01
4.178192436230223628e-01
4.120369173596986623e-01
4.045336963232005201e-01
3.908214328028663531e-01
3.863276841418442076e-01
3.667862850878556569e-01
3.605611677784416602e-01
3.503107180374621099e-01
3.396114111358464194e-01
3.390357929715009933e-01
3.343995602861814520e-01
3.216189118311083561e-01
3.102417172803133005e-01
2.980256013058451559e-01
2.964003119359107652e-01
2.955243600488721700e-01
2.846549039619666877e-01
2.759230982919622654e-01
2.692496570490565122e-01
2.598608531122656995e-01
2.578153856970795132e-01
2.490361739151072396e-01
2.402894741800253031e-01
2.384283017875928889e-01
2.306180161378742766e-01
2.235264393323716514e-01
2.210503050499493249e-01
2.166632442452554319e-01
2.095060194048246616e-01
2.076739374889327583e-01
1.978119081913903565e-01
1.954514126122524620e-01
1.903961937596764242e-01
1.813774051849817437e-01
1.808839750118772516e-01
1.743011194285556120e-01
1.699469147020922777e-01
1.672848011590986894e-01
1.613766300258568931e-01
1.598198943879366174e-01
1.572855030004879362e-01
1.555902737914553191e-01
1.539913799643466419e-01
1.502171109462676901e-01
1.492691255640780645e-01
1.405117952171420215e-01
1.403538881351320544e-01
1.359637341625848928e-01
1.341118449503935217e-01
1.321675846740886506e-01
1.317806371727921200e-01
1.296656153825794522e-01
1.249345452506785414e-01
1.228955083312790186e-01
1.227786217962114346e-01
1.160304981892804066e-01
1.152251880789711136e-01
1.147492913822577010e-01
1.133907318121678970e-01
1.111247313809833048e-01
1.079971071788504988e-01
1.023130414113721937e-01
1.022217738409877535e-01
9.883040833775848244e-02
9.707358817199558676e-02
9.577615125246867478e-02
9.403677322874891276e-02
9.302284924427997592e-02
8.858769408293902525e-02
8.817098000924301904e-02
8.428267137539276199e-02
8.332569751388316237e-02
8.315336431056806477e-02
8.157999396210470489e-02
8.035594246522233253e-02
7.936421894914510999e-02
7.911326939971181915e-02
7.879266611696666978e-02
7.847613345461341983e-02
7.736679124462232660e-02
7.713295682819877597e-02
7.310479522976311151e-02
7.278611227459164112e-02
7.270337848573256434e-02
6.943800836302149726e-02
6.829772875934045362e-02
6.664648412648993547e-02
6.626366494144166064e-02
6.578695515418044037e-02
6.384324601913721198e-02
6.276429093537456982e-02
6.083133545454226521e-02
5.952002255367151717e-02
5.928359487871021072e-02
5.771669676960542589e-02
5.722450232594503139e-02
5.606232593207329667e-02
5.583462686899955119e-02
5.568846222398532442e-02
5.494381960316449542e-02
5.443456680970093498e-02
5.324811905685089553e-02
5.265909031249616651e-02
5.188855678306154157e-02
4.873877098445347084e-02
4.818001907803333428e-02
4.721661119743685020e-02
4.693855731095167988e-02
4.426493539814341932e-02
4.393147267220714330e-02
4.359947509158878381e-02
4.298341752447500802e-02
4.038168803877854179e-02
4.034255472931808778e-02
3.992798913197757177e-02
3.952434462531222159e-02
3.904442021415975572e-02
3.839348206100232086e-02
3.537930096807695435e-02
3.519409381226056704e-02
3.335898256181023952e-02
3.316344455721141615e-02
3.278842836713535824e-02
3.183202552176275790e-02
3.162831412681082338e-02
3.157283503887656911e-02
3.033136887971303597e-02
2.984836519357920298e-02
2.910133843156574932e-02
2.722810966161780255e-02
2.694278587743396611e-02
2.560169722044538729e-02
2.551323384457915636e-02
2.366410608087313530e-02
2.361432260222392707e-02
2.353773184867782864e-02
2.341585306642010936e-02
2.242080793570704750e-02
2.170883094611256170e-02
2.160163084430379715e-02
2.149721044552369703e-02
2.089212383049122643e-02
2.022207462166678710e-02
1.977596345045913931e-02
1.952726749501211903e-02
1.943349195861667975e-02
1.875025314876290275e-02
1.843183295052092108e-02
1.812815965309102009e-02
1.807292058471623997e-02
1.788092515986231673e-02
1.722533632812874027e-02
1.710414085374516516e-02
1.702100427012626441e-02
1.693963039913092689e-02
1.690829499886609827e-02
1.669773836084606153e-02
1.630555793414372248e-02
1.598870534870336022e-02
1.572485102123115375e-02
1.560750765554000732e-02
1.550980208809643775e-02
1.515583037299071678e-02
1.477507654579920081e-02
1.464672022126421204e-02
1.454104987683318626e-02
1.436074554420352888e-02
1.427221452051279267e-02
1.374422862267719696e-02
1.345979945392915093e-02
1.340364198021768739e-02
1.312211199655543940e-02
1.283665071506142133e-02
1.245509962049656978e-02
1.243447692364099168e-02
1.228217432008352900e-02
1.221066663756719892e-02
1.202769149730668723e-02
1.199725535129946702e-02
1.120691665665752429e-02
1.118407332670260344e-02
1.097044329262486344e-02
1.070876546810316590e-02
1.062068951993673169e-02
1.040986690058868548e-02
1.032080518260342951e-02
1.006436762436115594e-02
9.300095241026673856e-03
9.181442915125728396e-03
9.145153737749645712e-03
9.136177551346234826e-03
9.009371415110047424e-03
8.843878878171968633e-03
8.601009076155352595e-03
8.415009521669828199e-03
8.388244223447216888e-03
8.364138862143077544e-03
8.127779216260155523e-03
8.054954789609396551e-03
7.996268200631376916e-03
7.955817000680097048e-03
7.893125480378496497e-03
7.523391492773816476e-03
7.356575920671457221e-03
7.302644955445383029e-03
7.133896169444652567e-03
6.850047606089042403e-03
6.823342650542223858e-03
6.766456180656047099e-03
6.494457172746005355e-03
6.490017171975187397e-03
6.284899009233371053e-03
6.129548776398555110e-03
5.880935374050086373e-03
5.838380284195386627e-03
5.792784929694452106e-03
5.777221129823891139e-03
5.369386649632016881e-03
5.334450087984515636e-03
5.244768335771508166e-03
5.236405481159473775e-03
5.209458352362455330e-03
5.141460249883472028e-03
5.108850111021824396e-03
4.758842085210442975e-03
4.719796471478354682e-03
4.697550699821275572e-03
4.613310220514028719e-03
4.513136462301996221e-03
4.343673253909618309e-03
4.076266639905688598e-03
4.055705628806203882e-03
3.934801813839735110e-03
3.783756667633518880e-03
3.634174422153929000e-03
3.579509543081067779e-03
3.434010191328516325e-03
3.430473966040755492e-03
3.375130985822325739e-03
3.341694853294635992e-03
3.218022302070927803e-03
3.098126220960921093e-03
3.053701919468524567e-03
2.919391690766556715e-03
2.911476561726724678e-03
2.812441944531988373e-03
2.706264240701531081e-03
2.604051411831120877e-03
2.536478576519101118e-03
2.526625725572202372e-03
2.460941594981045245e-03
2.246357236031308255e-03
2.177487003422468124e-03
2.160069153376820063e-03
2.158425864328053414e-03
2.071282653905534132e-03
2.051155892165786813e-03
1.928601086863493018e-03
1.906343415898475177e-03
1.858625721210722470e-03
1.819747429594700773e-03
1.812542965713218913e-03
1.730387705254392543e-03
1.679381869821052831e-03
1.621041901193255152e-03
1.618939644030175989e-03
1.608933608553848914e-03
1.583388051993313110e-03
1.530535015273500315e-03
1.525003208991355290e-03
1.514125893731009401e-03
1.476166539682049594e-03
1.417843454085120428e-03
1.394367974056894043e-03
1.386189882740735671e-03
1.371990764972842464e-03
1.358440934407185779e-03
1.230937516388468317e-03
1.217262202742671814e-03
1.205659664291278870e-03
1.204310992539582960e-03
1.201526151633803240e-03
1.165403291472141096e-03
1.157510981331547322e-03
1.111817093129823268e-03
1.082415697799126190e-03
1.077273507620559205e-03
1.032414409708539392e-03
1.026288673306020513e-03
1.016633725235815055e-03
9.502059523723933778e-04
9.462188205717949468e-04
9.310016808143626622e-04
9.292289305626390316e-04
9.216279391516444229e-04
9.184925125915653589e-04
8.907090844153007581e-04
8.844933217973611952e-04
8.646000005665677168e-04
7.894969463167002309e-04
7.886173233205949354e-04
7.695194793731049889e-04
7.295198117080963331e-04
7.021492121877708284e-04
6.985844606617648425e-04
6.934799676430268957e-04
6.804228106620511304e-04
6.654024592593378584e-04
6.638697005315883411e-04
6.601701545998948061e-04
6.427090318439429443e-04
5.704695696061992194e-04
5.689454013668601663e-04
5.627439450331011336e-04
5.510259820648299740e-04
5.493434024576567074e-04
5.379020643879539945e-04
5.328270504580656089e-04
5.279389593585194235e-04
5.226948821019645856e-04
5.138524567017397661e-04
5.095558526364217218e-04
5.061617373774842483e-04
4.969313577643230933e-04
4.966291275351188096e-04
4.937231521112793583e-04
4.419512664390113678e-04
4.277353489744265555e-04
4.268736627270488344e-04
4.158417084277768005e-04
4.136572893717348535e-04
4.042852879491211403e-04
3.971947712539810552e-04
3.729919934010419080e-04
3.723959338100552431e-04
3.587373577666757457e-04
3.558128072115480933e-04
3.536650269133921652e-04
3.508321309965178100e-04
3.464648704327012805e-04
3.185454538152971836e-04
3.173117834068287998e-04
3.009730264387606383e-04
2.980736308166528643e-04
2.967263248271514824e-04
2.938970245335725427e-04
2.932402562227694057e-04
2.765760681796482906e-04
2.689111334164886189e-04
2.609822247917788218e-04
2.524914688988522333e-04
2.515017068418624424e-04
2.508624696063369692e-04
2.461131152933756562e-04
2.425932042265362219e-04
2.400428221907633785e-04
2.363123174863350701e-04
2.350295522126655300e-04
2.334622632624018773e-04
2.169392225589504130e-04
2.163704315268763967e-04
2.154517797732549667e-04
2.145147450259446778e-04
2.095879296997474285e-04
1.993321188498581320e-04
1.953797154378715442e-04
1.941960913590697730e-04
1.905104982377847601e-04
1.891164053651108595e-04
1.876854916080353567e-04
1.835579944493152035e-04
1.807844621449576335e-04
1.781666045530627500e-04
1.775453152825530304e-04
1.726103591152307868e-04
1.665220696497571285e-04
1.655439973117305247e-04
1.636547113142220713e-04
1.614579915119168912e-04
1.609037771994080489e-04
1.605139532873012427e-04
1.593148575442726524e-04
1.587572470877814264e-04
1.556968478448849107e-04
1.428615971028079120e-04
1.399368612170672616e-04
1.391990591693010302e-04
1.311601341712305337e-04
1.298940494871783527e-04
1.279967215667654706e-04
1.173466040730844251e-04
1.170598899241075418e-04
1.137394259742691263e-04
1.136576947380183751e-04
1.126876764700975627e-04
1.117261733340401081e-04
1.110698889966190935e-04
1.092891377865133493e-04
1.070414882545682803e-04
1.037240698276072228e-04
1.034938666377095462e-04
9.756714666875463857e-05
9.636030765757852329e-05
9.456257475083789939e-05
9.384689848176806662e-05
9.096541947962142900e-05
8.952891116094626790e-05
8.639486064339159583e-05
8.626941575206497400e-05
8.218083856928087079e-05
8.155357684393799622e-05
8.092338116319602848e-05
7.970500228169409031e-05
7.960594718553362734e-05
7.935394786481313905e-05
7.805848457686487122e-05
7.233999751957930727e-05
7.192250451961391890e-05
7.166619142334408252e-05
6.946876263420782578e-05
6.840683400320270277e-05
6.836060083291872617e-05
6.366872711589853864e-05
6.285214415688319500e-05
6.228114406084431741e-05
5.973481669862778739e-05
5.887831314721979868e-05
5.761107628543359191e-05
5.667427531863390515e-05
5.626983835900934984e-05
5.472258318698401084e-05
5.158098532552624597e-05
5.148742343421920989e-05
5.132089794811936045e-05
5.104973109096395067e-05
4.947921163879810555e-05
4.892544755560082571e-05
4.845077417938186190e-05
4.674159950065933229e-05
4.286211951405598404e-05
4.262858502402116936e-05
4.153990693924549559e-05
4.144617763375841316e-05
4.085733274354064589e-05
4.011765953082740125e-05
3.988932889814604017e-05
3.888204820855728852e-05
3.653219211477161632e-05
3.636541276416144122e-05
3.619005127998611420e-05
3.421338256967361213e-05
3.332644429942477159e-05
3.312093566395445901e-05
3.309492201003196081e-05
3.289917737431250806e-05
3.078025925443543135e-05
2.982362838425461625e-05
2.960348855178573154e-05
2.950305333186307731e-05
2.941370614306648622e-05
2.935159993896404451e-05
2.808532074944839049e-05
2.754395319039315614e-05
2.746603954837465030e-05
2.742799758533666070e-05
2.716316310229234369e-05
2.532542899662757811e-05
2.484389810579270305e-05
2.460169747083053508e-05
2.457026976197604278e-05
2.412347632635945138e-05
2.218726566786705874e-05
2.116678049791118830e-05
2.098971128696386297e-05
2.090437454281565493e-05
2.073497254923775955e-05
2.061352892568146244e-05
1.977209107182092854e-05
1.875723857677812843e-05
1.835468714283873705e-05
1.814258358022479396e-05
1.699255824903391288e-05
1.692939214649644787e-05
1.680772168963794142e-05
1.677140155246245349e-05
1.640616420017853113e-05
1.544895771132027442e-05
1.494820133621327025e-05
1.469821413421690139e-05
1.420843945279713821e-05
1.395830276974312067e-05
1.379860761352748457e-05
1.366116878301806436e-05
1.345288011918972264e-05
1.315650829617224476e-05
1.294307612022988346e-05
1.209864774679023840e-05
1.195267684687335535e-05
1.193556556514557536e-05
1.189119956082164553e-05
1.184871435345834861e-05
1.174464371807479698e-05
1.145334511726368069e-05
1.115120725467096054e-05
1.101163888958086607e-05
1.097342613785277931e-05
1.094022408760033006e-05
1.079275300127790252e-05
1.003070446601340541e-05
9.961068794313646452e-06
9.891453030237752991e-06
9.568063393260042935e-06
9.525037164740228016e-06
9.300724165322104653e-06
9.174947705370940044e-06
9.136111362309817547e-06
8.928839923329680514e-06
8.199047256957001626e-06
8.154962228647179385e-06
8.079089206845784728e-06
8.058718298389921150e-06
8.022114012751842784e-06
7.886240955414390962e-06
7.848382562731800210e-06
7.646350562869559989e-06
7.348288128801972214e-06
7.322966878267900789e-06
7.251437387022844404e-06
6.493676801820834423e-06
6.470491172165542302e-06
6.402187180974923869e-06
6.396183622303232654e-06
6.327064022847159251e-06
5.917993615413125232e-06
5.904624914299080273e-06
5.828749010879753301e-06
5.726720701449167357e-06
5.621755733335106082e-06
5.561961972723125556e-06
5.418842069717079177e-06
5.341923590062316074e-06
5.271188930823656430e-06
5.233568475961923919e-06
5.212176937684573222e-06
4.988795351926027413e-06
4.965980881390501639e-06
4.924289073475836087e-06
4.641895696288505384e-06
4.613973399982126190e-06
4.599676749198831267e-06
4.543109671427992830e-06
4.490013180413666490e-06
4.453482876028892230e-06
4.170032163060322070e-06
4.128520083867996645e-06
4.102953550532369309e-06
4.048342912914364100e-06
3.801221415756647324e-06
3.765496592392521541e-06
3.671564485250999950e-06
3.665875843953501663e-06
3.664039199036730722e-06
3.639999715806079972e-06
3.531544144353027266e-06
3.520736754814620957e-06
3.319606900703041994e-06
3.180763054674707187e-06
3.090675531804887738e-06
2.982058070119102517e-06
2.930777235387810294e-06
2.916442187746878051e-06
2.849594993006722207e-06
2.832685467576615042e-06
2.785653785295748573e-06
2.750710948838230677e-06
2.738824715338183741e-06
2.723185433723666858e-06
2.715918363469566188e-06
2.706149589273007626e-06
2.542394490455169803e-06
2.390053795195605311e-06
2.381831273019157820e-06
2.376902052725068555e-06
2.340916715912410837e-06
2.250280002051285262e-06
2.233058024785719665e-06
2.107736327739073850e-06
2.079877747439804540e-06
2.066530445770369520e-06
2.049637998232869070e-06
1.990198236988138446e-06
1.967779776331039471e-06
1.935051155866157536e-06
1.922156015312179708e-06
1.918392685469699000e-06
1.911956421470580870e-06
1.854285382308860287e-06
1.809749452609420763e-06
1.763304102499263213e-06
1.599711781300483639e-06
1.593479813321256312e-06
1.578544042783498379e-06
1.551087269567100993e-06
1.541137400000095172e-06
1.491010717337049672e-06
1.462147230737217836e-06
1.450760710560004752e-06
1.447544662002051435e-06
1.437199794799011763e-06
1.360123106995617425e-06
1.334941599440399685e-06
1.288505989636498723e-06
1.284687443532271097e-06
1.173401049559001675e-06
1.156992976891597715e-06
1.148493494902439495e-06
1.133406861638699507e-06
1.104630400803781467e-06
1.090976535455515813e-06
1.065406526926876133e-06
1.064617599843355910e-06
1.043853435587074764e-06
1.032420298510453181e-06
1.021794683078962939e-06
9.555279345246817515e-07
9.110899324896894991e-07
8.735200525716063998e-07
8.613483065475554652e-07
8.597750260015079795e-07
8.549124612458387701e-07
8.536224650874193438e-07
8.334310749462370199e-07
8.010432881181092625e-07
7.339577795123812735e-07
7.295051350743309064e-07
7.262577053987969082e-07
7.245291970323200663e-07
7.125326475543232507e-07
7.080135566729118588e-07
7.031947111467886675e-07
7.006885786426106375e-07
6.965263280866182492e-07
6.943946653732877318e-07
6.900871166317340345e-07
6.805136633191339532e-07
6.418377909029033586e-07
6.113120682229167545e-07
5.881440070400202962e-07
5.638639182859356578e-07
5.625097853157792165e-07
5.536848845167167799e-07
5.430720752967729896e-07
5.407466525090090968e-07
5.385690550863570184e-07
5.361382402264950782e-07
5.254202126758144788e-07
5.124694920963520550e-07
5.070681222870477833e-07
4.980962071888375768e-07
4.915000061461408137e-07
4.314860783902662168e-07
4.306824618463175447e-07
4.216176601660590305e-07
4.174508645309185903e-07
4.094421733721335361e-07
4.087092515554811838e-07
4.013047756321982176e-07
3.961094094143050878e-07
3.944221804399537576e-07
3.931777261931228641e-07
3.494253186751303992e-07
3.435814749265195350e-07
3.340404578607585955e-07
3.310103366412157452e-07
3.255966031340195279e-07
3.212782241694731265e-07
3.168047404026154262e-07
3.039041970466879723e-07
3.025738636832245833e-07
3.015059984151207288e-07
3.004696155927851253e-07
2.833268037943530896e-07
2.821610858876970388e-07
2.810761695906128330e-07
2.730894286985273807e-07
2.725747182132561352e-07
2.671810824669385010e-07
2.619556519814230866e-07
2.598449444597543071e-07
2.525962155489529540e-07
2.509030677525436807e-07
2.421061069901755844e-07
2.286786278589052813e-07
2.233164455215135921e-07
2.228356446947845752e-07
2.219609299185594454e-07
2.200951964154917193e-07
2.001903561895569099e-07
1.993948968034377361e-07
1.976735887452197870e-07
1.967463111642651228e-07
1.945196603975861034e-07
1.929597296788154845e-07
1.896583875325531630e-07
1.877487969308730066e-07
1.808704198615003648e-07
1.799338600169320001e-07
1.767834242334545937e-07
1.753680250499395244e-07
1.702127391413109001e-07
1.700690164078166295e-07
1.634576958131722881e-07
1.463759075530584302e-07
1.451541436882895165e-07
1.445683374096821817e-07
1.410039821079491056e-07
1.404572042674396653e-07
1.398190722932355132e-07
1.340171958852787290e-07
1.331649342142640916e-07
1.312805467178925210e-07
1.279306181877247356e-07
1.202783615275186723e-07
1.149046774533729839e-07
1.147820740939093042e-07
1.139006815013471973e-07
1.120173570372152407e-07
1.111764881303532875e-07
1.059606985073403973e-07
1.053835983823899901e-07
1.053064821048962209e-07
1.050673139955437973e-07
1.041663852642572477e-07
1.022414100731628154e-07
9.933707488336225835e-08
9.739755591938889394e-08
9.442945217059299463e-08
8.885775403920130187e-08
8.338135287531336933e-08
8.084510007081273435e-08
7.893998163221060980e-08
7.873078138206648461e-08
7.713376459154065095e-08
7.624163840956749449e-08
7.559494461194896325e-08
7.377781208420053460e-08
7.292416475123931554e-08
7.121118444253676451e-08
6.995979047169442885e-08
6.957600103224010299e-08
6.937551602102827108e-08
6.913716394919679516e-08
6.895143559387290085e-08
6.788396548626862466e-08
6.586054975427675324e-08
6.525942122601274991e-08
6.378328082853400515e-08
6.359824394105313406e-08
6.018098579106322021e-08
5.669544242656550212e-08
5.611241101508322334e-08
5.584661519054479636e-08
5.580417672048861827e-08
5.442565298078517572e-08
5.296747964467638332e-08
5.287099752066256303e-08
5.182807394869397994e-08
5.053768669767452070e-08
4.898486314894535476e-08
4.864032594666655275e-08
4.591675177552794474e-08
4.520989047722643959e-08
4.506299991047844231e-08
4.320089610553298381e-08
4.294604201477559612e-08
4.238827824945423183e-08
4.118060829185507263e-08
4.094652683466171716e-08
3.917652037609159509e-08
3.711017275039001640e-08
3.443946757011034311e-08
3.386084290108168008e-08
3.370121792897156433e-08
3.367017980566965885e-08
3.359832058995203902e-08
3.311226672089451903e-08
3.214120450685184514e-08
3.142693256993724143e-08
3.111708053385295634e-08
3.055432531032446107e-08
2.956317353946055068e-08
2.918839934192761103e-08
2.812022061055551334e-08
2.689244239556725054e-08
2.675001194515082007e-08
2.662081279895749484e-08
2.654240943021193991e-08
2.647119159668456163e-08
2.601921028450114875e-08
2.528305456858976807e-08
2.360853012550390456e-08
2.269682902565337527e-08
2.257999368934829666e-08
2.212840862918163423e-08
2.186057193466190560e-08
2.172738164817602373e-08
2.149323724638058154e-08
2.119547786076251957e-08
2.113186162150879940e-08
2.049324825015700632e-08
2.043422792673101752e-08
2.033797926800447678e-08
2.014097627783637928e-08
2.012085401740805744e-08
1.974616134578086395e-08
1.826063284399849376e-08
1.779977829353746060e-08
1.651033113081916964e-08
1.643497317948155262e-08
1.616999895391977139e-08
1.604394309584907996e-08
1.585124490184863727e-08
1.582049128992728750e-08
1.570275606593714415e-08
1.502443942549850463e-08
1.494215082197531110e-08
1.466680356070950672e-08
1.454502315643332324e-08
1.407968511474646631e-08
1.383740865520257777e-08
1.360490649930947793e-08
1.352297135932559256e-08
1.340880206205348242e-08
1.328963979129755327e-08
1.313966940782988591e-08
1.296397567694994223e-08
1.287810234019702460e-08
1.284016517198221893e-08
1.250998478179104915e-08
1.248289245950038073e-08
1.219588476813187610e-08
1.204436912337302091e-08
1.178021310590225664e-08
1.169683015376029200e-08
1.094961581808332829e-08
1.069683394926221174e-08
1.057954686136916879e-08
1.018082302326288653e-08
1.011031202630215913e-08
9.935104233515700176e-09
9.917321997818250389e-09
9.890975820040670084e-09
9.878683298744409591e-09
9.825900873404096480e-09
9.168835425311731430e-09
8.938343294681093611e-09
8.889801878145148961e-09
8.858588844534206155e-09
8.385954649748005435e-09
8.295105569079763454e-09
7.851371243706902890e-09
7.393393654126573469e-09
7.374590360918792332e-09
7.256632020719269831e-09
7.120874672744725023e-09
7.100999975901307345e-09
7.038928740428891475e-09
7.002436551000645145e-09
6.467419550908618041e-09
6.396883147603210376e-09
5.749828840387262376e-09
5.605107507733199797e-09
5.524886069882919619e-09
5.512544793847624941e-09
5.411588799250264538e-09
5.317139747557973022e-09
5.210237844851180909e-09
4.731448145190699192e-09
4.673368946168558173e-09
4.646503363040768569e-09
4.494041851634097465e-09
4.488768453209648052e-09
4.466723700962122721e-09
4.347341979981533331e-09
4.277894243070240352e-09
4.174206878459227175e-09
4.085996277644621535e-09
4.037921523070238627e-09
3.821323960666982668e-09
3.784461493012765704e-09
3.683087846564731824e-09
3.671481099870868588e-09
3.649899963009720448e-09
3.639499100007958116e-09
3.591843567894208116e-09
3.416194601714754701e-09
3.340447459038692295e-09
3.329111751193403283e-09
3.321491399430068738e-09
3.258596012261301388e-09
3.144965610847637031e-09
3.013946893854851410e-09
2.987574453159234396e-09
2.897294632512590660e-09
2.863429753243544577e-09
2.815347180987426645e-09
2.761203074855619022e-09
2.600927024108352152e-09
2.562337483676231359e-09
2.500479221238378581e-09
2.416203106432081735e-09
2.393055283706060798e-09
2.333584311719036501e-09
2.316112343935170171e-09
2.306742652232193055e-09
2.293149604620294615e-09
2.258300732259047306e-09
2.225344389282622241e-09
2.219206599586286426e-09
2.192264922003858303e-09
2.163761912918474364e-09
2.128494942845704836e-09
2.121864292791032533e-09
2.120142711699313070e-09
2.022677176948417541e-09
2.011116117152476302e-09
1.990629352182717031e-09
1.903250993947667861e-09
1.881669692163341008e-09
1.859728904726887430e-09
1.765920933765600405e-09
1.751102703200691539e-09
1.698963749666400799e-09
1.662604352414288712e-09
1.607417784384791631e-09
1.564300833582401196e-09
1.548378761020887742e-09
1.535686904101231728e-09
1.507055141855255919e-09
1.341096216466356973e-09
1.278148539733974048e-09
1.248915078136319757e-09
1.242468175063411241e-09
1.229226352798149744e-09
1.226305729874948573e-09
1.206333560381946561e-09
1.202532869054450201e-09
1.166671127955502692e-09
1.155148137334249666e-09
1.149962462589835523e-09
1.145156696666530153e-09
1.143753544016548714e-09
1.109676962003349905e-09
1.071005814988667911e-09
1.037128573134728683e-09
9.413806102718443657e-10
9.027730542666996698e-10
9.011578462351975144e-10
8.999093099416910820e-10
8.759753915653628438e-10
8.756406595331481866e-10
8.742940530409037386e-10
8.657984182418973407e-10
8.593333298371235007e-10
8.540164981329625069e-10
8.083110399500615080e-10
7.393566382671876657e-10
7.341208808572198166e-10
7.331285497238374636e-10
6.831331722287760752e-10
6.684360791656562422e-10
6.542602108570947491e-10
6.521448515731134559e-10
6.481460409344233583e-10
6.462277592207051835e-10
6.401747922023166922e-10
6.389701763954267800e-10
6.251768549038851867e-10
6.226835341724346391e-10
6.133385966520065732e-10
5.863986030884403549e-10
5.846473473800408868e-10
5.263313981577559823e-10
5.008468343759327044e-10
4.727700044994765616e-10
4.654896287084235635e-10
4.413404782630293493e-10
4.361732843977229790e-10
4.291322233477345215e-10
4.229479068960605014e-10
4.200782789136695443e-10
4.106630437471526322e-10
4.082257383161524664e-10
3.931202049814748934e-10
3.771586785074261845e-10
3.663046200673081734e-10
3.629232092223039720e-10
3.582482750984380567e-10
3.538042039847790294e-10
3.397248169933328462e-10
3.386905644836480950e-10
3.329194837615681984e-10
3.303377969244069702e-10
3.287807544903326436e-10
3.271998378993899593e-10
3.264062886970312296e-10
3.254623725347147566e-10
3.208988157998647750e-10
3.188244368267666012e-10
3.126699417936474887e-10
2.963175494235431158e-10
2.754066670420160226e-10
2.672712434327951380e-10
2.639110386218432759e-10
2.564323063287581653e-10
2.555686972292897030e-10
2.539862898737193868e-10
2.529421437062642914e-10
2.489592907944736095e-10
2.481792054881608350e-10
2.479210393637948547e-10
2.456494103342920503e-10
2.420220751172446291e-10
2.341461016226647607e-10
2.322711487757808823e-10
2.194567518273768895e-10
2.184955061835307747e-10
1.966642146731829362e-10
1.888694017681451195e-10
1.886520516076039590e-10
1.806592594940555331e-10
1.767528120786743678e-10
1.709121046421139761e-10
1.682606768974780642e-10
1.659453553033827520e-10
1.656426841842413575e-10
1.625827866735537743e-10
1.476461532602022481e-10
1.467531458013253863e-10
1.459379257406232182e-10
1.450113456654289524e-10
1.435455905669511283e-10
1.412314020612775476e-10
1.386803010591626381e-10
1.363299919957538795e-10
1.336173882744964395e-10
1.306424913580730172e-10
1.304033693833677986e-10
1.300922551137525882e-10
1.251723850949217083e-10
1.245321477864863642e-10
1.167117920780871978e-10
1.084257538394432984e-10
1.060823966500433197e-10
1.050376950661156293e-10
1.036638452944881988e-10
9.939713412181916069e-11
9.851633237743088297e-11
9.784820649202160908e-11
9.721220827975450051e-11
9.526594009542547466e-11
9.202680704755369861e-11
9.043601424325160016e-11
8.957187607261069402e-11
8.855456376350159739e-11
8.701219298832744551e-11
8.627095270936005310e-11
8.331859881637177369e-11
8.279571299935508481e-11
8.257849216875251840e-11
7.954868743984765300e-11
7.921510412195279178e-11
7.807332867743539879e-11
7.766382805749612837e-11
7.653497883334680211e-11
7.507182477098165011e-11
7.483312693374632636e-11
7.395652683238286151e-11
7.371179250018316307e-11
7.274910476996858204e-11
7.211389056370998441e-11
7.136132340485762567e-11
7.121827098850514055e-11
6.793272012160613351e-11
6.381599169686776626e-11
6.120475454902334435e-11
5.980078149056520866e-11
5.970967294374566160e-11
5.870988304657417211e-11
5.724864966629008485e-11
5.539826804421800516e-11
5.429160801342764064e-11
5.335162309414076164e-11
5.260642477041670355e-11
5.129577029687554275e-11
5.120047696992360210e-11
5.065645911151537265e-11
5.062470023945991550e-11
4.793213192146405325e-11
4.723606801839044962e-11
4.638134112529162983e-11
4.605472111590782712e-11
4.584643651917590440e-11
4.544001665407934637e-11
4.377277034048124424e-11
4.295481310714824987e-11
4.262604164448677673e-11
4.226365640379891947e-11
4.102536265270786248e-11
4.087499929354705157e-11
3.943947419760857094e-11
3.895091106517722567e-11
3.765268536761401761e-11
3.729957941346951116e-11
3.426636728641869114e-11
3.400310044369498727e-11
3.379525672799831329e-11
3.370046840157339726e-11
3.317831101997895431e-11
3.269279425835910732e-11
3.254276489945315745e-11
3.243449281710162339e-11
3.143799484288164008e-11
3.126871617254185054e-11
3.085450878366761656e-11
3.041942320203584646e-11
3.028139348473605320e-11
3.009558872756682250e-11
2.967823204384734015e-11
2.876853596902166220e-11
2.732094233974362143e-11
2.681258479237833682e-11
2.636298484719181147e-11
2.584514729524679730e-11
2.567577917609375189e-11
2.461330476092108393e-11
2.424865699773758073e-11
2.399964806038393418e-11
2.399165180358915252e-11
2.290352814984009483e-11
2.016905275128370105e-11
1.989430371405786814e-11
1.986340102438481122e-11
1.980013374534565837e-11
1.962693810755979515e-11
1.874800724689593834e-11
1.858238828155646796e-11
1.846481328286178044e-11
1.819602708081021749e-11
1.807382691291349557e-11
1.731945995287360744e-11
1.712381474542813866e-11
1.672066603712673335e-11
1.658863177897863250e-11
1.622805412869955768e-11
1.571218354587206686e-11
1.567690173992995268e-11
1.514799709366358771e-11
1.479531636250795548e-11
1.471611754673878379e-11
1.454636280516248088e-11
1.444366414480877386e-11
1.422081405281161455e-11
1.324439689509163244e-11
1.290705864356953726e-11
1.263968619507210791e-11
1.262196449394918254e-11
1.246121603911879026e-11
1.078535586198152702e-11
1.066230346367906508e-11
1.046077280239464957e-11
1.042554382049878866e-11
9.632310353115490938e-12
9.379522849592400324e-12
9.358556951745878901e-12
8.855755131600735119e-12
8.733959680981595737e-12
8.335881077789301527e-12
8.295692390992033359e-12
8.197931006395700071e-12
8.129514010459838642e-12
7.974629163511258026e-12
7.938340817344464383e-12
7.783788466093854411e-12
7.780258147448331939e-12
7.637825482967065793e-12
7.326610524097860506e-12
7.253829339806156144e-12
7.244222294259146949e-12
7.165973298168588899e-12
6.998695344186311110e-12
6.909036837666236247e-12
6.857215276656743646e-12
6.774039210196393711e-12
6.434442278651347583e-12
6.361278908123711214e-12
6.073799917195407321e-12
5.839602671973654924e-12
5.833626654729738507e-12
5.793955518111706686e-12
5.732639390468301022e-12
5.632882247021508217e-12
5.556051215467042969e-12
5.539560669635245276e-12
5.522871167904191608e-12
5.460014437392996850e-12
5.442476563569475550e-12
5.404006453980226382e-12
5.315136885670917196e-12
5.267652948250911815e-12
5.217066099739614482e-12
5.052239386673236550e-12
5.004500848696553204e-12
4.443311321267771511e-12
4.143044597490706732e-12
4.133643938096940054e-12
4.105492900705472947e-12
4.084872901170101704e-12
3.964588684298299517e-12
3.960803762842514163e-12
3.877161705244360003e-12
3.745525296396986447e-12
