8.673402854384588689e-01
8.368838262430141617e-01
7.954382741807517476e-01
7.237209362457523998e-01
6.533418714710679254e-01
6.030660625598976976e-01
5.507144421227416764e-01
4.815476639633926026e-01
4.073620557446966939e-01
3.457196974086797492e-01
2.970704150263384635e-01
2.546501728317504543e-01
2.199938117304877094e-01
1.975100852141065677e-01
1.797562684865337268e-01
1.629105724191906857e-01
1.518500569604731010e-01
1.417119416076033922e-01
1.301319678596155605e-01
1.176598116727988474e-01
1.081990691648700015e-01
1.002266759914851729e-01
9.097389842202896482e-02
8.374341518061535761e-02
7.685453700854061321e-02
6.923942726753481991e-02
6.445818007822037843e-02
5.941997934045081808e-02
5.382215059752020608e-02
4.827948489044568692e-02
4.397802704078929148e-02
3.828734927041230196e-02
3.367509442604346703e-02
3.097200749496327107e-02
2.873575709084156063e-02
2.570084472746668111e-02
2.388426302424771774e-02
2.201741473588861644e-02
1.980925932321652566e-02
1.780195711706078834e-02
1.683691450822328781e-02
1.504013221473834462e-02
1.355993558524413306e-02
1.212225568043042746e-02
1.052922863286910420e-02
8.607869824784128779e-03
6.692184655331267877e-03
5.807567014107701577e-03
4.956504801613523421e-03
4.032347547423821912e-03
3.350043823670313843e-03
3.026859762115816869e-03
2.457596911057673139e-03
2.005370703700824417e-03
1.708490198575970129e-03
1.324856249968212269e-03
1.076451011068798192e-03
9.692447611457699662e-04
8.060133496728350217e-04
7.127595158735924169e-04
6.460262420439626292e-04
5.919587615683660547e-04
5.090950678818230912e-04
4.259605596116123336e-04
3.715899642627102837e-04
3.181254703973903047e-04
2.477867100300479427e-04
2.102945646957644628e-04
1.736716374501580862e-04
1.320252586663562622e-04
1.037272457911898963e-04
8.607755732664549610e-05
7.607683600093946281e-05
6.194965393855826456e-05
5.018775872929092161e-05
4.419340747145732065e-05
3.658015079758960371e-05
3.172167943173411701e-05
2.890749432709316098e-05
2.498995173164039751e-05
2.133408672243835598e-05
1.952839166096971880e-05
1.688385651813913645e-05
1.383056804017836765e-05
1.228817091109161972e-05
1.108847776025382318e-05
9.962023229294131302e-06
9.167042457332814307e-06
8.318465462646134020e-06
7.384473860444334666e-06
6.681339288668914719e-06
6.116899652849362125e-06
5.395290499008602662e-06
4.612382458510496363e-06
3.973925036181789313e-06
3.555995941032029193e-06
3.016468166792132694e-06
2.505760808594087236e-06
2.296265613234803067e-06
1.963891970112949982e-06
1.743648509243686526e-06
1.526400723912657975e-06
1.231121251365824067e-06
9.982657089174024855e-07
8.467337873694703042e-07
7.393347326209609685e-07
6.516822711724909562e-07
6.012261867851322820e-07
5.302254142821564068e-07
4.781813860976198684e-07
4.405209817102080509e-07
3.962367917956060956e-07
3.809187273215203529e-07
3.452992874027758224e-07
3.178128392869333506e-07
2.975055527856280151e-07
2.834589774782199987e-07
2.704491703941826075e-07
2.476839505243392687e-07
2.318718246531499877e-07
2.004763182844012549e-07
1.667509848183828555e-07
1.534850753082477121e-07
1.269615311233656256e-07
1.131976758510425675e-07
1.003681256017810087e-07
8.677962525883844867e-08
7.896645002453920458e-08
6.840992297846565679e-08
5.789211495876638330e-08
4.643116953449046040e-08
3.478964284505008370e-08
2.917226490484677034e-08
2.279654721615200858e-08
1.935870853806848255e-08
1.689329326431129940e-08
1.388574375947907253e-08
1.263002771479192346e-08
1.044937019351153275e-08
9.248806908748474204e-09
6.893016074006981084e-09
4.927709180879428445e-09
4.017596153577706981e-09
3.379481064898921099e-09
2.669692633331790906e-09
2.383284591697971882e-09
1.899206018321220975e-09
1.613612701720039372e-09
1.286229894776692937e-09
1.142860884099614559e-09
9.250353355885437046e-10
8.045695377709016520e-10
6.402869557307424682e-10
5.266084459378709286e-10
4.416455897523865033e-10
3.829826754097885631e-10
3.145124322892699100e-10
2.453972768391290862e-10
2.052559705450576728e-10
1.544111449166853040e-10
1.324660004909383114e-10
9.696805702106386853e-11
7.117299778982096428e-11
6.349571194003100200e-11
5.216546235306228593e-11
4.207594441939198593e-11
3.254420020939868413e-11
2.481633252929983324e-11
1.922642521698155486e-11
