9.169573405800696131e-01
8.994157162262176319e-01
8.925767902924112152e-01
8.874719611907835315e-01
8.777201547063536724e-01
8.651648608580868594e-01
8.483954094421464198e-01
8.263137752426358285e-01
8.003200392072046254e-01
7.808547540305510459e-01
7.638343411653711890e-01
7.461556648170929451e-01
7.204039188698680984e-01
6.978821844473190872e-01
6.760086023506001185e-01
6.580904064973476242e-01
6.388961553724059605e-01
6.225975868343766040e-01
6.051114272945198325e-01
5.798685543677617460e-01
5.581790248347614503e-01
5.384897255388071402e-01
5.050636994580762762e-01
4.823825516141138081e-01
4.690061209245179885e-01
4.419814540651581525e-01
4.089682751925742821e-01
3.848135450948200753e-01
3.712492235594465062e-01
3.539860345438263778e-01
3.427596911278560365e-01
3.318143062244540142e-01
3.120736393616557747e-01
2.920476453142020756e-01
2.785490324885554481e-01
2.688653680537248514e-01
2.500125261541004673e-01
2.374447661680098576e-01
2.238415860824387038e-01
2.128357098142492909e-01
1.995786847648364504e-01
1.833420895234300352e-01
1.784549876371187282e-01
1.650433916187045158e-01
1.600572713582673889e-01
1.479035344185856138e-01
1.402431295093364283e-01
1.306306516625245218e-01
1.198247670429969103e-01
1.115040397645906955e-01
1.063066486440607666e-01
1.003048557178395361e-01
9.698419766994897939e-02
9.137752963716860855e-02
8.547847733432405171e-02
8.428809157954310349e-02
7.903362991670272175e-02
7.577853847102983265e-02
7.072773953312123940e-02
6.832662921045966342e-02
6.544218325656041280e-02
6.321719900354656752e-02
6.032325772967785799e-02
5.835753194466588439e-02
5.445870682483335001e-02
5.148495236683405668e-02
4.972973929599933812e-02
4.728044829210585609e-02
4.667956151323687103e-02
4.431076561772681610e-02
4.300881498756541077e-02
4.120040805062614997e-02
4.007674663391801173e-02
3.908333572609813678e-02
3.837219774334450773e-02
3.707613499882906477e-02
3.638955871061553410e-02
3.528821050343058235e-02
3.454171236688439312e-02
3.269977179158019970e-02
3.175585585418111423e-02
3.120410356227848112e-02
3.010845779227049740e-02
2.868641729182463615e-02
2.699996986612414676e-02
2.627193343726577993e-02
2.524149948303788804e-02
2.386822279107761458e-02
2.300397578004107976e-02
2.127117204781404924e-02
2.037233405244098794e-02
1.913447837989369626e-02
1.800971605605514170e-02
1.752157378096209916e-02
1.628295439335896572e-02
1.598440674218669713e-02
1.449174574535990086e-02
1.418711540731155615e-02
1.350814543276836893e-02
1.272318327970678627e-02
1.171877794353413070e-02
1.123543518295679229e-02
1.056733183613774510e-02
1.024280089363847727e-02
9.540255462108704690e-03
9.287047888905110640e-03
9.134024787756746255e-03
8.598473462302318529e-03
8.368852149376833360e-03
8.065186099671540348e-03
7.807036569362048664e-03
7.442003130699340226e-03
7.162397934573324146e-03
6.898203908006746501e-03
6.354001126207806972e-03
6.144708188061851276e-03
5.942733560429947631e-03
5.635896974035446531e-03
5.414104101665818437e-03
5.313698761948562783e-03
5.201502478370477120e-03
4.880682348729812291e-03
4.608165133388928379e-03
4.335421563901595450e-03
4.184851825518073019e-03
3.956247064253673972e-03
3.847415506865769271e-03
3.741609193361197620e-03
3.519003129685270917e-03
3.307099867538907008e-03
3.092068220485608837e-03
3.014825325027872729e-03
2.938227112358445751e-03
2.656906246586487885e-03
2.499760424291020897e-03
2.290753163493449221e-03
2.177469117394170792e-03
2.093783676084433765e-03
1.940712163510259405e-03
1.880179024441182636e-03
1.771131778933204837e-03
1.655402646966347077e-03
1.568621270212850220e-03
1.452873307566741315e-03
1.408180595567128796e-03
1.378002779637335943e-03
1.257350389866800262e-03
1.202492718741142875e-03
1.120801573082468462e-03
1.020595308674257387e-03
9.530447888045817705e-04
8.882869231260981987e-04
8.357375612767691192e-04
8.084209555764195485e-04
7.456129439534674641e-04
7.378882085272692572e-04
7.051712293920616489e-04
6.819782975416758359e-04
6.519542102453810542e-04
6.415200991169588054e-04
6.101546465081691701e-04
5.952728457446230864e-04
5.847637368979068150e-04
5.532210740533828998e-04
5.223948235990615897e-04
5.020460858547551872e-04
4.422608456608439066e-04
4.301470836363384962e-04
4.093588654390018411e-04
3.882384852102220498e-04
3.616451480621008397e-04
3.509456190798276257e-04
3.153086747097881321e-04
3.042014096393251565e-04
2.790336064263848940e-04
2.628804741342157252e-04
2.568642917079774204e-04
2.414089350944469462e-04
2.306505762930200279e-04
2.259254079808108672e-04
2.178798875126289596e-04
2.115079357427929229e-04
2.050250962911368306e-04
1.999404409547414301e-04
1.936685665763374716e-04
1.855288527974308609e-04
1.816493297741023484e-04
1.754118531453876606e-04
1.707832536600814458e-04
1.616427494058777213e-04
1.590841774982768020e-04
1.564589872065405801e-04
1.534849486182350803e-04
1.476876200128972761e-04
1.453516942551999578e-04
1.431802580611309442e-04
1.373839639625470553e-04
1.318468296387000766e-04
1.284037379612637628e-04
1.249069312446581144e-04
1.137717054858228966e-04
1.089729589744261809e-04
9.911307072557982306e-05
9.518781527228301466e-05
8.842235978165093838e-05
7.996701332264024773e-05
7.602635054626774732e-05
6.873303104466735975e-05
6.237097264229427549e-05
5.469681017559455328e-05
4.814343412397505936e-05
4.478953618740683291e-05
4.212666191972918168e-05
3.411022110618409253e-05
3.207819518211749816e-05
3.071962732505234631e-05
2.633001257308824821e-05
2.542503926205753133e-05
2.414842391485704746e-05
2.290480936319668850e-05
2.112183119896307544e-05
1.903679196592478122e-05
1.854002058289402365e-05
1.615453645951911885e-05
1.541697163663885594e-05
1.471259461892705991e-05
1.365714020946180801e-05
1.195069190474099634e-05
1.143279903317170822e-05
1.054101083565350538e-05
1.005651004850355114e-05
9.695923716932804189e-06
8.936565420869637338e-06
7.670505056010688073e-06
7.326151176316610087e-06
6.375290028534782308e-06
6.039030668344746625e-06
5.570111005589826568e-06
4.719262457065353191e-06
4.567937671334027325e-06
4.409261286286883108e-06
4.080237912174173489e-06
3.766263812024119966e-06
3.622569045736803993e-06
3.382737505893286263e-06
3.241504267322395697e-06
3.021487298523039117e-06
2.819616525757278146e-06
2.636868619048644990e-06
2.518559192093930979e-06
2.277219831587104822e-06
2.227323224904843592e-06
2.118051083317310614e-06
2.005380078700400790e-06
1.964014722575104877e-06
1.857505901371588823e-06
1.751705928061932302e-06
1.617620617986401542e-06
1.499924120629459899e-06
1.450163288375768511e-06
1.354924733756719094e-06
1.299887687505979527e-06
1.266436927643041446e-06
1.222383043775943952e-06
1.153458593814434340e-06
1.099549180570393375e-06
1.071486956992233390e-06
1.009515704679412998e-06
9.681275288583596906e-07
9.166698375838138653e-07
8.721604378876472700e-07
8.504145630797058384e-07
7.773490040813988564e-07
7.149354439933560440e-07
6.946147207535521875e-07
6.424345772034140583e-07
6.062884291609268138e-07
5.840681940467929339e-07
5.727177676661529876e-07
5.250828112716018228e-07
5.048955783042761265e-07
4.727774852594845312e-07
4.490040891004084704e-07
4.226838604248362006e-07
3.917803767176481541e-07
3.804226806747685167e-07
3.646797345029237429e-07
3.399530131858076828e-07
3.146285146017149624e-07
3.076565394723048653e-07
2.944007017737000550e-07
2.750494769764364698e-07
2.592825098710226396e-07
2.530795135707240441e-07
2.476303562601467630e-07
2.363286230353566975e-07
2.321449712520782947e-07
2.238462457781795383e-07
2.179786938048460419e-07
2.097950016552132942e-07
1.989968543631842407e-07
1.915846354427521459e-07
1.876661248424677119e-07
1.735187368457180630e-07
1.624446156767355731e-07
1.586610789875039768e-07
1.487373929717710785e-07
1.426309487959020401e-07
1.352661181970444205e-07
1.313625823748346071e-07
1.226392706179775472e-07
1.155011595442972086e-07
1.109262076513841984e-07
1.041309276892256347e-07
1.009304758337523247e-07
9.714158379781160462e-08
8.899176116773539376e-08
8.364512462242890528e-08
7.519642187351688721e-08
6.645712945011546765e-08
6.533983792823085478e-08
6.032657519006085425e-08
5.716834104717441370e-08
5.505837972597353015e-08
5.423810844470718693e-08
5.223460788677026846e-08
4.956264006427239970e-08
4.862213132594012003e-08
4.727891094881954704e-08
4.446597654973529648e-08
4.368689119728128010e-08
4.188676877027678890e-08
4.008379247021106075e-08
3.878997253396271719e-08
3.771670238179500271e-08
3.600292533747096993e-08
3.505054159949148257e-08
3.351600971990604711e-08
3.211025774700266434e-08
3.110264277816323512e-08
2.929883809673190487e-08
2.761029286661125109e-08
2.619876173345338462e-08
2.542158372873517806e-08
2.466778192495591787e-08
2.334860728209374836e-08
2.291942940409223738e-08
2.164978292975639706e-08
2.139013016139473976e-08
2.049904151200423575e-08
1.985813266802083603e-08
1.938636440999286726e-08
1.879586801421837377e-08
1.765686765082534647e-08
1.734351953895821204e-08
1.652132824719630349e-08
1.558358941214715119e-08
1.502086495287431211e-08
1.456527184650515516e-08
1.371440353033867289e-08
1.341180890446313726e-08
1.316314078316628098e-08
1.218121375409533928e-08
1.178749853500354392e-08
1.132858991291984321e-08
1.012819155483406710e-08
9.462500729492715869e-09
8.782954678866553196e-09
8.242704473727056161e-09
7.913354322638465846e-09
7.092386891377395670e-09
6.184880260486389819e-09
5.934122434317171470e-09
5.563153138415481039e-09
5.309784351381333701e-09
4.422387286238555181e-09
3.931527131724110959e-09
3.391048778553863021e-09
3.187556686987277144e-09
2.988448301759481643e-09
2.761871941150985070e-09
2.526443780889706471e-09
2.182340808863787837e-09
1.979025170752211714e-09
1.825667640958931248e-09
1.710097692569205991e-09
1.631386066001284797e-09
1.488758881769824586e-09
1.288090864787590639e-09
1.219438777118141441e-09
1.174469237975347759e-09
1.104943153786798602e-09
1.008973902164922415e-09
9.772405431068328449e-10
8.890972794470430389e-10
8.547013215034834219e-10
8.371922811823007307e-10
7.750907023044000488e-10
7.511390424172234965e-10
7.307720950638589392e-10
7.131262350166584627e-10
6.642062199488151383e-10
6.070395116388797061e-10
5.831399532688480010e-10
5.049344605342421959e-10
4.692426339977044010e-10
4.287116978293494309e-10
3.951000447447533156e-10
3.701305115803913124e-10
3.494517131090862714e-10
3.342989175026172613e-10
3.163723894014237377e-10
2.983251483629695502e-10
2.719795936509809493e-10
2.556173505299403683e-10
2.475871600522496746e-10
2.185352805042046512e-10
1.925942403219556216e-10
1.724721665088172221e-10
1.582923816300796558e-10
1.298681152812036073e-10
1.244344934757020894e-10
1.181654767039319065e-10
1.073571663557799170e-10
1.020197804898496663e-10
9.084071870868658342e-11
8.227822534905856247e-11
7.817180358285427199e-11
7.239502833727121327e-11
6.882188319968562230e-11
6.049046476457097494e-11
5.833959705016110700e-11
5.374143062368126196e-11
4.902006452563174630e-11
4.248453857560475165e-11
4.125058127012693042e-11
3.863431761814625968e-11
3.554367788003677893e-11
3.349146564082671885e-11
3.033173344887901277e-11
2.684541019356500631e-11
2.512294917090723637e-11
2.253134670349806990e-11
2.051109641841952708e-11
