8.977189224992719874e-01
8.598894836111549145e-01
8.435263142515905255e-01
8.300656299841929764e-01
8.011344774377882061e-01
7.665299693403340164e-01
7.322177078352469781e-01
7.035545827012859021e-01
6.729221875817888998e-01
6.500372823279184642e-01
6.260494506104028467e-01
5.956618274781925182e-01
5.655579569190916089e-01
5.323122357800833537e-01
5.062635713461047793e-01
4.807580468159359244e-01
4.563979133131447208e-01
4.342255895106815755e-01
4.112748889513209161e-01
3.898495212197344295e-01
3.730044960298252166e-01
3.524943257841358091e-01
3.305293562420997255e-01
3.135908448841075447e-01
2.966175620369640442e-01
2.814150450719438701e-01
2.708713196349470942e-01
2.542951478107366992e-01
2.375781968385718701e-01
2.226824936684600464e-01
2.174405718740496651e-01
2.051054564172660744e-01
1.935311201933917757e-01
1.841033398549182798e-01
1.783749905350555109e-01
1.719447071012051298e-01
1.632872957221785104e-01
1.567450997741164365e-01
1.520746931345627884e-01
1.456517768494443588e-01
1.396388756432518918e-01
1.313766775807317100e-01
1.229684914710063998e-01
1.151810977211999848e-01
1.100409769962362033e-01
1.036117196540340679e-01
9.551818151493444986e-02
9.256946848936864480e-02
8.532692152583484790e-02
7.665836660094965671e-02
6.786061561473280546e-02
6.397317683819694900e-02
5.901040448729564375e-02
5.544771853705460218e-02
4.926225491015998742e-02
4.449704665939469006e-02
3.974933476492399642e-02
3.594899507422050222e-02
3.474125958109450935e-02
3.289836578902013975e-02
3.145468883188956566e-02
2.902560688041328635e-02
2.730417835862352163e-02
2.654184471529817679e-02
2.490877882302173010e-02
2.329054392228364564e-02
2.236794412335742915e-02
2.153112479947560248e-02
2.057127649627585667e-02
1.868210988861890992e-02
1.748363809713113573e-02
1.590797782282686243e-02
1.399420427208678333e-02
1.353912241935232783e-02
1.195279033320875012e-02
1.079285919759463003e-02
1.011555414168877932e-02
8.826348306514760975e-03
7.977434355162590571e-03
7.368167421550595765e-03
6.559359168991689415e-03
5.890137662307788624e-03
5.679651463332751476e-03
5.181060726453501006e-03
4.868218181853212721e-03
4.546528941943204193e-03
4.391792385039935097e-03
4.187950972337563076e-03
3.888527326042298757e-03
3.525772078091459448e-03
3.406802316692496887e-03
3.180545926394726022e-03
2.978662392713404307e-03
2.666582598547382905e-03
2.471660496429480946e-03
2.364437977118605261e-03
2.235749730317550341e-03
1.999431320723509247e-03
1.839722340066290247e-03
1.710412997504554347e-03
1.572876115416136245e-03
1.509601233653912796e-03
1.384025719706603874e-03
1.316443215409048278e-03
1.200707169032054706e-03
1.170120320744824985e-03
1.081058269832564905e-03
1.039583864018233869e-03
9.315803078194812709e-04
9.018044735413663577e-04
7.969784823938386858e-04
7.118892590339280426e-04
6.391923704587076710e-04
5.707520304961027132e-04
5.081166458248379154e-04
4.764960085736517979e-04
4.016474986832528258e-04
3.798372152699625568e-04
3.404011653417694057e-04
3.006689572563989057e-04
2.764979892803927993e-04
2.382062637726011488e-04
2.068039812916426751e-04
1.958822123030046637e-04
1.756274933897717782e-04
1.610446363892875925e-04
1.531433523551844523e-04
1.445182491573067667e-04
1.292915517516729073e-04
1.189687994607236586e-04
1.090825992282287065e-04
9.655400290435100575e-05
9.255501525569709352e-05
8.418202838141260506e-05
7.641723585849557294e-05
7.164935220624956227e-05
6.702242014904456649e-05
6.261593032940316467e-05
5.878870645505770190e-05
5.247785875322722598e-05
4.689605555865912013e-05
4.151100688532009608e-05
3.917969006953249378e-05
3.593094472151389836e-05
3.265400416480974201e-05
2.948233134170508363e-05
2.616361058239663774e-05
2.515628310328845986e-05
2.139227677817944772e-05
1.815189184841974027e-05
1.688395354439784426e-05
1.466253333885271424e-05
1.227760531715269601e-05
1.137680544145002586e-05
1.027669574476982507e-05
9.427007030165733854e-06
8.642645056250982660e-06
8.289589969826496359e-06
7.834259468371633625e-06
7.301881578342647070e-06
7.004907628986464505e-06
6.538339907992574981e-06
6.012044864678627024e-06
5.647732882813856150e-06
5.123060683019113212e-06
4.871264286915674481e-06
4.586474451702766097e-06
4.354072202849620757e-06
3.963385929316815864e-06
3.798109044951757018e-06
3.561364592819097586e-06
3.350028494659178752e-06
3.121913287314821123e-06
2.838555192441716569e-06
2.464740909545711930e-06
2.196355709229142748e-06
2.016588481843604081e-06
1.740641528047547968e-06
1.565532683245551419e-06
1.486089268906155721e-06
1.345515497649234096e-06
1.170961400155610799e-06
9.856187301094632386e-07
9.385455188720315802e-07
8.596028351239965261e-07
7.749561964375762849e-07
7.011105480736091603e-07
6.667812813491771370e-07
5.621270402814769110e-07
4.675565200345348716e-07
4.169668418256923588e-07
3.841218814196832478e-07
3.463475809466478176e-07
3.160777813361996648e-07
2.947394938869607219e-07
2.717774892974827482e-07
2.540992698119500345e-07
2.226589567054971643e-07
1.984782490791764201e-07
1.868166370618006402e-07
1.637862869530704478e-07
1.564993711162877238e-07
1.397433960209231861e-07
1.222102391982528529e-07
1.102146937770751819e-07
1.023294663039369669e-07
9.616917554773208711e-08
9.280779036520704204e-08
8.256150779668653317e-08
7.351008022706950893e-08
7.115660490105579477e-08
6.530418626081695580e-08
5.953229467645480641e-08
5.397253825241683862e-08
4.775581266214199391e-08
4.258071885246427342e-08
3.482971113338237620e-08
3.025639027408245288e-08
2.781935332270897742e-08
2.642346132801730970e-08
2.277021051630139128e-08
2.165398790020046986e-08
1.999763721576966398e-08
1.710384867501506112e-08
1.497082273171225867e-08
1.347489571500346455e-08
1.268959129184558757e-08
1.107827132976968642e-08
9.680206383237331405e-09
8.479552555377798256e-09
7.212809684124256210e-09
6.003445080134475567e-09
5.505359030035718613e-09
4.699463532965000400e-09
4.188817006844895468e-09
3.586978991570152794e-09
3.388707291993573622e-09
2.869480268541315446e-09
2.626425692885435135e-09
2.246163375245472740e-09
2.032367092230330132e-09
1.839427594193294449e-09
1.757745520720729864e-09
1.646115442155492317e-09
1.524061626141415473e-09
1.402484143765360617e-09
1.363361346196087480e-09
1.252468614124355962e-09
1.223782759342825246e-09
1.105835105364177421e-09
1.050386111507015098e-09
9.641708301345069779e-10
9.072367929471045557e-10
8.171951759611177420e-10
7.436707264007073251e-10
5.964119800205353187e-10
5.044520601489444421e-10
4.531857547660305417e-10
3.999840356451102313e-10
3.504503669345796561e-10
3.251227568258557007e-10
2.613883402011368368e-10
2.255168897689271879e-10
2.137235363859482684e-10
1.927952050633451944e-10
1.746473658677921918e-10
1.560685220633328738e-10
1.428497732654352998e-10
1.281212478833719175e-10
1.119525774538828231e-10
9.911232652535427769e-11
9.022711370863632716e-11
7.474898609754150928e-11
7.217632507135161214e-11
6.322028184002004849e-11
5.610275587971193175e-11
4.613524024168119863e-11
4.126890609273429942e-11
3.768993882582814409e-11
3.535555611769700396e-11
3.280978530793484938e-11
3.168236074777965492e-11
2.970687436533486904e-11
2.805834845662278220e-11
2.637885895672514877e-11
2.455992156749141776e-11
2.351276956206652216e-11
