7.874157342014920236e-01
7.464767174942776862e-01
6.775726562102393213e-01
5.855546925904673294e-01
4.613422497649800613e-01
4.053133901421880902e-01
3.320625112742741081e-01
2.686988071227860986e-01
2.235161043028738859e-01
1.948575280646543395e-01
1.662175206148717443e-01
1.446851445655413237e-01
1.181578137803000889e-01
9.421944411161185806e-02
7.174046275340659196e-02
5.622873717519146636e-02
4.263014414603066848e-02
3.063400755607881623e-02
2.272884363842993249e-02
1.761145613131131701e-02
1.335153304884197784e-02
1.001589903942801986e-02
7.603017622887835170e-03
5.657586234053073836e-03
4.414417009875420267e-03
3.749134719724614862e-03
3.160645176659677893e-03
2.482319104133249524e-03
1.785577409503177893e-03
1.348121277496027327e-03
1.139748624285418389e-03
9.776581740479255503e-04
7.882630807568092104e-04
6.672111520084450216e-04
5.864095170726665602e-04
5.373791186970290320e-04
4.777194889359210857e-04
3.969137715864078705e-04
3.348286638746544278e-04
2.827159906184085981e-04
2.215459272663657629e-04
1.825877164318973197e-04
1.507898519928098488e-04
1.242471162369503405e-04
1.053304205773840726e-04
9.048744429353448794e-05
7.851248761782935739e-05
6.415992755747882976e-05
5.602461034459939608e-05
4.712178799245561362e-05
3.648357965401357293e-05
2.747318693897149393e-05
2.139882053859015556e-05
1.608623263243214523e-05
1.308990476069684991e-05
1.161042824841534242e-05
9.042192908817308562e-06
6.813708662442121508e-06
4.790549680605611540e-06
3.140644701571822516e-06
2.643675028994867973e-06
1.986114464852807470e-06
1.545023607674440040e-06
1.188565431103967157e-06
9.029585561446363649e-07
6.936141187675029965e-07
6.138524668264167009e-07
4.670899748316216533e-07
3.712411630950624195e-07
3.097016325503578753e-07
2.298922664293318745e-07
1.810956172317612469e-07
1.392990766735237470e-07
1.145373312443398337e-07
9.383020081352575125e-08
7.505875098086059640e-08
6.565935423129008158e-08
5.506391968150171213e-08
4.976596486650990625e-08
3.965344735873317499e-08
2.981323482046778264e-08
2.298928011073838910e-08
1.499588126891076505e-08
9.753035814693278253e-09
7.883801675790217764e-09
6.405051764892749238e-09
4.693886888001229111e-09
3.559832607342880335e-09
2.893031079219622652e-09
2.270007983860447161e-09
2.011276718053648129e-09
1.503840718615710920e-09
1.039706921937870815e-09
7.930211620652698275e-10
5.730075645216203365e-10
3.754945412967715867e-10
2.803360898175367164e-10
2.253131649770739979e-10
1.698240255090658498e-10
1.339202936743021992e-10
1.195977179462441366e-10
1.001397881693953415e-10
8.331238877443417725e-11
6.355579889848468229e-11
4.734221725823440874e-11
3.495825626961845057e-11
2.701162005542455877e-11
2.268951553881524291e-11
1.743095203147784940e-11
