9.414937137302669123e-01
9.292674054178813314e-01
9.161842834186745277e-01
9.061616604774690442e-01
8.897558642634377790e-01
8.611556948339268436e-01
8.280021780006052712e-01
8.062586989082645150e-01
7.851440914219105505e-01
7.679064069883064780e-01
7.487419252497918842e-01
7.230598865390283070e-01
6.985872998867693751e-01
6.787853298352638509e-01
6.627332177932395707e-01
6.491815353412574430e-01
6.359550870082829599e-01
6.163345606049491776e-01
5.996196306113164010e-01
5.855471369352385214e-01
5.728806834813338078e-01
5.618047574913307418e-01
5.482278471263606345e-01
5.336566597173828530e-01
5.192858500780732633e-01
5.057123235454354937e-01
4.942797168989864209e-01
4.872122995321014338e-01
4.768813934410313093e-01
4.638115859465696267e-01
4.524257701255053887e-01
4.457250140995375198e-01
4.359623841878990103e-01
4.199631674762069888e-01
4.064590426167987158e-01
3.932178885351884090e-01
3.852941001398604848e-01
3.745075303454712956e-01
3.604269312162872718e-01
3.499683167157187635e-01
3.370540895740517517e-01
3.317958726909930878e-01
3.214781180525062565e-01
3.105280248453767267e-01
2.991311999668577193e-01
2.884352302639328069e-01
2.805135798694594618e-01
2.667091120830892836e-01
2.560649452184961539e-01
2.493437190199264131e-01
2.388683468360481843e-01
2.301660223530114513e-01
2.176000833201634510e-01
2.084923179743048971e-01
2.014719162916701889e-01
1.932120284652971420e-01
1.822420434006795376e-01
1.693049006294101433e-01
1.590005147148178255e-01
1.510521731624178410e-01
1.447243936887314397e-01
1.380006258007424880e-01
1.345049191115559872e-01
1.270962027203564881e-01
1.211174594384768766e-01
1.155915240576155939e-01
1.086115548737522640e-01
1.023401844423277168e-01
9.970326004539949161e-02
9.256695596458044961e-02
8.822495671320010335e-02
8.461137143225516688e-02
8.198445116605136695e-02
7.979283158054452374e-02
7.634485758754153140e-02
7.310460976379713760e-02
7.166085608010623609e-02
6.841878262577562320e-02
6.616745970126723664e-02
6.458652747661618176e-02
6.157820075915994285e-02
5.912579830216722204e-02
5.699290842421713549e-02
5.529269828925358760e-02
5.312095087314411268e-02
5.220534358389355284e-02
5.094179254971409332e-02
4.949715102728401150e-02
4.829507540391859283e-02
4.621082712413329685e-02
4.408694711351790474e-02
4.256593248491530312e-02
4.139503051898792141e-02
4.085507424904171597e-02
3.978249696215972048e-02
3.896624762324311930e-02
3.772885288663754139e-02
3.677915986493871664e-02
3.602867197715784592e-02
3.531569977077509553e-02
3.460351303785022536e-02
3.399507976588014846e-02
3.280028167635756081e-02
3.184829018643287046e-02
3.117054921447645274e-02
3.022015614662647981e-02
2.948216348414728002e-02
2.898219403966625224e-02
2.792471235756155065e-02
2.757953514453743635e-02
2.648026709075734786e-02
2.618388084104531291e-02
2.516029246778915540e-02
2.467782868525756138e-02
2.404476135870729780e-02
2.344039877183223819e-02
2.251091622164537454e-02
2.187895115838313018e-02
2.121138006959559161e-02
2.084432379429525597e-02
2.023792280870419930e-02
1.962117340451953809e-02
1.909326472861414686e-02
1.824074326563136783e-02
1.792421269073215737e-02
1.703403184652037272e-02
1.642095959537960559e-02
1.571698383630552517e-02
1.492142317673185274e-02
1.452144134848913984e-02
1.407816312239829927e-02
1.337278551135688380e-02
1.312775859360422633e-02
1.270761969463469337e-02
1.231568968438049791e-02
1.206443842964147022e-02
1.157598267829682004e-02
1.132451967094444054e-02
1.096117659999719905e-02
1.046299316148642002e-02
1.022011663296404360e-02
9.968941438308214636e-03
9.488918855120379720e-03
9.293910341505959641e-03
8.930968259453801392e-03
8.462440147665391960e-03
8.276994133669387382e-03
8.015179233037402623e-03
7.521160113818120552e-03
7.157095090525850307e-03
6.756335799402029413e-03
6.315422067286562829e-03
6.117133487099421854e-03
5.825212063081992506e-03
5.708288112893025387e-03
5.530207700075531058e-03
5.143557264259399076e-03
4.930014029000919645e-03
4.693923651371804603e-03
4.498709056211770523e-03
4.274192787099053044e-03
4.065999688397384064e-03
3.944798402569719975e-03
3.764426132241909667e-03
3.571607531246355580e-03
3.400354540678110320e-03
3.185946806579388179e-03
3.084030366333790317e-03
2.946234797558134819e-03
2.866437251252282326e-03
2.803235927589793012e-03
2.674345701490593325e-03
2.599749541286277676e-03
2.527985639735171042e-03
2.427265325762723719e-03
2.363520586278994567e-03
2.272303342627404570e-03
2.229441947368267143e-03
2.159800561084011632e-03
2.001901382737438038e-03
1.916314073348868120e-03
1.829438187670127773e-03
1.738757891254337539e-03
1.695056110852911826e-03
1.597658957532265564e-03
1.449321472382641843e-03
1.392550623114781339e-03
1.360034043100883088e-03
1.278276610547295512e-03
1.252867009558385073e-03
1.177475995227048869e-03
1.151841548449277332e-03
1.134441638787133571e-03
1.104739922628818162e-03
1.072626847692364788e-03
1.061570441436868791e-03
1.045682338182137060e-03
9.997913578336538581e-04
9.807949295769851587e-04
9.524466385398871115e-04
8.947453817518883062e-04
8.735133820329535814e-04
8.438571517986736149e-04
8.135803962210152529e-04
7.895798869799917300e-04
7.776614776551877758e-04
7.214063494086071478e-04
6.946974270742298013e-04
6.514419678994012516e-04
6.202017120173911394e-04
5.871731526534393385e-04
5.628014545286010983e-04
5.508223942959998955e-04
5.289505948315879934e-04
5.051402667741029763e-04
4.962571451293925013e-04
4.792443979418042183e-04
4.586452184019446251e-04
4.298527674891139730e-04
4.171363138955481976e-04
3.949499696753640547e-04
3.806552050404299814e-04
3.691870377033679216e-04
3.544145792099464968e-04
3.325117418743295077e-04
3.230722790794377680e-04
3.133481666763864742e-04
2.997339368052548414e-04
2.900218124986101201e-04
2.722106198351931521e-04
2.673838231075275013e-04
2.613746082329698305e-04
2.514959991904387390e-04
2.467323569373358031e-04
2.412453893983778123e-04
2.381010068905264551e-04
2.262070265657242546e-04
2.194543592052804594e-04
2.116626901253433135e-04
2.043734471240022819e-04
2.003841849378013040e-04
1.958114230579037583e-04
1.830902886094562499e-04
1.753861107267017647e-04
1.727989493493293138e-04
1.650068709173469329e-04
1.580811965652519969e-04
1.546201929778497173e-04
1.516986159145928702e-04
1.438255282460576133e-04
1.377344303667330341e-04
1.304030326176006691e-04
1.245103475095728880e-04
1.184858299273329268e-04
1.148901583524253355e-04
1.085843127683088811e-04
1.048610982170645111e-04
1.015588405317343891e-04
9.661157739557585064e-05
9.167212428296075304e-05
8.821791379490585871e-05
8.440264784621930689e-05
7.966986980836396489e-05
7.859867377460981724e-05
7.450422103859164922e-05
7.291829222500144879e-05
7.112274014445152024e-05
6.958735447773119491e-05
6.842316332833878764e-05
6.608272536482364822e-05
6.343948315781685601e-05
6.238682233284592387e-05
6.043842912480531734e-05
5.808027629437665268e-05
5.661294799711711929e-05
5.528088088888201255e-05
5.183331774769633546e-05
5.150274841204981121e-05
4.735932149648442146e-05
4.556290011535754967e-05
4.428671347347990422e-05
4.231845183599614599e-05
4.173773871034020254e-05
3.987301818754075694e-05
3.879935812592911164e-05
3.823941283287590081e-05
3.736304584448001467e-05
3.664951525305668652e-05
3.594003001078148278e-05
3.520461281966820401e-05
3.457033015962133831e-05
3.283958107786628651e-05
3.255237889310158192e-05
3.081558675208627158e-05
3.045674741480507641e-05
2.952189073803219939e-05
2.920350466563546136e-05
2.828010814010302628e-05
2.785439289317278035e-05
2.713770310676156506e-05
2.588606423898697918e-05
2.542326866861540800e-05
2.452547178407441967e-05
2.345015646256569625e-05
2.232848159215785973e-05
2.170194612983438807e-05
2.046993454962816827e-05
2.026226718847094687e-05
1.921272490111128689e-05
1.859537915224937884e-05
1.804116867047492144e-05
1.732558242831304810e-05
1.675274490516300585e-05
1.556692471042552399e-05
1.527424754758866250e-05
1.477326617195729363e-05
1.395051408157650273e-05
1.360049556590678896e-05
1.326000517676096532e-05
1.232049424973372601e-05
1.197106795866878890e-05
1.150640553406194651e-05
1.128622839734841263e-05
1.096285520963759658e-05
1.049274506155255285e-05
1.026560020140909892e-05
1.000623965424231672e-05
9.568447530943853036e-06
9.233763174667809285e-06
8.844398308298207878e-06
8.687254648667905435e-06
8.436555502086089448e-06
8.099213053582790132e-06
7.949014010427718857e-06
7.652510966970444981e-06
7.366477672646265820e-06
7.312149872305387895e-06
7.046140970297381767e-06
6.694267904580016024e-06
6.413825181519389674e-06
6.149646171761673460e-06
6.077653661092030761e-06
5.843691070179595187e-06
5.569625640202458501e-06
5.394550193077420552e-06
5.169556336082703900e-06
4.978751011998236737e-06
4.812453344810305000e-06
4.593143850445400996e-06
4.418921399228404517e-06
4.303271939743784619e-06
4.072021693157467617e-06
3.924901052438723578e-06
3.821644388251520977e-06
3.658672346786609499e-06
3.569766949961379397e-06
3.444516442984053596e-06
3.390187380616560494e-06
3.276214886479286045e-06
3.055820097360611979e-06
2.976564433839088261e-06
2.869898570447197335e-06
2.757646991400869741e-06
2.658640716802398697e-06
2.560179934216339327e-06
2.484619492349425529e-06
2.380903515500568186e-06
2.292908841306630467e-06
2.251741278725836928e-06
2.216066176868065585e-06
2.094085140090468074e-06
2.048355215532007008e-06
2.022550802717268730e-06
1.933618007317881085e-06
1.859732363262840398e-06
1.813610563212725737e-06
1.777590717994453769e-06
1.715086929662431028e-06
1.689134163996742843e-06
1.584182540198911702e-06
1.520621444453494416e-06
1.463977770552740159e-06
1.393778426810779922e-06
1.342955199355637481e-06
1.316796152051567845e-06
1.262435867567588053e-06
1.222221180044562920e-06
1.193492415316375912e-06
1.160653454893213914e-06
1.070049784918303875e-06
1.042439901407936753e-06
1.016645720310128170e-06
9.645206454073509234e-07
9.348824581485284320e-07
8.997238357945045174e-07
8.356669617629945787e-07
8.236376550595895610e-07
7.900721379448773258e-07
7.677419619157049102e-07
7.274273997627515652e-07
7.026547464707632496e-07
6.712549377972819849e-07
6.580605424961843948e-07
6.279873295517756312e-07
5.909184626144643611e-07
5.702262507278933102e-07
5.371464878543257727e-07
5.112763227390322844e-07
4.682945263951226851e-07
4.486841823017842812e-07
4.251317133378781762e-07
4.023809791336841776e-07
3.905118475042073706e-07
3.798934311862740338e-07
3.546616203638819405e-07
3.480637102343235313e-07
3.305584782763123659e-07
3.223189337967810610e-07
3.095385763942173662e-07
3.003430037524701253e-07
2.896414204944042979e-07
2.727109097647848570e-07
2.632423012630369785e-07
2.463038688880077201e-07
2.395623921182657616e-07
2.271226918061109119e-07
2.189062320677310931e-07
2.140276182565966470e-07
2.099173100533828742e-07
2.002116954781826021e-07
1.963386399664928719e-07
1.845371108772087693e-07
1.778471472023326873e-07
1.758064977399520834e-07
1.696017674633394240e-07
1.657144528359869718e-07
1.606136927759533627e-07
1.575624797350183809e-07
1.524177452049645662e-07
1.494033620916504943e-07
1.412163110935032013e-07
1.357290170905728023e-07
1.259964536698312865e-07
1.223441927058663124e-07
1.185757428193606121e-07
1.094507057010634621e-07
1.062765245633243833e-07
1.008656556088045906e-07
9.576356599646686383e-08
9.075451239640306577e-08
8.454482019941175475e-08
8.267198927942718333e-08
7.991228237952662324e-08
7.488556783631487421e-08
7.277586149858028329e-08
7.133052824894225565e-08
6.782431756520308685e-08
6.559483931029629044e-08
6.397063744791986770e-08
6.068409359199942245e-08
5.668046482915243676e-08
5.351615522817155225e-08
5.115722841251275395e-08
4.928280917119657585e-08
4.757102796991725291e-08
4.391136961257319225e-08
4.283291346113873158e-08
4.217556003361338943e-08
3.903035795532355265e-08
3.796672112790735386e-08
3.709343740763335883e-08
3.493275505142893932e-08
3.372188408034771091e-08
3.262670329369316272e-08
3.146615735600531969e-08
3.051212850956602461e-08
2.927967050534956627e-08
2.821523444739324716e-08
2.740270902661388487e-08
2.683242056465381810e-08
2.513069358413543035e-08
2.443867518235357106e-08
2.327763700115361105e-08
2.205379713399458869e-08
2.154808127481574168e-08
1.991923987211097692e-08
1.909297034986767157e-08
1.784836531305318905e-08
1.691673870983294373e-08
1.540324195154634059e-08
1.421612781350885938e-08
1.375391274167374033e-08
1.306493636213388619e-08
1.186740552163405184e-08
1.124316531699034098e-08
1.097025267403193136e-08
1.027498875414793845e-08
9.947675329638675309e-09
9.359346161532466032e-09
9.018309277609191347e-09
8.605092110147733835e-09
8.042716970277503442e-09
7.871103133443020938e-09
7.383772731300777074e-09
7.266389054854533876e-09
6.968462440260462897e-09
6.865841807489218920e-09
6.617314610210425477e-09
6.474177053644250029e-09
6.360874220135205937e-09
6.187917545966572946e-09
6.030410678101679837e-09
5.950548923288056623e-09
5.617408567209753511e-09
5.482942912200005981e-09
5.392389142005842388e-09
5.238222294008269299e-09
5.069426555325673411e-09
5.019088119002659014e-09
4.885229111777348568e-09
4.791009813020443558e-09
4.697494741446763396e-09
4.543548781102226060e-09
4.443140164864331868e-09
4.320574253574140112e-09
4.079959045435432246e-09
3.974896315598452578e-09
3.758476055994611828e-09
3.668997845150502475e-09
3.500109337826629862e-09
3.381059763658864356e-09
3.335560502398757356e-09
3.052080945288977658e-09
2.988735791166079635e-09
2.853622459583733055e-09
2.676906147682422344e-09
2.624209987739873459e-09
2.581659391855659688e-09
2.423415074448495911e-09
2.358520261651212313e-09
2.301881233929350910e-09
2.248020341789476756e-09
2.150909338272881132e-09
2.047504558140333227e-09
2.008975311240872474e-09
1.906413097314405104e-09
1.793656863244093236e-09
1.720755668523686410e-09
1.635602088889603315e-09
1.514222334540771998e-09
1.463313719462442010e-09
1.383532174986414746e-09
1.328639097132177635e-09
1.252774366068913510e-09
1.209349735152848630e-09
1.151612849540175463e-09
1.113023162881443507e-09
1.097232983873681001e-09
1.056725281185432737e-09
1.036382192006730165e-09
9.770395489065594921e-10
9.626219940661199397e-10
9.411228784969126976e-10
8.890549612832183278e-10
8.637362149420040412e-10
8.287954621311466954e-10
7.983046886721489137e-10
7.754303589824401818e-10
7.509824926409476621e-10
7.213177775320039506e-10
7.015698598108978108e-10
6.606390190897641296e-10
6.181015292890263287e-10
5.949339055238254157e-10
5.760314749447265299e-10
5.370478679488939446e-10
5.122750882208198668e-10
4.990248420340893953e-10
4.754676399165529294e-10
4.611597754076960948e-10
4.399603058263137404e-10
4.281883063364841368e-10
4.201776426369850219e-10
4.036530178753375944e-10
3.892932387088241747e-10
3.661562173559830567e-10
3.602302420024564457e-10
3.385476619793179427e-10
3.196763502475007122e-10
3.119243230691083956e-10
2.863006410323480719e-10
2.759753528365783845e-10
2.684391038514237366e-10
2.609903866954462563e-10
2.423457667734298417e-10
2.343847124662958787e-10
2.263175104969779418e-10
2.144125948502658510e-10
2.074895973241332488e-10
1.993532579254047962e-10
1.957487291299880009e-10
1.852146370188373138e-10
1.812048579551282999e-10
1.688324336470934952e-10
1.650891872117866432e-10
1.604008000647489903e-10
1.488836775455032836e-10
1.408731186530369705e-10
1.325571001636720422e-10
1.265064897928343355e-10
1.237509354114294675e-10
1.176166060036212115e-10
1.107408921515767968e-10
1.063980761648531830e-10
9.925598744596167555e-11
9.453488167765472967e-11
9.267280568422966182e-11
8.744788953493123526e-11
8.365942541160685261e-11
7.932848394840540047e-11
7.603024005610651486e-11
6.874730018292424628e-11
6.583417502780192170e-11
6.205626589795209118e-11
5.770753536354634354e-11
5.543260170976704057e-11
5.042448649163574407e-11
4.737460297312171093e-11
4.508024860137712878e-11
4.017158329856919873e-11
3.788497192100672357e-11
3.670632985794706774e-11
3.264843812886030399e-11
3.039626159993819419e-11
2.825520409075019997e-11
2.691622368162362078e-11
2.617923740503506732e-11
2.425424710132988945e-11
2.233269103598094584e-11
2.090138318461586290e-11
2.049222609406794935e-11
1.899996942849982050e-11
1.755674923878617846e-11
1.705313207946684119e-11
1.606622256300555845e-11
1.479294566057433182e-11
1.382719611341701742e-11
1.338195541389543657e-11
