9.134653288705326668e-01
8.901579604113460942e-01
8.764556787427764117e-01
8.573851018500092680e-01
8.307468893387884856e-01
7.980441013711724318e-01
7.428347804240578167e-01
7.062522380812497058e-01
6.754967165643563920e-01
6.472079227830548342e-01
6.128925487457744792e-01
5.779734800506010073e-01
5.550743758832652475e-01
5.384407632889701700e-01
5.169322909706356439e-01
4.954897027357684225e-01
4.734623528465920494e-01
4.511828493115764283e-01
4.349120715762331280e-01
4.273105468741648649e-01
4.154559326030676791e-01
3.986685745726934460e-01
3.819543809979424887e-01
3.634857861599187223e-01
3.471300474321171170e-01
3.332461554767162104e-01
3.217953245910306626e-01
3.154067670900467801e-01
3.069108623940021152e-01
2.938893892935636187e-01
2.805032124484632128e-01
2.747698937701686939e-01
2.659131906022341729e-01
2.535203160058074889e-01
2.468814661397518984e-01
2.420790562676349289e-01
2.333504369883390717e-01
2.236167802808506910e-01
2.169699752936696535e-01
2.106645642801368290e-01
2.058156062802787289e-01
1.997218909568118095e-01
1.926367628929755993e-01
1.856077030463919308e-01
1.826830888210473902e-01
1.761978009109971821e-01
1.699491548758264581e-01
1.674371322612094592e-01
1.605493636718368644e-01
1.588160159455300202e-01
1.534212013797761343e-01
1.494290414783950305e-01
1.451254944956827386e-01
1.394054479913343636e-01
1.369701739674978602e-01
1.335581484043018574e-01
1.311663503629359462e-01
1.266617098493762750e-01
1.207235076470120211e-01
1.174010466986672857e-01
1.149852376688582367e-01
1.097610825556220027e-01
1.059631967950450948e-01
1.048021159361426646e-01
1.022276179101171828e-01
9.833825029350760916e-02
9.438509270083703107e-02
9.288681191851161367e-02
8.864360684030157811e-02
8.563290033573381366e-02
8.294288379504198561e-02
8.092785805732115312e-02
7.651671718848979120e-02
7.317394939333371484e-02
7.148836328876266577e-02
6.785383226982664995e-02
6.527894412419545100e-02
6.325040155381274343e-02
6.181967336240504901e-02
6.034753827129718529e-02
5.852508693706899578e-02
5.524577489619956344e-02
5.187293183084160098e-02
5.010298750423890224e-02
4.788705000826687375e-02
4.638536442233256313e-02
4.479368708440487068e-02
4.412962493440467787e-02
4.188526545517826105e-02
4.065373893855426385e-02
3.880073678702179035e-02
3.694801470741946453e-02
3.618387994332689789e-02
3.564461833192168055e-02
3.408788365075385990e-02
3.277308005667612517e-02
3.151654852988249045e-02
3.082412914480342839e-02
2.962663509960141925e-02
2.883517347897615601e-02
2.786767169029774616e-02
2.659238962608666268e-02
2.570871608071000763e-02
2.441982130000774215e-02
2.389662403280632189e-02
2.305701171436215849e-02
2.251390410032274789e-02
2.220818017457966767e-02
2.126203644261887016e-02
2.111687110939199433e-02
2.008405900324333748e-02
1.936598119789847972e-02
1.841380165303453317e-02
1.740002714986407448e-02
1.692490133852707010e-02
1.631427284225312260e-02
1.556300558623439738e-02
1.467286134882452887e-02
1.410144658589986520e-02
1.333353388340563668e-02
1.314803275867711119e-02
1.277043457269296488e-02
1.209107585384022569e-02
1.173683252571575131e-02
1.097331237010807509e-02
1.078776840794976044e-02
9.967341200690463601e-03
9.605841389554200041e-03
9.312342368381971991e-03
8.845370230443976370e-03
8.545010875839314721e-03
7.938933683152300802e-03
7.813469267968671528e-03
7.315834335090525865e-03
7.158860034419718341e-03
6.759225231079027223e-03
6.673001862417011522e-03
6.446066480763739011e-03
6.147121237671232703e-03
5.966479808501182029e-03
5.589961778421868692e-03
5.307991448096459862e-03
5.155280140500359543e-03
5.034376975511328095e-03
4.687713948821276358e-03
4.597009565816787512e-03
4.499816212485266594e-03
4.204141531377857295e-03
3.975461591199894174e-03
3.806169034348555122e-03
3.668948928613785260e-03
3.603758937118510270e-03
3.367061957335085089e-03
3.292554818846615567e-03
3.086186146951760533e-03
2.922932921302292316e-03
2.765180127705728699e-03
2.603073088899147177e-03
2.536399946826133501e-03
2.353100006560166803e-03
2.254804005466409886e-03
2.209584656628970929e-03
2.113880647606029839e-03
1.980969278545132231e-03
1.902231070695948982e-03
1.802129115520037300e-03
1.763452957636008241e-03
1.722518031951495625e-03
1.620914370874678399e-03
1.572321563661012401e-03
1.485752135295780344e-03
1.422105441843960188e-03
1.335099680475409709e-03
1.246910341940837570e-03
1.198447818115927271e-03
1.147983854800743416e-03
1.085157747426244166e-03
1.036970832845473915e-03
1.003788065043569521e-03
9.351549387719060216e-04
9.118253854832273752e-04
8.854432044578526388e-04
8.562210275971214200e-04
8.096841196083795923e-04
7.639111755169399965e-04
7.321266990541780862e-04
7.023210739727367901e-04
6.437366047679782136e-04
5.958786069301943511e-04
5.769699142433692540e-04
5.227640530805908103e-04
4.935382604054753576e-04
4.766517514814373811e-04
4.327160425574951615e-04
3.939088657773573551e-04
3.548380701132465955e-04
3.257278687071658743e-04
2.978946264838353399e-04
2.764434671266213697e-04
2.595072847353101664e-04
2.283203249396694736e-04
2.205265408712443536e-04
2.083216632045498172e-04
1.936228660531914391e-04
1.845599695956177087e-04
1.779896361801994284e-04
1.664242021274344504e-04
1.580220550609793889e-04
1.502153067723218847e-04
1.450017826366206751e-04
1.376410205830581315e-04
1.320364667273621697e-04
1.247864602232833051e-04
1.194028017651216399e-04
1.098234695852617161e-04
1.076697755461142423e-04
1.006550277745724413e-04
9.426779451658408575e-05
9.199664675057517835e-05
8.597950778409614093e-05
8.075564611676444278e-05
7.807008959453041964e-05
7.202193533216494413e-05
6.959478896906963962e-05
6.628233724916590382e-05
6.318774687690362918e-05
6.146184957891104664e-05
6.011393358789558793e-05
5.696995279795512008e-05
5.497623615355266944e-05
5.278765300818118720e-05
5.075192756197274168e-05
4.859456343894750575e-05
4.577763928287128121e-05
4.512443676842951926e-05
4.402669156603305876e-05
4.285285313904692528e-05
4.127933698840570887e-05
3.939003678717407664e-05
3.879457551382886913e-05
3.744795918693617255e-05
3.603936469788321248e-05
3.532623265858908382e-05
3.356120492194880075e-05
3.216992054006449358e-05
3.124043223621016791e-05
2.989345647139656000e-05
2.851716762506050789e-05
2.770040383733216502e-05
2.660032926495699767e-05
2.509242134390017888e-05
2.369997561555542941e-05
2.133297630972601488e-05
2.015669002015825484e-05
1.965820007237581871e-05
1.908492149145579197e-05
1.847431732028927660e-05
1.725607749256489467e-05
1.646841514138699445e-05
1.532650815904137436e-05
1.464000163746976227e-05
1.420760151237624580e-05
1.368183819584121784e-05
1.239652859485694661e-05
1.193893178230340936e-05
1.112503698253806911e-05
1.074766410514386193e-05
1.024377650546973470e-05
9.780803762412469796e-06
9.508100877981558904e-06
9.415478346535101958e-06
9.088567096234483888e-06
8.706199358301162743e-06
8.427989744209909683e-06
8.307602674422967645e-06
8.059349429707913411e-06
7.878511475410092114e-06
7.757499407484041127e-06
7.599705322537614234e-06
7.398325145885455221e-06
7.268580910046386654e-06
6.987390971297173646e-06
6.804840416459490511e-06
6.604171577886175120e-06
6.385092669296954984e-06
6.232673240622045722e-06
5.986461337925961196e-06
5.636403831239747560e-06
5.319475459952162101e-06
5.051653795668587302e-06
4.767886198926233736e-06
4.472717407931326816e-06
4.088385913103563054e-06
3.992486512421331643e-06
3.806630317564092046e-06
3.470957994305748165e-06
3.341583422567264438e-06
3.182597700717383912e-06
3.055432297008061800e-06
2.861212568943168732e-06
2.790193536207895596e-06
2.699550285630091641e-06
2.596393161801562845e-06
2.377869889499302700e-06
2.307466334694446729e-06
2.231320895199656057e-06
2.049895262141557864e-06
2.010128062741494308e-06
1.875059259787287447e-06
1.665541249404168337e-06
1.557945170555225968e-06
1.477612437847914027e-06
1.379412309934711816e-06
1.327774643373923374e-06
1.171027205415037036e-06
1.134270991735742771e-06
1.113282098548683446e-06
1.027407736983509231e-06
9.810617586754916192e-07
9.220991584273290165e-07
9.017524759380965756e-07
8.284908693500660165e-07
8.058268818759769880e-07
7.830147530563410364e-07
7.230021125671550905e-07
7.118883588460600538e-07
6.776274146238211341e-07
6.497794679661927593e-07
6.267891320586915921e-07
6.030182919390720275e-07
5.742209700305007971e-07
5.567743694762972093e-07
5.410935229618919923e-07
5.300636367653494614e-07
4.939303365415844799e-07
4.688853070242731400e-07
4.453154489240405487e-07
4.206100227957269765e-07
3.902998533280713622e-07
3.575441978364358655e-07
3.341696087663694055e-07
2.956214094288162251e-07
2.858511167127341864e-07
2.561810941676668430e-07
2.453038609685682843e-07
2.360550897169656222e-07
2.214626067048800956e-07
2.044657913438803770e-07
1.961527127751412744e-07
1.827313460387709824e-07
1.772986382955193021e-07
1.679417556463363194e-07
1.587064315093690533e-07
1.419439154798411733e-07
1.248738443544397724e-07
1.191177183698751652e-07
1.094397091916639906e-07
1.012624461123739424e-07
8.943867583605620428e-08
8.372923061434374088e-08
7.922755421982701631e-08
7.697960996925874561e-08
7.190557565371868311e-08
6.625862384269181756e-08
6.325655526978655391e-08
6.017136389945852605e-08
5.456128721594744687e-08
5.165422356817836082e-08
4.671774448476902557e-08
4.416908374461738625e-08
4.115969083462114824e-08
3.898665210837476719e-08
3.594510200152855832e-08
3.521559008588240841e-08
3.228969848320531342e-08
3.009846882591236555e-08
2.952346043241795623e-08
2.526758420428795687e-08
2.321766831094563933e-08
2.057207736042489557e-08
1.927249447783814321e-08
1.791946348134805031e-08
1.621199736904860118e-08
1.479146674126811333e-08
1.305202641444457543e-08
1.232028155089804027e-08
1.168352810008033650e-08
1.132513093814367788e-08
1.062539910650136898e-08
9.967310170847760160e-09
9.723243558734953973e-09
9.002964437575757821e-09
8.380604293975835832e-09
7.894719045625382039e-09
7.440659407549820597e-09
7.074380092464163512e-09
6.631853323098034078e-09
6.360988192865921475e-09
6.141132346654892556e-09
5.386624005734480664e-09
5.251628543017923487e-09
4.814528343588656053e-09
4.480866063893228828e-09
4.343357140074905610e-09
4.265166029527018914e-09
4.084946968887244368e-09
3.950505571110993057e-09
3.835837305776764523e-09
3.725771394838495217e-09
3.550442889271216084e-09
3.442680657481377713e-09
3.243133579665923641e-09
2.969725793031402191e-09
2.871243352383480750e-09
2.805652067581280506e-09
2.606056605531014868e-09
2.536985505701445932e-09
2.433571652268557732e-09
2.280583631821807641e-09
2.246263599378515182e-09
2.096292436421761135e-09
1.953296652678771923e-09
1.878896528266159793e-09
1.802269422335650466e-09
1.707030426113343103e-09
1.673570612045487032e-09
1.587249795609559620e-09
1.562994404963629360e-09
1.530097020330667808e-09
1.470180187683313813e-09
1.431311810029535818e-09
1.364231293349891137e-09
1.300109718360580515e-09
1.266365028939322668e-09
1.246931246921916742e-09
1.215517805624287684e-09
1.162698306366362087e-09
1.112679012828360535e-09
1.095286228450623718e-09
1.048273194437842891e-09
1.004097731254009424e-09
9.251237994934036541e-10
8.980825198523685488e-10
8.293929556271856058e-10
8.113937115981287746e-10
7.570581180359487332e-10
7.308020323947906972e-10
7.066836447119381646e-10
6.602258684316273126e-10
6.365972826447024228e-10
5.770657645215420950e-10
5.457581339934314684e-10
5.100916249965803779e-10
4.878458288533650888e-10
4.625477085193720403e-10
4.164435637513780207e-10
3.683057336329345435e-10
3.538791407832623544e-10
3.297746945994673261e-10
2.974155530125487990e-10
2.666479841696373511e-10
2.494907690872226872e-10
2.430739999535261522e-10
2.257297592343302140e-10
2.018902558069908774e-10
1.878467751144567574e-10
1.717193769015391391e-10
1.628133007682789130e-10
1.447794789534449629e-10
1.345237170405886522e-10
1.185058003626224017e-10
1.119783110414069019e-10
1.038673303253086370e-10
9.274325346600497250e-11
8.758090627832289775e-11
8.084172316970607558e-11
7.934502919139821582e-11
7.175798896393124367e-11
6.693400117770503127e-11
6.331079207963184132e-11
6.074902422022585439e-11
5.515130597278082961e-11
5.256559353006291484e-11
5.040316875265086554e-11
4.732944797227093252e-11
4.459175321197775170e-11
4.334063775994559045e-11
3.958023891739491636e-11
3.674694731365913763e-11
3.463393979950380193e-11
3.265809237394991521e-11
3.185827552626172759e-11
2.889478029974685362e-11
2.719910415117622040e-11
2.532535420459135457e-11
2.411492620744766761e-11
2.174843294459591369e-11
2.076040240053620130e-11
