1.642943327259080544e+00
1.410033310915332239e+00
1.213148336213727640e+00
1.136567120795574537e+00
1.055899126487391593e+00
9.667932050555315682e-01
8.519320013404825254e-01
8.056774866216732667e-01
7.565760383350170759e-01
7.377475028970886806e-01
5.960159058098968288e-01
5.650793357061442146e-01
5.340230567348973612e-01
4.810209781968883824e-01
4.556473088672122751e-01
4.077194401803662105e-01
3.885062599905125258e-01
3.351735223583525713e-01
3.365145240497809942e-01
2.965787041152386783e-01
2.864890995368660209e-01
2.560401222359263151e-01
2.165798021434845178e-01
1.968315548147051841e-01
1.711856481469585800e-01
1.560453905149483955e-01
1.517151650275902208e-01
1.309139471337778804e-01
1.486936739469930380e-01
1.183728752862645422e-01
1.082753657222804006e-01
1.007463058651840299e-01
8.995953817846753797e-02
7.863186456931064994e-02
7.456927899737811338e-02
6.982861232059359158e-02
6.353785921189918084e-02
6.100632882498960297e-02
5.510658203365596808e-02
5.694593689889054788e-02
5.136101848164409400e-02
4.459038340722526472e-02
4.316072245123956513e-02
4.188111044417477252e-02
3.718109868510161009e-02
4.123577604591020102e-02
3.534195681579235804e-02
2.915596601682380815e-02
2.820039942372976755e-02
2.781030219615545154e-02
2.669939902991788974e-02
2.596051168779511462e-02
2.868598661600973293e-02
2.150526358348648845e-02
2.129127685168255568e-02
2.019457429507090160e-02
1.711028291426789846e-02
1.708440073937299991e-02
1.621138224011635029e-02
1.480626862997248827e-02
1.607487962862341746e-02
1.288277223409429323e-02
1.187389413725773238e-02
1.104533587099376137e-02
1.000681599890385076e-02
9.229465909831752538e-03
9.405409054624003229e-03
8.661117572810392296e-03
6.690744823323098271e-03
6.001932071439497300e-03
5.747411869971588705e-03
6.371336150475133235e-03
5.199180334828299929e-03
5.232442691272970632e-03
5.106237897209223164e-03
4.468992323632400149e-03
3.692949625499877646e-03
3.196983969187360605e-03
3.554858398220512271e-03
3.183456086768151130e-03
2.609723878588745150e-03
2.378668980731375032e-03
2.072063783035639224e-03
1.866664563317601199e-03
1.698127419477595467e-03
1.886063841865003162e-03
1.556478846212618452e-03
1.502387431596672457e-03
1.269060787042625106e-03
1.101402464422838968e-03
1.044002076139323399e-03
9.735192633093789133e-04
1.153159762274930849e-03
9.222363973226848418e-04
1.005941313327105143e-03
8.885701009861222271e-04
7.442957380699430142e-04
7.519212000593662217e-04
6.143486124224951158e-04
5.941062273855886094e-04
6.579670880940318226e-04
5.847835025797593457e-04
5.253445533340712339e-04
5.430308393695488112e-04
4.255895137619235551e-04
4.610031951117865134e-04
3.614756206452001547e-04
3.324325695141929849e-04
3.537792775269951750e-04
3.126931508491670973e-04
3.127953954672726337e-04
2.792056208865484270e-04
2.038551994000849504e-04
1.923995885426229202e-04
2.065660561877997884e-04
1.789803575973782470e-04
1.753360135774995607e-04
1.874240251238877520e-04
1.372707889706462937e-04
1.483210011742928187e-04
1.174162011518392872e-04
1.087311429736063424e-04
1.076996384226559952e-04
9.444119123242666241e-05
7.644885530198327435e-05
8.484899487056671806e-05
6.808606830772348951e-05
5.881784295448709912e-05
5.317737000280707538e-05
6.020575632743622378e-05
5.303484113485674030e-05
4.720367709601931656e-05
3.807381666367252510e-05
4.291154807288144766e-05
3.338260145013545699e-05
3.397542702145663258e-05
3.150095697616241711e-05
3.210822791041561549e-05
2.853324590776201754e-05
2.486822931399407968e-05
2.253450009246763832e-05
2.030363217255101707e-05
2.053421073398340496e-05
1.866982048446186307e-05
1.738559193445746450e-05
1.346735961447238630e-05
1.403967311339848559e-05
1.240834472417136523e-05
1.192742188820249183e-05
1.139722236178684366e-05
8.456992919218325204e-06
8.687015470492691544e-06
7.772408703404183185e-06
6.527971813880999962e-06
5.975332998269278385e-06
5.900946915662838587e-06
5.075708025481977155e-06
5.392847414293910800e-06
4.551386179553894435e-06
4.694771825510446724e-06
3.526439888108695167e-06
2.999519224495891732e-06
3.542658901636626016e-06
3.139939451274148842e-06
2.651866307633405983e-06
2.132421882807229682e-06
1.806690912804591369e-06
1.708163720782694772e-06
1.526775893567035455e-06
1.527813502959421797e-06
1.341143273334255207e-06
1.404275168822760762e-06
1.191264358029863226e-06
1.211048751598132161e-06
1.051962189102768606e-06
1.003694443972924152e-06
9.285992333244982830e-07
8.141945094857408489e-07
7.191184503285195436e-07
7.922780232333844964e-07
6.171990255166896260e-07
5.277559024609902365e-07
4.832190803815705084e-07
4.102709533602928721e-07
4.906874901121289072e-07
4.102211190303497325e-07
3.500911514728031766e-07
3.626282352175899678e-07
3.221212741121649410e-07
2.834083995450561564e-07
2.957443651538696544e-07
2.891259862642102689e-07
2.572140592801704064e-07
2.549311886711219805e-07
2.086732314591966738e-07
1.710499496651147415e-07
1.791221624117024943e-07
1.716121821026857911e-07
1.617164771963145235e-07
1.593345586151873523e-07
1.247864731464858895e-07
1.280409056641573968e-07
9.727265996218259715e-08
1.153340802203018657e-07
8.848697121306796568e-08
8.299176916852228913e-08
8.835373403672602460e-08
8.444262318370918357e-08
6.194044711408251767e-08
6.479419024805184372e-08
6.345817193565564518e-08
4.847902005064905634e-08
6.325878512263889461e-08
4.735433746612616820e-08
4.808967698222450614e-08
3.951678118223922008e-08
4.218149878324420517e-08
3.314071398741754420e-08
3.823050059176946321e-08
3.331208829330703761e-08
2.506576114480941193e-08
2.886024193277147745e-08
2.545483492460205271e-08
2.552065425674811015e-08
1.911767694062387959e-08
1.742326983681523476e-08
1.970342828643933043e-08
1.643027640147915211e-08
1.549985667531460661e-08
1.571711715331029857e-08
1.369586625244891476e-08
1.241687365270776237e-08
1.221543066603617300e-08
1.078682649899594686e-08
1.068399673104828106e-08
1.018988493743693419e-08
7.678552297599952027e-09
8.029707414980157321e-09
9.574593198008477379e-09
7.905625777390486647e-09
7.127376797082418240e-09
7.192694289952272286e-09
6.074746969287017340e-09
5.332626201745886741e-09
4.314408816239411022e-09
4.270859397009214023e-09
4.446194110796107816e-09
3.737233406742446548e-09
3.909514391506023742e-09
3.571979306841892593e-09
3.063137473004011790e-09
3.317240705593572556e-09
2.551108225019550564e-09
2.569581162917566864e-09
2.136967667292469189e-09
1.711819254541017412e-09
1.919034313370868642e-09
1.540369130523190888e-09
1.389295517692945759e-09
1.728776157896324974e-09
1.442249513016269588e-09
1.168752348524357398e-09
1.148820427209827999e-09
1.027203617055407755e-09
1.093005140598349569e-09
8.731998982410794365e-10
8.660699436066376793e-10
8.635316556263847370e-10
6.260006464242307777e-10
6.572530359848781044e-10
6.371061696918299176e-10
5.966008377372670866e-10
4.737952040899481937e-10
4.872343280675839111e-10
3.787250783375293002e-10
3.946107266417856175e-10
3.105778630488767995e-10
3.198067770977352660e-10
2.305759473604814722e-10
3.222396938108666599e-10
2.289646337161213621e-10
2.586070277202326431e-10
2.186255900154658210e-10
2.201108259149916840e-10
1.700921336637584045e-10
1.678772890615202641e-10
1.706739331497458045e-10
1.605775536440599944e-10
1.616691582180457281e-10
1.475935739019564398e-10
1.233722244678901388e-10
1.950759427938824409e-10
1.518438897153180882e-10
9.953864550876053697e-11
