4.011092431371094946e-01
1.890284813593398061e-01
1.248207784427336903e-01
6.941615825608708767e-02
3.932048727482909123e-02
2.752756759310845749e-02
1.600737656457729835e-02
9.806627424953348604e-03
6.037427746509738298e-03
3.619314209517423588e-03
2.023761045460334071e-03
1.198432211879223944e-03
6.798127403473901804e-04
3.640274038694264031e-04
2.027152344863657489e-04
1.123978029027125923e-04
6.280887143496205883e-05
3.688703632056810228e-05
2.099564373956748554e-05
1.264202905102537443e-05
6.854541814701528393e-06
3.698805873227959095e-06
1.818896904636552097e-06
9.665566419339014025e-07
4.930141582176686085e-07
3.061142801516708782e-07
1.987515757432568516e-07
1.052111615102525316e-07
6.249452662583065626e-08
3.690709220219192984e-08
2.154831454077727925e-08
1.068950989533144660e-08
5.829928125485472064e-09
2.967362986062360818e-09
1.570886509406660353e-09
9.079545077723812930e-10
5.559844088915751634e-10
3.065222957555960713e-10
1.727363804489731059e-10
1.344696729005313639e-10
5.558307064708989837e-11
