1.076900277701247521e+00
1.063050081777959788e+00
1.114160275872630335e+00
1.174682756036863784e+00
1.161009434508782912e+00
1.173168405696396688e+00
1.183551109831282311e+00
1.184296588885388024e+00
1.198659390092755350e+00
1.138292082308246522e+00
1.185507597589049888e+00
1.202076808632003502e+00
1.179889192977435775e+00
1.184568571869527576e+00
1.152036992810880678e+00
1.131414484745677518e+00
1.144401754872758303e+00
1.116167484238386853e+00
1.061742622177231476e+00
1.109561733346687840e+00
1.058513867449689005e+00
1.074075937091812705e+00
9.904199717516234402e-01
9.952936213434931956e-01
9.836466269565383724e-01
9.686058150631684516e-01
9.758788314661946961e-01
9.334406171204925329e-01
9.200873950781459643e-01
8.834932749539590180e-01
8.216657247278043030e-01
8.158142915430122155e-01
8.361572053532778659e-01
7.888722823796867623e-01
7.693705110758545240e-01
7.337351443987758515e-01
7.268467633372749370e-01
6.863023592726112954e-01
6.990415842247668099e-01
6.646117461306269014e-01
6.849393606673556123e-01
6.833570504333684736e-01
6.526040991765804655e-01
6.439488490042903912e-01
6.350300407671352065e-01
6.100329166252891344e-01
5.945118494805889942e-01
5.449493375362267633e-01
5.721147886347900391e-01
5.277388739621677871e-01
5.532047317338115722e-01
5.040298885481980795e-01
4.748370267053692584e-01
5.054473218353983111e-01
4.452323113329209048e-01
4.248298881202767219e-01
4.157882194000672160e-01
3.971602825584933383e-01
4.051530409828524859e-01
3.853348172084004597e-01
3.683518098723091438e-01
3.523328232575105301e-01
3.444753933164053650e-01
3.490833569892395905e-01
3.174098070291840323e-01
3.110955990607711108e-01
3.072742582736832095e-01
2.855158282252299728e-01
2.812055036160876487e-01
2.645196572553928371e-01
2.718983791297825969e-01
2.523989469876409819e-01
2.657776168195111199e-01
2.344873183915922310e-01
2.359702536814814455e-01
2.256018710614280387e-01
2.074009169788816609e-01
2.158319427035606530e-01
2.031795488984841636e-01
1.915862548470495252e-01
1.924449736285021584e-01
2.025149351173631540e-01
1.881261178755438135e-01
1.773508920561292779e-01
1.815297201044208664e-01
1.672659443029771154e-01
1.630542241255837077e-01
1.573555801191374171e-01
1.524655251500714181e-01
1.443231852407958204e-01
1.504916344023693731e-01
1.475806415407076577e-01
1.294261590522464145e-01
1.323141496527970029e-01
1.330369862242482826e-01
1.182175933820578811e-01
1.154937992393592627e-01
1.139636655408940435e-01
1.155755515229074659e-01
1.029613124173876515e-01
9.790859438123547531e-02
9.858920916782566712e-02
1.007756812438850708e-01
8.822517475709691637e-02
9.145716953512965375e-02
8.497224786420923270e-02
8.198026660193971638e-02
8.115962366309303899e-02
7.902373451249521119e-02
7.678717015656078004e-02
7.395788166019838517e-02
7.971755701327623567e-02
6.921900550175599798e-02
7.232008758605967813e-02
6.628345175945217493e-02
6.365458583977751106e-02
6.325759885464833643e-02
5.908451205066360401e-02
5.894994112298423961e-02
5.362355157698196761e-02
5.515266363431786667e-02
5.384059250564670468e-02
5.221400856951297770e-02
4.813759519487409433e-02
4.852484748749239657e-02
4.784952379881909218e-02
4.536010198661075826e-02
4.675110490323649420e-02
4.265877355253833159e-02
4.133062350566081566e-02
3.919197917935786368e-02
3.788013293770397388e-02
3.766631303448825935e-02
3.340877211099066435e-02
3.597379215343141090e-02
3.455539189964404456e-02
3.275907907089689597e-02
3.362417684598210943e-02
2.897151885208896355e-02
3.231989887804236766e-02
2.887544913096214833e-02
2.701595539168035603e-02
2.779301669427195615e-02
2.540389790585091331e-02
2.644956703355429498e-02
2.401280594547888780e-02
2.331695562508210098e-02
2.242522735558872063e-02
2.212703472526368620e-02
2.128343611719854533e-02
2.052344500685235329e-02
2.048607090536301925e-02
1.874007558009009589e-02
1.957537817104731612e-02
1.811649297354747321e-02
1.723916784803538119e-02
1.823221236522518454e-02
1.664030770077104190e-02
1.594572046197494097e-02
1.694354010352536882e-02
1.476371989394787212e-02
1.445161701794549572e-02
1.469623512195099464e-02
1.323424722514819282e-02
1.290602225656306036e-02
1.213070994694791065e-02
1.154366122943849618e-02
1.079506005977530492e-02
1.131735502186040875e-02
1.079236546993735980e-02
1.032512657722200848e-02
1.030107239674127664e-02
1.037478832899242989e-02
9.192913439336761888e-03
9.450517212919302273e-03
8.892914499174463944e-03
8.902847266040252519e-03
8.914081133750036134e-03
9.098601135714362922e-03
7.968678725613447672e-03
8.185984039901198980e-03
7.214638785069713012e-03
7.450992490732371437e-03
6.927940819946009146e-03
6.569520825729041266e-03
6.536557631755645324e-03
6.666031627173325640e-03
6.004692521363910220e-03
5.970373901157749290e-03
5.859709348136213705e-03
5.644372302655698177e-03
5.350425910262471968e-03
5.262858814687295522e-03
5.198381143452279751e-03
5.114358806933576654e-03
4.752789127254773011e-03
4.681970161199015650e-03
4.871686038692451225e-03
4.472541158631645163e-03
4.345688014394833744e-03
4.479879451625316117e-03
4.191191815196809722e-03
3.828762025715957886e-03
3.741373762662893003e-03
3.684391232520087787e-03
3.436926020005419066e-03
3.603947806789685980e-03
3.160070301429615709e-03
3.144559522709643694e-03
3.156719949262178949e-03
3.212432320758948356e-03
2.840453055530791932e-03
2.676205483856933763e-03
2.920422145134889125e-03
2.607926194660998686e-03
2.654171924530970318e-03
2.432487194460874590e-03
2.295590282315073793e-03
2.340547527313045773e-03
2.433494071547424691e-03
2.144391143077440786e-03
2.020593861597468500e-03
2.029518992864907164e-03
1.917836957237219414e-03
1.860900718977314718e-03
1.732883031994944621e-03
1.676277063473106867e-03
1.798864460205615865e-03
1.817656263036678335e-03
1.680105166409436891e-03
1.466824760699164069e-03
1.551686454418765891e-03
1.503960395620289716e-03
1.469806496924458330e-03
1.408315965778493030e-03
1.380029056406587799e-03
1.398839503667243791e-03
1.203221611554852960e-03
1.379577086428184591e-03
1.257343155400185951e-03
1.131857932270818488e-03
1.086048992730329846e-03
1.182181590206471400e-03
1.008906135949019572e-03
9.785746867845637482e-04
1.064021764273877539e-03
8.990312531706979530e-04
8.874734559016690151e-04
8.459922030463775094e-04
8.678380103184740561e-04
7.835819071842698618e-04
7.815406310618933355e-04
7.309872558977503635e-04
6.749630733668984892e-04
7.089965602579232111e-04
6.851383427020575536e-04
6.559480041616589209e-04
6.109773843447857764e-04
6.184083063487964610e-04
5.956988989115555170e-04
5.602817356345643702e-04
5.328234549293340899e-04
5.541243693300983196e-04
5.480264654911114371e-04
4.971580345474108705e-04
5.266254729233449828e-04
4.639689541460288833e-04
4.515118752737486423e-04
4.397922181087401006e-04
4.156877136259469431e-04
4.155941717135305802e-04
3.790773663687664499e-04
3.931393074731857245e-04
3.796846690874742603e-04
3.470373550603748371e-04
3.799385905690965217e-04
3.242392708627704016e-04
3.281408209443198334e-04
3.268169330267595954e-04
3.299345465922531645e-04
3.099129461734051656e-04
2.787090926302655228e-04
2.970853374201729035e-04
2.665556569833430248e-04
2.473966807271957367e-04
2.614490734177228257e-04
2.549597643351522139e-04
2.357692038177354877e-04
2.262956937164419847e-04
2.355673038066698470e-04
2.240993199934065386e-04
2.104506538871351586e-04
2.035625819102551031e-04
2.027124139488825974e-04
2.110646897616288195e-04
1.905446261015317417e-04
1.664877732425963295e-04
1.897163386840667514e-04
1.576014696942529714e-04
1.534659731607613750e-04
1.473744353457260236e-04
1.471858866393441190e-04
1.353387347597873394e-04
1.384955516481765285e-04
1.229312898409284992e-04
1.253172840535618201e-04
1.312886431497086955e-04
1.249049568262431374e-04
1.178932809500320963e-04
1.149190802487795609e-04
1.113383312995540174e-04
1.092425693301178895e-04
1.040597694282288004e-04
9.995291773183787888e-05
9.838648622077749686e-05
9.742399157066674014e-05
1.053168179308714493e-04
8.848220425480683195e-05
8.647540820949714405e-05
8.422676356009346549e-05
8.610550839848478595e-05
7.954452649355058913e-05
7.243566800844023694e-05
7.057749265017812426e-05
6.827861100242969426e-05
6.524863574697066136e-05
6.714302118002136392e-05
5.706484961958128066e-05
5.931441546971228534e-05
6.061476796576662157e-05
5.633070934656707150e-05
5.569141727271442071e-05
5.599067947486981286e-05
5.294966247858648499e-05
5.174081206413893110e-05
5.341248066989729321e-05
4.572671735248379969e-05
4.668649219493336975e-05
4.677419734069865592e-05
4.493508678211618411e-05
3.841018643234957918e-05
4.475877224645453511e-05
3.768541580689009526e-05
3.998578891680538191e-05
3.583730802920671090e-05
3.676891522905124178e-05
3.448233861154387367e-05
3.248859898358966825e-05
3.230337567352931842e-05
3.072825900238667089e-05
2.862748005622616076e-05
2.830774572533742976e-05
2.929320470929131602e-05
2.901980707490341358e-05
2.763129270523962408e-05
2.672822814187389456e-05
2.520389911093162756e-05
2.489105976158460652e-05
2.508304185867339482e-05
2.211221092815685236e-05
2.133318925871695827e-05
2.253637938549011443e-05
1.962125828481620047e-05
1.844762661002821293e-05
1.900736681251031089e-05
1.850401584845213273e-05
1.855542657089075326e-05
1.750248532243664341e-05
1.619493614754441654e-05
1.791577337175868966e-05
1.681926729215779079e-05
1.458528300627257807e-05
1.463166940441348803e-05
1.493586460870899618e-05
1.312396521603575757e-05
1.326737083841199906e-05
1.232007685765086288e-05
1.161005882986885555e-05
1.198466033098613152e-05
1.179919054275344368e-05
1.163331973654797493e-05
1.014580680269902942e-05
1.052003093414272659e-05
9.940553652818178099e-06
9.566393376695124482e-06
9.138223659310286358e-06
1.039894925428929968e-05
9.932892125112140736e-06
9.325355724794199704e-06
8.075490256990463823e-06
8.074657647293867233e-06
8.351285422933502983e-06
7.637078269529888518e-06
7.057892856470038205e-06
7.560007999749789692e-06
7.693120765863271335e-06
6.743629226387022099e-06
6.159829385391161570e-06
6.313366468021955410e-06
6.234874903980258024e-06
5.891369129400251201e-06
6.082518799140812350e-06
5.384491107593670042e-06
5.632833707605543082e-06
5.741222915610102149e-06
5.561056864968058935e-06
4.890032989644699544e-06
4.776595123459018510e-06
4.558611592862463750e-06
4.644166690564066786e-06
4.580288151391652693e-06
4.124780770813142525e-06
4.241173379720184087e-06
3.892451415535946593e-06
3.607708079925200929e-06
3.513136636319493414e-06
3.671034415938599848e-06
3.309814879285624519e-06
3.113499933119919532e-06
3.006863163250288342e-06
2.969239190426150697e-06
3.109969954654914374e-06
2.803779005814150831e-06
2.734075289944258187e-06
2.692558345154162799e-06
2.648180158904466576e-06
2.706655906813325473e-06
2.304281141804917828e-06
2.270498723728252494e-06
2.224575113996068910e-06
2.297920478782968046e-06
2.328758564867603230e-06
2.178114953639320862e-06
1.850369626407612833e-06
1.961717509289565925e-06
1.948984284576652885e-06
1.816919564535892493e-06
1.666510231139007850e-06
1.661468356741035118e-06
1.607471999142200982e-06
1.537285862718170061e-06
1.537710437065532365e-06
1.548182845908794759e-06
1.460708157077634904e-06
1.451887138725876485e-06
1.586025441835225097e-06
1.283348681812746265e-06
1.229152092960630319e-06
1.205937117393804287e-06
1.216283314379160045e-06
1.264045304930427899e-06
1.072838716157714111e-06
1.058971280589821172e-06
1.075771300533211695e-06
1.052657092653765959e-06
1.025822205531192534e-06
9.916733592596928841e-07
9.128654233382788214e-07
9.208807929844687403e-07
9.404595579911646821e-07
8.118735088408284804e-07
7.751392919244429841e-07
7.934631473080601057e-07
7.620590933072587942e-07
6.930691966042477282e-07
7.510782328474709875e-07
6.849970094676358346e-07
6.809677490628515681e-07
6.221625901530464448e-07
5.853789683014852641e-07
5.640676239932542344e-07
6.414006600808326434e-07
5.606061386201240522e-07
4.850199828276333242e-07
5.379434286149686364e-07
5.140841864450677439e-07
4.782351086890637529e-07
4.867541901002344842e-07
4.349944829633129541e-07
4.092529251768578435e-07
3.947637626429699624e-07
3.768071282512255864e-07
3.799890364758387579e-07
3.555985567080235488e-07
3.687013920459154655e-07
3.712025510342845365e-07
3.282792767257767328e-07
3.259440791230323220e-07
3.286796513777281558e-07
2.989535741793554228e-07
3.114386976670507012e-07
3.009343244418535696e-07
2.744188842967606597e-07
2.542396425609238563e-07
2.850068023255222017e-07
2.831117256797436317e-07
2.604821415300302825e-07
2.364985392920235034e-07
2.228237807795067726e-07
2.338594494849410173e-07
2.201010010505294299e-07
2.077339345979817536e-07
2.192254477476785629e-07
1.904206148463061245e-07
1.834558690189234834e-07
1.854844759435070330e-07
1.724578176574597137e-07
1.620542141197704970e-07
1.573788059404045687e-07
1.691763519037423143e-07
1.654345489408082563e-07
1.443506952612633673e-07
1.428172095815866303e-07
1.403548609335828104e-07
1.421827910178509873e-07
1.394061215463365553e-07
1.304349732754293835e-07
1.224998963171287765e-07
1.262071556245345374e-07
1.154011765320189907e-07
1.188739979447241277e-07
1.094629891991504479e-07
1.004432993756351247e-07
9.448359268328851152e-08
9.879413558667564364e-08
9.437572419476307878e-08
8.996237243890235855e-08
8.310028608920756596e-08
8.536662823262601834e-08
8.538928491185346277e-08
8.230053509392614439e-08
7.514674954922985506e-08
7.629561371043826628e-08
6.979946442100137228e-08
8.773985386964520610e-08
6.685303053499081321e-08
6.514741346615172839e-08
6.417688258907901744e-08
5.865288777202908262e-08
6.466179156740463032e-08
5.201741322536405870e-08
4.940363604561660863e-08
5.367874571552614745e-08
5.433124483611113597e-08
5.172765976990939191e-08
4.502231233656795060e-08
4.468170551723222996e-08
4.063157454018423679e-08
4.425080908781778093e-08
4.099580359823164226e-08
4.033821156791082672e-08
3.707487534424169657e-08
3.685950954926764623e-08
3.734363218144416698e-08
3.386153317124539451e-08
3.146159422453538178e-08
3.076833367204892203e-08
3.254634516945629294e-08
3.021258356624222342e-08
2.952108831961119845e-08
2.961808945652898668e-08
2.701828012455457102e-08
2.592162248737817267e-08
2.531288616990819820e-08
2.276831180424884226e-08
2.017600448731150063e-08
2.115694797676121311e-08
2.222708942666029897e-08
2.061566718075510098e-08
2.005622667384481260e-08
1.930124968517985539e-08
1.874627165967389644e-08
1.815618912909277890e-08
1.857162784634898074e-08
1.823448580891712847e-08
1.760269207916984019e-08
1.596605402896732855e-08
1.514432493278866771e-08
1.565336144902325010e-08
1.600409208225144052e-08
1.573340406606287465e-08
1.504813967354794855e-08
1.419063552295820841e-08
1.336264547609081400e-08
1.229942086609968837e-08
1.246013545326449284e-08
1.188591746443673924e-08
1.130096302194745203e-08
1.022966468116622931e-08
1.055259426321336901e-08
1.111665131201717992e-08
1.032184998520515994e-08
9.670913329254658364e-09
9.362395847614402193e-09
9.389601320755000840e-09
9.360601925616490588e-09
9.567283030522709621e-09
8.462828557888590076e-09
9.021520591722058543e-09
7.977872604659271277e-09
7.509674473962223298e-09
7.555945609131441163e-09
7.549020103696617306e-09
6.888265317525218785e-09
7.091456620004130187e-09
6.162589647433698834e-09
6.448219294955814238e-09
5.742762161012966861e-09
5.736943172053686904e-09
5.601910241584166656e-09
5.096932844013010010e-09
5.137434529292532096e-09
5.088316318320614295e-09
5.524407559513811609e-09
4.715195425435016974e-09
4.692555925664592183e-09
4.593364910424317702e-09
4.378519498195383628e-09
4.527716775492831273e-09
4.094107531274569517e-09
4.172973248523998060e-09
3.682283715811644435e-09
3.575243668193574196e-09
3.305356469324483822e-09
3.575348019536370575e-09
3.027987019901875664e-09
3.020574008286800094e-09
2.899826073811225545e-09
3.060984666172225263e-09
3.493950338862185957e-09
2.758075588127884774e-09
2.571447058881915662e-09
2.709655121510721419e-09
2.516170357193798828e-09
2.494667753227310234e-09
2.396674206296454415e-09
2.691023869101523607e-09
2.225629682888561970e-09
2.035973474552265976e-09
1.968121085836225623e-09
2.070533778681350202e-09
2.085149379830999670e-09
1.823670084027953837e-09
1.685591669514026802e-09
1.700202097131487592e-09
1.637772092123368730e-09
1.649230813901542313e-09
1.527436641800854058e-09
1.545327315884045154e-09
1.388888951206651398e-09
1.364535860553701145e-09
1.316394338335588881e-09
1.378903781719239637e-09
1.391992081801689360e-09
1.252535267315475816e-09
1.175720947547269527e-09
1.254735331051275867e-09
1.124638885430859410e-09
1.122766825649022930e-09
1.064329409479205890e-09
1.064263739884173535e-09
1.046863663513085703e-09
9.914584345556633534e-10
9.392998368494596743e-10
9.478363033054966172e-10
9.168023180643636315e-10
8.968586072142256351e-10
8.057717025900292882e-10
8.502261669897488910e-10
8.133846907771484313e-10
7.490344271543890223e-10
7.829761315127146577e-10
7.731831508688056675e-10
7.103749094825805897e-10
6.885569476087888785e-10
7.012528977429288490e-10
6.580384659012826789e-10
6.110197287623396547e-10
5.508771859873595229e-10
5.625011280922942807e-10
5.671888332861756181e-10
5.288400538452215811e-10
5.180105280715942891e-10
4.921987695254501190e-10
5.027817625633180271e-10
4.474514427627699020e-10
4.532587391155926191e-10
4.780600153472362205e-10
4.032263238133944490e-10
3.966479432362868077e-10
3.878311205249933048e-10
4.040644028370740480e-10
4.222232247702863709e-10
3.769183946324568866e-10
3.552320552306334915e-10
3.345629900276667745e-10
3.164762487205996131e-10
3.014329669848474729e-10
3.128702900842640365e-10
3.059371473789275805e-10
2.910802917564535533e-10
2.884736512107864104e-10
2.545899299928865519e-10
2.632646672820029475e-10
2.632708116168652845e-10
2.548800245616693528e-10
2.540050943220082894e-10
2.492028880846108470e-10
2.255938602852436685e-10
2.121426325885768989e-10
2.245851984032617450e-10
2.445928174537170411e-10
2.310516365425321060e-10
2.004749846234357541e-10
1.986088569942438882e-10
1.918409365677051995e-10
1.967551774703682440e-10
1.922649394345288631e-10
1.747660201041724745e-10
2.009857556269593295e-10
1.983237048926481443e-10
1.622004827122858199e-10
1.805984867812111813e-10
1.748715747049990342e-10
1.633180494694461580e-10
1.591218740237016955e-10
1.667373622928461834e-10
1.572032310591943062e-10
1.420688650645984028e-10
1.395594461987560796e-10
1.563591282836533418e-10
1.317966413537257391e-10
1.453337316455163881e-10
1.287474003850762981e-10
1.317832729798557790e-10
1.349878737754347240e-10
1.326046365731061683e-10
1.375184414714908606e-10
1.264298297460669922e-10
1.140331848230813983e-10
1.042058191326901922e-10
1.015710924805812099e-10
1.052568717414049203e-10
1.103401698941441702e-10
1.079292709748292251e-10
1.046748379271877238e-10
1.217317620988134436e-10
1.096885688056289761e-10
1.080779499023261473e-10
1.051266695383024655e-10
1.282701178675746302e-10
1.244342968572136814e-10
1.248414457803801610e-10
1.233737615624657326e-10
1.157856657918278244e-10
1.282822533324788595e-10
1.424951150538019240e-10
1.323690852376141572e-10
1.380775096398593392e-10
1.511775560530211653e-10
1.355968206722385704e-10
1.247280857254838403e-10
1.347084597940143034e-10
1.452382971157795655e-10
1.392071001278739119e-10
1.303725752554188504e-10
1.341468208703319849e-10
1.293711756984821414e-10
1.474408399795826788e-10
1.232631964009612804e-10
1.280130666196831879e-10
1.223356978863863542e-10
1.200563599756775449e-10
1.195019791668136491e-10
1.232897631394906918e-10
1.265340422113963148e-10
1.414270267622842339e-10
1.272919806523249835e-10
1.331907783758004349e-10
1.190948429998286799e-10
1.144237090869849880e-10
1.117163534227284011e-10
1.058714744976858976e-10
1.280251723923397013e-10
1.345869973878646167e-10
1.060848484322546456e-10
1.478931670846526480e-10
1.278757046875750436e-10
1.281376019548144399e-10
1.086627425366441457e-10
1.328985449836246751e-10
1.181710017591478960e-10
1.251898802470438405e-10
1.173053093061355701e-10
1.085753659078950432e-10
1.233986323315597553e-10
1.053207855082098280e-10
1.051486990616791993e-10
1.131061663619060011e-10
1.072094607304855212e-10
1.238196395841845949e-10
1.167277408366102724e-10
1.138653984020852413e-10
1.028316529858468231e-10
9.868506328432605249e-11
