3.176683818809918902e-01
1.221941958331482642e-01
5.929028993565217676e-02
2.922336082623876521e-02
1.492741011243728551e-02
8.249646977940984505e-03
4.492700717803115203e-03
2.434905698076133152e-03
1.347221097039348787e-03
6.446787123482165295e-04
3.318462259391580151e-04
1.544568145412119318e-04
7.087694748843961193e-05
3.473889744332784126e-05
1.494641751710395770e-05
7.465094384971121434e-06
3.602746641885261591e-06
1.637498711586978243e-06
7.260859931916766030e-07
3.107129105866685474e-07
1.362927040644031971e-07
5.871080059991743553e-08
2.499576368353577400e-08
1.171649291665167061e-08
4.896039946854076584e-09
1.842631601075044216e-09
6.992902245448451510e-10
2.846849675683199432e-10
1.294273228844551453e-10
6.771541589629453450e-11
