1.572376226582881342e+00
1.427632171762876601e+00
1.296731422619926244e+00
1.035569238590347663e+00
1.000257386206422128e+00
9.815232648203925381e-01
8.568601879009778433e-01
7.999414683448317076e-01
7.213308188095782780e-01
7.109956553113762068e-01
6.053169678363530259e-01
6.405253997179530812e-01
5.614551919236895339e-01
5.067016087109157407e-01
5.032353391529590381e-01
4.168299886302615498e-01
4.027578465628967042e-01
3.603386053251265153e-01
3.566374088479323246e-01
3.122529591714396924e-01
2.818643787095365671e-01
2.628009171623656437e-01
2.347247653298414616e-01
2.033167989997226588e-01
1.907642352977867439e-01
1.639659064636251051e-01
1.704370176598830056e-01
1.563965393099871204e-01
1.729564037317118663e-01
1.328197469935502029e-01
1.246708738442349751e-01
1.079297280673991583e-01
1.024028652433461306e-01
9.734988067501122722e-02
8.937789839110202306e-02
7.351061530239143271e-02
7.583189439380821906e-02
6.858572382720090621e-02
6.492883474402683097e-02
5.601012625848806464e-02
5.363671240943552326e-02
6.062554493398695371e-02
4.964798960399952055e-02
4.539082910967975198e-02
3.949071265243172396e-02
3.821300223924364164e-02
3.764135627658104361e-02
3.228533276276093766e-02
2.829803124179879753e-02
2.694596313413352706e-02
2.545817406092178853e-02
2.858003694666846201e-02
2.389547728848354438e-02
2.197450354445812035e-02
1.965334514634707944e-02
1.744721293436809692e-02
1.590976604874264067e-02
1.567465698392258786e-02
1.439971470559365217e-02
1.358469726937648614e-02
1.338919695434876225e-02
1.126733829151841705e-02
1.126195258137234478e-02
1.022090435229101521e-02
8.903206703381457560e-03
8.161414949809183209e-03
9.376583979738603580e-03
7.984292193652693312e-03
6.808504294256779478e-03
5.980746638544282012e-03
5.631831404735452087e-03
6.061187325942685167e-03
6.266849480575168753e-03
5.010967616594858356e-03
4.448744925874314853e-03
4.191477794016674335e-03
4.778149861657182869e-03
3.605660208233556815e-03
2.992150147496324460e-03
2.925415187635534934e-03
3.284519934062417757e-03
2.602218116905537660e-03
2.485265695595111849e-03
2.208468215250729023e-03
1.953551837298435866e-03
1.814431989859469378e-03
1.749410814017028117e-03
1.923938231013832016e-03
1.533427623300295242e-03
1.365185766123178882e-03
1.289766484680600692e-03
1.181111462178092552e-03
1.432636248523313843e-03
1.171774847966658255e-03
1.189832507774846952e-03
9.531405369689297143e-04
8.231975536325800060e-04
8.204183217804491331e-04
8.550968657885337073e-04
6.232643928151898821e-04
5.859641398395869748e-04
6.253288245366143061e-04
4.709424701521907979e-04
4.420796519680062278e-04
5.142872481974283122e-04
4.004875310523718797e-04
4.488452570052588880e-04
3.614799417739553698e-04
3.591294259473695760e-04
3.149035759810384755e-04
2.722882130267665073e-04
2.368325948515658170e-04
2.818880386994894634e-04
2.403727779730375081e-04
2.247773573568047714e-04
2.021756176189293285e-04
1.737728611461339639e-04
1.870009861977842082e-04
1.709995623128513593e-04
1.407603451071428691e-04
1.328349074083093762e-04
1.057414955934441884e-04
1.187230986082782081e-04
9.713083570844751257e-05
8.365555987697690396e-05
9.158887311459392127e-05
7.419970808979208128e-05
6.613964421405356040e-05
7.337017670308658120e-05
5.689615713653900216e-05
5.526171928635681315e-05
5.521744802085335710e-05
4.188984545557424113e-05
4.314337030983810174e-05
4.199637198857126907e-05
3.470657129070026895e-05
3.543255500900377772e-05
2.519397947426056636e-05
3.201829533411694809e-05
2.206034737957893131e-05
2.488900338055364110e-05
2.107092125506089135e-05
1.755333450718617451e-05
1.620272333427824867e-05
1.318796854687640447e-05
1.335797405512515532e-05
1.607508945728234215e-05
1.036916801444474903e-05
1.003404132772936956e-05
9.765090323753188950e-06
8.156652970323549274e-06
9.223462312227615067e-06
6.882661118564223856e-06
6.342039085757362460e-06
5.628397592942472306e-06
5.053095138305850782e-06
4.480973879323841625e-06
4.582922800550373532e-06
3.571311923902271522e-06
3.115113376253815398e-06
3.675925316732030189e-06
2.880744072197748736e-06
3.578076939328830031e-06
2.401654945889153520e-06
2.108159387524637542e-06
2.015767429361529062e-06
1.782443873640743458e-06
2.009146946838466692e-06
1.549431851472016061e-06
1.729103597541526497e-06
1.296334260260884622e-06
1.124341433304445060e-06
1.184809844310443077e-06
1.143107352424646309e-06
1.030060318372195319e-06
8.956452415503111100e-07
7.630285728630105616e-07
8.643986483760934319e-07
7.443138302419858739e-07
6.745435975356250186e-07
5.587046439024260973e-07
5.336046059678350284e-07
5.307180522449679682e-07
4.891811792794526125e-07
5.226384017287280110e-07
5.048135269776422093e-07
3.720236842666057792e-07
3.433513001399196966e-07
3.193356604055468606e-07
3.424920688809660689e-07
2.702746752776807618e-07
3.081057517984340775e-07
2.603977436789807578e-07
2.347062063630911717e-07
2.020239574329579388e-07
2.225159906543588613e-07
1.682879465804673316e-07
1.503586870852459577e-07
1.660474652621582561e-07
1.481536689256704052e-07
1.289469968154650172e-07
1.249973196205499261e-07
1.150861849762379714e-07
1.045891605501185665e-07
9.987518874263548107e-08
1.244327243242729762e-07
9.685402757211597031e-08
9.302718922671372896e-08
8.460299799843799114e-08
7.931354827923949176e-08
6.979277020561697777e-08
8.247414819999156818e-08
5.900235289629186465e-08
6.722642869960567168e-08
4.945609094576630234e-08
5.362994161908269182e-08
4.448763839651624442e-08
3.414884481474041849e-08
3.622883123746995708e-08
3.067573552004941835e-08
3.299880956194038314e-08
2.607595767555681235e-08
2.658299690054158613e-08
2.411300217458131844e-08
2.208681509485839765e-08
2.500698156675433826e-08
2.570575267106012106e-08
1.777116874782439337e-08
1.815857583493312547e-08
1.805677449893166984e-08
1.873972613970334402e-08
1.467864315946118748e-08
1.240899151903648257e-08
1.452349219046165477e-08
1.062127373224981250e-08
1.106201889185914265e-08
9.902215566170760572e-09
8.769932344488354187e-09
7.633753513738856113e-09
6.414429175040120216e-09
8.094795656194703561e-09
5.856635795003418464e-09
6.172807285975703487e-09
5.237481835696060903e-09
5.938451926963991984e-09
4.165809303119184243e-09
3.977870119564040820e-09
3.493430037149783530e-09
5.030250890581216916e-09
2.930509991350758026e-09
3.475337943727478954e-09
2.460888661018807750e-09
2.488620670070386371e-09
2.853583528509093585e-09
1.846919268194958647e-09
1.614478666483088661e-09
1.788081831789605851e-09
1.865267958858781635e-09
1.573129853302800539e-09
1.558994613670875638e-09
1.297607032005167317e-09
1.048661046879415127e-09
9.863417350193036066e-10
8.874574300421997375e-10
8.192064496631809598e-10
8.160128632707338491e-10
6.443635996563556167e-10
7.239203614120389431e-10
5.269501208888706488e-10
7.574469262390569564e-10
4.463611654795795355e-10
4.742784173776740207e-10
4.310850263770238234e-10
3.996941366348283444e-10
3.909193136058266573e-10
3.663360782880489200e-10
2.917604344320621938e-10
3.421591068715353022e-10
2.362259781190062804e-10
2.454294335636053797e-10
2.005453525689191867e-10
2.083659965018319329e-10
1.733807636075617375e-10
1.425134319969065752e-10
1.609488512993420973e-10
1.469481151281196250e-10
1.579107176289631101e-10
1.312867926537350837e-10
1.207874314644705741e-10
1.196859547317530048e-10
9.220335922499948158e-11
