4.300209164059238254e-01
2.550433461925695755e-01
1.469665389777680409e-01
9.295347967567865743e-02
5.725169420270372067e-02
3.525959950417004857e-02
2.338771439920022191e-02
1.495857452911165258e-02
9.734061573384463623e-03
6.130470700688983240e-03
3.803401824082392260e-03
2.271775503050805622e-03
1.415992348541561096e-03
8.883928411219345822e-04
5.338721391208556917e-04
3.409903134344587799e-04
2.121275803088312317e-04
1.322047095905541181e-04
8.240845676758520920e-05
4.752873813439412523e-05
2.951685843242107387e-05
1.680905253677359467e-05
9.522070122733245609e-06
5.693809101798434746e-06
3.494314059440258517e-06
2.152433781178836570e-06
1.391086675042354566e-06
8.515498601786926582e-07
5.114188721165706270e-07
2.950307422859487480e-07
1.579040898293248377e-07
9.357097921621450478e-08
5.476815920585456824e-08
3.093488656359108185e-08
1.771127290970641677e-08
1.009684156197397469e-08
6.237550537590045019e-09
4.195656164612939178e-09
2.572642512618275345e-09
1.712007042232703589e-09
9.173380041887532262e-10
4.677123555138938934e-10
2.588417065714710102e-10
1.634968882884161573e-10
1.034866754951605989e-10
5.397347825671700884e-11
