4.303236626802174891e-01
2.555265124959215095e-01
1.467293308885834202e-01
9.387532650646125687e-02
5.749066166412285239e-02
3.536503325229412020e-02
2.329129965977577710e-02
1.489150362214845813e-02
9.680569051942727876e-03
6.204223798162779822e-03
4.020462044569461657e-03
2.424874462499395159e-03
1.497976268573730134e-03
8.939464212390416499e-04
5.391273464371393147e-04
3.422553740079774969e-04
2.120717981694464262e-04
1.323987372028280680e-04
8.228939438767952149e-05
4.769484675429377165e-05
2.920427823326014180e-05
1.711049747522180761e-05
9.650734568833551380e-06
5.819175171773099622e-06
3.568702373893437494e-06
2.208721879776086296e-06
1.422394049685037093e-06
8.743639694047915401e-07
5.214805395438914274e-07
3.012419089327924943e-07
1.602732187484395747e-07
9.474400335824317721e-08
5.593200567609568235e-08
3.091973074006107848e-08
1.795144350320801205e-08
1.009610949947321172e-08
6.555273733249613486e-09
4.322184530407874670e-09
2.684646134809024756e-09
1.728313525691743940e-09
9.221454397331822635e-10
4.756205669793358706e-10
2.705312363996509797e-10
1.565094728148193449e-10
1.041729472145197944e-10
6.700980451276410454e-11
