2.822500595670660584e-01
3.286633743756873227e-01
3.854519124941018782e-01
4.244661583198430232e-01
4.486615987187425048e-01
4.710552881004547165e-01
4.747384466250074153e-01
4.815739520576509114e-01
4.973658969417881215e-01
5.140177651911573831e-01
5.205207738314631127e-01
5.305787211923450597e-01
5.317165752509900312e-01
5.423838804984454365e-01
5.465811039054807585e-01
5.555532118449654222e-01
5.583245953110693716e-01
5.587808137567668032e-01
5.654698493569936257e-01
5.663362922177092029e-01
5.695048753788776175e-01
5.715380863881177609e-01
5.847565804951367907e-01
5.953787733758113543e-01
5.954816199596374426e-01
6.024773110577557045e-01
6.065277161191208188e-01
6.106056554241000578e-01
6.112708742699622944e-01
6.193729563570338215e-01
6.221339702970886121e-01
6.252126436250328156e-01
6.274677402666609671e-01
6.320396297567594246e-01
6.345009209052899779e-01
6.392703162564513653e-01
6.396150824116186850e-01
6.401100852440009259e-01
6.425951940336819268e-01
6.450757978112078295e-01
6.461589373407694570e-01
6.472540263574905195e-01
6.528579941178492829e-01
6.549967718861519073e-01
6.592888667962374383e-01
6.629751988217388314e-01
6.658641477387620133e-01
6.687611983754276901e-01
6.715612731862388163e-01
6.737482683218695145e-01
6.804175394612933525e-01
6.818834504153200582e-01
6.837006572749368960e-01
6.873660982020152188e-01
6.932284126438179594e-01
6.939327687077362361e-01
7.012038361993445656e-01
7.113688346787975236e-01
7.143717058407751397e-01
7.154056438228935111e-01
7.160609672981045337e-01
7.164398206537181402e-01
7.209092001171257813e-01
7.248486193196556071e-01
7.261735625320593357e-01
7.274243599375360692e-01
7.361818978898966304e-01
7.378934460566740627e-01
7.399325940080704322e-01
7.441558419444402883e-01
7.456417935372589012e-01
7.459356672328066873e-01
7.471651097027761645e-01
7.486619778914883616e-01
7.552756324914592367e-01
7.620023745335082754e-01
7.660797667099685793e-01
7.667443135659022246e-01
7.667566837183450446e-01
7.669148407222878827e-01
7.683714587869737711e-01
7.715174691107169469e-01
7.840069576010872954e-01
7.857476251204671414e-01
7.870123141371604403e-01
7.881958517060702052e-01
7.893910082642809911e-01
7.937309592692516347e-01
7.948039240435552655e-01
7.955601727235793730e-01
7.975403937712709501e-01
7.981269259766486934e-01
7.982940997472836031e-01
7.996399386916571705e-01
8.016106070033905961e-01
8.017870421859154551e-01
8.022254854850890959e-01
8.065840989233016289e-01
8.073965519662168466e-01
8.087212920296564800e-01
8.092707448577588503e-01
8.124500224973297824e-01
8.126398731957088506e-01
8.168958095841650779e-01
8.193293175595361966e-01
8.230275577103476348e-01
8.239940996832143538e-01
8.244205257637301498e-01
8.255101183106016149e-01
8.264654437721448144e-01
8.265231191910411557e-01
8.271582695293444587e-01
8.299891431686061694e-01
8.301496492001048111e-01
8.312488177839405523e-01
8.338175383205908009e-01
8.352907878520747786e-01
8.419477055147348565e-01
8.440566076300076714e-01
8.461193852835774409e-01
8.464965846433222252e-01
8.475305396366205057e-01
8.486669671682975924e-01
8.512220977912958730e-01
8.523188571317792395e-01
8.526926371499933266e-01
8.538719888178847306e-01
8.553052566359111708e-01
8.583652149710787604e-01
8.593873518750707596e-01
8.597591674359424951e-01
8.605731512967459418e-01
8.656265426471116964e-01
8.662540556529089164e-01
8.665293176871197156e-01
8.684582933905256041e-01
8.709233104614818588e-01
8.733824883292828911e-01
8.743327916496971275e-01
8.757716565768628447e-01
8.763086233137274972e-01
8.769171606001632258e-01
8.783000404764613744e-01
8.812713802053188106e-01
8.827875925327395290e-01
8.836952965975700680e-01
8.848379960865447869e-01
8.857627173802407050e-01
8.861287420296704020e-01
8.875801748138913982e-01
8.878165918265877865e-01
8.903391381783506420e-01
8.906358100985206638e-01
8.915319014414352372e-01
8.933772184699718677e-01
8.936189970241004144e-01
8.952730749268420496e-01
8.977945522591380678e-01
8.985636787077705412e-01
8.994053002475754788e-01
8.995169025564849763e-01
9.000778181167286007e-01
9.021345016740478506e-01
9.033470021262824945e-01
9.051477903230276123e-01
9.079773276262761428e-01
9.086911028282317337e-01
9.090855542410509749e-01
9.103021686081380626e-01
9.120208053161269479e-01
9.126805875253038991e-01
9.149060071402089767e-01
9.161809112749697004e-01
9.172251656596038805e-01
9.175593254969199863e-01
9.182981563631984478e-01
9.185663331465458992e-01
9.199178612833922575e-01
9.222001766635065101e-01
9.234855249568204583e-01
9.243968516919447431e-01
9.248988325014060319e-01
9.257996538977054657e-01
9.261878222959746276e-01
9.267408158735797041e-01
9.281500428179272344e-01
9.288452656348824554e-01
9.299505795639464445e-01
9.312285772649072646e-01
9.315892594660553083e-01
9.332449811716583277e-01
9.338203072245105929e-01
9.340701819794904326e-01
9.347777304427409284e-01
9.352482695185301287e-01
9.362493618164110520e-01
9.367724717485426122e-01
9.374803465006352754e-01
9.386990299561894791e-01
9.397916833596543507e-01
9.404375628767006612e-01
9.414991231906795210e-01
9.417233438856040806e-01
9.420465220531637485e-01
9.430088227087073394e-01
9.434687557052191531e-01
9.438807150353720754e-01
9.443085163421198747e-01
9.446695725415734657e-01
9.454563759424217118e-01
9.463324769896233057e-01
9.468614786464317756e-01
9.472133987952389145e-01
9.490135640109091941e-01
9.493380107350457564e-01
9.496087426277817212e-01
9.501433102809009323e-01
9.503991827101653245e-01
9.508029917505625983e-01
9.510183392551784243e-01
9.539597659611301905e-01
9.548856743678939552e-01
9.560316647762234776e-01
9.561205329156414745e-01
9.566047474737315870e-01
9.567280326883234043e-01
9.572152544342453773e-01
9.576971454626046487e-01
9.580797584526198341e-01
9.585145597063714495e-01
9.588597892854408000e-01
9.597153040556074544e-01
9.598960291734903727e-01
9.604853909255132161e-01
9.608544277896001740e-01
9.610599703703014418e-01
9.618206423810696792e-01
9.619968232667945873e-01
9.626075499039631334e-01
9.628798717005184749e-01
9.631816715179190025e-01
9.635698626417537049e-01
9.638684085632344134e-01
9.640461484091187305e-01
9.643399013118861829e-01
9.648819688659124871e-01
9.652683291685302258e-01
9.654055855946679365e-01
9.657802073305621349e-01
9.660888964160569969e-01
9.667111932866147006e-01
9.671832549571287574e-01
9.673902887830666542e-01
9.675650407033170586e-01
9.681402063615527354e-01
9.687640410479353426e-01
9.689164785170127914e-01
9.695260503650732220e-01
9.700629557620505938e-01
9.701434536487805183e-01
9.702617595748750379e-01
9.703162563176451760e-01
9.711967504728967748e-01
9.713134918301072895e-01
9.716423704945222894e-01
9.720611340693996461e-01
9.723213056636642593e-01
9.726044580562943631e-01
9.733555042868106133e-01
9.734948649978127921e-01
9.736448782971875993e-01
9.739586115958827062e-01
9.743403088796740441e-01
9.746371237202866578e-01
9.751647639420757407e-01
9.753772135928078235e-01
9.760868092586220124e-01
9.763204452358127394e-01
9.764415114756166414e-01
9.766941045984879333e-01
9.768721848214486636e-01
9.773674091154862520e-01
9.775557102559601086e-01
9.781360634482777483e-01
9.783400736263673236e-01
9.785477252187105845e-01
9.786329457469485904e-01
9.793050817152639809e-01
9.796420152278357829e-01
9.798668181376671837e-01
9.803843124956459487e-01
9.806549419750602015e-01
9.806975415477353630e-01
9.811181393611950741e-01
9.813342277606912356e-01
9.815080595073230052e-01
9.817932768910011543e-01
9.822033518646126060e-01
9.824777943018344617e-01
9.828372782459857682e-01
9.830613506968896020e-01
9.835723065280400634e-01
9.841030868835202172e-01
9.844021102541635759e-01
9.845578384799692495e-01
9.849396413807482986e-01
9.851389368955298931e-01
9.853512479250491340e-01
9.853701026719260403e-01
9.855617698517598058e-01
9.857371654936367689e-01
9.859627780752985293e-01
9.862730144200977378e-01
9.866690741397350362e-01
9.868740989826606524e-01
9.869575017572062015e-01
9.871645423695710742e-01
9.873737526022255961e-01
9.878921852693063332e-01
9.880153246989002991e-01
9.882213895306098950e-01
9.884965402369323417e-01
9.887978892041601187e-01
9.889837808211613401e-01
9.891638290561689528e-01
9.894489015311087599e-01
9.897519904397291679e-01
9.899411548070395916e-01
9.900601093105176886e-01
9.903422033649562639e-01
9.904971417155444824e-01
9.907871473583620414e-01
9.909366886007983100e-01
9.911869836808423484e-01
9.913925808593873068e-01
9.917042538352527359e-01
9.920481679320609647e-01
9.922572458615172009e-01
9.925408599273068955e-01
9.926466298299317925e-01
9.930233754441647465e-01
9.931837079076993868e-01
9.932823720275403279e-01
9.933646805792302192e-01
9.937445830250423162e-01
9.938031324914591291e-01
9.938989806078389888e-01
9.940839298640613553e-01
9.945055504240450928e-01
9.945809562741139143e-01
9.948684125716746873e-01
9.949749806408619834e-01
9.950651770796049567e-01
9.951237154226263426e-01
9.953321322328777532e-01
9.955180562979624170e-01
9.957308669296195403e-01
9.959614782114382114e-01
9.961337445855130701e-01
9.962694708516536268e-01
9.965192060983211197e-01
9.966486104951969294e-01
9.967001928042362735e-01
9.969932985736509323e-01
9.970669518194297254e-01
9.973294557998136911e-01
9.974194037338498520e-01
9.976215802841720270e-01
9.976763684875550320e-01
9.978393271197564252e-01
9.979575139444658571e-01
9.983059521886457066e-01
9.985287385946440830e-01
9.986229375140480702e-01
9.987663690165055064e-01
9.988663383436623411e-01
9.990241164134558982e-01
9.991393215287383001e-01
9.992411312567962556e-01
9.994333166052852269e-01
9.995136159241094775e-01
9.996790654859257774e-01
9.997643437138541422e-01
9.998445151531751840e-01
9.999242341113613319e-01
9.999807618425077260e-01
1.000058696733282737e+00
1.000146549199370183e+00
1.000312668291256202e+00
1.000385910696978131e+00
1.000481833071378057e+00
1.000754534340735358e+00
1.000897900974384802e+00
1.001148196977056148e+00
1.001228702319293173e+00
1.001366415505843932e+00
1.001432328395998272e+00
1.001545993572629412e+00
1.001666633999711786e+00
1.001775941522817126e+00
1.001902993062304237e+00
1.001994740962387942e+00
1.002156447239666015e+00
1.002316606016384615e+00
1.002452611437718577e+00
1.002525600182946119e+00
1.002673101283877211e+00
1.002691770423534967e+00
1.002877922683274914e+00
1.002978905291160405e+00
1.003063044140273252e+00
1.003269293815892249e+00
1.003329268910690519e+00
1.003549800262128366e+00
1.003774584249761848e+00
1.003899634472516844e+00
1.003972593101403410e+00
1.004022357125150533e+00
1.004062241240448516e+00
1.004177261937447163e+00
1.004220636438315939e+00
1.004393791727886009e+00
1.004588051269116766e+00
1.004680777265346325e+00
1.004849695036962753e+00
1.004859986967264973e+00
1.004916346547398698e+00
1.005020758387396018e+00
1.005039175554670594e+00
1.005215177851043862e+00
1.005350046798638264e+00
1.005449238045861282e+00
1.005567012063957710e+00
1.005691942796805849e+00
1.005772690392613855e+00
1.005936338756955317e+00
1.006069273426082322e+00
1.006175096707693672e+00
1.006301364168579182e+00
1.006440374325456411e+00
1.006543706489317902e+00
1.006608946783564829e+00
1.006817484375624128e+00
1.007088738583464371e+00
1.007177701031290562e+00
1.007404689023478905e+00
1.007522147477100116e+00
1.007636194021594100e+00
1.007710382630093937e+00
1.007791996718911287e+00
1.007930556805705979e+00
1.008103170492092859e+00
1.008216267681350864e+00
1.008248865120148441e+00
1.008320403091904627e+00
1.008502739526033087e+00
1.008534383857611738e+00
1.008544238384564418e+00
1.008669058193685908e+00
1.009016325255335467e+00
1.009240912905029708e+00
1.009495087653558221e+00
1.009558280792208107e+00
1.009722589846579588e+00
1.009850458398886319e+00
1.010166691690404850e+00
1.010206097424766636e+00
1.010362959566802887e+00
1.010467394723499002e+00
1.010652161017322914e+00
1.010730661579009482e+00
1.010918236360806022e+00
1.011138987543292567e+00
1.011487965650878618e+00
1.011535081840314598e+00
1.011922685650297193e+00
1.012084766696339733e+00
1.012272213531501208e+00
1.012328886084389756e+00
1.012574843261397906e+00
1.012777039696664438e+00
1.012798143325879030e+00
1.012939731090914508e+00
1.013034589043587230e+00
1.013125138790250901e+00
1.013201822529449680e+00
1.013558491632722713e+00
1.013580926831916251e+00
1.013609030477560458e+00
1.013911925567098971e+00
1.014030105571228857e+00
1.014164322894589354e+00
1.014319083048164538e+00
1.014403543148995279e+00
1.014555689511766001e+00
1.014624001813297260e+00
1.014759251586680788e+00
1.014962707103036710e+00
1.015026185085305510e+00
1.015146078835090115e+00
1.015413485408405814e+00
1.015487615859215653e+00
1.015860049780836105e+00
1.015964680753000060e+00
1.016277105440220430e+00
1.016330444391525756e+00
1.016649718559731852e+00
1.016922693729976679e+00
1.017118363223983302e+00
1.017372316586969250e+00
1.017556578910157716e+00
1.017881174101388231e+00
1.018076987584635384e+00
1.018322474277234768e+00
1.018410345633515623e+00
1.018646502931388254e+00
1.018683860877339642e+00
1.018901775742164784e+00
1.018986505495858230e+00
1.019025570068164299e+00
1.019213603325592077e+00
1.019450168668166734e+00
1.019571085485224460e+00
1.019648836453801000e+00
1.019974064235361411e+00
1.020020099331368169e+00
1.020178794732738536e+00
1.020211790967798793e+00
1.020391598623004548e+00
1.020524589577041175e+00
1.020616984409402406e+00
1.020798618947178049e+00
1.020999712961809136e+00
1.021133162417638518e+00
1.021188811551149156e+00
1.021512768772271151e+00
1.021655659913533798e+00
1.021716617063446186e+00
1.021810301658142350e+00
1.022112126841274726e+00
1.022155309069371132e+00
1.022580225798587428e+00
1.022718906503734093e+00
1.022837950332289525e+00
1.022994197629277791e+00
1.023230823050975014e+00
1.023295690006732261e+00
1.023457027831894406e+00
1.023855333641281007e+00
1.023943282811823785e+00
1.024073866136929301e+00
1.024379918535178069e+00
1.024706982558321711e+00
1.024721098677280340e+00
1.024860995811143205e+00
1.024945067860169701e+00
1.025076167571823182e+00
1.025145587057417096e+00
1.025557807340753635e+00
1.025574331381687854e+00
1.025738418757920378e+00
1.025818296905741445e+00
1.026196517860159751e+00
1.026366841420736753e+00
1.026462136115388502e+00
1.026638935091289451e+00
1.027186436424470273e+00
1.027376582063411758e+00
1.027500202494281645e+00
1.027638934606755372e+00
1.027810288504756864e+00
1.027997888550196137e+00
1.028383479472248174e+00
1.028674669697146049e+00
1.028792529448165904e+00
1.028922545210911421e+00
1.029391770051238941e+00
1.029654773264530698e+00
1.029875109665072896e+00
1.029972803322348085e+00
1.030124595662503140e+00
1.030290640004423386e+00
1.030460040113413411e+00
1.030686123884571925e+00
1.030892406764788216e+00
1.031176491740506629e+00
1.031400712019568289e+00
1.031431704982563868e+00
1.031609042151199862e+00
1.031809058802620083e+00
1.031997863811149774e+00
1.032146178968725403e+00
1.032314622108592150e+00
1.032512299803012290e+00
1.032809991533717220e+00
1.032903202152211541e+00
1.032967253633727989e+00
1.033252596384625299e+00
1.033503793172992236e+00
1.033726994125412801e+00
1.034096801427134116e+00
1.034447356342865110e+00
1.034895956098167424e+00
1.035056602501662315e+00
1.035142805649020836e+00
1.035389832628544671e+00
1.035592055821193291e+00
1.035647427473586513e+00
1.035905842129368537e+00
1.036251173934464198e+00
1.036562980537035106e+00
1.037153287164047866e+00
1.037210206289828518e+00
1.037358390465362046e+00
1.037697575604369815e+00
1.037936957181057940e+00
1.038150021926907307e+00
1.038705685115625554e+00
1.038815605617800397e+00
1.038963685904856771e+00
1.039299794241844932e+00
1.039660562152834533e+00
1.039965456535431265e+00
1.040150236572806808e+00
1.040742873519765022e+00
1.041052286606261257e+00
1.041412567400292755e+00
1.041570995266200672e+00
1.041786436300495611e+00
1.041930572004978739e+00
1.042056089870218250e+00
1.042207235527081055e+00
1.042370164256711584e+00
1.042632218298586100e+00
1.042910873099703872e+00
1.043360684801656335e+00
1.043526409003841193e+00
1.043965285467689741e+00
1.044186682954011181e+00
1.044468891065618132e+00
1.044649185372213518e+00
1.044785987078767020e+00
1.044973544885837713e+00
1.045185737730762288e+00
1.045300747842581757e+00
1.045456573030578040e+00
1.045710221500020243e+00
1.046015927098802978e+00
1.046587111877344212e+00
1.046679656991433838e+00
1.046999963354777519e+00
1.047287230481815046e+00
1.047449828491170409e+00
1.047560905554775879e+00
1.047783803536611380e+00
1.047911409657667603e+00
1.048333328279644761e+00
1.048497456235091718e+00
1.048676721159033765e+00
1.049047276186309219e+00
1.049215422834008704e+00
1.049396298325940391e+00
1.049988632837355329e+00
1.050243603672261550e+00
1.050508694706264512e+00
1.050623638600946652e+00
1.050866116145719786e+00
1.051008789328747861e+00
1.051528689261005622e+00
1.051787290158348265e+00
1.052159630580663530e+00
1.052241961838879414e+00
1.052828085529447621e+00
1.053159689333580395e+00
1.053392043388127641e+00
1.053449222495258075e+00
1.053742587628306859e+00
1.054401870933202146e+00
1.054510691047714666e+00
1.054831890636909186e+00
1.055116249921470795e+00
1.055338795128170748e+00
1.055521599951029232e+00
1.055834544670891884e+00
1.055872530258245900e+00
1.056109144435877667e+00
1.056670296985700697e+00
1.056708617244197956e+00
1.057283318441814668e+00
1.057346496797927138e+00
1.057904897276298106e+00
1.058079253990934498e+00
1.058533028643567020e+00
1.058713506333740506e+00
1.058893834713604098e+00
1.059310672483705140e+00
1.059763179962340152e+00
1.060125447134065091e+00
1.060684577371524551e+00
1.060830862877206515e+00
1.061394075537851922e+00
1.061834209460060352e+00
1.062271519285933774e+00
1.062714114185814518e+00
1.063182250880791102e+00
1.063724786089466967e+00
1.064128751387319216e+00
1.064461851549407312e+00
1.064836758775753234e+00
1.065197030249482868e+00
1.065352705263129973e+00
1.065778574654004718e+00
1.065897277915444752e+00
1.066021734896915651e+00
1.066307305134498673e+00
1.066709350504604581e+00
1.067112011545265693e+00
1.067423275444608022e+00
1.067552141725053083e+00
1.068350206458387186e+00
1.068758566179302871e+00
1.069175754128778966e+00
1.069489681906331979e+00
1.069642960377275909e+00
1.070032482991269518e+00
1.070681284148926826e+00
1.070814673653587068e+00
1.071060118479731926e+00
1.071682184479835209e+00
1.072192074302014131e+00
1.072497851171521077e+00
1.072851652956726021e+00
1.073327045818203596e+00
1.073554109217005781e+00
1.073820978072639543e+00
1.074035532559106221e+00
1.074292664535753783e+00
1.074658311381782250e+00
1.074890933982033170e+00
1.075621297539001375e+00
1.075809513477300028e+00
1.076433470400951053e+00
1.076512288881035895e+00
1.076875629837822368e+00
1.077226756430862853e+00
1.077574656042062262e+00
1.077847897790109366e+00
1.078123912031449860e+00
1.078469373220057204e+00
1.078934923389373468e+00
1.079353482907152051e+00
1.079806731939261244e+00
1.079895865902856578e+00
1.080326836412903058e+00
1.080783501571076055e+00
1.080891418509710933e+00
1.081607498565670733e+00
1.081881185216489794e+00
1.082479115101314893e+00
1.082731617003160451e+00
1.082899552573821200e+00
1.083626711581833213e+00
1.084477214213796614e+00
1.085244905775443414e+00
1.085602230398986956e+00
1.086054894109979463e+00
1.086372060956311225e+00
1.086828706586471016e+00
1.087458676614117881e+00
1.087904722537976987e+00
1.088177528399079108e+00
1.088424331597109385e+00
1.088630743417533520e+00
1.089261647699437674e+00
1.090028668710650184e+00
1.090397266975394519e+00
1.090537296189480587e+00
1.091202839418243142e+00
1.091586455992142657e+00
1.091990404168552420e+00
1.092531918612502650e+00
1.092826182980936034e+00
1.093456970853056154e+00
1.093530069908830171e+00
1.094027137978243580e+00
1.094331445698877969e+00
1.094765111360585630e+00
1.095544407427189171e+00
1.095955088191102433e+00
1.096317232658182039e+00
1.096324710287684301e+00
1.096687530622682649e+00
1.099104654149914539e+00
1.099174415517215397e+00
1.100010344012657848e+00
1.101264790895107870e+00
1.101418536595126119e+00
1.101700625595778860e+00
1.101910584244525815e+00
1.102699457984438247e+00
1.102872806959880325e+00
1.103476712502141188e+00
1.103644785847083032e+00
1.104500378229703150e+00
1.104703563969068769e+00
1.105153482200756709e+00
1.105480414861752081e+00
1.106937256535557523e+00
1.107278029085595028e+00
1.107671453820381569e+00
1.108476269379385704e+00
1.108869247203716712e+00
1.109172340537782242e+00
1.109973618282092067e+00
1.110897385077346700e+00
1.111560901181785077e+00
1.112226718495332500e+00
1.112536663247006397e+00
1.112733503442923766e+00
1.113887560279918532e+00
1.114221010484794494e+00
1.114605694358539401e+00
1.114941928190955611e+00
1.115195074030912004e+00
1.115826218853342100e+00
1.116235811644926690e+00
1.116876015677136236e+00
1.117121316138530718e+00
1.118178096930012133e+00
1.118364357829062961e+00
1.118890556317311713e+00
1.119639440422645738e+00
1.120405432390907841e+00
1.120733988274928761e+00
1.121248201340727002e+00
1.121773824582460222e+00
1.122509530358493768e+00
1.122764591788523392e+00
1.123532786174709752e+00
1.123684363760001581e+00
1.124355894722377736e+00
1.124864919826276566e+00
1.125648746080017748e+00
1.126178831613157794e+00
1.126710951423273155e+00
1.127005758193811991e+00
1.127615327001664003e+00
1.127949011843897953e+00
1.128180835435899754e+00
1.128846650432275389e+00
1.129031825867544692e+00
1.129785630200354385e+00
1.130230437209605698e+00
1.130561751835293061e+00
1.130938170598932979e+00
1.131305490176682804e+00
1.132192168092808426e+00
1.132949897684883744e+00
1.133308846387295343e+00
1.133541421510832148e+00
1.133914396728704865e+00
1.134644988675061805e+00
1.135004672404713144e+00
1.136055453010055949e+00
1.136811883495483455e+00
1.137303406636093861e+00
1.138147578035825003e+00
1.138470050440970827e+00
1.138764451623153651e+00
1.139132992133920830e+00
1.139786484876035511e+00
1.139992011715658560e+00
1.140613359238095148e+00
1.141053900546034505e+00
1.142025806365412510e+00
1.142278781834081824e+00
1.142429871944971476e+00
1.143103345743850641e+00
1.143719862344275029e+00
1.144020877828611171e+00
1.144793946254026640e+00
1.145268454269972480e+00
1.145390808938224314e+00
1.145719850646839566e+00
1.146425318995276887e+00
1.146459849675856457e+00
1.147016495964402027e+00
1.147514639671775027e+00
1.147649926650971430e+00
1.148213481457556639e+00
1.149262494810742385e+00
1.149797716334289843e+00
1.150126479058569462e+00
1.150927155016411962e+00
1.151616719203963468e+00
1.151935431842683988e+00
1.152041176332449846e+00
1.152578232851232176e+00
1.152760491887285799e+00
1.153911873828275203e+00
1.154501598449260591e+00
1.154711010604978938e+00
1.155076250633316315e+00
1.155638861091547787e+00
1.155830051458845986e+00
1.156945393456206839e+00
1.157497836115877199e+00
1.157961461509613432e+00
1.158633114211650383e+00
1.159308897704204311e+00
1.159580829328837437e+00
1.160214416186430064e+00
1.160401659368631266e+00
1.160801927988946769e+00
1.161120105521263879e+00
1.162022072132819828e+00
1.162326003182512668e+00
1.162496789824342347e+00
1.163762487028110248e+00
1.164230150081890125e+00
1.164483822306540795e+00
1.164929617448168697e+00
1.165497756920123695e+00
1.166673617201232194e+00
1.167387419049334740e+00
1.167704963030435472e+00
1.168940684784615325e+00
1.169074199003606873e+00
1.170322664640097265e+00
1.171834821022184281e+00
1.172001159386154123e+00
1.172821927744063464e+00
1.173613848212059274e+00
1.174749904306514381e+00
1.175379000917283312e+00
1.176541587986830839e+00
1.176966260002197506e+00
1.177778098091259995e+00
1.177908192695269252e+00
1.178165793511877002e+00
1.179394697342346587e+00
1.179728408986868482e+00
1.179899971347443621e+00
1.180578082330235645e+00
1.181719065616872566e+00
1.182134092956635518e+00
1.182831710448097873e+00
1.183003968122850136e+00
1.183871945003091897e+00
1.184078534684958717e+00
1.184895518510196810e+00
1.185984484663489269e+00
1.186916603534899917e+00
1.187200865754630241e+00
1.188052877089623927e+00
1.188815986751875275e+00
1.189327029704675853e+00
1.190679548028307222e+00
1.190945279967670523e+00
1.191039393334840435e+00
1.191985573986103164e+00
1.193168364819492178e+00
1.194071027614975078e+00
1.194260515935710920e+00
1.194317208815861786e+00
1.195295163219569634e+00
1.196785572080109716e+00
1.197026349904440456e+00
1.198042670152916322e+00
1.198479814156358847e+00
1.198950490460124474e+00
1.199932752154170501e+00
1.200554077056118274e+00
1.201895706206938641e+00
1.202765583021862650e+00
1.203120474427125997e+00
1.203631557904681681e+00
1.204838977174321091e+00
1.205301726078539026e+00
1.205576244849787759e+00
1.207035199767276357e+00
1.207579222065753521e+00
1.208216780609035146e+00
1.208457523127881572e+00
1.209606674407221805e+00
1.209891485869695638e+00
1.210382835175289884e+00
1.210868316892444563e+00
1.211484773245294910e+00
1.212933167953750058e+00
1.213156709497454244e+00
1.213357303254190001e+00
1.214064536400558003e+00
1.214851643722937524e+00
1.215384328940400938e+00
1.216105837855691263e+00
1.216925798576118378e+00
1.217808050906839856e+00
1.218860219770971920e+00
1.219329933405328914e+00
1.220385088764204040e+00
1.220687789199500717e+00
1.220895728286779836e+00
1.221687876059494249e+00
1.222258447918029844e+00
1.223408494351710729e+00
1.224505914369230730e+00
1.225518525496170019e+00
1.225675327823556149e+00
1.226443035177613439e+00
1.227399860216610072e+00
1.227643237973446322e+00
1.228980151320187897e+00
1.229147684433203436e+00
1.230011658338463709e+00
1.230877011581220648e+00
1.231900877556733054e+00
1.233025476344002058e+00
1.233897758892589902e+00
1.234679588434635988e+00
1.235318436342575099e+00
1.235565605254875576e+00
1.236575607509075247e+00
1.238434452052652901e+00
1.239133571487733843e+00
1.239912393809404101e+00
1.241214324300917271e+00
1.242517714537631157e+00
1.242688855982951424e+00
1.243233092561820463e+00
1.244227451383904226e+00
1.244916320858089342e+00
1.245170936477390855e+00
1.246021871523444791e+00
1.246150619196507492e+00
1.247150044451387663e+00
1.248242723891253458e+00
1.248624418158217786e+00
1.249364248943377387e+00
1.250878750697856923e+00
1.251410490704992995e+00
1.252050687325371614e+00
1.252997475104499880e+00
1.254333934529308525e+00
1.255124224448698422e+00
1.255606957889742192e+00
1.256238637768034572e+00
1.257141496986407647e+00
1.258012342301084940e+00
1.259171916101325284e+00
1.259513693802833068e+00
1.260750533058693890e+00
1.261125320239271597e+00
1.261998172069737745e+00
1.263748027190708889e+00
1.264639183564653546e+00
1.264872788761639555e+00
1.265611164921591758e+00
1.265968546120896043e+00
1.267692083726938979e+00
1.268578215671828824e+00
1.269057819806800991e+00
1.269596771252319511e+00
1.270119451793334964e+00
1.270610510076345179e+00
1.270978241675703391e+00
1.272614869379543379e+00
1.273795133225035014e+00
1.275134300877917459e+00
1.275269597463698723e+00
1.276976907428213348e+00
1.277721261536612918e+00
1.279037732335128519e+00
1.279185580725946902e+00
1.279688914062733662e+00
1.280643664588589248e+00
1.281585293630690403e+00
1.283722261013507060e+00
1.286318284422366842e+00
1.287181612120574581e+00
1.287440449404627651e+00
1.287974200071260178e+00
1.288796776576360825e+00
1.289652863653280690e+00
1.290281268956896099e+00
1.291199476009368130e+00
1.292145319250959545e+00
1.292862315726886813e+00
1.293593711910304256e+00
1.294837092618277730e+00
1.295172496008816676e+00
1.295980183144493036e+00
1.297253187204147729e+00
1.298575092207741921e+00
1.299819022396011547e+00
1.301713184583189298e+00
1.302630305572284097e+00
1.303164173285873195e+00
1.305269167860605872e+00
1.305729362936101534e+00
1.305756514558690906e+00
1.307745379482421200e+00
1.307896006251304755e+00
1.308287614043819547e+00
1.309062324050791482e+00
1.310585484199462192e+00
1.310877765903586623e+00
1.312529108866709704e+00
1.312997851039610087e+00
1.314297609946827761e+00
1.316308669137003173e+00
1.318000937915577486e+00
1.319084780688555503e+00
1.320166362741576505e+00
1.321837463273968671e+00
1.322028731557793435e+00
1.324866441469179312e+00
1.325040801890654985e+00
1.326185381315201584e+00
1.326929466835728100e+00
1.328325008442417188e+00
1.328956328918373897e+00
1.329544003137737018e+00
1.329962702594818857e+00
1.332191043234548511e+00
1.332457298421323211e+00
1.333421079488629868e+00
1.335196626473345249e+00
1.336865158794179331e+00
1.338267633636079479e+00
1.338972489786111719e+00
1.339016916801718748e+00
1.339555262590708562e+00
1.340220972923140241e+00
1.340707267605415254e+00
1.341901473441533987e+00
1.342523160482924194e+00
1.343581747517485603e+00
1.345040552024197700e+00
1.345369750883649518e+00
1.345762198628967399e+00
1.348382312048872933e+00
1.349020946891741568e+00
1.349636543912003495e+00
1.351372855158609498e+00
1.351820566967731674e+00
1.352683536879599302e+00
1.353631679334502458e+00
1.353909699060331429e+00
1.354429264050259762e+00
1.354805317943608145e+00
1.355678545396776347e+00
1.358473457354851366e+00
1.359510232945581487e+00
1.360260950274229996e+00
1.361059677242998145e+00
1.364209661975821719e+00
1.366365444021835795e+00
1.366597047257137820e+00
1.368433752232546707e+00
1.369585966827430390e+00
1.370102439961698337e+00
1.371096770328946723e+00
1.374247800752738113e+00
1.375075331633524689e+00
1.375533634971904284e+00
1.376394352046199643e+00
1.377371652655201339e+00
1.379299946274974431e+00
1.379536978866630070e+00
1.381614804286041664e+00
1.381973791608207103e+00
1.383638407355412880e+00
1.385952788353695952e+00
1.386834587048421330e+00
1.389392700929494184e+00
1.391867538690681805e+00
1.393557449982773644e+00
1.394851370017047509e+00
1.396042398931939266e+00
1.397362095760767531e+00
1.397778164125864642e+00
1.399534357241524640e+00
1.399895068718036928e+00
1.401342730626941702e+00
1.405256372137803522e+00
1.406140291957151289e+00
1.406412769985644795e+00
1.407096104311906570e+00
1.408907489395640145e+00
1.411168745321382589e+00
1.411630338166885990e+00
1.411955423313889790e+00
1.415047655432101648e+00
1.416544312967552344e+00
1.417887545629187063e+00
1.419617293993897800e+00
1.419748832208472367e+00
1.422186327250871463e+00
1.422893361663827738e+00
1.424368316808576340e+00
1.426688045169574703e+00
1.427435285459902170e+00
1.429850158237956581e+00
1.431783192699602525e+00
1.433921767184387575e+00
1.435800014225892207e+00
1.437561210252117583e+00
1.438197338262152458e+00
1.439908699263094283e+00
1.440883864154852034e+00
1.442330917237725441e+00
1.442983565717995686e+00
1.443632898540531118e+00
1.444128868963197032e+00
1.447412229020130781e+00
1.448023418936433160e+00
1.449438425010725728e+00
1.450177559872681821e+00
1.451346440185613762e+00
1.452344690746429690e+00
1.459772131092179626e+00
1.460396510116503732e+00
1.463345220290003912e+00
1.464304314777665761e+00
1.466604030148835447e+00
1.467708318030721770e+00
1.469966316348413349e+00
1.470264797576835925e+00
1.471853791307987658e+00
1.472861033367858452e+00
1.473884083861408456e+00
1.475775264496200778e+00
1.475982890744921061e+00
1.476887990762672631e+00
1.479608421367445414e+00
1.481077426173626144e+00
1.481880613054306961e+00
1.483481816814483212e+00
1.484179632130538939e+00
1.486087557569296225e+00
1.489978987815210987e+00
1.490933038572447078e+00
1.494729759663563584e+00
1.495318105303648837e+00
1.498529197028303450e+00
1.500918162685785706e+00
1.505180964050207848e+00
1.506654543392011769e+00
1.509307461245261495e+00
1.510484639427711384e+00
1.512213670487687844e+00
1.516197696158031460e+00
1.516920295866268642e+00
1.518378676868983090e+00
1.520701419334954174e+00
1.525112808221440908e+00
1.525500424679873568e+00
1.527055927396176349e+00
1.528307341110685558e+00
1.531296409537019398e+00
1.534234223802214414e+00
1.534896466725465203e+00
1.536183321742689456e+00
1.537947808366053382e+00
1.540229394902151272e+00
1.542122654866626030e+00
1.543669997542618910e+00
1.544923409150236848e+00
1.545643710379037028e+00
1.546654265307076725e+00
1.547596183579165396e+00
1.550805144307592975e+00
1.555271883371178943e+00
1.556598925839350223e+00
1.557347464669363024e+00
1.560559448353191270e+00
1.564616466744637169e+00
1.567362852498678905e+00
1.569447369020343208e+00
1.570033622656328065e+00
1.576323547073918530e+00
1.576561921131096611e+00
1.580381408240315588e+00
1.581961450329596230e+00
1.582500895503461846e+00
1.584745453118498126e+00
1.585679637423464294e+00
1.587581674184892266e+00
1.588889995228137009e+00
1.590402291369688026e+00
1.594604311682263020e+00
1.600937211316825426e+00
1.602795567833389168e+00
1.606682572071183479e+00
1.610970164452673714e+00
1.611160903839008007e+00
1.612566594924897512e+00
1.621880187202501933e+00
1.626380647093469189e+00
1.627961054350529846e+00
1.628439266264360752e+00
1.632515875094445956e+00
1.638990773164832770e+00
1.644191583319317473e+00
1.644746940545274372e+00
1.646444404204536305e+00
1.648267966354878489e+00
1.651140660829955253e+00
1.656139312877101144e+00
1.659860959106026490e+00
1.662309556697515234e+00
1.664457470170351394e+00
1.666702150526856441e+00
1.668275032102271238e+00
1.670161460673889042e+00
1.670771973479973305e+00
1.678803258608189797e+00
1.680231061890823163e+00
1.683997225998970171e+00
1.685030702744990894e+00
1.686424102126039992e+00
1.689189802027050602e+00
1.693165504499273721e+00
1.700597563271505352e+00
1.703097079361418187e+00
1.705279921157418999e+00
1.705998921940016011e+00
1.707334324640402023e+00
1.711426323167262842e+00
1.714488318791097754e+00
1.715651495154673079e+00
1.716824386157632665e+00
1.727765318576998332e+00
1.732502897411340559e+00
1.738725338395330944e+00
1.740205462546787984e+00
1.741827210972818785e+00
1.744135102207905685e+00
1.748809066268194101e+00
1.751933464806166185e+00
1.760333668747596114e+00
1.761341841855564416e+00
1.762160475406395976e+00
1.764969007644233034e+00
1.773358044836406133e+00
1.774183729808186394e+00
1.775810536714004684e+00
1.778327297437296117e+00
1.779693323089791113e+00
1.782304939512815212e+00
1.786745365302706112e+00
1.793309013349645653e+00
1.794896542440971077e+00
1.796456339198222230e+00
1.806734055875679479e+00
1.816945169080923073e+00
1.817284706621624890e+00
1.828027219832633277e+00
1.834376432121905376e+00
1.844666930324233123e+00
1.848653095815338654e+00
1.850660072376918652e+00
1.854091086646001418e+00
1.857767099944834799e+00
1.857860978332673607e+00
1.862013965066535937e+00
1.872489755261323330e+00
1.876774773600347057e+00
1.878929550777621804e+00
1.883672858270377448e+00
1.892646804012322992e+00
1.893180028249681124e+00
1.903436936045106664e+00
1.907395264076747976e+00
1.913313083510740364e+00
1.918257686504578841e+00
1.931931923742625790e+00
1.933802200017877615e+00
1.949634055796404475e+00
1.950060708986694147e+00
1.965362524574167713e+00
1.970554358583642474e+00
1.970560690203915666e+00
1.974810314973775904e+00
1.982992161620440230e+00
1.983956925207993827e+00
1.984968901661263274e+00
1.998130231103827592e+00
2.002169532591140388e+00
2.014060808102905664e+00
2.024745022678062334e+00
2.045872315798569208e+00
2.048328340226807320e+00
2.057005400627212488e+00
2.067982618808334561e+00
2.070513819829686408e+00
2.075317712655989855e+00
2.082359242467892724e+00
2.087014080231291313e+00
2.087215775508292737e+00
2.098811296274585736e+00
2.121812245631233829e+00
2.132791478248971195e+00
2.135879517435393726e+00
2.142248670970673619e+00
2.184287348893070746e+00
2.214970431561511521e+00
2.220504464301588765e+00
2.221682824334794581e+00
2.235745644772057616e+00
2.244749764254004631e+00
2.296955681932231652e+00
2.325941837438752824e+00
2.363708112975102971e+00
2.521091227103307464e+00
