1.000581265226295535e+00
1.000705180764000390e+00
1.001037688233638701e+00
1.001132028268127749e+00
1.001438270068121472e+00
1.001451822799219293e+00
1.001558663758699730e+00
1.001703452990223564e+00
1.001782300922861024e+00
1.002146971820383925e+00
1.002415501546656040e+00
1.002632863378518424e+00
1.003159736409821479e+00
1.003246482093510084e+00
1.003600204269168295e+00
1.004248945119086134e+00
1.004582063216093335e+00
1.004671296545847969e+00
1.004956657520144292e+00
1.005447771669197410e+00
1.005988540147962684e+00
1.006205593464653880e+00
1.006404186229724607e+00
1.006595670533197540e+00
1.006988695258914213e+00
1.007426314844433568e+00
1.007597860161078884e+00
1.007734213442673665e+00
1.008468676849107126e+00
1.008835690942300634e+00
1.009018361361017746e+00
1.009160356122899227e+00
1.009262391238493928e+00
1.009345904707254382e+00
1.010003268558832934e+00
1.010085850084378123e+00
1.010508929607321971e+00
1.010774652752568281e+00
1.010961714541468215e+00
1.011480021627134684e+00
1.011865440525328230e+00
1.011974370815048596e+00
1.012201342910470814e+00
1.012392878163826948e+00
1.012603535577301317e+00
1.012778185876356263e+00
1.012826031299914220e+00
1.012957755393985915e+00
1.013674239216540540e+00
1.014048373230920896e+00
1.014130690724511119e+00
1.014822931046985621e+00
1.015169805568872485e+00
1.015179581447276602e+00
1.016875220994511775e+00
1.017231537173369782e+00
1.017278460960776121e+00
1.017723530667952181e+00
1.018328038857198470e+00
1.019143959941634314e+00
1.019286598871965932e+00
1.019753520642796785e+00
1.020496695956803812e+00
1.020519267441077016e+00
1.020653233356509260e+00
1.021319871668520118e+00
1.022289795032111037e+00
1.022618190640496527e+00
1.023618237588019175e+00
1.023892304424508071e+00
1.024906645160457153e+00
1.024961637770841261e+00
1.025783279864711739e+00
1.026844081088643001e+00
1.027207186358258140e+00
1.027967297596882990e+00
1.028108993653991776e+00
1.028499960281018089e+00
1.028689891326785455e+00
1.029338684418324545e+00
1.029349256381416389e+00
1.029485302940949198e+00
1.030283609161112723e+00
1.030631962222244846e+00
1.030779272423100856e+00
1.030888594681860893e+00
1.031035016750878386e+00
1.031114817809424489e+00
1.031280059697482043e+00
1.031661682938888713e+00
1.032798898935045617e+00
1.033241690674810531e+00
1.033316217627550548e+00
1.033776701113553909e+00
1.034080115559479651e+00
1.035121082707082474e+00
1.035935330995901182e+00
1.036143598834056823e+00
1.036339186231521881e+00
1.036405295659975856e+00
1.036990475985646531e+00
1.037079117573642462e+00
1.037666358463783522e+00
1.038230939742165626e+00
1.038374146022936761e+00
1.039271151946293825e+00
1.039290360123162227e+00
1.039774330868433960e+00
1.040317465172968081e+00
1.041046648763017890e+00
1.042225522207281152e+00
1.042852649403909426e+00
1.043520347497733036e+00
1.044464794267148999e+00
1.044525221465243625e+00
1.045092523305796606e+00
1.045208510124443269e+00
1.045666369975603915e+00
1.045988247682537953e+00
1.046338819024613009e+00
1.046463467548092385e+00
1.046597897737489014e+00
1.046694543030256996e+00
1.047998658165108621e+00
1.048923580490452423e+00
1.049283175193526318e+00
1.049879482783631746e+00
1.050052981091644133e+00
1.051048558888196816e+00
1.051065473827955454e+00
1.051177717181262405e+00
1.052528712091769236e+00
1.052867984363283327e+00
1.053213282883083357e+00
1.053399780510081429e+00
1.053934526400856608e+00
1.054236013137216377e+00
1.054299100913038245e+00
1.055683034335073378e+00
1.056256157144169094e+00
1.056515953344076442e+00
1.056934308411531687e+00
1.057513283514983193e+00
1.057698938894664265e+00
1.057892461367249792e+00
1.058574004422655479e+00
1.059960147021769439e+00
1.060062028808066659e+00
1.060682746254040465e+00
1.061209001259502349e+00
1.061469779004008185e+00
1.061506928971049479e+00
1.061545234047520658e+00
1.062733559950495454e+00
1.064155698015526230e+00
1.064687416646938001e+00
1.065461164559853069e+00
1.066505645652582102e+00
1.067311496231197587e+00
1.067773144619014403e+00
1.069343471152303549e+00
1.069412875503389149e+00
1.070507458597553807e+00
1.071299151521908355e+00
1.071894211741409420e+00
1.073192380590101580e+00
1.073616737295433277e+00
1.074495800225966358e+00
1.075215225510932404e+00
1.075843536742332684e+00
1.075970962458855373e+00
1.077768970834689144e+00
1.078004984251519582e+00
1.078029068283241632e+00
1.078570875452892208e+00
1.080006598866501966e+00
1.080283181176998397e+00
1.080534373891566036e+00
1.081138872618272462e+00
1.082943908912249231e+00
1.083910571162272296e+00
1.084731636584581604e+00
1.084952833305337760e+00
1.085768242508785120e+00
1.086162310320478053e+00
1.087764876738577691e+00
1.090594739398699886e+00
1.091123442005335731e+00
1.091145315954073158e+00
1.092034375445548600e+00
1.092339997395711082e+00
1.092402579320962630e+00
1.092599701912426724e+00
1.094301624142592688e+00
1.094638412446543363e+00
1.097996650679826436e+00
1.100358777941844224e+00
1.100470835629778987e+00
1.101024939601989328e+00
1.101778492341446425e+00
1.102177768304468675e+00
1.103515819944800080e+00
1.105183026723356221e+00
1.105387399867365783e+00
1.105692382471434199e+00
1.106397007273653532e+00
1.107704635829786843e+00
1.107808317699472411e+00
1.108666754224262307e+00
1.109131966086088994e+00
1.110924701736173414e+00
1.111479719897077612e+00
1.111654250055665427e+00
1.112581623615837678e+00
1.115168064008724036e+00
1.115246337855575476e+00
1.116316102135266108e+00
1.117563277847775094e+00
1.118223986563760208e+00
1.118574278513716935e+00
1.120267156935865982e+00
1.120572976068775928e+00
1.121407112107494441e+00
1.123109342097642127e+00
1.124384997872653447e+00
1.125017254134250244e+00
1.125499292487582181e+00
1.127744981992538476e+00
1.129586169848557198e+00
1.129913560623170943e+00
1.129986882250848979e+00
1.131400369288926733e+00
1.133818960217022997e+00
1.134024530673103826e+00
1.134649070276439131e+00
1.135140652237812020e+00
1.136020124603285941e+00
1.136223592390081416e+00
1.140247763420991323e+00
1.140359214360793239e+00
1.140884119340587199e+00
1.142858233349488772e+00
1.143324262284010961e+00
1.144273969930414303e+00
1.144688870237881906e+00
1.146033444327629658e+00
1.146741072869349232e+00
1.147272235521880068e+00
1.148682809507927560e+00
1.149413012376163445e+00
1.152108173250292245e+00
1.154334659753606829e+00
1.154709422081274361e+00
1.156140577867345032e+00
1.156160475365848317e+00
1.158070187209559787e+00
1.159374340856511143e+00
1.160468340322277969e+00
1.161415862530522869e+00
1.162261681844583894e+00
1.163029403542871432e+00
1.164684206727828908e+00
1.165577863161101790e+00
1.165756731964100457e+00
1.166988172442955607e+00
1.167832477996950669e+00
1.168439072405311308e+00
1.169668320924203808e+00
1.171423771875186537e+00
1.171618306632563611e+00
1.172073942018897030e+00
1.173085204036635298e+00
1.175315343381810429e+00
1.175823669088248868e+00
1.176829151821893182e+00
1.178812247185154760e+00
1.180303307533796087e+00
1.180616452922208071e+00
1.181217577885968151e+00
1.181642578236070218e+00
1.181913252991941388e+00
1.182517369543079955e+00
1.183809963232911766e+00
1.184899270150116646e+00
1.185379483181933091e+00
1.187263728627590442e+00
1.187886761219137055e+00
1.188389389869557666e+00
1.189782656415447004e+00
1.190642953580374641e+00
1.191550531416286196e+00
1.192489033430666812e+00
1.195303080861080502e+00
1.195666499575916086e+00
1.197144529772637300e+00
1.199011312310748423e+00
1.199280424109421039e+00
1.200303383549913061e+00
1.201739521087790807e+00
1.202237258703934719e+00
1.203947668744361987e+00
1.204457537780152965e+00
1.206582140500741751e+00
1.206868371233359660e+00
1.208609643776555886e+00
1.210943870251416810e+00
1.213458217133602801e+00
1.215045363103381515e+00
1.218251478890314043e+00
1.220255888014967205e+00
1.221145521768999487e+00
1.221674313868436501e+00
1.222772342654786737e+00
1.225134337074399893e+00
1.225765937285309359e+00
1.227607098018336673e+00
1.228528694904088336e+00
1.229706133520730438e+00
1.230773101712143047e+00
1.232491148376817058e+00
1.233577827447610353e+00
1.234635528406408778e+00
1.235974308053820581e+00
1.237639078575166973e+00
1.238907118372388538e+00
1.239932272386163215e+00
1.241310739658354478e+00
1.242605462061695309e+00
1.243418766267287312e+00
1.244220100652678740e+00
1.245323402317455086e+00
1.248899405452887468e+00
1.249173692125443491e+00
1.250011037919928292e+00
1.252930703744633112e+00
1.253388168426186278e+00
1.255018634449993398e+00
1.255902100224027595e+00
1.257228752968569507e+00
1.257815404694004657e+00
1.260312265641659879e+00
1.260697500731357001e+00
1.261551232782385679e+00
1.263148038216438618e+00
1.264244128210813445e+00
1.265330457795352137e+00
1.268917680958186134e+00
1.270451952785682570e+00
1.272044769859090652e+00
1.273809817701795355e+00
1.276126777860159489e+00
1.276358658569898274e+00
1.277426222522234145e+00
1.278950225525583573e+00
1.280032551302046073e+00
1.281383718642237435e+00
1.282712863969266426e+00
1.284312363511539656e+00
1.284794973239183236e+00
1.285830976849932972e+00
1.287131562020606745e+00
1.288428297850324755e+00
1.290695417505112408e+00
1.291910247162228131e+00
1.292386550569686543e+00
1.294619145181666653e+00
1.296717812561748895e+00
1.297074096079263050e+00
1.299936395128583833e+00
1.300438853570617503e+00
1.303337493780833523e+00
1.304137252721020879e+00
1.305342247487291107e+00
1.306575313510271785e+00
1.308381238635494270e+00
1.310908839842364282e+00
1.312169887012393232e+00
1.314372645595776934e+00
1.314870718472299860e+00
1.316414171679765488e+00
1.317684909477286004e+00
1.319609086548817034e+00
1.321451452836259532e+00
1.322151213305435169e+00
1.322332107431030357e+00
1.324251453269283063e+00
1.326801723104713782e+00
1.328841393021157113e+00
1.332264883361352181e+00
1.332496667183265204e+00
1.333400243516855932e+00
1.334964098179105996e+00
1.337194074860734494e+00
1.340480962432368583e+00
1.341017384984590777e+00
1.344833895120775225e+00
1.346029342240969040e+00
1.346183558744045605e+00
1.348671887075186371e+00
1.350389110857399988e+00
1.352356180870719626e+00
1.353667201334011860e+00
1.354014836784339204e+00
1.356426403333039099e+00
1.357402348361932853e+00
1.359799480854487319e+00
1.361308686425469983e+00
1.363375217379023230e+00
1.366153445169335345e+00
1.366566546392801174e+00
1.372161679798602707e+00
1.372849427676560596e+00
1.374566884183965110e+00
1.377540915228733898e+00
1.379871041030209966e+00
1.382307730918856947e+00
1.384074092221534436e+00
1.389538516506015231e+00
1.390983767466902554e+00
1.393811591951473083e+00
1.396060462651100842e+00
1.398226413528045331e+00
1.398532219058435055e+00
1.400208141305732568e+00
1.405083393157569249e+00
1.408851755925138782e+00
1.409701841914910991e+00
1.411829320384557329e+00
1.413917038304609131e+00
1.415747710590373520e+00
1.416983636082272069e+00
1.417162969989249843e+00
1.423521719392573770e+00
1.424656432156816255e+00
1.427044532044121850e+00
1.429870007015479505e+00
1.431741822635494765e+00
1.433039412568246185e+00
1.434727940379671329e+00
1.441878102971802633e+00
1.444301866445759197e+00
1.446662397260675803e+00
1.450750855247586957e+00
1.455748211105019063e+00
1.459832241916797058e+00
1.466045281372870823e+00
1.467923454799833660e+00
1.470004146092669606e+00
1.473314092122116392e+00
1.474655226099834016e+00
1.478175008071233476e+00
1.479992473543193743e+00
1.480356964902205918e+00
1.481909389931388876e+00
1.484952202469761895e+00
1.488687323610537794e+00
1.489610551927520232e+00
1.493834048823447613e+00
1.494457016838832031e+00
1.497588515758450978e+00
1.500350840242811179e+00
1.503976585126836962e+00
1.505395983000334503e+00
1.510079405553272913e+00
1.511419833240573274e+00
1.513817800427213811e+00
1.518449547963640178e+00
1.519837171878662296e+00
1.523723319299005174e+00
1.524496183851097086e+00
1.529449182742196323e+00
1.530270012460031248e+00
1.538863595618223279e+00
1.539562711929002292e+00
1.541417529560307864e+00
1.542220220405021047e+00
1.547072673977120338e+00
1.549230800678967901e+00
1.551834821412893195e+00
1.552611290609879902e+00
1.555216064984468849e+00
1.556852889318141031e+00
1.559826977260404535e+00
1.560990299358010702e+00
1.563439477042612769e+00
1.568497874516550317e+00
1.575341164930315507e+00
1.577498774378559565e+00
1.579160240995824305e+00
1.580983410717758497e+00
1.586934465758704782e+00
1.589393809201343766e+00
1.591421719135562629e+00
1.597996663644015269e+00
1.601744185851870839e+00
1.605759869850597488e+00
1.610688054291640636e+00
1.617373218692559123e+00
1.619289066293374990e+00
1.624060587465522065e+00
1.628804843449718875e+00
1.631758105846794926e+00
1.633214028392582673e+00
1.636140493568208232e+00
1.638501910577001563e+00
1.640176024676356814e+00
1.646300384610302592e+00
1.650644171542434702e+00
1.653707737355891272e+00
1.659949105530839741e+00
1.661071951123127777e+00
1.662817598514718886e+00
1.665166077177682835e+00
1.668371824219410327e+00
1.670108191791209951e+00
1.671526494950836161e+00
1.674619441803280040e+00
1.678271691745343297e+00
1.683179421948186150e+00
1.684055473832102967e+00
1.688187805287568732e+00
1.688588803374398095e+00
1.693238805870309172e+00
1.699496852934716751e+00
1.700817396619749511e+00
1.704139354844756316e+00
1.711741452260195029e+00
1.714596916826788497e+00
1.717875214211038726e+00
1.718124572309206899e+00
1.724381210914808449e+00
1.727154284296598119e+00
1.730741309367909153e+00
1.733226336714250637e+00
1.736704693529616650e+00
1.738290887874321955e+00
1.743834819282793713e+00
1.746826576138497789e+00
1.750028033270189187e+00
1.758874162712265932e+00
1.760968243068023575e+00
1.765440988495363683e+00
1.766403039827398658e+00
1.773747559499055715e+00
1.778963587977100635e+00
1.782778105920636902e+00
1.785946921571971213e+00
1.792732977742716116e+00
1.795181011140090988e+00
1.801698784505584738e+00
1.802905167202625947e+00
1.806580735003093130e+00
1.812631835567104943e+00
1.818765743702621229e+00
1.827592592779224923e+00
1.828153724230558996e+00
1.831323173525907011e+00
1.838700979824126946e+00
1.841094303921898545e+00
1.842755076241981982e+00
1.849820358329305581e+00
1.854574559463210370e+00
1.861663293182179268e+00
1.863716104540465990e+00
1.866498172273104439e+00
1.874978480365280697e+00
1.878574067851893625e+00
1.880402983973710862e+00
1.882941590786269437e+00
1.884668918183954656e+00
1.892273940830426104e+00
1.894621558777164427e+00
1.899365610655939118e+00
1.911299340949964121e+00
1.913840085083278408e+00
1.919407385190003090e+00
1.921522958995779629e+00
1.925132753600260926e+00
1.932474526416392724e+00
1.937430320889474977e+00
1.942943710384336775e+00
1.946619901057923263e+00
1.952752098514439094e+00
1.960851327261682320e+00
1.966677389546606758e+00
1.969540914914952090e+00
1.979882382622798476e+00
1.984067354825566953e+00
1.987550291671526859e+00
1.993911450488130788e+00
1.995903458538117237e+00
2.001517441726227364e+00
2.005616163174597233e+00
2.012437705635191421e+00
2.015111099061780653e+00
2.026482258224309607e+00
2.031737820284603480e+00
2.037943532698831994e+00
2.048667741548323207e+00
2.052750516419564519e+00
2.065141443750719397e+00
2.069931171292942906e+00
2.073420712654163278e+00
2.075622641058934015e+00
2.079441218094401744e+00
2.088030059932839411e+00
2.089035853439332513e+00
2.100171612580711944e+00
2.103558538646610909e+00
2.111060395089243702e+00
2.121582937521295786e+00
2.136748317625077664e+00
2.140751780458744147e+00
2.147901572560629191e+00
2.151697046913617850e+00
2.156687352865681362e+00
2.161745690502419937e+00
2.167084339499414369e+00
2.169095691895153610e+00
2.173767632816048678e+00
2.176139218868502923e+00
2.180632287009606873e+00
2.188386291340805201e+00
2.194310722053609997e+00
2.206025157849412111e+00
2.209607638702209886e+00
2.218278918136390221e+00
2.224200786906841198e+00
2.231229425711743541e+00
2.236555361098814476e+00
2.244758133294305846e+00
2.260602391150036805e+00
2.264526500465250169e+00
2.268374660487620709e+00
2.270908605434843519e+00
2.280981103235537155e+00
2.283003394616921700e+00
2.292605144047726640e+00
2.295160405650882751e+00
2.303326415792557480e+00
2.312801570709471566e+00
2.315111620293925476e+00
2.325303749282530141e+00
2.330515991045418733e+00
2.343136508548640418e+00
2.348653914243879370e+00
2.357746575240541542e+00
2.368977878089285394e+00
2.369502507318477669e+00
2.379243000189455337e+00
2.385711857155767834e+00
2.392237753228542374e+00
2.399041835696331226e+00
2.414404498630835505e+00
2.429455159467629244e+00
2.435059106647487148e+00
2.442814276124768647e+00
2.461776336792547148e+00
2.469653295731843556e+00
2.473419922769773294e+00
2.484837033078113322e+00
2.492710725282353490e+00
2.496370171581414610e+00
2.508574472172119485e+00
2.520513585327857076e+00
2.526896053777738960e+00
2.534764493088660142e+00
2.542880405009888989e+00
2.554554596687970580e+00
2.558952128778493762e+00
2.562509020284917227e+00
2.581029538745803986e+00
2.584581284457911021e+00
2.598004006599389459e+00
2.599676978204342959e+00
2.611897538300262056e+00
2.615097605127717273e+00
2.617723936429792619e+00
2.624752935424254030e+00
2.628579755660927386e+00
2.632630222749964943e+00
2.636824048894800487e+00
2.645567175442787633e+00
2.649998778925754195e+00
2.663113591835697402e+00
2.669397376776490027e+00
2.680506650239747657e+00
2.688342334601117489e+00
2.695155889211418465e+00
2.704693201803300973e+00
2.721384389186777941e+00
2.724880943767327146e+00
2.726234589804931385e+00
2.738716184548553478e+00
2.739751467655342054e+00
2.746756582452100304e+00
2.753955479021718222e+00
2.760880258203186610e+00
2.770626936800059781e+00
2.776205421929073491e+00
2.795081765018411435e+00
2.799264678635794201e+00
2.807875136280324035e+00
2.812633103278364910e+00
2.824477540229170192e+00
2.840092678154641170e+00
2.845313392034737543e+00
2.855053836103091491e+00
2.865966361152798125e+00
2.871692333642233308e+00
2.877693746988083223e+00
2.889810536978270505e+00
2.897052425090594685e+00
2.904437604359949354e+00
2.924224181245392185e+00
2.937647946917536501e+00
2.950888554901466954e+00
2.968640948772769850e+00
2.975549638213067727e+00
2.985552602607816297e+00
2.997310597196588322e+00
3.001256245668210809e+00
3.015083654692627402e+00
3.029954002460467866e+00
3.044805344391348534e+00
3.051010560702901220e+00
3.059537413321367971e+00
3.074211551338207560e+00
3.096511687103303156e+00
3.116885321137015108e+00
3.121511725173844010e+00
3.137216451263356465e+00
3.141820310683560269e+00
3.153413989102550108e+00
3.155364995759537994e+00
3.172484136276511268e+00
3.177468051416128869e+00
3.179005682548428080e+00
3.198315656946093100e+00
3.208181826341249376e+00
3.226421806902400657e+00
3.234017885429665284e+00
3.246136141129325470e+00
3.263749542768854983e+00
3.274946385361259260e+00
3.300095795534358167e+00
3.310752785932857378e+00
3.316575081779889356e+00
3.340670069798786113e+00
3.352200202971019838e+00
3.358711000279862358e+00
3.379705851993003662e+00
3.384164796616313531e+00
3.389184901466813837e+00
3.406792076367127109e+00
3.425026669625385267e+00
3.450392550323511554e+00
3.471182938929017414e+00
3.477789877668215013e+00
3.499072598676911117e+00
3.510581001905810350e+00
3.520946183735410351e+00
3.532500941634698410e+00
3.557273216066819455e+00
3.567599820569352875e+00
3.574340434747315332e+00
3.591803854940573082e+00
3.608570156959508779e+00
3.647693955040830716e+00
3.656771546474547385e+00
3.660603015542272853e+00
3.673026805352198387e+00
3.675231199650417224e+00
3.688878846969030789e+00
3.695197835323165148e+00
3.713369727121821562e+00
3.735070779886753733e+00
3.741081624302873276e+00
3.759861363600003337e+00
3.764760462321104395e+00
3.798447145777048117e+00
3.803351417812109947e+00
3.805742368217081673e+00
3.828958115467613332e+00
3.839487318734415400e+00
3.871007186325600369e+00
3.881283524866037116e+00
3.905355217531712775e+00
3.909935248720922019e+00
3.921127697200996298e+00
3.945470528274196642e+00
3.971835238901055831e+00
3.992686811110303768e+00
4.006821775092433313e+00
4.014173480748858047e+00
4.024865233032574707e+00
4.043288747165068919e+00
4.048725372790141996e+00
4.067835834645678439e+00
4.096175824394341802e+00
4.124729570481074248e+00
4.149063155890343246e+00
4.173228161673011805e+00
4.177676115091315978e+00
4.180259368815759657e+00
4.194492237596967321e+00
4.219393627854957529e+00
4.240968376257459482e+00
4.248607596266539943e+00
4.266708158207610069e+00
4.311563177012722292e+00
4.328669227683199061e+00
4.339012560892443027e+00
4.362262423083531182e+00
4.375883760516188659e+00
4.412115236391293216e+00
4.436814460386595549e+00
4.455904499165638022e+00
4.486211031676815786e+00
4.503998541468501315e+00
4.524255838845417266e+00
4.537045090272294523e+00
4.558592066732042092e+00
4.578523087360603760e+00
4.604914911092121699e+00
4.638342994172933942e+00
4.663693615090469535e+00
4.677562588586391179e+00
4.689086444294603417e+00
4.691184860974281889e+00
4.739491920808469594e+00
4.748897469521076609e+00
4.772273867600311803e+00
4.803570585289240746e+00
4.810259767175213419e+00
4.824458762569534542e+00
4.858804473518423706e+00
4.881633661416856285e+00
4.886822669966924160e+00
4.928634618762330000e+00
4.938532908375271369e+00
4.958765527424229269e+00
5.001145666025332837e+00
5.012232977814393031e+00
5.034522201235331451e+00
5.053619153059752733e+00
5.062634231418768671e+00
5.097593115398437291e+00
5.109542650202136826e+00
5.128269223779818198e+00
5.143158972383491623e+00
5.175325599748187955e+00
5.227238549013303093e+00
5.235225791583210331e+00
5.241022998089841067e+00
5.287807452173066025e+00
5.299205353084600389e+00
5.340478920082524006e+00
5.368192757095085810e+00
5.393800010202749462e+00
5.402810418715656482e+00
5.410671734672096278e+00
5.453506524649124110e+00
5.458407728840543705e+00
5.475616480340281811e+00
5.501146418702082208e+00
5.543798438431924325e+00
5.595591575544570873e+00
5.619010712229564497e+00
5.644793441686467794e+00
5.655297327473912006e+00
5.665879386809329787e+00
5.694701069145135186e+00
5.712430920436159631e+00
5.753647599537862867e+00
5.757040703615781574e+00
5.793211264175719855e+00
5.815104573593195880e+00
5.845438693378229189e+00
5.863253143746448792e+00
5.894234468199632815e+00
5.916133263419194321e+00
5.946822321948321388e+00
5.951011477977896647e+00
6.026607374835528219e+00
6.037552884136927034e+00
6.056122991667560740e+00
6.096312322533492534e+00
6.126155583618881906e+00
6.200838751593354736e+00
6.217023111678843250e+00
6.219189498785845593e+00
6.270352091913095727e+00
6.305766487549874455e+00
6.320311622392117634e+00
6.349236221057999785e+00
6.387279394323610582e+00
6.448139928526191333e+00
6.478861188772583546e+00
6.513592750363843109e+00
6.520978415472116652e+00
6.573228008556174728e+00
6.606703539501595834e+00
6.616414626705048541e+00
6.658975513456002915e+00
6.684309736247999290e+00
6.731203333366678976e+00
6.767128573032424654e+00
6.796466711737680910e+00
6.815470969333605744e+00
6.859542843312216753e+00
6.923852926315307243e+00
6.932671596178406226e+00
6.955824269238906510e+00
6.989588045733666100e+00
7.036473088480043714e+00
7.057532216529646796e+00
7.140488513029822570e+00
7.181639294812399044e+00
7.206509723737588580e+00
7.226935222659156999e+00
7.240784989727591103e+00
7.284878521397523343e+00
7.303030119513665319e+00
7.331420915384679660e+00
7.411783272640091624e+00
7.425592555693323327e+00
7.490478995785476712e+00
7.526435007638699659e+00
7.566747525371291694e+00
7.604349482684876982e+00
7.678911798974827008e+00
7.721535899764293553e+00
7.756494431280495760e+00
7.781636240495538814e+00
7.825945644086814923e+00
7.861759805675198720e+00
7.913836255574526746e+00
7.940882080183332192e+00
7.958502432689930295e+00
8.056065406551562447e+00
8.070777740746294171e+00
8.101798618653374362e+00
8.138156761841704778e+00
8.215976068419067246e+00
8.274356868166144352e+00
8.315568397346510210e+00
8.361548449891799351e+00
8.372574889124642539e+00
8.421982163093332474e+00
8.475127719571061036e+00
8.560622277615699716e+00
8.597273766472275369e+00
8.628882361334085260e+00
8.682637337836627722e+00
8.735628334348986002e+00
8.798274295122057609e+00
8.918616638023287635e+00
8.971478252240290274e+00
8.991513876407699613e+00
9.020867901561146596e+00
9.077709423562529523e+00
9.111961229873966062e+00
9.180019860280269839e+00
9.196786637757281113e+00
9.300764478014755809e+00
9.362753186445573306e+00
9.426489549513345167e+00
9.468321202345430621e+00
9.490286962789717506e+00
9.545027438363215211e+00
9.645501392802801277e+00
9.692094521976887478e+00
9.716581974617279016e+00
9.871779210014288708e+00
9.883908494177838122e+00
9.903620916506147509e+00
9.963962557676730114e+00
1.007675851630400565e+01
1.020745920869287993e+01
1.022970107895976000e+01
1.023109618867363224e+01
1.032614172891994286e+01
1.036042214475210521e+01
1.041832772540136354e+01
1.050257680783172276e+01
1.057489358365256926e+01
1.064287822675094830e+01
1.071440920512536010e+01
1.081614333846072462e+01
1.084265071975291228e+01
1.086713274521635775e+01
1.093046219941744290e+01
1.102680211516558550e+01
1.109494107968248855e+01
1.119994926219191989e+01
1.120976160235258412e+01
1.134301008576641756e+01
1.141289410398065485e+01
1.143506322580717338e+01
1.152348872666769175e+01
1.158330786681877633e+01
1.160853441673178921e+01
1.179292269263907045e+01
1.189937214787673092e+01
1.197241327687122414e+01
1.200025533641170128e+01
1.209920124281270404e+01
1.214922121085004036e+01
1.225582515722684995e+01
1.227567074991039142e+01
1.240377569443508499e+01
1.256404116107138513e+01
1.266426070607927379e+01
1.268227412163185974e+01
1.275320414831304205e+01
1.283146127605344766e+01
1.286153768738199865e+01
1.296960627123223198e+01
1.312801294613166903e+01
1.316657606394339020e+01
1.324208921375013936e+01
1.328505064469323571e+01
1.332607882044536929e+01
1.343649433849984653e+01
1.353818469880403086e+01
1.361533390187904047e+01
1.372745055241440859e+01
1.379469460602862618e+01
1.390565603603662836e+01
1.399123376177266209e+01
1.402292221734081323e+01
1.413132335146350727e+01
1.427196195008683866e+01
1.436830558163819127e+01
1.449561088156693955e+01
1.463749584334548004e+01
1.468853909993312890e+01
1.482997858520723256e+01
1.490926969070547514e+01
1.504231502196677894e+01
1.511469957279783394e+01
1.530093234493098109e+01
1.541381640672953957e+01
1.545695144005263266e+01
1.552066398888910648e+01
1.558886423873423333e+01
1.566091388615209645e+01
1.573868152145443666e+01
1.584889215755966774e+01
1.609478456554823467e+01
1.625145137190414601e+01
1.641353542033187551e+01
1.645299227582623303e+01
1.659020892206718756e+01
1.670375944353017772e+01
1.676595699798624040e+01
1.689751796935484762e+01
1.702014806994138496e+01
1.719668194815049844e+01
1.725165308690930388e+01
1.739138390655822164e+01
1.754384944274076830e+01
1.765308808780734395e+01
1.780777737764274704e+01
1.790928445592866680e+01
1.798427626583283967e+01
1.814201754062467131e+01
1.820039590809548002e+01
1.826047002226638227e+01
1.833525636637115142e+01
1.849164033921771733e+01
1.864849265122725797e+01
1.884950611588312341e+01
1.903685699640380591e+01
1.918475521333412459e+01
1.928092798669831964e+01
1.946973887176803686e+01
1.959471033380897609e+01
1.966458267407902483e+01
1.994589307328428163e+01
2.021344012621905151e+01
2.034233452633943529e+01
2.051588377438066146e+01
2.059611921026101200e+01
2.065985578000167067e+01
2.089592625706960050e+01
2.100186812068483988e+01
2.109656312626834662e+01
2.137343521660064738e+01
2.154617214289619653e+01
2.158935579155264506e+01
2.169239969515300359e+01
2.204506991281064643e+01
2.211703239198038773e+01
2.216768726745021567e+01
2.247226921811149936e+01
2.253155249710343355e+01
2.283017369834197297e+01
2.300271640926688477e+01
2.332258453716745805e+01
2.339239762661684097e+01
2.364927368660970330e+01
2.383387534560309362e+01
2.422251206854938843e+01
2.435677987629959418e+01
2.438371926365887177e+01
2.449558753056647120e+01
2.465706759891935107e+01
2.485972834800485387e+01
2.524588128863016223e+01
2.541101804905852291e+01
2.584031210484457119e+01
2.594585741444271676e+01
2.610885275430642238e+01
2.616606253418941819e+01
2.638141486794860668e+01
2.653578669573928295e+01
2.670247482735458178e+01
2.719597144816912504e+01
2.737274406885715550e+01
2.764296692333578065e+01
2.785643845802077223e+01
2.815911972353292470e+01
2.840824758883280765e+01
2.867413474342730595e+01
2.876261997212921528e+01
2.882865727880703588e+01
2.899343625772008437e+01
2.959612304998607613e+01
2.972902747040151894e+01
3.001955298005612249e+01
3.033269161137667425e+01
3.054310921380830735e+01
3.084663285062979554e+01
3.125697672076904254e+01
3.137481991017151017e+01
3.141290247416959858e+01
3.177649035909371378e+01
3.205779347545360736e+01
3.241107882420651976e+01
3.252849365109040036e+01
3.274374529779891674e+01
3.327187681611135872e+01
3.352306511114257148e+01
3.386446003542209127e+01
3.432465142935079427e+01
3.443465648154619885e+01
3.477349275718498234e+01
3.511293715060327258e+01
3.576538757930535439e+01
3.588280483352540529e+01
3.623790150457413972e+01
3.674811310329428693e+01
3.696094504900287347e+01
3.713027087135213833e+01
3.746681311569864192e+01
3.789312252512062429e+01
3.826873974157749103e+01
3.836772915250750060e+01
3.867709058232704677e+01
3.930412372292796164e+01
3.997460988840607854e+01
4.035997474268735630e+01
4.048057586616710068e+01
4.087728678554590545e+01
4.140922452911165408e+01
4.179494832469072918e+01
4.219051211807020962e+01
4.232022988627581839e+01
4.279078285701635309e+01
4.325790155094743739e+01
4.355680335323351926e+01
4.409240491150764996e+01
4.452428433421986398e+01
4.509507440665217359e+01
4.539046501944602596e+01
4.568371994081604015e+01
4.606857794485085833e+01
4.668094370844994501e+01
4.709949936262963632e+01
4.788762404035187359e+01
4.815542807381580559e+01
4.859063267405929309e+01
4.904695277132347542e+01
5.030026895296106915e+01
5.055271050563938218e+01
5.080531708802454460e+01
5.135551384936412234e+01
5.138139457552654221e+01
5.228798994475649664e+01
5.239949887816804619e+01
5.322945868485153653e+01
5.412438472858001148e+01
5.471659342946067284e+01
5.533058267748882741e+01
5.578561194412053936e+01
5.595451062855812552e+01
5.634945963671041369e+01
5.685300898421882465e+01
5.787055661318571254e+01
5.803194666374278654e+01
5.876630261070337014e+01
5.973822664507966351e+01
6.006552020231291777e+01
6.082897852681750805e+01
6.115052340376485063e+01
6.222563121625618976e+01
6.304490430712441196e+01
6.387228408941758317e+01
6.407522659738306459e+01
6.437473716905552124e+01
6.530163438069745041e+01
6.628334614628998622e+01
6.696716403278357177e+01
6.774767454813738254e+01
6.845920931271824372e+01
6.918728499901281737e+01
6.932949402777485659e+01
7.047979107977299407e+01
7.081014069326059257e+01
7.153886023320444565e+01
7.259446760085532446e+01
7.296437089976181767e+01
7.338685188476765120e+01
7.412436125472612503e+01
7.624418727239506666e+01
7.733850579940929038e+01
7.892072405730435491e+01
7.973130469136269483e+01
8.023136609758445559e+01
8.098727594586442535e+01
8.147290257375787803e+01
8.292123355688831055e+01
8.367536816291040225e+01
8.383286485980545422e+01
8.539921947368907240e+01
8.638457036974901371e+01
8.806507116774562860e+01
8.880769212629709841e+01
9.001511730343237616e+01
9.084396409750654300e+01
9.172662652630019409e+01
9.247078133761773699e+01
9.477324535279356610e+01
9.557206162420810358e+01
9.700056595961646622e+01
9.846724751659461106e+01
9.984959160627495578e+01
1.025047268237642299e+02
1.026906898751555701e+02
1.040596362876317613e+02
1.042677107220013966e+02
1.053924423558928396e+02
1.077705919833007044e+02
1.087106878172308058e+02
1.109761752624367119e+02
1.117901645633908032e+02
1.125492754417953591e+02
1.136679800139250887e+02
1.165693263584509509e+02
1.186186937838393618e+02
1.193058567429696808e+02
1.207236416090923541e+02
1.236832786628982035e+02
1.251080144578119757e+02
1.264725578601552058e+02
1.286644005404394875e+02
1.290211211821580548e+02
1.305257888449625057e+02
1.332881996558919013e+02
1.339347141338996892e+02
1.354900575550156816e+02
1.384192782645181978e+02
1.401006368423470008e+02
1.426052318186524985e+02
1.449129547765330983e+02
1.464925765507573203e+02
1.486323765971909268e+02
1.499494393484841623e+02
1.503037600861027556e+02
1.519994467904457736e+02
1.564439039232347568e+02
1.576557699546409310e+02
1.618568719243382645e+02
1.645110371089683099e+02
1.664777294250588682e+02
1.682245758646482727e+02
1.716828253251558749e+02
1.740529357953705869e+02
1.768061856941766337e+02
1.795684780418556556e+02
1.831804295241072680e+02
1.843150326507539205e+02
1.876852235013666643e+02
1.910331346623411264e+02
1.923848027299537762e+02
1.931526614485750315e+02
2.008044750815644477e+02
2.014873589096764590e+02
2.068762877310098247e+02
2.088298129499333129e+02
2.121978643861512239e+02
2.144941612661018837e+02
2.203943368558947213e+02
2.235653058944400868e+02
2.245705918406740409e+02
2.265120663314205558e+02
2.375978606474012054e+02
2.425438920648340115e+02
2.438627257440119251e+02
2.454209756778623444e+02
2.517559097690705698e+02
2.532240806927530627e+02
2.629010554274289007e+02
2.634020861682424766e+02
2.682322428091392794e+02
2.731793184961696284e+02
2.792151694585118094e+02
2.828708655889234365e+02
2.889758799108377616e+02
2.902540838101845111e+02
2.961316879307707950e+02
3.001455419640300875e+02
3.035164151400808805e+02
3.128434873139837009e+02
3.203335205551752551e+02
3.268639976430558249e+02
3.326232481702280666e+02
3.439246341663676958e+02
3.478226095272913767e+02
3.515587055856732377e+02
3.569965548445875356e+02
3.642049647684158344e+02
3.668253534466797419e+02
3.793433298067453165e+02
3.870394480966518813e+02
3.925686126900283739e+02
4.122374997924960667e+02
4.134394103627965364e+02
4.177940714838875351e+02
4.298443502989748595e+02
4.357355542086688729e+02
4.405250704353954347e+02
4.473855872224679615e+02
4.651971506906551781e+02
4.704402814536180131e+02
4.823012911640436755e+02
4.897774134541215290e+02
5.056772370134299308e+02
5.166626748844270196e+02
5.216524940629344655e+02
5.398301289382660570e+02
5.481361191147442469e+02
5.692896740861349372e+02
5.746815593120953736e+02
5.815403923718095029e+02
5.968911610728101778e+02
6.129602513773573946e+02
6.301991829746390295e+02
6.410223360155453065e+02
6.624851487604379372e+02
6.804496383788069807e+02
7.104286441713326212e+02
7.268814271738164052e+02
7.380116278629834596e+02
7.676932088108156904e+02
7.857287052544666039e+02
8.060437274908401832e+02
8.115095357235933307e+02
8.334474947092935508e+02
8.575710381463993599e+02
8.853833030536502520e+02
9.196544916145243178e+02
9.346525264297941931e+02
9.604798936519115387e+02
9.689709606006611011e+02
1.031477479993337965e+03
1.076566717305486236e+03
1.089659523492739254e+03
1.149160262274966726e+03
1.190304588187324271e+03
1.200224484819811778e+03
1.259379827633938930e+03
1.309319818251238530e+03
1.357867025811879103e+03
1.454818252692955184e+03
1.476989020853112834e+03
1.512391210725149676e+03
1.586693793175665633e+03
1.631772145571011833e+03
1.675107411760879586e+03
1.761564666481384393e+03
1.822321536520576728e+03
1.885265481896233496e+03
1.962857885576805529e+03
2.044481228664300261e+03
2.163914483732946337e+03
2.327462236437561842e+03
2.417802282345535332e+03
2.601846241941182598e+03
2.635920146066825964e+03
2.832230035618060356e+03
3.162789788032422621e+03
3.208277350634797131e+03
3.335752907559925916e+03
3.391181646585759609e+03
3.701165837301902684e+03
3.933201743909390643e+03
3.967942583614757950e+03
4.429896523777833863e+03
4.902358548568179685e+03
6.229006279749167334e+03
7.034560550627008524e+03
7.257092690299838978e+03
7.645427969813588788e+03
