2.827785343029626808e-01
3.294043135740559736e-01
3.860436237284528005e-01
4.256302012493720643e-01
4.513805760408075574e-01
4.714272605224783530e-01
4.755979445279730489e-01
4.818184241726060635e-01
5.021977649964634027e-01
5.140085642746033967e-01
5.210649702298034702e-01
5.305789446396830256e-01
5.318739400972890552e-01
5.418862720281861778e-01
5.498539579210375283e-01
5.562261146063576245e-01
5.599908059356339951e-01
5.614129314470495125e-01
5.625446237480635769e-01
5.694488163429994865e-01
5.698921038523722116e-01
5.721323508124362966e-01
5.852075900570211653e-01
5.943002737602339769e-01
5.961158994246960052e-01
6.070471522820981569e-01
6.108910084443531785e-01
6.111175816006862993e-01
6.156068675973558335e-01
6.215566038073661037e-01
6.223310758518126873e-01
6.279099197738065019e-01
6.286474273643770649e-01
6.315173202421415777e-01
6.367738074598474629e-01
6.371730247043212447e-01
6.403028710473269713e-01
6.415754181926043298e-01
6.431452471004213134e-01
6.463064210459508185e-01
6.471205461226384736e-01
6.481375837926905970e-01
6.532480300260210537e-01
6.564883204159468466e-01
6.607086067223114645e-01
6.642583813868832010e-01
6.668570142956221636e-01
6.684097605622479898e-01
6.716487185664029580e-01
6.728563531075241189e-01
6.791050846291565302e-01
6.828779702713515531e-01
6.852032014407951621e-01
6.890708623554749890e-01
6.950950219706406585e-01
6.960135249878619534e-01
7.006619566182007430e-01
7.117315334765959012e-01
7.153860765049824266e-01
7.154553101537154403e-01
7.169122914834419324e-01
7.179171785877521694e-01
7.213710200599866562e-01
7.275012699559989526e-01
7.275243972093007327e-01
7.278042993636922864e-01
7.375598106626546357e-01
7.380232426194301976e-01
7.439614606699500587e-01
7.461537087407043023e-01
7.482495046447208420e-01
7.486434855414186851e-01
7.508473006730010946e-01
7.521098430909248789e-01
7.571970846786119091e-01
7.632844526209798808e-01
7.668840738940557733e-01
7.684802731043587354e-01
7.689247004032592203e-01
7.703815930793038724e-01
7.706509294953032274e-01
7.752541822187876130e-01
7.845004461649850436e-01
7.893744054013550615e-01
7.894815663572667397e-01
7.903326361489020346e-01
7.908598466749532374e-01
7.957065590205988359e-01
7.959070244213604095e-01
7.986136060957768068e-01
7.988515208327251482e-01
8.000142472775387814e-01
8.000159108499342864e-01
8.007221183029281653e-01
8.027188897727901562e-01
8.040741676857817710e-01
8.049091629227478339e-01
8.071928551660229045e-01
8.088359778561379221e-01
8.099286220650412371e-01
8.103280189313298854e-01
8.115792919736610767e-01
8.133954439698318772e-01
8.169438478443835638e-01
8.219107705426996757e-01
8.242913532534544840e-01
8.245949940087864416e-01
8.248215237363503149e-01
8.256664440908959568e-01
8.272272664223926375e-01
8.301158668821863040e-01
8.305153723641427455e-01
8.322645315994039450e-01
8.335952449039856216e-01
8.360219871369003464e-01
8.367656668729458458e-01
8.385688612943422715e-01
8.449815371660653884e-01
8.456780081695364215e-01
8.467273192036877116e-01
8.506232886839706353e-01
8.508684302338629379e-01
8.518032450506919373e-01
8.541511989289655160e-01
8.546005965967981011e-01
8.556348815939589514e-01
8.577376483159920850e-01
8.597710620313357976e-01
8.598876482099359064e-01
8.599779719159063029e-01
8.612239457952596267e-01
8.663082402795335701e-01
8.680421228269825651e-01
8.684484779004147947e-01
8.707822795656890991e-01
8.708124474275216187e-01
8.726875456415897903e-01
8.757465016587804296e-01
8.758431395944755726e-01
8.776536370321836866e-01
8.784465194691247758e-01
8.788346445931848328e-01
8.795890839329946198e-01
8.843256056837011103e-01
8.847946280352512183e-01
8.854876561620409481e-01
8.880739192917521674e-01
8.896183272632852690e-01
8.897987699209795043e-01
8.899111576979183980e-01
8.911283533708912463e-01
8.924047548618575521e-01
8.927280060173464760e-01
8.940186403948305882e-01
8.961606956968687365e-01
8.967585171616802020e-01
8.977418292037827596e-01
8.998468089814221083e-01
9.003010944204615784e-01
9.007880300420688657e-01
9.025231638779882548e-01
9.038040858469140737e-01
9.046192988489802911e-01
9.048032165347147382e-01
9.065054408987619494e-01
9.087872391837372721e-01
9.096838067056625121e-01
9.107494869937070581e-01
9.116153303193658131e-01
9.130915274879468635e-01
9.136811012852045222e-01
9.161109623961093407e-01
9.177518927285387429e-01
9.187195794081622902e-01
9.188294337003665158e-01
9.200200591060503363e-01
9.207279323756089040e-01
9.215568974155616822e-01
9.229577513614676265e-01
9.239124163396179590e-01
9.243946601185598633e-01
9.270371812426130287e-01
9.274423884799605222e-01
9.282240732772951697e-01
9.300034904020560989e-01
9.300844584341140253e-01
9.312768979673007319e-01
9.313479754967617374e-01
9.323003733805661497e-01
9.328135626837922301e-01
9.337189120700234435e-01
9.343614119139380669e-01
9.350732296293720047e-01
9.362403966327486060e-01
9.363797921513602462e-01
9.374401181914806536e-01
9.394862440308984208e-01
9.397336461510054084e-01
9.404338210479491478e-01
9.417864870321953630e-01
9.422468833238992758e-01
9.437356803407795924e-01
9.440942236871190385e-01
9.447092608040781325e-01
9.456750513746292608e-01
9.459348494344935743e-01
9.462047292078936689e-01
9.462916830848298044e-01
9.471234489455112593e-01
9.477427247818736022e-01
9.489112996141740863e-01
9.490314688706792401e-01
9.496119932103317396e-01
9.504627918152992461e-01
9.507799201812112688e-01
9.516581495240676869e-01
9.522559006700073159e-01
9.530610140454658374e-01
9.545374028806935529e-01
9.550877690565207079e-01
9.564850020945699915e-01
9.567360692519977228e-01
9.569409127947076099e-01
9.573112590052001991e-01
9.578104261235194095e-01
9.587974429689718470e-01
9.589988368662852869e-01
9.593406764827331346e-01
9.596308607066491581e-01
9.601306693027596983e-01
9.605351800067875034e-01
9.607618105327777602e-01
9.611305088545805120e-01
9.612220172021544995e-01
9.616229144192794953e-01
9.627068583171677352e-01
9.629506048546491170e-01
9.631010600741987115e-01
9.633350034050480737e-01
9.639999954194974352e-01
9.641449130801202916e-01
9.644549060385468886e-01
9.651500381756853431e-01
9.656871694745883250e-01
9.662675699964390352e-01
9.663273040354714016e-01
9.669176686592544367e-01
9.670372021088172731e-01
9.674315987913116865e-01
9.677474404201821256e-01
9.683419896156504336e-01
9.687470447141295349e-01
9.693025781996756907e-01
9.695324792081856380e-01
9.698409135546711690e-01
9.702673233598029245e-01
9.709154553060611592e-01
9.712205686437032082e-01
9.716098324870454661e-01
9.718361710312055646e-01
9.722060929103910620e-01
9.724741922172639441e-01
9.726809204186603885e-01
9.727759517042928739e-01
9.736311863595545901e-01
9.737197455839761151e-01
9.738995488300841163e-01
9.740932522681123862e-01
9.743134537412225793e-01
9.749312904488304232e-01
9.751448688517188046e-01
9.751714263189483756e-01
9.754937983014646541e-01
9.756138554519795392e-01
9.759103546824662301e-01
9.765412335346296269e-01
9.769875540900855304e-01
9.772166948582686752e-01
9.773472874327856497e-01
9.776282083309896231e-01
9.778437836337140476e-01
9.780894158206929756e-01
9.784056868444963584e-01
9.788512072485726634e-01
9.789892032428243462e-01
9.793167065369358104e-01
9.795456586084330119e-01
9.800017798343958475e-01
9.804874630764699450e-01
9.806893620369487863e-01
9.808409240204161161e-01
9.813402938658777330e-01
9.817650563683710807e-01
9.820085839064773836e-01
9.822043377963206590e-01
9.823413788699603133e-01
9.827047686987419040e-01
9.829052733147694010e-01
9.836022722359829551e-01
9.836893241651325503e-01
9.841709026193230514e-01
9.843732360834402950e-01
9.845840661925082671e-01
9.849974626773637665e-01
9.853448001200286743e-01
9.855653606159346936e-01
9.859538891827612783e-01
9.862586377944948524e-01
9.863860496113927567e-01
9.868451050731813501e-01
9.870616250346735399e-01
9.871242149514357633e-01
9.874768878061671584e-01
9.877018182427929061e-01
9.877345706856943686e-01
9.881098586236808368e-01
9.885858686574768850e-01
9.888869240388290516e-01
9.889765294291599229e-01
9.893293741350019932e-01
9.896231062307833115e-01
9.897608676534609407e-01
9.899373331359535566e-01
9.900042694177424440e-01
9.901277853825944941e-01
9.902194722802856175e-01
9.904800575077817859e-01
9.905508623038877802e-01
9.908553330333919051e-01
9.912209172610783048e-01
9.914363602533086128e-01
9.916662867535636083e-01
9.918180452711887751e-01
9.919176876619048011e-01
9.920530099910404020e-01
9.927521860451131719e-01
9.930084139087647088e-01
9.931042853831761885e-01
9.936023493140256901e-01
9.937186768872328102e-01
9.938801626081544827e-01
9.940101523903446257e-01
9.942907911101843688e-01
9.945252830430280078e-01
9.947168716297067892e-01
9.948102369549025603e-01
9.948425616418157258e-01
9.951341363225596481e-01
9.953120941465009031e-01
9.954987287548731079e-01
9.955112333326848750e-01
9.956151584302554980e-01
9.958453903738124779e-01
9.961033267626973053e-01
9.962784870202576748e-01
9.963885148037319173e-01
9.965054178926583406e-01
9.968284841549254205e-01
9.969444958335473839e-01
9.970261695479056829e-01
9.972133098066997547e-01
9.973434991783314274e-01
9.974708306024608895e-01
9.975683808542941122e-01
9.976352586890164797e-01
9.980451976352393562e-01
9.981681407676783468e-01
9.983424637701012738e-01
9.984155147923583495e-01
9.986158442853542150e-01
9.986802305799188373e-01
9.991276373113183729e-01
9.992044722688517844e-01
9.993651861134401626e-01
9.995462467986779842e-01
9.996711104129963887e-01
9.998332442389783470e-01
9.998840981549421691e-01
9.999206365886781356e-01
1.000131292945601880e+00
1.000244636887634098e+00
1.000434252125720791e+00
1.000655234251797809e+00
1.000686597465935579e+00
1.000819849235379921e+00
1.000825989863451948e+00
1.001109306475708838e+00
1.001230281108369979e+00
1.001407493132592696e+00
1.001423702027893770e+00
1.001515658516584528e+00
1.001669928127854270e+00
1.001695380072068264e+00
1.001923536811757165e+00
1.001998474335074274e+00
1.002181408885868041e+00
1.002214414440174561e+00
1.002374817286860953e+00
1.002511949684097736e+00
1.002586258381715556e+00
1.002803676299889535e+00
1.002898711357591788e+00
1.003141496711365432e+00
1.003178995827080699e+00
1.003383261683429950e+00
1.003484593143465720e+00
1.003545522690847180e+00
1.003654700124470667e+00
1.003738949337126041e+00
1.003848422914161320e+00
1.003995420727517907e+00
1.004182202954375436e+00
1.004302599720090727e+00
1.004339026406655400e+00
1.004558833182588540e+00
1.004664744575918478e+00
1.004683285629773826e+00
1.004692110923021353e+00
1.004838928551437194e+00
1.004996687895748364e+00
1.005026273373996748e+00
1.005222890700057103e+00
1.005407652952724940e+00
1.005540869141703597e+00
1.005757714657331103e+00
1.006125211750306114e+00
1.006167687296594337e+00
1.006193348306176460e+00
1.006298805320713807e+00
1.006411116090649482e+00
1.006519216603910083e+00
1.006822083420061631e+00
1.006828309718172054e+00
1.006887931593062113e+00
1.006968455975826071e+00
1.007145272690639137e+00
1.007421592738666272e+00
1.007504080850466721e+00
1.007625933410989827e+00
1.007705175395027242e+00
1.007815233046728487e+00
1.007996328931334062e+00
1.008093569829019209e+00
1.008288204478242855e+00
1.008319618635788339e+00
1.008502356590483595e+00
1.008594717474409430e+00
1.008762427589534605e+00
1.008790730336579733e+00
1.009014046304717693e+00
1.009346729282625033e+00
1.009460245335353612e+00
1.009617377299490970e+00
1.009780634913867159e+00
1.009866801235651090e+00
1.010058522737627085e+00
1.010183156823442063e+00
1.010294504657285763e+00
1.010310322570727282e+00
1.010524750699761887e+00
1.010783001566146977e+00
1.010855217602680822e+00
1.010948697204776980e+00
1.011097502301341766e+00
1.011177127981763180e+00
1.011603471038519553e+00
1.011639507312880770e+00
1.011942202799930746e+00
1.012049144012755253e+00
1.012109962316761980e+00
1.012292476879317338e+00
1.012495502457483321e+00
1.012621742879408426e+00
1.012884351770800384e+00
1.013046444546930269e+00
1.013129412074786240e+00
1.013233511080319671e+00
1.013425727541335641e+00
1.013499655333569116e+00
1.013713355103733837e+00
1.013962870119325954e+00
1.014020341131138370e+00
1.014272837899824475e+00
1.014351987620145668e+00
1.014573629671944088e+00
1.014729587350569062e+00
1.014904493797357699e+00
1.015076472377944405e+00
1.015191231725246723e+00
1.015436365054172008e+00
1.015549359073996571e+00
1.015583969346959936e+00
1.015758613423810353e+00
1.015789416302643744e+00
1.016026233272697921e+00
1.016172956477141565e+00
1.016365198688867988e+00
1.016555280127099614e+00
1.016680972924194792e+00
1.016903090202615934e+00
1.017102865614470497e+00
1.017206299946520787e+00
1.017449964866401713e+00
1.017855392903082024e+00
1.017881857180527483e+00
1.018259469346596946e+00
1.018491204202165656e+00
1.018582557760706608e+00
1.018791933979656061e+00
1.019014984757108833e+00
1.019184528527820932e+00
1.019353344433054698e+00
1.019435384259993471e+00
1.019689575699005202e+00
1.019727496872867789e+00
1.020013925357367235e+00
1.020299995504751811e+00
1.020464954149627568e+00
1.020648670447501294e+00
1.020750610408546866e+00
1.020970290983395534e+00
1.021072834418491171e+00
1.021225696139797412e+00
1.021276518697280533e+00
1.021480485884532996e+00
1.021618616540831415e+00
1.021649171190257555e+00
1.021775606992459506e+00
1.022066764370320291e+00
1.022183227289603646e+00
1.022392827832704132e+00
1.022597700140746024e+00
1.022663794812222360e+00
1.022836973633592939e+00
1.023032015632035163e+00
1.023254412969832883e+00
1.023364355506900525e+00
1.023668747513150068e+00
1.023952877728788957e+00
1.024399717733760262e+00
1.024478045400665005e+00
1.024675586364627966e+00
1.024776613121799906e+00
1.024878915051834483e+00
1.025211877809089955e+00
1.025340975726150683e+00
1.025551218235495554e+00
1.025654642616699475e+00
1.025824273792693919e+00
1.026018746468787324e+00
1.026079535985134905e+00
1.026282581275027361e+00
1.026331511514550154e+00
1.026703664815702410e+00
1.026864433129908161e+00
1.027008071471002371e+00
1.027174955746473328e+00
1.027281898376346314e+00
1.027492719915396702e+00
1.027676517410989199e+00
1.027813189060486465e+00
1.027916379442102901e+00
1.027991233436883256e+00
1.028161646959956599e+00
1.028445244088243227e+00
1.028558770182281368e+00
1.028814803155879032e+00
1.028986982214118884e+00
1.029354665602372432e+00
1.029476628910934499e+00
1.029827110540488366e+00
1.029922562545677822e+00
1.030228118098755585e+00
1.030554629624647500e+00
1.030633456035778384e+00
1.030757829102499468e+00
1.030972887386379266e+00
1.031266401640432706e+00
1.031332140059074920e+00
1.031451346101783795e+00
1.031690059453996167e+00
1.032128006948747068e+00
1.032222220360803355e+00
1.032482341569715301e+00
1.032658720317672696e+00
1.032833082540770553e+00
1.032928412740308444e+00
1.033145269002226474e+00
1.033253827490677734e+00
1.033386778302748166e+00
1.033572104839052042e+00
1.033741381078449484e+00
1.033907234777466710e+00
1.034021478091974755e+00
1.034395605580876065e+00
1.034528364787422827e+00
1.034951836369939482e+00
1.035303263405837670e+00
1.035685378021030001e+00
1.035842399070588726e+00
1.035872336947184058e+00
1.035974572422064588e+00
1.036128973496623917e+00
1.036537859047153010e+00
1.036794149788600627e+00
1.036944650962933867e+00
1.037079760247937577e+00
1.037250572324996956e+00
1.037645054998519667e+00
1.037783665630731766e+00
1.037856090416686472e+00
1.038269894566480112e+00
1.038757801623757526e+00
1.039001810743048093e+00
1.039460262115443179e+00
1.039725131916386713e+00
1.040226490941897897e+00
1.040337129888907475e+00
1.040548541935839788e+00
1.040640761254460145e+00
1.041114076217916740e+00
1.041790465298554347e+00
1.041935765577051587e+00
1.042035465698485597e+00
1.042563193296141666e+00
1.042958097144438989e+00
1.043380712782093322e+00
1.043536150581947819e+00
1.043786895547583082e+00
1.043918357138581499e+00
1.044021597213486308e+00
1.044327350359998130e+00
1.044386470914546949e+00
1.044699190614650108e+00
1.044830926361458578e+00
1.045066718614568568e+00
1.045616372278998396e+00
1.045684321002449790e+00
1.045847430074811291e+00
1.046095820472423998e+00
1.046461223638471605e+00
1.046882810125042473e+00
1.047382543560472667e+00
1.047736209552685649e+00
1.047844465539673253e+00
1.047972444331964903e+00
1.048563804826434520e+00
1.048595436897168609e+00
1.048913746270100589e+00
1.049074422911279170e+00
1.049424017286895383e+00
1.049543953216035108e+00
1.049998465098861633e+00
1.050028300046314200e+00
1.050311243085276125e+00
1.050325019111572056e+00
1.050559535397408428e+00
1.050838387670965712e+00
1.051004344491457854e+00
1.051191194015843378e+00
1.051355291768345968e+00
1.051552957677011069e+00
1.052485150262303826e+00
1.052797332611034031e+00
1.053347249411527242e+00
1.053385178950483558e+00
1.053570222075869367e+00
1.053795478739483871e+00
1.054029054954967348e+00
1.054541311161701911e+00
1.054774052465994760e+00
1.055154361143165076e+00
1.055388356383972770e+00
1.055734122864482094e+00
1.055749861307222259e+00
1.056013212214077734e+00
1.056311880970054684e+00
1.056546576086504041e+00
1.056971426305801653e+00
1.057125364374442711e+00
1.057607622110052770e+00
1.057705744449163543e+00
1.058224844276860033e+00
1.058549261834060617e+00
1.058748359180125220e+00
1.059108443275598166e+00
1.059146711853268918e+00
1.059286920167830326e+00
1.059453576964189514e+00
1.060228723162996323e+00
1.060535601156582741e+00
1.060743093384959090e+00
1.061066477351305437e+00
1.061214614414169644e+00
1.061632366150962792e+00
1.061764431872070258e+00
1.062040672780376394e+00
1.062240777919644996e+00
1.063185855741289876e+00
1.063388513192404350e+00
1.063731322425501391e+00
1.064081406532784824e+00
1.064119505358195550e+00
1.064588237752929656e+00
1.064981761534882665e+00
1.065277804356382196e+00
1.065573056331237334e+00
1.066460200271041492e+00
1.066594663027084611e+00
1.067307258169855944e+00
1.067457514920311601e+00
1.068083037316266193e+00
1.068424218603197140e+00
1.068857112954443966e+00
1.069073481626560573e+00
1.069293540928938357e+00
1.069460852681360041e+00
1.069828106436102155e+00
1.070108439680009127e+00
1.070898457016927319e+00
1.071724674860389026e+00
1.072039783818753866e+00
1.072215836650831644e+00
1.072425811121436645e+00
1.072853538606227675e+00
1.073136712037106921e+00
1.073489779464170457e+00
1.073652030004879077e+00
1.074005622328964904e+00
1.074679566413247800e+00
1.074947841170348584e+00
1.075379776447825453e+00
1.075400244841040021e+00
1.076272403288949020e+00
1.076387891334660063e+00
1.076571366282218722e+00
1.077038205429025952e+00
1.077128207614940658e+00
1.077625536709617027e+00
1.078123256050855350e+00
1.078249296820379177e+00
1.078503341641158908e+00
1.078640853974662805e+00
1.078878177078671730e+00
1.079163284774191434e+00
1.079322891395526840e+00
1.080591169664684159e+00
1.080928266233922130e+00
1.081044506088737256e+00
1.081344923339535136e+00
1.081899541197679060e+00
1.082631741690599503e+00
1.082724441604137944e+00
1.083062795794657918e+00
1.083156656152441943e+00
1.083234533400502242e+00
1.083797371763903117e+00
1.084359457384233005e+00
1.085005753894648040e+00
1.085386535133281427e+00
1.085724750602240052e+00
1.087137341097129450e+00
1.087190940574679798e+00
1.087822082932919487e+00
1.088383775185961744e+00
1.089014727130251048e+00
1.089116476949439249e+00
1.089337355491003745e+00
1.089973814980663036e+00
1.090455661970420653e+00
1.090744202539340568e+00
1.090857175011744395e+00
1.091375387029817512e+00
1.091635846260173626e+00
1.092212199698773700e+00
1.093970893180531201e+00
1.094100018619082793e+00
1.094582455970465329e+00
1.094878681237987372e+00
1.095243019744797985e+00
1.095874444886925092e+00
1.096038293538850183e+00
1.096310778004823128e+00
1.096522143630185742e+00
1.096695036984551175e+00
1.097027994810043650e+00
1.097564453250575056e+00
1.098183562269081204e+00
1.098457111456579316e+00
1.099282276142152792e+00
1.099384838873988635e+00
1.100005192621602790e+00
1.100444184957872551e+00
1.103108856707756491e+00
1.103194748516539869e+00
1.103769479737736869e+00
1.104214803878810880e+00
1.104477754727350991e+00
1.104663933697900946e+00
1.105166522494019699e+00
1.105633252668734468e+00
1.106032820996972088e+00
1.106370347168537993e+00
1.107259168658312865e+00
1.107451943480924905e+00
1.108437203073933786e+00
1.108685216866654555e+00
1.108997864159057212e+00
1.109302098452153329e+00
1.109531504903426224e+00
1.110822810820724094e+00
1.111293499872699986e+00
1.111818370430812886e+00
1.112392636643680710e+00
1.113286177251865405e+00
1.113723479787048110e+00
1.114557413959880394e+00
1.114576353009884668e+00
1.115576798098571132e+00
1.115917238780321119e+00
1.116307081090034403e+00
1.117349341924946282e+00
1.117945844481435858e+00
1.118258376352726735e+00
1.118701546297610205e+00
1.119545721254817883e+00
1.119873628005089161e+00
1.120065345459783535e+00
1.121117932520055982e+00
1.121857485224069029e+00
1.122166449115108433e+00
1.122552298238194579e+00
1.122901282271953960e+00
1.123291210769007620e+00
1.123809902083729995e+00
1.124762734780244466e+00
1.125204594279722414e+00
1.125795398327158470e+00
1.126778731395914335e+00
1.127076270053786411e+00
1.127404071149287423e+00
1.127637029682076575e+00
1.128185147159710411e+00
1.128722121574030401e+00
1.129230305133777090e+00
1.129332727594997365e+00
1.130510952775137135e+00
1.130599178637741842e+00
1.130968094124358503e+00
1.131955277387534986e+00
1.132870659475516018e+00
1.133392327920484721e+00
1.133761364456495668e+00
1.133883565085378908e+00
1.134426372650411574e+00
1.134623340329695473e+00
1.134967457179160810e+00
1.135429933019188597e+00
1.135640057635747047e+00
1.136328501816313841e+00
1.136882737835207102e+00
1.137236324601494486e+00
1.138722120836671348e+00
1.139274407738855910e+00
1.140100318188427719e+00
1.140138507252025368e+00
1.140389121023553276e+00
1.140972901314024623e+00
1.141605564914291548e+00
1.141946271429684856e+00
1.142255668521749978e+00
1.142840458841770213e+00
1.143376105783149521e+00
1.143894992735111638e+00
1.144282428182209488e+00
1.144590910001931583e+00
1.144853307901893213e+00
1.145343298478750826e+00
1.145739084899427329e+00
1.146246944102967014e+00
1.146585120862300355e+00
1.146993617881040262e+00
1.147738032169509426e+00
1.148112598035725407e+00
1.148558178862028711e+00
1.148586888649583138e+00
1.149343380019285155e+00
1.149959420765198637e+00
1.150370806882988761e+00
1.150710398721256578e+00
1.151798680670658603e+00
1.152768524878503342e+00
1.153307648637009741e+00
1.154274725644085287e+00
1.155028086549936939e+00
1.155341256402224070e+00
1.155827818858498945e+00
1.156145979023262660e+00
1.156880186858218806e+00
1.157581413389922931e+00
1.158235953666265639e+00
1.158577741726625643e+00
1.158777250209564347e+00
1.159708674232540204e+00
1.160135794160857436e+00
1.160870779125770413e+00
1.161078641012029511e+00
1.161131326953731557e+00
1.161536792283764719e+00
1.162271897596284687e+00
1.162899888439087759e+00
1.163467966178959090e+00
1.163554751395695419e+00
1.163677483945450897e+00
1.164152141104321636e+00
1.164679713435341490e+00
1.164895802669562608e+00
1.165642490232427386e+00
1.166065475682326547e+00
1.166452234337154836e+00
1.166661816401334040e+00
1.168265845397037817e+00
1.169766354476150072e+00
1.170322886380945615e+00
1.170664780738091881e+00
1.171960415409273759e+00
1.174123976083877086e+00
1.174339758761834052e+00
1.174746946157813721e+00
1.175037925235955294e+00
1.175299642861159288e+00
1.176742442262527000e+00
1.177765524601683156e+00
1.178696271637732718e+00
1.178912976479895347e+00
1.179554416275103046e+00
1.180114574602242561e+00
1.180885702190677566e+00
1.181714427422462022e+00
1.182295868774279946e+00
1.182701949530170937e+00
1.183008422226569101e+00
1.183920475407416406e+00
1.184405888464547640e+00
1.185232610573225820e+00
1.185971808685589268e+00
1.186383077473421865e+00
1.186899493866745869e+00
1.187846050871479653e+00
1.188235944349975481e+00
1.188825728582465713e+00
1.189211325821393661e+00
1.189769805744669062e+00
1.190551634717004204e+00
1.191219019679183644e+00
1.191992502796004105e+00
1.192976448099125397e+00
1.193648973316267403e+00
1.194378251534665036e+00
1.195411611316511635e+00
1.196257070891288299e+00
1.196944971696975557e+00
1.197546529853783515e+00
1.197907312462902496e+00
1.198062295904871899e+00
1.198813146234898763e+00
1.199032967585619502e+00
1.200091869911393827e+00
1.201353652486365053e+00
1.201832244035567543e+00
1.201872956110836110e+00
1.202966361695159803e+00
1.203878756644096937e+00
1.204482730072769403e+00
1.204911814508810242e+00
1.206042552565656845e+00
1.207100605947490468e+00
1.207296556125600606e+00
1.207441024435866650e+00
1.208781407731411628e+00
1.209078861444457420e+00
1.210465497796771484e+00
1.211221283411872962e+00
1.211683116473450061e+00
1.212070723750342749e+00
1.212294031914698200e+00
1.213513219167306589e+00
1.214356708280035502e+00
1.214794409375471451e+00
1.215709228138984299e+00
1.215979247082359382e+00
1.217047611826822973e+00
1.217593048165918734e+00
1.218118441005222596e+00
1.219302132441097530e+00
1.219559560679062571e+00
1.220846165618590717e+00
1.221244358684007381e+00
1.221339682760759882e+00
1.222091760162685725e+00
1.222767805968088428e+00
1.222931814897714187e+00
1.223227048957878926e+00
1.224899139119109082e+00
1.226386514393573712e+00
1.226609204189798685e+00
1.227151251909714968e+00
1.227622715443895896e+00
1.228646052729388760e+00
1.229708453489543718e+00
1.229906023098381374e+00
1.230697521979264630e+00
1.231581492393983179e+00
1.232461720831680374e+00
1.233410330433247992e+00
1.233808791928247883e+00
1.234923179139287841e+00
1.235416438571716125e+00
1.236246892980021661e+00
1.237438403816802257e+00
1.238315587905282955e+00
1.240281914155859422e+00
1.240743664913657840e+00
1.241002378276918172e+00
1.242394302611521839e+00
1.243573202693635471e+00
1.243753038761040486e+00
1.244463014272226831e+00
1.244607662354011435e+00
1.245482821359262360e+00
1.246305098410224188e+00
1.246840680748956487e+00
1.247065779768420368e+00
1.247961652381553987e+00
1.249953758205595733e+00
1.250615608263589529e+00
1.251106154490394085e+00
1.251327470914586737e+00
1.252445212774430328e+00
1.253103719604863775e+00
1.255375624261714229e+00
1.256485098617517338e+00
1.256769226054345490e+00
1.257557091945478156e+00
1.258044290884310579e+00
1.258997823791863535e+00
1.261041864243361177e+00
1.261328530175880980e+00
1.262154037083639491e+00
1.262306238007465220e+00
1.263606795993807985e+00
1.264707059185198768e+00
1.266479084365742969e+00
1.266798171934309991e+00
1.267427205754143804e+00
1.268227117486956157e+00
1.268918482813596649e+00
1.269631928100553919e+00
1.269857332928372218e+00
1.270288434407446321e+00
1.270830467828441446e+00
1.271782825946696782e+00
1.273341866827873980e+00
1.275375938340058468e+00
1.275530430646062863e+00
1.275669413374791672e+00
1.276290126984562567e+00
1.277385462292906393e+00
1.279203885760944903e+00
1.280048556717633401e+00
1.281079498263127059e+00
1.281797677799421109e+00
1.282261367737928648e+00
1.283303712078076586e+00
1.283857077052624751e+00
1.286864150167722043e+00
1.287563566047460917e+00
1.288234229589945379e+00
1.289562061017147432e+00
1.290041468484144804e+00
1.290622965434172986e+00
1.291433212633545269e+00
1.291999595589206740e+00
1.292487905708268769e+00
1.294282684365998692e+00
1.295066599807893848e+00
1.295755993702588427e+00
1.296497464162827962e+00
1.297779355105741494e+00
1.299196204946436284e+00
1.299466850869051227e+00
1.299816373699933969e+00
1.301535619823637635e+00
1.302467399817229143e+00
1.303469548948124057e+00
1.304929132639548683e+00
1.306167041848899091e+00
1.307098510455300344e+00
1.307972457457665216e+00
1.308472399612492731e+00
1.309296476842320089e+00
1.309958232713345661e+00
1.310380073705346149e+00
1.313254668411282688e+00
1.314294481379121304e+00
1.314964076329120823e+00
1.316102484109705539e+00
1.317325311205722382e+00
1.317561553184625422e+00
1.317884831878346263e+00
1.319246179065167279e+00
1.321083123830207651e+00
1.322735068499415023e+00
1.323901277753865013e+00
1.325614901817801616e+00
1.325815435500979467e+00
1.327760554626111533e+00
1.328439305343488641e+00
1.329806819470547685e+00
1.330541660519273472e+00
1.332548039067100287e+00
1.333350780610755404e+00
1.333497813958904432e+00
1.333984918558338340e+00
1.334201207259485100e+00
1.335627290573628390e+00
1.337446736617591281e+00
1.339248166513518301e+00
1.340099404149059481e+00
1.341857720439195267e+00
1.342313801748162616e+00
1.342876115070243292e+00
1.344231078778507893e+00
1.344420267868708718e+00
1.345280877704820188e+00
1.345576810011354096e+00
1.346757822242643954e+00
1.347223920761770000e+00
1.348189854311321767e+00
1.349129412231161007e+00
1.349945882607568315e+00
1.350793772235900025e+00
1.352379106776536943e+00
1.353229738235105062e+00
1.353745849377792076e+00
1.354876439531908616e+00
1.356004724456856270e+00
1.356418638753969397e+00
1.357162382312898874e+00
1.357502651995874388e+00
1.357794755524875052e+00
1.361115095220938320e+00
1.363042697722778529e+00
1.363746229305025315e+00
1.364508093785271159e+00
1.366354467145261431e+00
1.367266315519442887e+00
1.368422941172898311e+00
1.369366584844768253e+00
1.372885419481908675e+00
1.374051689973053048e+00
1.374729745012055249e+00
1.377754980622772019e+00
1.378217339192028490e+00
1.378591793573951119e+00
1.381331457493547576e+00
1.382381939202290466e+00
1.382564590016241324e+00
1.383198049209479752e+00
1.384305770991002049e+00
1.384847449059811053e+00
1.387147769907090433e+00
1.389726743302010847e+00
1.390069963708545853e+00
1.393384069722128249e+00
1.393658773420196173e+00
1.398930978609378650e+00
1.399990894315152223e+00
1.400241675066417057e+00
1.400847884024024825e+00
1.401909029161424902e+00
1.404075931921975329e+00
1.404376550746956775e+00
1.405831347592499725e+00
1.408484663246134083e+00
1.409046494548488182e+00
1.410859180547443970e+00
1.411918122966353772e+00
1.412534320758399575e+00
1.414615400697549541e+00
1.415261891431183638e+00
1.416195994136172365e+00
1.418804893797164457e+00
1.420322212910814175e+00
1.420655634987138649e+00
1.422127505582114537e+00
1.423729427401753345e+00
1.424219838598832721e+00
1.424384282058817064e+00
1.425554812794572745e+00
1.427700926041648888e+00
1.432067737268879926e+00
1.435047536338245999e+00
1.436012859466749836e+00
1.436116823110802354e+00
1.438674461356386658e+00
1.440413592078491289e+00
1.441949767605627653e+00
1.444059864236518331e+00
1.445001402648695699e+00
1.445794014488908319e+00
1.446893357351221709e+00
1.450590369674330526e+00
1.451015196022243270e+00
1.453089538105870826e+00
1.453604534657473080e+00
1.456302608235254592e+00
1.457606620688443710e+00
1.457694917833861847e+00
1.459070647645601015e+00
1.461368432226914926e+00
1.463649973081595279e+00
1.465177920932082767e+00
1.466455417450169829e+00
1.467512402865805310e+00
1.468546317985243599e+00
1.470203444363379131e+00
1.472019921688043187e+00
1.474049199042366753e+00
1.476125567960550500e+00
1.477488888686596891e+00
1.478781125863209089e+00
1.480163937399253893e+00
1.482960413739780714e+00
1.483627986437019874e+00
1.484598608222396976e+00
1.486166757518233350e+00
1.488287456332789693e+00
1.489857938227723055e+00
1.490397056112190866e+00
1.492050222943883231e+00
1.492979167630439141e+00
1.495247672261827310e+00
1.498157896311860471e+00
1.498902002610356332e+00
1.502120040905812193e+00
1.507021265493149409e+00
1.508605235322597604e+00
1.511623560418450252e+00
1.514247357889863865e+00
1.515646514119553867e+00
1.517574906380120492e+00
1.518703755802809585e+00
1.520481536922132504e+00
1.522915350269546497e+00
1.524504418350869805e+00
1.529210661142646366e+00
1.530976889838993493e+00
1.532630065826858345e+00
1.532930180501922868e+00
1.535950466100812539e+00
1.536993747461578463e+00
1.539769931529811897e+00
1.541157109473453524e+00
1.541955842460395187e+00
1.542955169546078587e+00
1.544268193090291064e+00
1.544628758477855746e+00
1.547807745010916447e+00
1.549414578323992764e+00
1.550570016413101770e+00
1.553849550931674539e+00
1.554439157715470365e+00
1.558627719505344400e+00
1.560388481992439624e+00
1.563445303576750822e+00
1.565090775900465081e+00
1.568973047682731936e+00
1.571767659123104011e+00
1.575461226193444420e+00
1.577317453542327108e+00
1.578499281459822878e+00
1.579980460734994541e+00
1.581053617887841822e+00
1.585717837449321044e+00
1.586762119157819839e+00
1.588214079271750068e+00
1.591292152263353188e+00
1.594648537064454530e+00
1.596069109651562012e+00
1.597882811828619687e+00
1.600755615404293231e+00
1.604248082157877509e+00
1.604754604597013579e+00
1.607947129955549448e+00
1.616255424972309784e+00
1.620164527675806099e+00
1.621524177757489138e+00
1.628448456592982430e+00
1.629643800122939856e+00
1.632012275622443775e+00
1.635823784776824885e+00
1.640766497864229123e+00
1.642254681296240859e+00
1.645771891577024970e+00
1.654030718517340848e+00
1.656107300791947790e+00
1.657987565422305964e+00
1.659602727221983542e+00
1.660612381444834584e+00
1.664094963951606054e+00
1.665949953954152019e+00
1.668319306912706246e+00
1.671381383791944897e+00
1.676482512770660627e+00
1.683649184995844594e+00
1.686325205115300818e+00
1.686867674995620181e+00
1.688779512443194575e+00
1.690285014916395712e+00
1.693767878725040532e+00
1.694072378734187367e+00
1.695542400868203625e+00
1.699883645330941384e+00
1.706290846138438511e+00
1.708513373040421834e+00
1.708851680872692569e+00
1.711489319419915445e+00
1.719030320201415885e+00
1.720084380849974171e+00
1.724100147617349865e+00
1.726268300493323027e+00
1.728874062275417955e+00
1.731959986419200348e+00
1.734449172282397811e+00
1.740788819938598575e+00
1.747087869245669056e+00
1.751141380616335841e+00
1.755058473093770610e+00
1.756956292069750125e+00
1.763215799938389061e+00
1.765200350315045741e+00
1.766938568012547339e+00
1.772242074807538037e+00
1.775033044129989968e+00
1.777089577663808484e+00
1.778897842722107381e+00
1.779275760394248840e+00
1.781062883428804255e+00
1.787890934622281103e+00
1.790516642432164129e+00
1.793784694993237672e+00
1.798027834282038162e+00
1.801571929633117186e+00
1.801780358080635525e+00
1.807865517198856242e+00
1.817223855101331331e+00
1.820115627646943235e+00
1.840072790778732426e+00
1.847007832826299323e+00
1.849269100245829689e+00
1.853782777151301353e+00
1.856016615820991422e+00
1.859527606083694939e+00
1.864226417994435003e+00
1.869308055195140428e+00
1.875716027616562975e+00
1.879952524830207361e+00
1.881355358406384903e+00
1.883859802746513656e+00
1.889617285581065342e+00
1.898960148870068476e+00
1.909434226295962045e+00
1.910768236933296560e+00
1.916275530035739472e+00
1.922295618529129779e+00
1.923655909280806542e+00
1.931077052464141630e+00
1.960450626008782393e+00
1.966523767946965595e+00
1.974989789681035335e+00
1.975754340206091753e+00
1.976185448708462022e+00
1.977057083448869435e+00
1.982330870378194332e+00
1.987572931138927634e+00
1.989152066074429737e+00
1.993512908727397503e+00
2.019590713664095372e+00
2.025931487069368764e+00
2.028102682094533815e+00
2.030602600041666594e+00
2.039690729417213966e+00
2.054792838180727443e+00
2.066386513970992489e+00
2.066970219992215085e+00
2.075159994690494614e+00
2.082379872494074746e+00
2.086661564334383989e+00
2.089914712996550517e+00
2.091012661220293278e+00
2.093127898324958824e+00
2.105936661243970498e+00
2.135354527306658312e+00
2.143483731839415984e+00
2.147514480380942725e+00
2.181409851816473289e+00
2.212724509272310236e+00
2.215143212084373481e+00
2.247511319073327574e+00
2.296826789727392626e+00
2.320302434072908149e+00
2.328535433371845542e+00
2.361119107204589618e+00
2.365616662938213821e+00
2.513646034903233240e+00
