2.236738165367187503e-01
2.242258427400972420e-01
2.298343029365005896e-01
2.583117000389008044e-01
2.675393721036085082e-01
2.957091933879681944e-01
2.962643446119389012e-01
3.076749036705911378e-01
3.143896520450706333e-01
3.165890687952350735e-01
3.174270860350325574e-01
3.177179850266877992e-01
3.262111639086464621e-01
3.360796614974530527e-01
3.424837203059694080e-01
3.438462225119132132e-01
3.499496697098692377e-01
3.649844279532978852e-01
3.726794230315879086e-01
3.764865446949660077e-01
3.786652547014517922e-01
3.854504139702597532e-01
3.885472372957274323e-01
3.920289834673675311e-01
3.976723656578842192e-01
3.991679066384775654e-01
3.994522292263927299e-01
4.062462086234886471e-01
4.086598088944395357e-01
4.174959233528222069e-01
4.236948300689432623e-01
4.239281992860771675e-01
4.245322356907354489e-01
4.300657424277419816e-01
4.313919643062548159e-01
4.319559310078467940e-01
4.329460168823068278e-01
4.452096898138052095e-01
4.506434949047362637e-01
4.543652119792696564e-01
4.651075781281997501e-01
4.678558309347627953e-01
4.690416605377609738e-01
4.725670159942170212e-01
4.796033752349114776e-01
4.848269167738119001e-01
5.006095648591244451e-01
5.085956417855250766e-01
5.128231725822154363e-01
5.199904806559316750e-01
5.218823825155020080e-01
5.248517703910244858e-01
5.262678493049410822e-01
5.325508787769930308e-01
5.358309079494449900e-01
5.364241163574223759e-01
5.364594371117196170e-01
5.366987524313427960e-01
5.383389762913717291e-01
5.435229703824172587e-01
5.495737530888271660e-01
5.544559900955043918e-01
5.582908984950341047e-01
5.620582256337487426e-01
5.625728723468715886e-01
5.667076871361440560e-01
5.670786007182434529e-01
5.705422316657080550e-01
5.744416342325570080e-01
5.745632540112864950e-01
5.787652241849036150e-01
5.840094682475805987e-01
5.919199159460569737e-01
5.937264031620053117e-01
5.954954017624211060e-01
5.955897106928185192e-01
5.995450499314760595e-01
6.016518065059430764e-01
6.037287344792299226e-01
6.049141168959369930e-01
6.069113414505586945e-01
6.091340183908757755e-01
6.111678404098597195e-01
6.165898102678679660e-01
6.169785364372137870e-01
6.194372972426031021e-01
6.232841082730802285e-01
6.237229345457772078e-01
6.260602015816074672e-01
6.263076641816414103e-01
6.324903931419176839e-01
6.331457732362975044e-01
6.367289645229907702e-01
6.411545547729650130e-01
6.430362025612856858e-01
6.445171572232621937e-01
6.453684557046791559e-01
6.475189172643193158e-01
6.514824560006103882e-01
6.542414421045376072e-01
6.571704232821987679e-01
6.595975100556339399e-01
6.596356008272784566e-01
6.599970126791766534e-01
6.637311582430543977e-01
6.694407168900839977e-01
6.700191931119258149e-01
6.722773553004695035e-01
6.728805802632281674e-01
6.740855566531115395e-01
6.760957597616040760e-01
6.802997455828708739e-01
6.839076106767487673e-01
6.851363716851405217e-01
6.871945332322274558e-01
6.872329918131059312e-01
6.928290012704494405e-01
6.935199763217021474e-01
6.977518406730190970e-01
6.986283972892443073e-01
6.994892854231886670e-01
7.007143462810850876e-01
7.044077333342276814e-01
7.051697310504263516e-01
7.086576911025653791e-01
7.092813140467704169e-01
7.101955916556972337e-01
7.113857019964451300e-01
7.123757958559887582e-01
7.148110592624060677e-01
7.149242850205417277e-01
7.172235685434662500e-01
7.195759734010531705e-01
7.199288358729617476e-01
7.212444982116191783e-01
7.217072336564450685e-01
7.230807456402987832e-01
7.245018494815812504e-01
7.288071325021424629e-01
7.306908168646283341e-01
7.336955168390617565e-01
7.346847771875837374e-01
7.352833982807692736e-01
7.360579184377178397e-01
7.410974715014828629e-01
7.433178543568453867e-01
7.441148315912440303e-01
7.464571523771815764e-01
7.493211199248740462e-01
7.500605767729858764e-01
7.508118612001519754e-01
7.511450145154345837e-01
7.520591185154471559e-01
7.543410064490300160e-01
7.550207907886358205e-01
7.552375459451990958e-01
7.559506641921408532e-01
7.569745050743851289e-01
7.582350141307101499e-01
7.589163692811869977e-01
7.598579949346139228e-01
7.606970569687577788e-01
7.645545146204074660e-01
7.658931349854707360e-01
7.692024063993621041e-01
7.702224711611286301e-01
7.712363750010976515e-01
7.742258133107907669e-01
7.749226744775226106e-01
7.761786368746707021e-01
7.767896150118932530e-01
7.795391037050887206e-01
7.805554019769883611e-01
7.840845332295147685e-01
7.852325571152543038e-01
7.862831294095459223e-01
7.876560446885794153e-01
7.877590787797585925e-01
7.895456468642088055e-01
7.919296065302010579e-01
7.920066106839287468e-01
7.937442147815823024e-01
7.949159918900282618e-01
7.952533022972669841e-01
7.976956486994272177e-01
7.988581557743317241e-01
8.012434673647290673e-01
8.015709511988723390e-01
8.022024615559960603e-01
8.035444457206332158e-01
8.046432003839159020e-01
8.072079675788967901e-01
8.081236857117819472e-01
8.089889148364618476e-01
8.113799284487188679e-01
8.119354708158403877e-01
8.128827552008313084e-01
8.133514093732177042e-01
8.156097617266981903e-01
8.164432044837589553e-01
8.170531333009790620e-01
8.177815524664115987e-01
8.207526874234225556e-01
8.229178751601020636e-01
8.243050510170126799e-01
8.245021143629560623e-01
8.290645174653461513e-01
8.299753046127837930e-01
8.300306804169806929e-01
8.315392417787244028e-01
8.326778745447607211e-01
8.336568391295910985e-01
8.342558096043859450e-01
8.380680916826813709e-01
8.390327543153149881e-01
8.405302493665370855e-01
8.411727893481919516e-01
8.427515200824520214e-01
8.436495719171810403e-01
8.441760951961041481e-01
8.462225725026029099e-01
8.463137716395775501e-01
8.468505977886372493e-01
8.486315848649896854e-01
8.497002507611594035e-01
8.507630474835833345e-01
8.513930199510270080e-01
8.520924860990761740e-01
8.521780120020396865e-01
8.546906279215541469e-01
8.553405807992628951e-01
8.567491213941125228e-01
8.572970586691908146e-01
8.596750813801679048e-01
8.598251410773549708e-01
8.603381870688834310e-01
8.618732427338146040e-01
8.627775548267031525e-01
8.637492597896532232e-01
8.648654326001784520e-01
8.652427671054376823e-01
8.664108536856045539e-01
8.670374121309246673e-01
8.672348654701773629e-01
8.687264384771830050e-01
8.717932289711104454e-01
8.725677090606526187e-01
8.729335340435724344e-01
8.733791843734765026e-01
8.748958849418158046e-01
8.754103081942700149e-01
8.758072224680192308e-01
8.783179444818998149e-01
8.798054832873950515e-01
8.813555676973215958e-01
8.824755832900814667e-01
8.830253875107267891e-01
8.839253761326628656e-01
8.856695699646796038e-01
8.860544068297160347e-01
8.870577742370895358e-01
8.872813191229325103e-01
8.876150956214587939e-01
8.888789850901782641e-01
8.899681949067778097e-01
8.905519962954987490e-01
8.914270620277160440e-01
8.916055246261963552e-01
8.927558330116731611e-01
8.928827603673231694e-01
8.937317762711417535e-01
8.945561539795425787e-01
8.966276199843534744e-01
8.973877096499663919e-01
8.979868106660429117e-01
8.980230145702644551e-01
8.990261106876596964e-01
8.994932755903740640e-01
9.002278986645654291e-01
9.017332058356558599e-01
9.022485046680022158e-01
9.026115046849138013e-01
9.039289290334667770e-01
9.042625512206391436e-01
9.046822837613915924e-01
9.051402226708107346e-01
9.062096307033827847e-01
9.073623361134246501e-01
9.087025189901979383e-01
9.099012508538122379e-01
9.102753688444151781e-01
9.105195622718469384e-01
9.108602183776114414e-01
9.121318698763714039e-01
9.133050902706691954e-01
9.136551076484377143e-01
9.152089490765591417e-01
9.154657946546130853e-01
9.158469845403808263e-01
9.160537696225905524e-01
9.169008496180883760e-01
9.171542152971920991e-01
9.172868090217456416e-01
9.177454853575520710e-01
9.182267541114519371e-01
9.188993460286080106e-01
9.196216306981374045e-01
9.196973169230735490e-01
9.201545803965049952e-01
9.212382533446336064e-01
9.220840951227173843e-01
9.224554129788311574e-01
9.233419764755680381e-01
9.236972897737113497e-01
9.241662896032843966e-01
9.244499303577788929e-01
9.246501678720455697e-01
9.257520052736072369e-01
9.266382136691880822e-01
9.271349647551561102e-01
9.276498961144489241e-01
9.279336150787605986e-01
9.292878855433591712e-01
9.300584526765440785e-01
9.303247656744801919e-01
9.308023395749139839e-01
9.318991459693414248e-01
9.323180207701510236e-01
9.325009693214819650e-01
9.338759479587338541e-01
9.340421253828882220e-01
9.343604683186866877e-01
9.351740266918044941e-01
9.361674404744229072e-01
9.365962348574645713e-01
9.381674219859857944e-01
9.385283742547352315e-01
9.388357271531579951e-01
9.397536873149978653e-01
9.415631096905557884e-01
9.419415272504337855e-01
9.429318854450079446e-01
9.438924938888383354e-01
9.444940377484378757e-01
9.450120759882819632e-01
9.454284671952718488e-01
9.461160827084970082e-01
9.463777135737420076e-01
9.469055686104711489e-01
9.472272161577860450e-01
9.481873597120534791e-01
9.483045330070468681e-01
9.487931698869181973e-01
9.496207309073010361e-01
9.501719645746272702e-01
9.504506276259039321e-01
9.507806715303265266e-01
9.510408842926177941e-01
9.521506258120848720e-01
9.525847320827802722e-01
9.527670399873602314e-01
9.534469668150126198e-01
9.544198686058751324e-01
9.548192028034808709e-01
9.553042983366331065e-01
9.556127403420197064e-01
9.559507987397845019e-01
9.562537716178693969e-01
9.567118114096118120e-01
9.567712749657754090e-01
9.572430797243973721e-01
9.578761767484345047e-01
9.587462570699061271e-01
9.588919173595996659e-01
9.592770986198903005e-01
9.600211916807996904e-01
9.605245345086418363e-01
9.607897022610453197e-01
9.609576800111245820e-01
9.616096349420623079e-01
9.622510911156318958e-01
9.632106152912055519e-01
9.633309371784999353e-01
9.637409742373710397e-01
9.638328518024110725e-01
9.642186315461459545e-01
9.642588254804569381e-01
9.650513374600810934e-01
9.654148725304665390e-01
9.654856149373058916e-01
9.659325334857714607e-01
9.667521729894626992e-01
9.673496456497160390e-01
9.676817310008427597e-01
9.683079834844385836e-01
9.684542665203097478e-01
9.690512327522901037e-01
9.692849915589695220e-01
9.696068856984878526e-01
9.698095531347160625e-01
9.707963147557731043e-01
9.708904062212779795e-01
9.714197100387097494e-01
9.718837051623707701e-01
9.721730532381414047e-01
9.724823504061588242e-01
9.727618660670980244e-01
9.738895533362783574e-01
9.742173109516133467e-01
9.747693136088178001e-01
9.750054357066932909e-01
9.755379380515871723e-01
9.756890622028455695e-01
9.761860535794307792e-01
9.764664741683438676e-01
9.771822707182548085e-01
9.779023690740572539e-01
9.780582658462725343e-01
9.781575521333704115e-01
9.784669156936444123e-01
9.785281787573940626e-01
9.787805622359595503e-01
9.794644744225692312e-01
9.796595568604935522e-01
9.800617476124957594e-01
9.802762046346459313e-01
9.805579539329466465e-01
9.810579548708832087e-01
9.813886443395385406e-01
9.815870714648609052e-01
9.821566497323702682e-01
9.824913880735457461e-01
9.828366196096331997e-01
9.829805845260474184e-01
9.833176791504431025e-01
9.838056118137636918e-01
9.845060930076897643e-01
9.850045338030072317e-01
9.851535872411003592e-01
9.854882791899582939e-01
9.857387498093413969e-01
9.860442502484612071e-01
9.864540701265390732e-01
9.869629476306901461e-01
9.871732717998765727e-01
9.875571544298649140e-01
9.879546553648377305e-01
9.883010532755479582e-01
9.885685491298801253e-01
9.889577655549924851e-01
9.891125628933999936e-01
9.902048487703741797e-01
9.906068074765774778e-01
9.908747985989326823e-01
9.916100079868903627e-01
9.919034843609334517e-01
9.921395620253932179e-01
9.925447992672755682e-01
9.929641766465276964e-01
9.930128858494110533e-01
9.931990084918742578e-01
9.934405107678376812e-01
9.938856650781766611e-01
9.941290363548034303e-01
9.941660064221836679e-01
9.943267759528369165e-01
9.946183842569995548e-01
9.947990375231805515e-01
9.953053500066959547e-01
9.954652170389034493e-01
9.957472878182354048e-01
9.959470602171514031e-01
9.961348011540132052e-01
9.963525203893247584e-01
9.964159364644380457e-01
9.968468711835658524e-01
9.971993049871733517e-01
9.974120402481376768e-01
9.977078327414474757e-01
9.979338636681830410e-01
9.982454039904590237e-01
9.983290049551161172e-01
9.984670484796623890e-01
9.985120270664250564e-01
9.987717531118136538e-01
9.989656237511808090e-01
9.992464929850830568e-01
9.997541319018754535e-01
1.000117930414734735e+00
1.000450525443985716e+00
1.000740373758955748e+00
1.000937484240588482e+00
1.001421878368616181e+00
1.001577439259290436e+00
1.001933492649401458e+00
1.002158366348784524e+00
1.002164551763700118e+00
1.002208350798058811e+00
1.002370408147679193e+00
1.002550294817624144e+00
1.002745927364041556e+00
1.002910508142136781e+00
1.003228765326319882e+00
1.003433999920707143e+00
1.003905444580927009e+00
1.004119907650488974e+00
1.004161979374185387e+00
1.004317163579344196e+00
1.004377145067953503e+00
1.004611697220933353e+00
1.004831510979580900e+00
1.005118827317695640e+00
1.005479682888891002e+00
1.005609287842976318e+00
1.005943482729020344e+00
1.006298023640139094e+00
1.006527728140710787e+00
1.006656093299910237e+00
1.006805326240506560e+00
1.006863540491267583e+00
1.006974999433140949e+00
1.007145700726117088e+00
1.007316859082990845e+00
1.007661027019948419e+00
1.007740133287141626e+00
1.008157049399011962e+00
1.008368060639709185e+00
1.008465744923557228e+00
1.008615265156813434e+00
1.008747428039527660e+00
1.008961324707932539e+00
1.008985069637136078e+00
1.009029751701926214e+00
1.009343205783525876e+00
1.009565160010388318e+00
1.009798463997475526e+00
1.009927814326519346e+00
1.010033865023089783e+00
1.010286395375142865e+00
1.010496896520587606e+00
1.010689385897147741e+00
1.010951657225976463e+00
1.011291284806093538e+00
1.011656694497314435e+00
1.011867715266019152e+00
1.012136762491586461e+00
1.012281592658187845e+00
1.012427885303157860e+00
1.012797107153742049e+00
1.013108678483247704e+00
1.013213654792271434e+00
1.013323488852118093e+00
1.013581738227280704e+00
1.013862107445824945e+00
1.014195771918518174e+00
1.014510822475885199e+00
1.014751193088574421e+00
1.014864859531393382e+00
1.015106114658978376e+00
1.015385460218932501e+00
1.015883563365218123e+00
1.016099496466463359e+00
1.016475272620051218e+00
1.016697073223951087e+00
1.016760330673136981e+00
1.017297147845031002e+00
1.017349715504317853e+00
1.017492508204467017e+00
1.017713146182728012e+00
1.018095045575114765e+00
1.018274323580429019e+00
1.018462694669258095e+00
1.018531269118191140e+00
1.018761364507279277e+00
1.019008871547982142e+00
1.019351920400160427e+00
1.019532806316975737e+00
1.019643129793487590e+00
1.019905053919991866e+00
1.019969818863009081e+00
1.020174633399332453e+00
1.020454463129729428e+00
1.020640839921859611e+00
1.020953720824082200e+00
1.021011332059376553e+00
1.021206087931784134e+00
1.021422219226322703e+00
1.021491923068406749e+00
1.022065612513018529e+00
1.022360635903209580e+00
1.022415994782344795e+00
1.022511157461771125e+00
1.022786193998994397e+00
1.023054917349909054e+00
1.023172060237010683e+00
1.023345691955457104e+00
1.023735037911979173e+00
1.024001749424715557e+00
1.024238415065060970e+00
1.024587590569730589e+00
1.024707198499850369e+00
1.024982122726581846e+00
1.025134423408606388e+00
1.025525411945138243e+00
1.025837223397783271e+00
1.025959545439394160e+00
1.026106522142872235e+00
1.026445780553815190e+00
1.026629677137261387e+00
1.026981157779589759e+00
1.027183361954153273e+00
1.027556210626821676e+00
1.027840548106311092e+00
1.028255152626648128e+00
1.028619761108899633e+00
1.028763604805007947e+00
1.028920819176935231e+00
1.029199606158956115e+00
1.029746337993136418e+00
1.029826762825507336e+00
1.030143534273826988e+00
1.030556033464518739e+00
1.030963861793265934e+00
1.031188862378628945e+00
1.031474018702481787e+00
1.031907473015659438e+00
1.032638595610252175e+00
1.032694805826073425e+00
1.032941327226267081e+00
1.033228189409880038e+00
1.033572962586488009e+00
1.033732380498802561e+00
1.033864773991840069e+00
1.034004136018680686e+00
1.034600693129407167e+00
1.034704999566453232e+00
1.034997912334054693e+00
1.035611557042876774e+00
1.036213616024995288e+00
1.036846934015478006e+00
1.037054552663585483e+00
1.037454635047824869e+00
1.037743324008013168e+00
1.038305096888592072e+00
1.038436861292930224e+00
1.038722584078428435e+00
1.039167901530802185e+00
1.039828284183921925e+00
1.040123422899548622e+00
1.040191300928873241e+00
1.040526158283535674e+00
1.040803214359043105e+00
1.041555199707696389e+00
1.041622271290939095e+00
1.041691756766654597e+00
1.042127248887065427e+00
1.042196407363296551e+00
1.042537245387344713e+00
1.042730300987424474e+00
1.042984369579838644e+00
1.043240439172004486e+00
1.043510304988642057e+00
1.043941644291535908e+00
1.044235964832417096e+00
1.044421129168748408e+00
1.045134920926694022e+00
1.045348046614128501e+00
1.045470415045299362e+00
1.045784477107418287e+00
1.045959894957416925e+00
1.046515268165745693e+00
1.046699347944882508e+00
1.047249102651360397e+00
1.047512328684249816e+00
1.047795399891523260e+00
1.048251094616924117e+00
1.048435582029223490e+00
1.049195050783665373e+00
1.049688117314564462e+00
1.049836750260514595e+00
1.050698420363302521e+00
1.051071049695216697e+00
1.051677195516975027e+00
1.051930992768970174e+00
1.052068086496120491e+00
1.052541114911857978e+00
1.053128144293537849e+00
1.053294201018405873e+00
1.054225170509124565e+00
1.054548905254281799e+00
1.054868441201217699e+00
1.054985643740187884e+00
1.055261433703708285e+00
1.055477954689668207e+00
1.055605252399310023e+00
1.055785300641457924e+00
1.056905719513142605e+00
1.057161898637451358e+00
1.057222896647914023e+00
1.057484815836633896e+00
1.058252064047236596e+00
1.058358492194747980e+00
1.058739333934964444e+00
1.059302199525319343e+00
1.059598994105098502e+00
1.059852648303091893e+00
1.060211700908576082e+00
1.060717865417241779e+00
1.061121911729388634e+00
1.061349378849484326e+00
1.061838520835197697e+00
1.062219701030826524e+00
1.062467802710822529e+00
1.062904144234698922e+00
1.063089610885893599e+00
1.063276434600075593e+00
1.063724127046384860e+00
1.064354657075569310e+00
1.064621683105901440e+00
1.064955611788196643e+00
1.065655055798011563e+00
1.065913398743846052e+00
1.066214737769457521e+00
1.066479596936495744e+00
1.066764334784735979e+00
1.067875116257800849e+00
1.068668329760456448e+00
1.068916635267100457e+00
1.069051049957311150e+00
1.069649253516960830e+00
1.069724732930878330e+00
1.070368790891575550e+00
1.070627114724178153e+00
1.070946178103335145e+00
1.071495987964087293e+00
1.071907861102846082e+00
1.072314914871492775e+00
1.072761622763982903e+00
1.072990563199629266e+00
1.073333836948583864e+00
1.073745414754398331e+00
1.074027644424768724e+00
1.074355511547938624e+00
1.074644353883657200e+00
1.074957852394467839e+00
1.075083588821387659e+00
1.075598091490704844e+00
1.076228000540283558e+00
1.076525086528626218e+00
1.076775083746180250e+00
1.077235340768271099e+00
1.077591550734026127e+00
1.078087641669712493e+00
1.078343457488021295e+00
1.079211039064948086e+00
1.080125536543071751e+00
1.080429800032571164e+00
1.080828004631984252e+00
1.081135753714174141e+00
1.081506331189363568e+00
1.081992646166953342e+00
1.082213685341546050e+00
1.082563838238184806e+00
1.082759636100036227e+00
1.083022466504689696e+00
1.083606538779608552e+00
1.084097605537729603e+00
1.084626482107903689e+00
1.085345122291315745e+00
1.085676297394618794e+00
1.085840253556110913e+00
1.086392552261464362e+00
1.086568836339624422e+00
1.087033137535908800e+00
1.087903309270425556e+00
1.088387891742546909e+00
1.088856145859533386e+00
1.089880013613023335e+00
1.090460343642052354e+00
1.091584201409584676e+00
1.091871790164924416e+00
1.092375946933162867e+00
1.092585450223895194e+00
1.092900916850065629e+00
1.093434885711490834e+00
1.093916054672859461e+00
1.094149549036561808e+00
1.094509090734860024e+00
1.095252261933107762e+00
1.095434462924764762e+00
1.096138169482093971e+00
1.096210355097036127e+00
1.097080911428356842e+00
1.097403970958912511e+00
1.097620078857405979e+00
1.098167406174237692e+00
1.098770157223020849e+00
1.099082202180983181e+00
1.099215603453499446e+00
1.100966155320356687e+00
1.101469725025509216e+00
1.101909168429040520e+00
1.102550780042247824e+00
1.103145035570877397e+00
1.103953593956356505e+00
1.104145969344678013e+00
1.104302349481625978e+00
1.105041556634737798e+00
1.105339797978153848e+00
1.105925973957264885e+00
1.106070289757043135e+00
1.106954260870584905e+00
1.107412304690593707e+00
1.108095976378367986e+00
1.108911724756771244e+00
1.109457229544071444e+00
1.109735798570900656e+00
1.110006352828366571e+00
1.110717244961712202e+00
1.111221575678127627e+00
1.111823981791388860e+00
1.112372530980779928e+00
1.112890021518945227e+00
1.113342314175392200e+00
1.114120748329658461e+00
1.114751483952419076e+00
1.114899270839968537e+00
1.115861062033003392e+00
1.116357013376409357e+00
1.117060371696465548e+00
1.117295653296436209e+00
1.118090171630666596e+00
1.118331920013116987e+00
1.119530911265928630e+00
1.120015564925077145e+00
1.120743313010230224e+00
1.121420316219603475e+00
1.121669589329017169e+00
1.122434792002407811e+00
1.122646600312462439e+00
1.123117390241956892e+00
1.123874615443131386e+00
1.124584019028529669e+00
1.125116591766313956e+00
1.125246746218237837e+00
1.125518580373547906e+00
1.125972605509893310e+00
1.126738939163816511e+00
1.127011206326099524e+00
1.127233240774283551e+00
1.127949256975905534e+00
1.128762064244900776e+00
1.129403077345423334e+00
1.129805266832686117e+00
1.130582473608591432e+00
1.131049543339784469e+00
1.131482629122577022e+00
1.131676035967322580e+00
1.132105245428458362e+00
1.132934579245226780e+00
1.133771628471919257e+00
1.134329631047870990e+00
1.134888115020848298e+00
1.135271781049659756e+00
1.136373755367309668e+00
1.136844996646664052e+00
1.137239085381791748e+00
1.138496359440871242e+00
1.140915382405955469e+00
1.141318916754413104e+00
1.141366464123825253e+00
1.142158562054461202e+00
1.142655948112203834e+00
1.143539820284640296e+00
1.143970409059681392e+00
1.144642525216781337e+00
1.145295881885406208e+00
1.145975171933588665e+00
1.146215736664724094e+00
1.146940378159732710e+00
1.147582794294724984e+00
1.147853199549001335e+00
1.148508734220777816e+00
1.148786774432997593e+00
1.149438049797473438e+00
1.150691436290198988e+00
1.151104052133500533e+00
1.151481209350909030e+00
1.151949347056146600e+00
1.152522075447918404e+00
1.152882957070559655e+00
1.153162256695871024e+00
1.153991891402687431e+00
1.155141941392675564e+00
1.155765679586785666e+00
1.156073650950211196e+00
1.156874314787546876e+00
1.157130038624537560e+00
1.157888832402870660e+00
1.158552835408907189e+00
1.159034451172092695e+00
1.159593735007442561e+00
1.160737765249083786e+00
1.160885261189120499e+00
1.161319565173375201e+00
1.162371612384367703e+00
1.162899019009806523e+00
1.163632060642133981e+00
1.164346703501187630e+00
1.164896019088095480e+00
1.165451194377230770e+00
1.166204134252044167e+00
1.166478948926489512e+00
1.167617215426221433e+00
1.168592005987139082e+00
1.168740387893997701e+00
1.169223839375213458e+00
1.170259636252733992e+00
1.170805120426601897e+00
1.171953183420721523e+00
1.172083359755229148e+00
1.173146110564432520e+00
1.173858770373217508e+00
1.174892674920579472e+00
1.175017875466221051e+00
1.175503535639938146e+00
1.176208113184017190e+00
1.176673601946052417e+00
1.176809588361335868e+00
1.177756916108187779e+00
1.178241616918961787e+00
1.179859669887097562e+00
1.181478939589722721e+00
1.181836471676584344e+00
1.182526990813426160e+00
1.183414948518067167e+00
1.183828456087757663e+00
1.183987412807949502e+00
1.184873444429867639e+00
1.186544999910961184e+00
1.188190723983349573e+00
1.188406875514824490e+00
1.189072726944263581e+00
1.189761686394827933e+00
1.190152629291540753e+00
1.190445314451284320e+00
1.191393880111577541e+00
1.193393657088529292e+00
1.194059587548654822e+00
1.195188148072970025e+00
1.195677868377557962e+00
1.197479055149049731e+00
1.198746657380119318e+00
1.199264813559856702e+00
1.200217705842454130e+00
1.201432360799898680e+00
1.201763343032018927e+00
1.202167330791178212e+00
1.202755015722338561e+00
1.203001402115088769e+00
1.203797859452335306e+00
1.204992909679459379e+00
1.205821574374990046e+00
1.206036019948768523e+00
1.206652127286504284e+00
1.207388058499598182e+00
1.208340731763103193e+00
1.208771176661356250e+00
1.208934278933055495e+00
1.210290523208079394e+00
1.210710032574206618e+00
1.211937993587750118e+00
1.212117575921831225e+00
1.212682574397447866e+00
1.213282409438665388e+00
1.214043333394013269e+00
1.214960740165663688e+00
1.215621550949989027e+00
1.216601591174929720e+00
1.217224077260545823e+00
1.217493974108176280e+00
1.217658272430502731e+00
1.218495017829688276e+00
1.219476451426623420e+00
1.219651003242117948e+00
1.220435778106588431e+00
1.220960690375713309e+00
1.222003227535370939e+00
1.222836420910675459e+00
1.223361024937909880e+00
1.223858856108498872e+00
1.224508577519674013e+00
1.225403813914233364e+00
1.226949147304893462e+00
1.227344840146670890e+00
1.227699745563838762e+00
1.228134044618405252e+00
1.229794443476833754e+00
1.230644272279626916e+00
1.231212677554929469e+00
1.232322179526521344e+00
1.232559300680556191e+00
1.233201203830786019e+00
1.234056532770930303e+00
1.234613089901969163e+00
1.234784224891202653e+00
1.235785359900453351e+00
1.236504053140309534e+00
1.237261269424794641e+00
1.239368726405554622e+00
1.239768105975773693e+00
1.240793224925208937e+00
1.240970636848335307e+00
1.241446651894909881e+00
1.242354799826425715e+00
1.243587021189177078e+00
1.244234599125596752e+00
1.244790875148805043e+00
1.245094066370872943e+00
1.246629056969245086e+00
1.247634370881459676e+00
1.247877824203504016e+00
1.248401863050383032e+00
1.249030914841567919e+00
1.249665682225349572e+00
1.251171799053438782e+00
1.252547606684510706e+00
1.252745505130070436e+00
1.253444848986400961e+00
1.253790661317556010e+00
1.255819468531269578e+00
1.256171077945931192e+00
1.256569674424917737e+00
1.257635003565984011e+00
1.258276464321264942e+00
1.259563705420658764e+00
1.260154335134022086e+00
1.261974420539253572e+00
1.262856195535062565e+00
1.263777872731802754e+00
1.265032677302162512e+00
1.265335015848337186e+00
1.266562514977553455e+00
1.266603743985317276e+00
1.267328250912485466e+00
1.267517341005331977e+00
1.268401432021385888e+00
1.269780333451033583e+00
1.270289072960143262e+00
1.270922902109046682e+00
1.273341662974510902e+00
1.274239821504382419e+00
1.276472654786535710e+00
1.277490205350362951e+00
1.278182202290722769e+00
1.278627835900900012e+00
1.279592546228149219e+00
1.279984368701551078e+00
1.281517269117987690e+00
1.282418812746762393e+00
1.282929211473412989e+00
1.283541988938891709e+00
1.284553656961522794e+00
1.285367726560763257e+00
1.285956655234656409e+00
1.286382647776018073e+00
1.286698424466131474e+00
1.287860533593640389e+00
1.288782595122059060e+00
1.289340133867330263e+00
1.290014983859463671e+00
1.290387973869801419e+00
1.291675576076786403e+00
1.292752710513106029e+00
1.294233674826617220e+00
1.295007298857081990e+00
1.295228781025637543e+00
1.296757089312218447e+00
1.297764360960467434e+00
1.298929309892998152e+00
1.300765288349182924e+00
1.301965522447895651e+00
1.303921344942466698e+00
1.305164685746813102e+00
1.306105676430420193e+00
1.307189662114635498e+00
1.308130536738884686e+00
1.310328593462436020e+00
1.311943131595478151e+00
1.313178195020331840e+00
1.313732721213133559e+00
1.314366272224879006e+00
1.315287188304054000e+00
1.316249591830966459e+00
1.317209152076221024e+00
1.318398497702844896e+00
1.318582522339819540e+00
1.319550767081490328e+00
1.321119826837045874e+00
1.322022591790999568e+00
1.322554190520629058e+00
1.324185684222549897e+00
1.324344433425693524e+00
1.324822098042538920e+00
1.325612685144807346e+00
1.326215440564185055e+00
1.327265710619834449e+00
1.328063217483392844e+00
1.329147067676576643e+00
1.329947850753950833e+00
1.332089992014996449e+00
1.333142408678083646e+00
1.334470076905725167e+00
1.336469572863385524e+00
1.337621523382348521e+00
1.337702728828590981e+00
1.339291366234149683e+00
1.340262300300869125e+00
1.341743430914733137e+00
1.343254007431177843e+00
1.344026960592865860e+00
1.344907748317879070e+00
1.345588173213237981e+00
1.347387540104030057e+00
1.347667603511797596e+00
1.348046408625176662e+00
1.348204146316670515e+00
1.349371719873739384e+00
1.350680579767811640e+00
1.352199364770734213e+00
1.352741550296191697e+00
1.353665704812936799e+00
1.354732963438421756e+00
1.356098293216638107e+00
1.357077798822023507e+00
1.358102648473975993e+00
1.358637686192694538e+00
1.359095711075378521e+00
1.359558156761559999e+00
1.360867238654243305e+00
1.362499771959790218e+00
1.362971236891362681e+00
1.363893654357125618e+00
1.364994026944630123e+00
1.366211210281627508e+00
1.367147067535047888e+00
1.367355532597166690e+00
1.371353822337341599e+00
1.372894083442400159e+00
1.374751933317786445e+00
1.377870486521261650e+00
1.378316688790413247e+00
1.378937348441110267e+00
1.379562249803724772e+00
1.380252074206976154e+00
1.380642183040109661e+00
1.384495602951622439e+00
1.384891344315443362e+00
1.385692872337751291e+00
1.386199679825604658e+00
1.386970162291703668e+00
1.387301912892694222e+00
1.387616465163587165e+00
1.388914936980097270e+00
1.389568106710114659e+00
1.390399740701056208e+00
1.392359261803492121e+00
1.393064823018953291e+00
1.393605378030005726e+00
1.393984740215381546e+00
1.394379241392626145e+00
1.398539963979901657e+00
1.399415895298249390e+00
1.400425636247885075e+00
1.401205476544989725e+00
1.402717303517994729e+00
1.403606194754966507e+00
1.403962340351275317e+00
1.405011286761385536e+00
1.405474226285783113e+00
1.407238389886019014e+00
1.408825993420928402e+00
1.409675985178906688e+00
1.410363385103712508e+00
1.411503559953001030e+00
1.411721869913775906e+00
1.412326621476002408e+00
1.414378038580652808e+00
1.415852457708866696e+00
1.417055827231480825e+00
1.419201254185076033e+00
1.420028265302083037e+00
1.422775989153933551e+00
1.423068075132262633e+00
1.423450000599775223e+00
1.425335606002968492e+00
1.426648662235383780e+00
1.428099916857609175e+00
1.429100163881606766e+00
1.429275347065309232e+00
1.430283351952684967e+00
1.432067500160934426e+00
1.433381237670127817e+00
1.435133028213155360e+00
1.435349827304233772e+00
1.436223230844187126e+00
1.438368229819195321e+00
1.439276080671927360e+00
1.440309175783910378e+00
1.442345496234056501e+00
1.443652536328870584e+00
1.444522060001337538e+00
1.446127462253929075e+00
1.446392717336664857e+00
1.447973003908660461e+00
1.448262470386349143e+00
1.456771371131641235e+00
1.457357896228745453e+00
1.459349078884648154e+00
1.460674209877113272e+00
1.461868728980611376e+00
1.463720578077154499e+00
1.465059077063263215e+00
1.465785621673429295e+00
1.467501977724284812e+00
1.468496266996163202e+00
1.468718376457864849e+00
1.470859969219502350e+00
1.471362476305550171e+00
1.471957656120441493e+00
1.473604296273912873e+00
1.476152404635454163e+00
1.478395229983749504e+00
1.480267589863435651e+00
1.482097824787183438e+00
1.483606873865270126e+00
1.487051339028844232e+00
1.488992313201809914e+00
1.490478506265451530e+00
1.496238131536586025e+00
1.496457213392447194e+00
1.499637480732773254e+00
1.500625817371103343e+00
1.501311852502005273e+00
1.506144430451260119e+00
1.506969148957403526e+00
1.507351249743308585e+00
1.507773201797258933e+00
1.509530155830989262e+00
1.511915985217124891e+00
1.512106135334080559e+00
1.513869444040799150e+00
1.515510292941698367e+00
1.515761030268477416e+00
1.517739907898042029e+00
1.519193714776753135e+00
1.519511347449848282e+00
1.520135418115154069e+00
1.521204648648047497e+00
1.521621406176116853e+00
1.523545367643065473e+00
1.523637332785399368e+00
1.524418202638525566e+00
1.532124066440493371e+00
1.534430392410226940e+00
1.535747516734807583e+00
1.537637062009428845e+00
1.540087933809861420e+00
1.542021613654686041e+00
1.542655945067750167e+00
1.544388907124922827e+00
1.546329542670350055e+00
1.550843851043573807e+00
1.551639510958113588e+00
1.554149108209941899e+00
1.555083285761748702e+00
1.556316382434646872e+00
1.558259021755265206e+00
1.559890495248215547e+00
1.560822328121626246e+00
1.566195889329595303e+00
1.567928413266152621e+00
1.569451466252466121e+00
1.572133206601555422e+00
1.573534946175735527e+00
1.574957863866749186e+00
1.575221161999735831e+00
1.579210861192145376e+00
1.583561930014186103e+00
1.584706618151340063e+00
1.586636008499153760e+00
1.589557133227521790e+00
1.589601309496486481e+00
1.590739318447871309e+00
1.593719371682567276e+00
1.596246095394767694e+00
1.597841542092470313e+00
1.601723670268406785e+00
1.604067328267956505e+00
1.611375964399562877e+00
1.614857691715784416e+00
1.615617769337400311e+00
1.615954911593608045e+00
1.619483952294874074e+00
1.620046512396399629e+00
1.620812023507359312e+00
1.624747609374105783e+00
1.625899188217446278e+00
1.629004478629759722e+00
1.631256180894781638e+00
1.634507608105233434e+00
1.637511603270556337e+00
1.640436185743169073e+00
1.640770110961251360e+00
1.643151210481659463e+00
1.645235747929919556e+00
1.647954377128615144e+00
1.649883474451469878e+00
1.650459849286747716e+00
1.651726406642792577e+00
1.656938823229774593e+00
1.660055266326095458e+00
1.660314465821105978e+00
1.660506089122061102e+00
1.663251664953130371e+00
1.666426225534640704e+00
1.669937906917503767e+00
1.670382922878257625e+00
1.672878585893802228e+00
1.679074232567357550e+00
1.688446888063111384e+00
1.690187821441498706e+00
1.691540693578119203e+00
1.698246445861970155e+00
1.702401409889598538e+00
1.702992452210909002e+00
1.709179821326032744e+00
1.710188798078968953e+00
1.710597332094590195e+00
1.718494677754585309e+00
1.720739583455602295e+00
1.729349388343836891e+00
1.729505282822266565e+00
1.732700425436437541e+00
1.736367858372925621e+00
1.742290242394526567e+00
1.745144634751156776e+00
1.746447209158237923e+00
1.746553812923052451e+00
1.748118290980362310e+00
1.753271158978235711e+00
1.753642142647624746e+00
1.755299618596061206e+00
1.757023466774553233e+00
1.760213710083782690e+00
1.760567256664834712e+00
1.764530715928249949e+00
1.766191834734906374e+00
1.771337235142822264e+00
1.771989838943077711e+00
1.778623214668716424e+00
1.780820209249162289e+00
1.782785929320986007e+00
1.790743368953976233e+00
1.791057903556332320e+00
1.800220298193099255e+00
1.801679761584443540e+00
1.804762395376539486e+00
1.804920532619863849e+00
1.815138634154272124e+00
1.816190089054493528e+00
1.825955945210825382e+00
1.840517978330182824e+00
1.841941996863603492e+00
1.843003876975866540e+00
1.845947136274467049e+00
1.851858613523384767e+00
1.859640216517727929e+00
1.864453242896271901e+00
1.871270132219307269e+00
1.872659615801483435e+00
1.882282989020761965e+00
1.886871115574892732e+00
1.888750789176623979e+00
1.903512571967313383e+00
1.919738908803031885e+00
1.919992067424658222e+00
1.920632117746277290e+00
1.927566732632303825e+00
1.954066546968276752e+00
1.956843578474289469e+00
1.965297556972787740e+00
1.966108194954121702e+00
1.976656011862647278e+00
1.983682255707727604e+00
1.992211751954969579e+00
2.004599798166129876e+00
2.028806469634861998e+00
2.038619733459597683e+00
2.073996193392916076e+00
2.082030751099474220e+00
2.099638592457969910e+00
2.101007991023603250e+00
2.137025059829692708e+00
2.156724447766686925e+00
2.235013016794815677e+00
2.258833189341983072e+00
2.265717117561629745e+00
2.314717785082129886e+00
2.335118983802722425e+00
2.338042930684104181e+00
2.401076724690319963e+00
2.405760880485835695e+00
2.553484543324487710e+00
2.829851041918619803e+00
3.101199990098163273e+00
