1.000319415567915149e+00
1.000533916813742819e+00
1.000576030105589487e+00
1.000858870604392159e+00
1.000938811914155124e+00
1.001005751531153010e+00
1.001361648524706993e+00
1.001895059050224690e+00
1.001984800318416635e+00
1.002214081567394777e+00
1.002261403688656127e+00
1.002510316067642959e+00
1.002738457405299988e+00
1.002915672113744883e+00
1.003652985223612237e+00
1.003732790022622945e+00
1.003745553506722343e+00
1.004108691212931337e+00
1.004151157321263144e+00
1.004394043201195297e+00
1.004614149848062299e+00
1.004990107584630810e+00
1.005342845726288292e+00
1.005906675275883178e+00
1.006294446486732275e+00
1.006431322880972035e+00
1.006793019026535063e+00
1.006956603516709015e+00
1.007484315777317008e+00
1.007526061914457927e+00
1.007547309823086490e+00
1.008126052368785386e+00
1.008131066074084758e+00
1.008140729636985533e+00
1.008750653833686561e+00
1.008881988215065473e+00
1.009245747740267429e+00
1.009494074287794918e+00
1.009726519937434341e+00
1.009752715960250846e+00
1.009779039276180068e+00
1.009970026517293729e+00
1.010177282557534362e+00
1.010301904658357453e+00
1.010577460053830201e+00
1.010697452651722061e+00
1.011147136587411399e+00
1.011223978961819592e+00
1.011341633863476641e+00
1.011458287273953260e+00
1.011637200337115905e+00
1.012196429756442306e+00
1.012872109202747950e+00
1.013336094241700014e+00
1.013494073889837477e+00
1.014135143162459007e+00
1.014220499320420465e+00
1.015144947592507840e+00
1.015202424814840354e+00
1.016107784034721240e+00
1.016550122560583747e+00
1.017382639495012286e+00
1.017554227468381534e+00
1.017621937213581074e+00
1.018116274005695487e+00
1.019050451253036504e+00
1.019077615642105528e+00
1.019413445674895780e+00
1.019795421576999983e+00
1.020284928202894514e+00
1.020336447227682131e+00
1.020726411905472641e+00
1.020999434205365430e+00
1.021643631680004605e+00
1.021903814181794212e+00
1.022356587401734629e+00
1.022453089038925400e+00
1.022744124310491998e+00
1.023462643053948185e+00
1.023883676577531210e+00
1.024618763939199928e+00
1.025002367114508095e+00
1.026064689315578926e+00
1.026085022882332609e+00
1.026385502606170341e+00
1.026589537082904346e+00
1.027239775721147552e+00
1.027392666819262335e+00
1.027782809333145364e+00
1.027869923832351873e+00
1.028469684971768494e+00
1.028717689563007687e+00
1.029035185144248521e+00
1.029092466336648748e+00
1.029230233981805798e+00
1.029309821906165157e+00
1.029858764592494591e+00
1.030260172795160356e+00
1.031784935859936914e+00
1.032217509980914105e+00
1.032493286621605666e+00
1.032768986186308968e+00
1.032980117451742341e+00
1.033242778490834235e+00
1.033984087792770179e+00
1.034278276660048457e+00
1.035175026115783492e+00
1.035775811252691581e+00
1.036116740604713149e+00
1.036454080662790433e+00
1.036776411452162261e+00
1.036932035979905020e+00
1.037354801816837924e+00
1.037505461696399456e+00
1.038174322294311169e+00
1.038660483928693257e+00
1.039022035926765453e+00
1.039072685661738715e+00
1.039317268937166805e+00
1.039632895643623156e+00
1.039747166744930729e+00
1.040878726244869101e+00
1.040998573416921591e+00
1.041117018322115673e+00
1.041833742095771287e+00
1.041987235076751839e+00
1.042114154939614012e+00
1.042624129132366573e+00
1.043262776356966626e+00
1.043834090199745157e+00
1.044463261232081441e+00
1.044768076171381566e+00
1.044907641761613881e+00
1.045205562780024966e+00
1.045593438124651220e+00
1.045745089643907555e+00
1.046273230303685464e+00
1.046377796572381058e+00
1.046904143604987070e+00
1.047920346195319485e+00
1.048209461149982147e+00
1.049284049810618402e+00
1.049999977214215452e+00
1.050359289100142979e+00
1.050949772841668128e+00
1.051828258605274513e+00
1.052364908116691034e+00
1.052410416937703985e+00
1.052853521526437186e+00
1.053588838149976059e+00
1.053640016366570897e+00
1.054947811892268605e+00
1.055622886020968432e+00
1.055633649132460050e+00
1.055823380303359871e+00
1.056101857344339479e+00
1.056272544146746206e+00
1.056312515879527902e+00
1.056491703131729354e+00
1.057586324964677083e+00
1.059409344059094149e+00
1.059815191277216018e+00
1.060155302780803499e+00
1.061437063968192485e+00
1.061748017544327016e+00
1.061892587364838603e+00
1.062793594278276688e+00
1.062852484172985834e+00
1.065001039164654939e+00
1.067237325472460974e+00
1.067908486321688777e+00
1.067919830229933753e+00
1.068829259496415940e+00
1.069227879251759772e+00
1.070779512284289581e+00
1.070868727357590311e+00
1.071061745136843379e+00
1.071566638046589581e+00
1.072542745843874323e+00
1.073564871476621718e+00
1.073577193964552423e+00
1.075823791527205975e+00
1.076259763832749350e+00
1.076678817952424705e+00
1.077104863538679513e+00
1.078396830800325112e+00
1.078472976728019894e+00
1.079317241136107164e+00
1.080023429026361947e+00
1.081911457979226832e+00
1.082072584402950399e+00
1.082785393792704776e+00
1.084278730132051116e+00
1.084333189885703375e+00
1.085025061348148023e+00
1.086494501546219960e+00
1.089346198294522283e+00
1.089389108357021296e+00
1.089855649712434094e+00
1.090223318129748709e+00
1.091256330083400172e+00
1.091658322659194491e+00
1.092266523283169199e+00
1.092362981469048311e+00
1.093701998082156290e+00
1.093824813832711129e+00
1.094282984695702288e+00
1.095940542691777875e+00
1.096146822214709049e+00
1.096969811301867104e+00
1.098313150784148373e+00
1.098339607710404620e+00
1.099528100513942119e+00
1.101150294424958931e+00
1.102434413704910687e+00
1.102933509094164100e+00
1.103851171592779457e+00
1.105853517085181092e+00
1.107620414130338959e+00
1.107828355140721976e+00
1.108219451761894181e+00
1.108969214163817441e+00
1.109404347960735615e+00
1.111153138865450751e+00
1.111723140919869124e+00
1.111886449054110937e+00
1.112339273515582594e+00
1.114286347598397287e+00
1.114986003475733733e+00
1.115283171272736018e+00
1.116512141711312633e+00
1.117899915836979785e+00
1.118062949068863388e+00
1.118086722518421006e+00
1.121394226380286741e+00
1.121891479326497354e+00
1.122391737931905942e+00
1.123475789715890238e+00
1.124407553469082499e+00
1.127470702433019722e+00
1.128008069825837012e+00
1.128860394034742365e+00
1.129378907030272217e+00
1.129670279503938168e+00
1.130111328432647166e+00
1.130440106460999461e+00
1.131149989552395096e+00
1.131237309818015957e+00
1.131786647435681026e+00
1.133724109070032515e+00
1.136228548897655344e+00
1.136659734934780230e+00
1.138112452894957549e+00
1.138983277083030599e+00
1.140355351116918881e+00
1.141702783736275206e+00
1.142328579790435450e+00
1.144341578357076061e+00
1.144860868658341024e+00
1.146243014503827373e+00
1.147368935186402039e+00
1.148612907908505232e+00
1.148741176580158063e+00
1.149451300115449381e+00
1.149645752230978646e+00
1.150480169655496265e+00
1.150939957503925859e+00
1.152384089406858214e+00
1.152833687908666027e+00
1.154117238132135181e+00
1.154404815660788008e+00
1.155276646596515411e+00
1.157595646129228939e+00
1.157791677465574542e+00
1.160153066930859733e+00
1.160621383239464732e+00
1.161323881555422988e+00
1.162400325636688603e+00
1.163153600569286183e+00
1.163222244063141675e+00
1.163999683193643886e+00
1.164375727545870598e+00
1.166025057807958287e+00
1.166885108831337670e+00
1.168164098217248092e+00
1.169041581402429530e+00
1.169515111971762167e+00
1.170221215580517171e+00
1.171370283248002186e+00
1.171887730507089831e+00
1.172830055546852934e+00
1.173804072995310088e+00
1.177218943725454103e+00
1.177696789904332908e+00
1.178191726625335889e+00
1.178728876895317246e+00
1.179174862993970452e+00
1.180521264191384034e+00
1.181341883201971532e+00
1.181897180135037084e+00
1.183062342448329751e+00
1.183865683535307856e+00
1.185546625343538274e+00
1.187013167369556310e+00
1.187489183673161142e+00
1.189419513168320952e+00
1.191592444187291822e+00
1.195279830441142721e+00
1.197160605644045805e+00
1.198393779487581856e+00
1.198449652745504634e+00
1.200075242494341055e+00
1.201248989963385805e+00
1.202380409323224653e+00
1.203744235359794912e+00
1.204411291663607830e+00
1.205160534964367924e+00
1.207129767671051290e+00
1.208365866914397513e+00
1.209183177540183340e+00
1.210893168792102959e+00
1.212091431495053495e+00
1.213578931739857092e+00
1.214884935167220181e+00
1.216281674421216596e+00
1.216502869617573701e+00
1.217155708793646207e+00
1.218878408549464831e+00
1.219907209896444966e+00
1.221253913433326455e+00
1.222256847086136800e+00
1.225299610059175315e+00
1.226729051606419318e+00
1.227491313962124853e+00
1.228229581569344253e+00
1.229225988147770510e+00
1.230609309970105869e+00
1.231341787828453382e+00
1.232201290234982372e+00
1.233851226009253566e+00
1.235966151975416150e+00
1.237350083240193799e+00
1.237743263250894676e+00
1.238782356029872522e+00
1.240301747488226969e+00
1.241051256236631151e+00
1.243316714796938838e+00
1.245029766306418928e+00
1.246704457794338694e+00
1.247759741356716301e+00
1.249385919079144536e+00
1.250098320004692454e+00
1.251462170277503061e+00
1.252099436305203817e+00
1.253899532528764071e+00
1.254029952674661663e+00
1.255966569383969889e+00
1.258201576699772062e+00
1.258531129137917759e+00
1.259356560423979587e+00
1.259889059989759641e+00
1.261021993249652917e+00
1.262908823309907280e+00
1.263682554834052674e+00
1.264284300954748863e+00
1.266563853651773819e+00
1.267199824327751800e+00
1.269605606450362467e+00
1.270536823540621585e+00
1.272721774857384913e+00
1.274840618746843512e+00
1.275034784831627688e+00
1.276888644205767198e+00
1.277292695127756561e+00
1.277811681337507776e+00
1.281104881300042297e+00
1.282258159179462176e+00
1.283853370162710394e+00
1.284997783008596572e+00
1.285199572078790542e+00
1.287605825169877205e+00
1.289363943529407752e+00
1.290335618394375716e+00
1.291298598027849076e+00
1.292691322979110602e+00
1.294189367920100420e+00
1.295843250479875808e+00
1.298159448514413228e+00
1.299245100620473936e+00
1.300406177930778506e+00
1.302965620945668368e+00
1.304335901023863986e+00
1.305366656254268065e+00
1.306441240582549179e+00
1.310602962028695639e+00
1.312781111195256756e+00
1.313386960826565364e+00
1.314236580634903007e+00
1.316333505948998228e+00
1.317569038119106750e+00
1.318512960999860040e+00
1.319685070334551957e+00
1.321182120110105274e+00
1.322181569555961111e+00
1.323672498610772852e+00
1.324752886148139464e+00
1.327750935341015515e+00
1.329860427715813254e+00
1.330690174924745506e+00
1.332343349811895283e+00
1.335773017586465050e+00
1.338346934478526595e+00
1.338695822570647342e+00
1.342806887398762861e+00
1.345219921176318056e+00
1.347951041249763948e+00
1.349421746541725087e+00
1.354285760257226690e+00
1.355315948835825512e+00
1.357063124959625000e+00
1.357616061210066061e+00
1.362108437001608996e+00
1.362402311689255185e+00
1.363610220932497619e+00
1.367798062573259088e+00
1.370205462722173362e+00
1.371064220415390444e+00
1.373923119166666762e+00
1.374902581413545155e+00
1.377244442924309364e+00
1.378400960686237076e+00
1.379856200366866403e+00
1.384261103741290411e+00
1.385078610251897047e+00
1.387782124669568740e+00
1.390063871447042576e+00
1.391079028876131218e+00
1.392607008991588291e+00
1.395058535365145902e+00
1.400643141523252755e+00
1.405255846295565991e+00
1.407371799682678892e+00
1.409857625144701920e+00
1.413108485012809723e+00
1.419309720478886039e+00
1.421395104464082459e+00
1.423692131421610441e+00
1.426596294670340104e+00
1.429016889955245118e+00
1.429647635693290342e+00
1.434725300074130017e+00
1.435400397330124145e+00
1.436632457891863002e+00
1.436863429064715980e+00
1.440215343238817391e+00
1.442234707913849112e+00
1.443627924492421055e+00
1.448178963639811911e+00
1.449207621139307678e+00
1.452130104335124461e+00
1.455379522924663105e+00
1.458229098332798568e+00
1.459583976331790156e+00
1.463350463151678715e+00
1.464246874625209083e+00
1.467675339666447920e+00
1.472743077520072275e+00
1.473389786358410447e+00
1.477097755437659421e+00
1.477862150402088570e+00
1.481527069100472938e+00
1.481830172971704496e+00
1.489263349758146671e+00
1.491035702902976823e+00
1.491728878609739350e+00
1.493635575620084754e+00
1.496248476466129240e+00
1.498289590576359576e+00
1.500875597832890485e+00
1.502531571164487545e+00
1.504460612327698232e+00
1.506279844141957369e+00
1.509173243654893914e+00
1.511489656794790637e+00
1.514071684467759971e+00
1.517207777714676187e+00
1.523395546308740744e+00
1.526300202882554080e+00
1.527871579282429115e+00
1.528834588034371889e+00
1.533461278839547859e+00
1.534604016650553460e+00
1.538894134524228630e+00
1.543730385440896136e+00
1.546764803988925241e+00
1.551040444060092893e+00
1.554707889279515642e+00
1.561757508178810205e+00
1.563497890317249395e+00
1.564550751108901183e+00
1.571607028239189630e+00
1.574898286129382319e+00
1.575889325456160783e+00
1.578312887461676084e+00
1.581971151953471377e+00
1.583567719839912957e+00
1.586830420531501584e+00
1.592769038862315467e+00
1.596362806528089706e+00
1.599372785385758000e+00
1.600534344989248403e+00
1.601285102552464146e+00
1.604324418671223995e+00
1.606632513302707510e+00
1.607320646145498522e+00
1.611458859404365285e+00
1.613433346762516152e+00
1.614270606688265719e+00
1.620805381951634816e+00
1.621554705406001773e+00
1.624640618216515842e+00
1.625958061847156522e+00
1.631504722679640862e+00
1.636214390709187061e+00
1.638649525130671636e+00
1.640395319503415328e+00
1.647181343767849526e+00
1.650042672619030260e+00
1.651539281134002835e+00
1.653249182271932849e+00
1.659086735606287943e+00
1.660875072467506763e+00
1.666391765169174866e+00
1.669458303683891476e+00
1.670120929315111580e+00
1.670560141672014387e+00
1.678422937593758713e+00
1.680087023351481079e+00
1.683583917777300654e+00
1.689265499710877361e+00
1.692674223923328336e+00
1.696401425379912453e+00
1.698779544209627401e+00
1.705261006415712988e+00
1.710376746360044997e+00
1.710694249798289546e+00
1.716393124783861301e+00
1.720215284726623217e+00
1.722857448745941600e+00
1.729365115338581615e+00
1.731922217958390409e+00
1.737261984494049338e+00
1.741100171679958564e+00
1.744553682234861292e+00
1.749892916375064722e+00
1.756001935012827087e+00
1.757134664279762060e+00
1.760422195729572703e+00
1.766214934393845359e+00
1.768703249169573777e+00
1.775819648653374383e+00
1.778979219006889823e+00
1.785006650378864190e+00
1.789104450127734891e+00
1.790303282872650614e+00
1.798214590110412070e+00
1.798678959263696253e+00
1.802095833004415670e+00
1.804329960265581567e+00
1.806572007264793056e+00
1.812672031988334709e+00
1.813518938208580122e+00
1.818019902857994197e+00
1.828919815638041513e+00
1.831789238605281867e+00
1.837514729207853525e+00
1.838955382069185074e+00
1.841002144241066230e+00
1.848814354158705653e+00
1.854171211601836511e+00
1.859264106479030287e+00
1.863473835145982083e+00
1.865854845891815605e+00
1.873703615106004250e+00
1.880252402418936652e+00
1.882727736626586656e+00
1.891394942152903269e+00
1.896254831918670947e+00
1.898337434064223839e+00
1.905780370080947250e+00
1.908114477294880595e+00
1.911472016863667411e+00
1.916896833414540646e+00
1.922300501253335181e+00
1.925797190351237864e+00
1.936867881808756353e+00
1.941050104340156901e+00
1.947569318595653076e+00
1.956540472318096135e+00
1.960728756771863646e+00
1.972623516190600945e+00
1.972865060732352571e+00
1.978128119193174994e+00
1.979989742414672405e+00
1.981193126665904858e+00
1.993111341603253761e+00
1.995378142530773502e+00
2.001303618094694592e+00
2.004649516822930355e+00
2.013923344790257808e+00
2.021063006500097625e+00
2.034495346218467837e+00
2.041788631702950330e+00
2.045620676855145703e+00
2.048433233284397303e+00
2.054441827619026828e+00
2.057555116883853064e+00
2.064153629294246617e+00
2.065622975448783372e+00
2.069634010669616497e+00
2.072077891532138949e+00
2.076612289090510988e+00
2.081458119060013878e+00
2.090928874651553304e+00
2.098693469460592542e+00
2.104866748021146705e+00
2.114012931467664114e+00
2.115873945845905713e+00
2.124179893847906175e+00
2.126438831646913385e+00
2.133248141792345898e+00
2.149763828148040012e+00
2.152572541538658069e+00
2.158669811138302475e+00
2.160674547447762883e+00
2.168111688091284517e+00
2.168198582986676115e+00
2.178689300175959964e+00
2.182926415851753621e+00
2.187781056200075458e+00
2.196277436664830329e+00
2.198951750846418474e+00
2.208228215409647976e+00
2.213936477288183546e+00
2.226071103855927102e+00
2.229283716747654243e+00
2.238426496641910735e+00
2.248194657171424193e+00
2.249867105321114114e+00
2.254022639720778098e+00
2.262310936604096323e+00
2.268963413729093048e+00
2.277881767937401492e+00
2.293675423661531543e+00
2.305058719836983183e+00
2.309041601246593522e+00
2.320940131464720224e+00
2.335918173959950384e+00
2.339910071762660859e+00
2.346546620243754155e+00
2.354137580076809400e+00
2.362338409011171869e+00
2.364835350673572645e+00
2.379633270588631166e+00
2.383688021469611673e+00
2.393930078853580223e+00
2.401840543502465231e+00
2.405981348951278243e+00
2.411667689613777199e+00
2.421431712891287447e+00
2.422290458138379066e+00
2.444395789354766535e+00
2.446384988189468590e+00
2.456339916917718913e+00
2.461222139816912069e+00
2.467445154335281110e+00
2.472177338775106925e+00
2.475885749837756222e+00
2.482974223973704930e+00
2.489604755842443229e+00
2.490316434601762108e+00
2.493282697511003398e+00
2.500993150043972157e+00
2.505051832194980843e+00
2.521398063950077706e+00
2.525631610078458156e+00
2.533993015431770690e+00
2.540619164369069871e+00
2.546628618756473283e+00
2.554153270152828004e+00
2.567656802984210174e+00
2.574842532239582038e+00
2.575421005531574270e+00
2.580472415108045592e+00
2.587149289295184396e+00
2.595044271799379576e+00
2.600660646510117857e+00
2.608315756605023239e+00
2.616581722552665745e+00
2.621446626522514478e+00
2.639097876373184715e+00
2.647211121204432693e+00
2.650630540755143816e+00
2.653795694149111650e+00
2.666406894258916527e+00
2.680108512780914776e+00
2.683159831910087334e+00
2.696508466628131373e+00
2.699759785049221872e+00
2.709703897875570977e+00
2.714961819165671031e+00
2.723749416122297706e+00
2.731572925233423543e+00
2.737291120659656407e+00
2.758532632294528497e+00
2.769343234617287486e+00
2.782593619300528065e+00
2.798362502941855734e+00
2.806149188932727245e+00
2.811876506318669922e+00
2.820013770271000642e+00
2.826102331619955166e+00
2.839806728791625545e+00
2.851520820567324144e+00
2.868193955492090552e+00
2.870032279021213828e+00
2.880850755411324293e+00
2.896070058098692890e+00
2.912182696143962524e+00
2.931781859185799810e+00
2.936740195751438964e+00
2.951333981760479563e+00
2.956635547212736359e+00
2.967037384640433650e+00
2.969821483648449778e+00
2.981544350108799701e+00
2.989026145133375945e+00
2.992691188663651136e+00
3.009391459392818824e+00
3.020532475198690392e+00
3.033774372742009895e+00
3.038366684900456693e+00
3.049113327597733569e+00
3.065403470512157114e+00
3.074780222685181030e+00
3.098698658620096857e+00
3.109971901248179460e+00
3.114425759550710993e+00
3.135890665049683168e+00
3.147386615185886249e+00
3.151283726321459255e+00
3.171465453309666671e+00
3.177688178620745596e+00
3.184639472754681400e+00
3.201503856784058577e+00
3.217509215718927784e+00
3.231995034128932520e+00
3.256510522157615384e+00
3.271422921537426198e+00
3.283957731079307329e+00
3.294594554581579793e+00
3.306038692934618162e+00
3.315285379722671788e+00
3.332963568849187652e+00
3.340574186016095570e+00
3.352776474382706429e+00
3.364555481421773742e+00
3.380736698493199466e+00
3.418434749154726227e+00
3.424538354628027914e+00
3.430802526789407558e+00
3.441967299242610689e+00
3.443254925983117332e+00
3.456585091408932886e+00
3.463142064384994168e+00
3.479004711217686729e+00
3.499751093946306124e+00
3.504303099499502583e+00
3.523963120730930321e+00
3.529155339617348286e+00
3.558666606446395431e+00
3.563798661055594064e+00
3.565692443000747502e+00
3.583746996989630951e+00
3.595062619643994317e+00
3.622975302764358307e+00
3.632165675224018120e+00
3.650598453981759750e+00
3.658418518603536729e+00
3.672658390290176378e+00
3.689375985367494337e+00
3.712651511647604874e+00
3.732609925489123626e+00
3.751554881509692407e+00
3.756738196809442876e+00
3.765832612040303840e+00
3.775965870523302126e+00
3.787724620282690413e+00
3.802080470732064121e+00
3.828583383073326463e+00
3.851661610489710341e+00
3.873436008369919747e+00
3.889945120145682722e+00
3.905527901078177155e+00
3.911255433431269690e+00
3.924171820625691698e+00
3.942316854750573363e+00
3.964100112845319490e+00
3.969128229350284531e+00
3.991778639791867533e+00
4.029035614286578415e+00
4.043927975781008044e+00
4.053077142002450728e+00
4.072530924215024051e+00
4.091065590353183623e+00
4.121403126928681715e+00
4.149090192662981735e+00
4.165182659777525664e+00
4.190344947788313235e+00
4.208942609389074718e+00
4.229177941221057502e+00
4.234717095066995896e+00
4.256274964449902498e+00
4.274626432177258017e+00
4.299466873036182690e+00
4.329694697962266581e+00
4.356694957361285425e+00
4.362406807287487531e+00
4.374783236639128603e+00
4.378800207559778279e+00
4.418363836180357218e+00
4.423395027650466993e+00
4.448352488332620425e+00
4.482572126205372598e+00
4.483207265464455027e+00
4.501851093647267987e+00
4.532078037533620929e+00
4.539704258644521317e+00
4.555232908156858329e+00
4.589621240052076168e+00
4.600412033715526761e+00
4.618653812745430187e+00
4.665112446279075620e+00
4.669501610560601534e+00
4.683636482515463939e+00
4.700961212294873626e+00
4.708539279958140256e+00
4.746306932201739492e+00
4.759982795314463999e+00
4.772257386480582397e+00
4.788835101298918318e+00
4.821210410209921804e+00
4.854659987835742818e+00
4.874906412164958347e+00
4.882360604847270302e+00
4.920640756560654694e+00
4.931366197534326368e+00
4.974079287006801131e+00
4.989900795007665479e+00
5.019694906720529204e+00
5.024602371267356204e+00
5.035116199656293645e+00
5.075545860167775203e+00
5.082617080050473746e+00
5.093013688499270053e+00
5.114871804977805247e+00
5.156150659361482091e+00
5.204368549297703872e+00
5.229098674605485719e+00
5.244569813139538184e+00
5.260381767569103140e+00
5.261802241702895344e+00
5.305014162581628945e+00
5.307900352042938863e+00
5.346303035135074211e+00
5.356343106187765990e+00
5.385225477959727058e+00
5.408699222926412808e+00
5.434012192093132576e+00
5.450864693254971804e+00
5.482600999131999941e+00
5.499301307069378808e+00
5.523283955252188626e+00
5.532533144453616103e+00
5.595715555108898620e+00
5.611821413790250013e+00
5.624923052369031673e+00
5.662900937047822936e+00
5.682331481709055332e+00
5.759464087966273738e+00
5.769700207300877182e+00
5.779155467250935097e+00
5.811534513932111068e+00
5.845624875512051233e+00
5.863092609340069927e+00
5.896469945161842752e+00
5.926461198270537523e+00
5.983106201435161253e+00
6.009397404451089386e+00
6.041523530267817854e+00
6.048489030947492573e+00
6.103499048252389869e+00
6.125053950371021294e+00
6.133294994766637309e+00
6.175324051376480661e+00
6.189159969093690705e+00
6.234490725963215851e+00
6.275777241236040638e+00
6.294228573655050951e+00
6.314151703842617813e+00
6.358847936800468226e+00
6.414854332731595221e+00
6.428332550264937773e+00
6.455302707176298505e+00
6.477929128139778392e+00
6.528112412510880702e+00
6.540755876801385149e+00
6.621009036222974764e+00
6.662559788123124882e+00
6.674720728622572707e+00
6.696417889637422682e+00
6.707499164847257056e+00
6.750666924460993812e+00
6.764859128103435815e+00
6.788388565442788902e+00
6.859355211293950205e+00
6.877632115095714482e+00
6.934519544694280668e+00
6.965194724656145198e+00
7.018361640657982292e+00
7.039267881128797200e+00
7.100862509447203763e+00
7.144186042483966936e+00
7.181924179981217016e+00
7.196316083059631552e+00
7.246400469185902082e+00
7.280086799860631785e+00
7.326091423465286745e+00
7.342667433006953459e+00
7.362114437575879577e+00
7.449752561067819023e+00
7.469051794619931961e+00
7.483156101782091341e+00
7.521281066494409195e+00
7.594156138108891341e+00
7.655726475379184492e+00
7.684363895040688952e+00
7.732015048251689393e+00
7.754648443737246488e+00
7.795032191872242500e+00
7.834533947529028097e+00
7.903489112850275333e+00
7.955323395159695110e+00
7.975186520172380611e+00
8.031745253726878531e+00
8.073725012966663783e+00
8.129463210906289206e+00
8.250488021601041666e+00
8.287090480071245935e+00
8.318721790083042578e+00
8.335639851475466600e+00
8.383702965518594397e+00
8.422312106673718546e+00
8.478802011704621222e+00
8.501369263741844762e+00
8.586207390294337216e+00
8.646153642350130397e+00
8.703689765304115866e+00
8.752820962089343126e+00
8.770985413660987717e+00
8.821158204381704948e+00
8.914150146330330315e+00
8.949128754544185327e+00
8.972255585726578886e+00
9.099123017644695111e+00
9.123316962591283996e+00
9.139876500504144019e+00
9.207569616629285747e+00
9.321445748774456419e+00
9.424722883235464366e+00
9.440280023380678287e+00
9.455187585211383805e+00
9.540581123607010383e+00
9.577858985336254349e+00
9.613582261154292041e+00
9.711174830709143890e+00
9.754320056830989571e+00
9.819814524620399609e+00
9.894535563490441277e+00
9.994091600865798952e+00
1.001073945014524824e+01
1.002745636445062338e+01
1.009707534755203184e+01
1.018126071521385079e+01
1.024173676869095040e+01
1.033177402903280218e+01
1.036159496782297929e+01
1.046125583144251792e+01
1.052732916118961448e+01
1.054992837667812644e+01
1.063204524283155372e+01
1.067671031154624472e+01
1.070949878418889689e+01
1.086544494086034796e+01
1.096934214261564655e+01
1.103161343752988977e+01
1.106359543321640082e+01
1.115541164436210586e+01
1.121130694598724276e+01
1.129862208796607881e+01
1.131037473656548720e+01
1.144030080991925402e+01
1.158144207793333891e+01
1.166031421220113806e+01
1.169422467539568800e+01
1.175312625218549023e+01
1.182812971755638287e+01
1.184638873573045892e+01
1.197138484668115410e+01
1.209266662970041928e+01
1.211556007919171662e+01
1.220395126349712633e+01
1.225943014771345219e+01
1.228380211386527243e+01
1.238241866884538567e+01
1.248182392510265615e+01
1.255255988985684468e+01
1.266096633800583859e+01
1.270582574411704790e+01
1.279339956857978322e+01
1.288882798320615386e+01
1.290645689814466834e+01
1.301964014645787060e+01
1.314673604525944839e+01
1.323626895453782382e+01
1.335001289528661061e+01
1.348895181300333412e+01
1.353352340127372955e+01
1.363434249318147096e+01
1.374055089605544389e+01
1.384955132476709672e+01
1.391930035367942153e+01
1.406892420690920886e+01
1.418801391374742771e+01
1.424002052404236984e+01
1.429461367647462744e+01
1.434999736941312598e+01
1.442859113037326324e+01
1.449778632600847850e+01
1.460068935369126919e+01
1.483658341249043389e+01
1.495596958521200648e+01
1.509580783816441674e+01
1.515798239613122611e+01
1.525254009006194700e+01
1.537636313167279489e+01
1.543860552877501924e+01
1.556677311044599499e+01
1.566041042743385425e+01
1.583717507417031101e+01
1.588756119157841873e+01
1.600717078262449178e+01
1.614347137076561722e+01
1.624122969567626029e+01
1.639115608890487863e+01
1.644616777825347853e+01
1.655324679029706658e+01
1.669510423820204181e+01
1.674297746073805015e+01
1.680871355704050885e+01
1.685748624787317596e+01
1.700738988626687842e+01
1.715469888573272428e+01
1.735372593805738717e+01
1.748251905606753809e+01
1.765241753964102855e+01
1.773507165725782286e+01
1.791686066192922411e+01
1.804711626737642405e+01
1.808359755851392592e+01
1.835189817986390892e+01
1.857953012422320072e+01
1.871848548257906586e+01
1.884642441712223615e+01
1.891700831375564462e+01
1.902254937656086398e+01
1.921984742921709355e+01
1.928983894333498839e+01
1.935553640691133026e+01
1.968198990855077568e+01
1.977454172438975988e+01
1.984097700208482351e+01
1.993754270205642243e+01
2.024940886546762897e+01
2.034720117211558232e+01
2.036975682053139636e+01
2.067995945528375046e+01
2.072192856844371533e+01
2.098493254095648552e+01
2.114408785726504547e+01
2.143552265300957416e+01
2.150273210184275996e+01
2.172642183574931352e+01
2.188629821247175045e+01
2.225741801308524259e+01
2.239269131897350817e+01
2.242897112220378375e+01
2.253263699996505665e+01
2.262372076875001881e+01
2.286495869365120015e+01
2.316502385887589455e+01
2.336150327163278462e+01
2.375558520365415660e+01
2.385178526520247644e+01
2.402002755442837056e+01
2.405164779001065511e+01
2.424228879019968019e+01
2.438692625129560909e+01
2.453258544111488604e+01
2.495920001972268665e+01
2.513204164190619494e+01
2.542326002690159825e+01
2.557422942183401204e+01
2.583030630466244659e+01
2.605365545817648609e+01
2.630175521887716883e+01
2.640093204310648289e+01
2.648001653070259565e+01
2.659020091764816840e+01
2.721730579158416319e+01
2.727118166522152976e+01
2.758913101916289889e+01
2.786041741187865384e+01
2.806162276242963927e+01
2.830312238059193675e+01
2.864226351718348695e+01
2.880744178687351464e+01
2.887629122445463636e+01
2.921491543419598358e+01
2.940762332389975597e+01
2.977372373624385915e+01
2.989823333986213783e+01
3.008939801159099758e+01
3.054258222053413974e+01
3.079264686409136687e+01
3.107800791721638589e+01
3.150059094483618694e+01
3.164848039401404378e+01
3.193805843378887133e+01
3.218863996221677581e+01
3.285674772420629353e+01
3.298358042006304203e+01
3.326999381195659566e+01
3.376871315058376410e+01
3.394275411773195827e+01
3.407544201077293877e+01
3.441381771442688375e+01
3.479840365460928098e+01
3.511550592906797164e+01
3.520513225626229570e+01
3.552215012909580594e+01
3.605485270493790040e+01
3.672851087038613116e+01
3.703297886577497877e+01
3.715529053017579741e+01
3.751783946270534642e+01
3.798660652990250242e+01
3.836854678468368007e+01
3.867557649863118030e+01
3.888147735597030419e+01
3.926650221188324963e+01
3.969967303610960130e+01
3.997180654619030093e+01
4.051623270529786680e+01
4.086485975885898370e+01
4.137245968311668776e+01
4.166207058329293744e+01
4.198764760850529143e+01
4.226409146571968023e+01
4.275644251999722911e+01
4.327466127645673311e+01
4.398238707423056582e+01
4.418403384691982438e+01
4.458044761809389200e+01
4.510722140857857454e+01
4.617250466846227397e+01
4.637383988262740075e+01
4.658944895140756159e+01
4.709077633769764759e+01
4.713801596314108622e+01
4.804292408816881732e+01
4.805561798274125351e+01
4.881014035665297257e+01
4.969459642857789561e+01
5.027182623518458371e+01
5.068482112630263714e+01
5.115865203135382444e+01
5.134691084625388413e+01
5.177549774964744245e+01
5.219581841339460482e+01
5.298962020580218990e+01
5.325455035614215404e+01
5.400416039659128131e+01
5.475458101081971307e+01
5.506533281964216542e+01
5.583952001467925896e+01
5.606806281690639082e+01
5.722034433507874240e+01
5.780677200115716374e+01
5.858859161277504768e+01
5.878994162738172236e+01
5.905888308857220181e+01
5.986804975326928258e+01
6.078678189749471983e+01
6.132955325011661074e+01
6.202883398803805193e+01
6.274502485467334623e+01
6.346569813995105847e+01
6.357764772713451862e+01
6.467039338840005769e+01
6.499855162567833133e+01
6.575279277258691479e+01
6.658335319512789852e+01
6.703972219968783008e+01
6.740366996414215350e+01
6.797332724966945250e+01
6.993919162781106991e+01
7.105838229545753393e+01
7.234978313030613606e+01
7.304727000996227559e+01
7.370463155982943704e+01
7.424887816191480283e+01
7.464870010673932654e+01
7.594382232378767128e+01
7.677486604640634482e+01
7.691810965532796729e+01
7.838767627886196010e+01
7.924790630025944438e+01
8.092704906845355595e+01
8.147658916236885318e+01
8.248214867654424154e+01
8.340101812924183378e+01
8.418063937676470232e+01
8.488964643375338426e+01
8.678790333850935212e+01
8.762642345339521910e+01
8.879132017645081021e+01
9.032058006392480820e+01
9.157015873094178460e+01
9.384003595320163527e+01
9.415579508593644675e+01
9.532732199584168598e+01
9.564157021555126903e+01
9.662198707721732660e+01
9.891036862859053258e+01
9.966263174932356605e+01
1.016835023883577804e+02
1.025369226254559578e+02
1.032366398281138515e+02
1.042338529122661868e+02
1.067720381990542506e+02
1.087602140676359852e+02
1.093396957763152813e+02
1.108011843934605167e+02
1.134357447361549447e+02
1.148285581415010910e+02
1.160416979390776788e+02
1.180067226007401899e+02
1.182760725180238524e+02
1.196353960384131483e+02
1.222624415240725000e+02
1.230900759935052093e+02
1.240831742992952940e+02
1.267373077148482707e+02
1.285259193606351857e+02
1.309304437282727918e+02
1.329967090001068470e+02
1.343675307050278320e+02
1.362733897424512293e+02
1.373526602183434022e+02
1.378291240810022487e+02
1.394816838126452012e+02
1.435618978226838749e+02
1.444116950429260555e+02
1.485510156336398211e+02
1.509423702794085216e+02
1.524811622204490789e+02
1.542770958396046126e+02
1.574076437621469893e+02
1.596496706785816286e+02
1.622089868108370183e+02
1.648189376260503423e+02
1.680444831477913397e+02
1.692249854741634181e+02
1.723318657771852429e+02
1.753198083878078535e+02
1.762806627261934125e+02
1.768808207039565445e+02
1.845148331382575293e+02
1.850137495896075848e+02
1.896038159215869143e+02
1.915983733727791787e+02
1.946480020486792739e+02
1.968997663436163634e+02
2.018510233618138443e+02
2.048945658412648072e+02
2.063187012301484629e+02
2.077670386436763579e+02
2.176728255492840844e+02
2.224411608321193512e+02
2.235889370237246396e+02
2.250213287519929395e+02
2.310225726942301776e+02
2.323800627214363601e+02
2.409148338844615012e+02
2.413322971687178722e+02
2.460346699088475759e+02
2.508794722883085910e+02
2.556078770547270835e+02
2.591116583093161694e+02
2.651096936890886013e+02
2.666735191624074446e+02
2.711977667253881918e+02
2.754362655850812871e+02
2.786561085865088785e+02
2.865052440704417904e+02
2.935627463978005949e+02
2.999780141827678221e+02
3.053366560296412899e+02
3.154409202905557663e+02
3.188253649816164739e+02
3.224662994721102223e+02
3.272891295061131132e+02
3.335997794322491359e+02
3.360645733639259447e+02
3.485012288121143342e+02
3.548779162224187189e+02
3.603142639426487221e+02
3.777837246065871000e+02
3.786469599633822440e+02
3.829154528776052757e+02
3.935214159764291253e+02
3.996111341992194639e+02
4.040366952222020700e+02
4.098479712740350465e+02
4.261844693808102420e+02
4.309773214027700874e+02
4.419339135780833772e+02
4.493544688811386436e+02
4.630474974507951629e+02
4.738109422929052812e+02
4.795846501376230435e+02
4.941107539092737966e+02
5.028981236327571196e+02
5.214602737359017510e+02
5.259123800431160589e+02
5.343516157305426759e+02
5.473700189947401213e+02
5.617384103823014811e+02
5.774053046915311143e+02
5.880102331961555819e+02
6.069784723395584933e+02
6.248731279183451761e+02
6.508303520050162660e+02
6.669441095866289970e+02
6.770012150450604622e+02
7.046752858169403453e+02
7.208423926152260037e+02
7.393765843841072183e+02
7.429634042842305917e+02
7.635125898863639122e+02
7.863644143547628573e+02
8.138566603079694914e+02
8.439714889112135552e+02
8.561003209212032061e+02
8.814178304194923612e+02
8.895736639723845656e+02
9.469143611731690271e+02
9.879083021716922985e+02
9.997931193344775238e+02
1.052310670930540937e+03
1.090983707569103217e+03
1.097630247074723911e+03
1.155182997619445132e+03
1.199004544395520725e+03
1.243791755792494996e+03
1.331587180610488986e+03
1.351633684842346156e+03
1.385894533237274118e+03
1.452273464872954492e+03
1.496798920103739192e+03
1.537210937338531494e+03
1.614552767374686709e+03
1.671107045361956125e+03
1.732449596821008981e+03
1.795896908111361881e+03
1.877823330085523139e+03
1.982764448586857498e+03
2.136635031574451659e+03
2.220064728207929875e+03
2.386703899752345478e+03
2.415138313714482138e+03
2.600322260443512732e+03
2.900030252752707383e+03
2.934011796274529388e+03
3.061380727297625072e+03
3.113879503245048454e+03
3.395633954594714396e+03
3.605308000316334983e+03
3.641127985991199239e+03
4.066742599473908740e+03
4.496910975512770165e+03
5.697679872868692655e+03
6.449602343145835221e+03
6.662026870510575463e+03
7.018138691322699742e+03
