1.629507662345142104e+06
1.416291002664292231e+06
1.379560508358143270e+06
1.274044141951766796e+06
1.269985809565172996e+06
1.141627574264735682e+06
1.133660291544315871e+06
1.122129946286977967e+06
1.104127161326165777e+06
1.097284553725446574e+06
1.093014150644065812e+06
1.078506271058282815e+06
1.050909991303471150e+06
1.029879454754519043e+06
9.896289252384619322e+05
9.827750268638159614e+05
9.535953187276452081e+05
9.535710108166428981e+05
9.400084272250530776e+05
9.371512899587068241e+05
8.643176825011770707e+05
8.430054665866689757e+05
8.374573404064882779e+05
8.313949474722099258e+05
8.167190678650937043e+05
8.060649821931259939e+05
7.688669913088061148e+05
7.506841000617105747e+05
7.412771702523221029e+05
7.345911044835258508e+05
7.164455662885879865e+05
6.997735493799174437e+05
6.960505589718549745e+05
6.810238062204481103e+05
6.809797236316570779e+05
6.738759720735668670e+05
6.691830571078186622e+05
6.652074826686426532e+05
6.524659631341062486e+05
6.428367857363162329e+05
6.275819505460601067e+05
6.237964662174585974e+05
6.181680165432223585e+05
6.168596149979230249e+05
6.147277184341847897e+05
6.130507279937012354e+05
5.871621728571697604e+05
5.858996292997673154e+05
5.807287341822964372e+05
5.741165711491276743e+05
5.676782690145780798e+05
5.629152654476165771e+05
5.523302457660911605e+05
5.501933483647138346e+05
5.483565237405520165e+05
5.405386043842277722e+05
5.297538314436144428e+05
5.282724136013645912e+05
5.182062199457554379e+05
5.136709955439218902e+05
5.109793424159435090e+05
5.080288324556440348e+05
5.049143274391859886e+05
5.015641488218051381e+05
5.003101080633662059e+05
4.942580045509928605e+05
4.847599054042177740e+05
4.801238128977279994e+05
4.774692473530177958e+05
4.737522554324571975e+05
4.720568651234627469e+05
4.693184017186625861e+05
4.648276437091197004e+05
4.571101084306125995e+05
4.558013761173609528e+05
4.556258129370899405e+05
4.505068586000808864e+05
4.503585538771130960e+05
4.437791458239404601e+05
4.409294925612690859e+05
4.362044696008230094e+05
4.337404308801224688e+05
4.330665304989914293e+05
4.234729158392886748e+05
4.228703756046165363e+05
4.210530605536702205e+05
4.207550286208958132e+05
4.146231448166120681e+05
4.126981780697733047e+05
4.087093879631418386e+05
4.046268422208185075e+05
4.020018076896316488e+05
4.012136524251012015e+05
3.919760627732229768e+05
3.911430025202184333e+05
3.891407856973438174e+05
3.866396841416741954e+05
3.832703358472917462e+05
3.826658616291466169e+05
3.815550747393000056e+05
3.780536773341026856e+05
3.771975170616335236e+05
3.705173795119256829e+05
3.663886982451691874e+05
3.660011392096704803e+05
3.633378188289293321e+05
3.616829164026865619e+05
3.609975586363825714e+05
3.593625811478410615e+05
3.544147749256717507e+05
3.526843585682564299e+05
3.513281061967451824e+05
3.503499466544836177e+05
3.499064628356369794e+05
3.485811961387987831e+05
3.480385096805630019e+05
3.462821695558896754e+05
3.459352034673645976e+05
3.450868541171072866e+05
3.442648474189309054e+05
3.415803720759366406e+05
3.392114517757373978e+05
3.386864677656227141e+05
3.385077567577742739e+05
3.339425590920833638e+05
3.337762710201361333e+05
3.327668821923226933e+05
3.320687444922004943e+05
3.310753170733822626e+05
3.307542116489176406e+05
3.290210348605071194e+05
3.267028683947098907e+05
3.255102950238079065e+05
3.244111656187549233e+05
3.232989576006566058e+05
3.225132520854778122e+05
3.173465948840174824e+05
3.144380293114506640e+05
3.131457704252953990e+05
3.110727437016140902e+05
3.087521945719941286e+05
3.067322222402773332e+05
3.058448298154894146e+05
3.054509945646395208e+05
3.052907849713406758e+05
3.036176736230451497e+05
3.023896490838514874e+05
3.015897348580581020e+05
2.994092541315288399e+05
2.976555721825629007e+05
2.974255432203508681e+05
2.965239121255007922e+05
2.946554354803265305e+05
2.939325794723469880e+05
2.913368475603818079e+05
2.908576104019464692e+05
2.897578465261587407e+05
2.873414231568637188e+05
2.857363011336678173e+05
2.847365825816578581e+05
2.838166467277790071e+05
2.830789458533132565e+05
2.824369186033831793e+05
2.815553530497688917e+05
2.811183753912342945e+05
2.808563714697692776e+05
2.795381054489899543e+05
2.788899048310079379e+05
2.775517585040339036e+05
2.760865224453199189e+05
2.749681762774584349e+05
2.748064176248331205e+05
2.746606559253595187e+05
2.738476849173615337e+05
2.722702086331782630e+05
2.720729852389325970e+05
2.711746256528915255e+05
2.702677197948566754e+05
2.682486460456046625e+05
2.680491012696938706e+05
2.677587526871578302e+05
2.660159607979523134e+05
2.655912484595192946e+05
2.648542626231623581e+05
2.622457248335781042e+05
2.615477278567280737e+05
2.609699577417628898e+05
2.585854768773591495e+05
2.584414409919707396e+05
2.577570687443042116e+05
2.570054289938391303e+05
2.568524571730545722e+05
2.557759764460278966e+05
2.554258307995201030e+05
2.545576985366755689e+05
2.543039095295958396e+05
2.537739241311740188e+05
2.526913782816626190e+05
2.519341291719221335e+05
2.516784386383913225e+05
2.512153472287943878e+05
2.498782058570368681e+05
2.490084513706880680e+05
2.480606775855968008e+05
2.476898155005856534e+05
2.472397472812744381e+05
2.469620936388480186e+05
2.463615371851782547e+05
2.460098745704508619e+05
2.456154533085284929e+05
2.454241683723928872e+05
2.447972677593332191e+05
2.441292532281012391e+05
2.431827113414470805e+05
2.422019477975575137e+05
2.419048623042847030e+05
2.411764397018241580e+05
2.392387191748206387e+05
2.391046314568374364e+05
2.388042269818536006e+05
2.381774855642743059e+05
2.377280172023344785e+05
2.370107485238201043e+05
2.365381538390508213e+05
2.355759521257545566e+05
2.342477495757161232e+05
2.331341449608792900e+05
2.328476117788344272e+05
2.323101257618640957e+05
2.321981301431686734e+05
2.309117371899394493e+05
2.303597041541447397e+05
2.300818945181834279e+05
2.297706557250300539e+05
2.292641761029150803e+05
2.289760751605202386e+05
2.278802942672826466e+05
2.276965142236655229e+05
2.276208229011012008e+05
2.273749551077792421e+05
2.269710555516816967e+05
2.264612119518044346e+05
2.257084658184530272e+05
2.254261529187769629e+05
2.253192834929176606e+05
2.243535460356555996e+05
2.235595673893960484e+05
2.223281833254517405e+05
2.222853657198440633e+05
2.217546480357971450e+05
2.212747281952466874e+05
2.208330673920150148e+05
2.201798207586370117e+05
2.197833093878630898e+05
2.189979982556670438e+05
2.187000107073986437e+05
2.183258361388787162e+05
2.178018236346925551e+05
2.177132666071975837e+05
2.168826861808493268e+05
2.165161282021042134e+05
2.158610820579337887e+05
2.155401097771022178e+05
2.144559358465170953e+05
2.140373442798472533e+05
2.133072262991550087e+05
2.131807473365317855e+05
2.129052452291846857e+05
2.125530252325485053e+05
2.114746851867441437e+05
2.114429124889123195e+05
2.102725180250598933e+05
2.102133070340417034e+05
2.096969658583935234e+05
2.094205889797740383e+05
2.092067039191405638e+05
2.085137108344428998e+05
2.081918408004494559e+05
2.077231764020703267e+05
2.076253761410999577e+05
2.073431622901186056e+05
2.070185115732453705e+05
2.066215495997748512e+05
2.062257550308452046e+05
2.060409095971466159e+05
2.046913192725985136e+05
2.042148904057866894e+05
2.038871860811126244e+05
2.029854091800954193e+05
2.026904278140094830e+05
2.024095027061288420e+05
2.020423715606063197e+05
2.016793485593143560e+05
2.015713001490545284e+05
2.013924526386916114e+05
2.011066261878758378e+05
2.008305041148708842e+05
2.005769751963936142e+05
2.003115450009083143e+05
1.994337705525018100e+05
1.985236619003680535e+05
1.983749806341948279e+05
1.979860854123861063e+05
1.975544470721823163e+05
1.969414361749407544e+05
1.967830719109690108e+05
1.965372289847953070e+05
1.963285770311017113e+05
1.959663804258813034e+05
1.954228033119244501e+05
1.952305833297932695e+05
1.947200873718568473e+05
1.945484864381972293e+05
1.943441406275133195e+05
1.942521275079347542e+05
1.937613958485244948e+05
1.936103774464529997e+05
1.929935372563932615e+05
1.929277824540652800e+05
1.924051971929788415e+05
1.915475235962670704e+05
1.912126468571324367e+05
1.909538031589488091e+05
1.906035898454621783e+05
1.897936310196765698e+05
1.896119728270590422e+05
1.889530794288737816e+05
1.886886334135006473e+05
1.886460191552413453e+05
1.884999185851192451e+05
1.881559069769515481e+05
1.879501317072738602e+05
1.877904491143408231e+05
1.875529637554608053e+05
1.873496185112815292e+05
1.868059471636218368e+05
1.866360212024411303e+05
1.863376308809443144e+05
1.859348144960788195e+05
1.857244015751376282e+05
1.855382830399536178e+05
1.847949174246799084e+05
1.846376224165465974e+05
1.845586471255625656e+05
1.842786498675398179e+05
1.835637921632499492e+05
1.832792382536943478e+05
1.829870514746941044e+05
1.827720248297491635e+05
1.827036310261860199e+05
1.825588815384952468e+05
1.822503543009436398e+05
1.819260303943390318e+05
1.815987007198544743e+05
1.815100452256817662e+05
1.809765060128283221e+05
1.806993776608857734e+05
1.802748178796717548e+05
1.801085024955023546e+05
1.800292903850001749e+05
1.794465840039541654e+05
1.792126900921242777e+05
1.789651444804542698e+05
1.786149701687670604e+05
1.783783820073659299e+05
1.778504860081410152e+05
1.775342649576426775e+05
1.773643686535497254e+05
1.770872991034314036e+05
1.767854803570111690e+05
1.765207634921113786e+05
1.761408708933916932e+05
1.758585003997806925e+05
1.755198504918091057e+05
1.749592060094484768e+05
1.746246537473473873e+05
1.744609723255111603e+05
1.742320023699116136e+05
1.741644350371641049e+05
1.736264158223642153e+05
1.735322878894321038e+05
1.732589199321443448e+05
1.729125693263225548e+05
1.725879007821461710e+05
1.725003324306584545e+05
1.719674061133137147e+05
1.718227743094940379e+05
1.715099257708902587e+05
1.711641180068711110e+05
1.709881075192032440e+05
1.707050808782141248e+05
1.704274646038095525e+05
1.701824853644655668e+05
1.700194541547521949e+05
1.697119078396550613e+05
1.692481416305234015e+05
1.691237784308969567e+05
1.688834355900132214e+05
1.685290791694165964e+05
1.684412425840611104e+05
1.682444225315167860e+05
1.680120487248964200e+05
1.676409769229660742e+05
1.674537036923665437e+05
1.674132333985806617e+05
1.670872557411511079e+05
1.667967786052228766e+05
1.663237428073613264e+05
1.661442539383601979e+05
1.659718560790383490e+05
1.659168137201014615e+05
1.655576964960879122e+05
1.653595199611790886e+05
1.647894928080797545e+05
1.647509959956665407e+05
1.645400689837307727e+05
1.642536680492668820e+05
1.641343482595593086e+05
1.639216458239092608e+05
1.635620179132014746e+05
1.632302678028265946e+05
1.631432391881103686e+05
1.625941723961187527e+05
1.622356765057423909e+05
1.619830327147356875e+05
1.618796186760053388e+05
1.611802161316676065e+05
1.610816806613492663e+05
1.610328978886220721e+05
1.607014952216867823e+05
1.601071688429772039e+05
1.599514358092486218e+05
1.597223783425443689e+05
1.593639885773598799e+05
1.592546573091096652e+05
1.590317661187776830e+05
1.588241224453611649e+05
1.587539826532028383e+05
1.583868910376014246e+05
1.580652996761722607e+05
1.576369855609794904e+05
1.572995094119447167e+05
1.572113672866665001e+05
1.570586056640922616e+05
1.567814068627736124e+05
1.563830212484064105e+05
1.561033631822150492e+05
1.558150740252952673e+05
1.557463474709579023e+05
1.555096918464253831e+05
1.551772067548104678e+05
1.548823710052053502e+05
1.547813953559995862e+05
1.545658703970399802e+05
1.545119258257360489e+05
1.542722730317659443e+05
1.541768078078374383e+05
1.535075349929577787e+05
1.534167027545189194e+05
1.531063776965327852e+05
1.527877572736526199e+05
1.525018229077669675e+05
1.523643513068462489e+05
1.522204780604091648e+05
1.521076142133681278e+05
1.518168395649945014e+05
1.516873684899036016e+05
1.511989181766551337e+05
1.510296400130825350e+05
1.508444050454455428e+05
1.506122585751945153e+05
1.504620445405575738e+05
1.502830526360688091e+05
1.500258923502447724e+05
1.498628031400538457e+05
1.495071599821959680e+05
1.494080475769732730e+05
1.492147624174834054e+05
1.491118797441382485e+05
1.487894710984382546e+05
1.486208432988959539e+05
1.485375046734067146e+05
1.482533086598525988e+05
1.481864712410604698e+05
1.478321556005459570e+05
1.476931327326087048e+05
1.475457571491461713e+05
1.473074395050008316e+05
1.472092739143701037e+05
1.471752111943335331e+05
1.467065337369480112e+05
1.464775692408854666e+05
1.462742315243629273e+05
1.459217759066432482e+05
1.455224343389175192e+05
1.452525491043344373e+05
1.452328789017894305e+05
1.449704271364862798e+05
1.447078160812305287e+05
1.445556685289977177e+05
1.442679299527955300e+05
1.441306583579250146e+05
1.439462308313931280e+05
1.434340298162649560e+05
1.432963800721139123e+05
1.431810784455405956e+05
1.430036636669320287e+05
1.429172577877432050e+05
1.427629054474591976e+05
1.423588733794369036e+05
1.422606376239915262e+05
1.419313989236406051e+05
1.418229303242907627e+05
1.416409495127812261e+05
1.415303028176771477e+05
1.412625188340967579e+05
1.407505625845904869e+05
1.407168362336719583e+05
1.405755225146230368e+05
1.402391273254499829e+05
1.401253288038909959e+05
1.399894177929761645e+05
1.397167239658925682e+05
1.394036964983662183e+05
1.392356347357803315e+05
1.391961367920877528e+05
1.386801405575878161e+05
1.383254507415898843e+05
1.381029104079052340e+05
1.378012848509371688e+05
1.374663612505717319e+05
1.373528215365882206e+05
1.372576288450063439e+05
1.371516151167128701e+05
1.369856485916123784e+05
1.367577839927244349e+05
1.366426775149866589e+05
1.362619191409785417e+05
1.361982056296152878e+05
1.360952915506673453e+05
1.359280014877734357e+05
1.357201671340817702e+05
1.354224286719079828e+05
1.353657886740285030e+05
1.349140291129029647e+05
1.347662342375356529e+05
1.344925954543044500e+05
1.343682183161071735e+05
1.340985437337671465e+05
1.339196286736284383e+05
1.336002513704293524e+05
1.334482799432834145e+05
1.332608408402580244e+05
1.331013527864544012e+05
1.328786873631874041e+05
1.326230958648003289e+05
1.321599083850923053e+05
1.320391281508238753e+05
1.317564618229086045e+05
1.316364021588768519e+05
1.315524288516705565e+05
1.313639606916079356e+05
1.310189325830113521e+05
1.308624209042058646e+05
1.305176952701980190e+05
1.303394475884943822e+05
1.300618323005955026e+05
1.299172772214892320e+05
1.297700115154139785e+05
1.296254720280088222e+05
1.292899435552039795e+05
1.291190082921897701e+05
1.289803658060779853e+05
1.286691664818497520e+05
1.286141006407142122e+05
1.282934459634821687e+05
1.282431386943182442e+05
1.279146039690088510e+05
1.278104277736918011e+05
1.276613085454439715e+05
1.273381107293577370e+05
1.272208814867904148e+05
1.268302296211456123e+05
1.267582479506509844e+05
1.265460657613986841e+05
1.264212638907458750e+05
1.259330058041390585e+05
1.258845227036356519e+05
1.256540948296199931e+05
1.254788774874024821e+05
1.252952307148239051e+05
1.251659975548806688e+05
1.248685587326607201e+05
1.247079005267360917e+05
1.245209918302901206e+05
1.241085096655052621e+05
1.239411302863851888e+05
1.238803111247900233e+05
1.238274995145695430e+05
1.233860027619345201e+05
1.230467795292650117e+05
1.229705933229406364e+05
1.225319176348704932e+05
1.224549012087190640e+05
1.222808696370910038e+05
1.218688557910251402e+05
1.217737680678986944e+05
1.216781779057933454e+05
1.215614367480024230e+05
1.214261449891103548e+05
1.212698392346761539e+05
1.209645223983250908e+05
1.208191753193352342e+05
1.206871590301866527e+05
1.204672539176234131e+05
1.202102185154222389e+05
1.201039954645019170e+05
1.198730442433081625e+05
1.198144526887316752e+05
1.197149376787667716e+05
1.194803044006591226e+05
1.192909229533359321e+05
1.190477088674420520e+05
1.188760498158528208e+05
1.187378618468369677e+05
1.184457157356116950e+05
1.184006369385814032e+05
1.181277664202764281e+05
1.180251474874849810e+05
1.178427859779779101e+05
1.176614628271941328e+05
1.175697312156288099e+05
1.174105492552858050e+05
1.173005424515793275e+05
1.170897848795846076e+05
1.168160612144056649e+05
1.163595976724666107e+05
1.162080275044338196e+05
1.159786365304963983e+05
1.158176740880793950e+05
1.157283196975436294e+05
1.155066583372342720e+05
1.152997496229911339e+05
1.152248015155918547e+05
1.151493763268907496e+05
1.149388134346226288e+05
1.146751218302248744e+05
1.145567277672514319e+05
1.144177206894502306e+05
1.140683040634656645e+05
1.138228004887315037e+05
1.137857550579602248e+05
1.136748063837333320e+05
1.133792688889380370e+05
1.133413864101541258e+05
1.132462931875951617e+05
1.131188684266734199e+05
1.126006182574965933e+05
1.123727594384180120e+05
1.122386684225858480e+05
1.121535393634228240e+05
1.118686855577341921e+05
1.116385714094846917e+05
1.115605909092674410e+05
1.114502647455903789e+05
1.113465082712667499e+05
1.111483078318605258e+05
1.110272034096891875e+05
1.108849881350039359e+05
1.107223718925129506e+05
1.104115811428975721e+05
1.099900114212874469e+05
1.098148244215269078e+05
1.097532791652740561e+05
1.095612701179265568e+05
1.094030684634227800e+05
1.091438027046495117e+05
1.089204244936650794e+05
1.088392343224452925e+05
1.087634247072443395e+05
1.083168847437835939e+05
1.082647500738621457e+05
1.080549562471423706e+05
1.080251996671352099e+05
1.077277212049172813e+05
1.076661709487571061e+05
1.072665257215571910e+05
1.069774985556603642e+05
1.065111287862644385e+05
1.063228124039214745e+05
1.060856983034272853e+05
1.059286458924550243e+05
1.059061861476513732e+05
1.056563647336366994e+05
1.053916720089180453e+05
1.051715674996204762e+05
1.049234994667522406e+05
1.047787889339241519e+05
1.043669633737918630e+05
1.039462988258235418e+05
1.035934894468217681e+05
1.034062240468523669e+05
1.032510948149289325e+05
1.029424647416498628e+05
1.028934705048083124e+05
1.025353237703003251e+05
1.024827235612705117e+05
1.021628217691424943e+05
1.020839747877400659e+05
1.020743634756946558e+05
1.018307855844546866e+05
1.017018758668407536e+05
1.012853885659498192e+05
1.012344953499482071e+05
1.010492670749050449e+05
1.009021402523844154e+05
1.007138499669861776e+05
1.005407359386817261e+05
1.002508162062523479e+05
1.000581734010013170e+05
1.000024887497042801e+05
9.991667212279095838e+04
9.978899181120154390e+04
9.957858777560893213e+04
9.920325474041025154e+04
9.888469805537593493e+04
9.861815107617927424e+04
9.843620493659752537e+04
9.822119595147618384e+04
9.795166050433792407e+04
9.781787786322159809e+04
9.766465353922179202e+04
9.741420637162309140e+04
9.739252670010185102e+04
9.709414368688299146e+04
9.706829528985774959e+04
9.688492962779333175e+04
9.671344845114351483e+04
9.634422242094906687e+04
9.606372221214610909e+04
9.604745927385735558e+04
9.592267252513396670e+04
9.584480918525412562e+04
9.545433929425895622e+04
9.533944948605741956e+04
9.511487341519659094e+04
9.486632737114992051e+04
9.473826573847055261e+04
9.467563039458321873e+04
9.445494108671415597e+04
9.435938861735806859e+04
9.423053234877888463e+04
9.421567912297308794e+04
9.413067240560402570e+04
9.401415710876663798e+04
9.396138216677091259e+04
9.346975386996235466e+04
9.344742187130062666e+04
9.342280497632418701e+04
9.337376489694976772e+04
9.320826143642215175e+04
9.299766851709291223e+04
9.284138588741720014e+04
9.270194670873922587e+04
9.247523841072524374e+04
9.239037758342119923e+04
9.228405261096730828e+04
9.213236073749800562e+04
9.205330885700153885e+04
9.197064849903053255e+04
9.185082361662463518e+04
9.165627067371705198e+04
9.149416009888648114e+04
9.130981702268245863e+04
9.125377120651870791e+04
9.119265513087139698e+04
9.110901687550552015e+04
9.088794183917799091e+04
9.085754174042538216e+04
9.074858596219049650e+04
9.067818068827925890e+04
9.060033934455877170e+04
9.040528122571003041e+04
9.028341630573778821e+04
9.020294656339837820e+04
8.985939597563548887e+04
8.980699976771260845e+04
8.960066610529151512e+04
8.954830096714865067e+04
8.942491134657464863e+04
8.933046534659696044e+04
8.917084396833590290e+04
8.908169742404107819e+04
8.893909407235783874e+04
8.866928647634599474e+04
8.846746974289765058e+04
8.807894149995529733e+04
8.790069869343822938e+04
8.774938586816626776e+04
8.756603057274017192e+04
8.747809662736856262e+04
8.720799639043875504e+04
8.708355452714585408e+04
8.693255849702449632e+04
8.666606544814705558e+04
8.653745154703241133e+04
8.644460089781394345e+04
8.623361411801287613e+04
8.593120421535403875e+04
8.562992746918987541e+04
8.560217928464975557e+04
8.543646442526864121e+04
8.531713466596120270e+04
8.527200916850919020e+04
8.499068141369208752e+04
8.457393095862552582e+04
8.416659388568402210e+04
8.396255392507973011e+04
8.384574301542440662e+04
8.375914721978486341e+04
8.362356630287585722e+04
8.359054685936622263e+04
8.324232299780644826e+04
8.306510683646854886e+04
8.293693455095448007e+04
8.278251239814584551e+04
8.262300369371184206e+04
8.241473439145124576e+04
8.227683462912717368e+04
8.221526062912614725e+04
8.200128636529053620e+04
8.179471446922401083e+04
8.161545982309815008e+04
8.149138615937852592e+04
8.132074187660765892e+04
8.105176603177063225e+04
8.100173937919184391e+04
8.080449325091337960e+04
8.061857292766137107e+04
8.042114284943594248e+04
8.036629871282985550e+04
8.000227742312669579e+04
7.972305232531265938e+04
7.967865566012794443e+04
7.942828766390441160e+04
7.930624656027778110e+04
7.905955105764883047e+04
7.886020183816751523e+04
7.868483635188949120e+04
7.857746009961405070e+04
7.841047313444278552e+04
7.830930691097918316e+04
7.822522530594610726e+04
7.817412731657511904e+04
7.787841212844867550e+04
7.726443524656035879e+04
7.724316913021415530e+04
7.712250738950671803e+04
7.702282690143422224e+04
7.680427871042850893e+04
7.661856056573368551e+04
7.629268085962798796e+04
7.626690207017093780e+04
7.609684941727817932e+04
7.594163641984107380e+04
7.574246003545314306e+04
7.546636692504095845e+04
7.528324193649542576e+04
7.504756143097653694e+04
7.500374944611983665e+04
7.480408876320034324e+04
7.473850826768043044e+04
7.464194078007747885e+04
7.454987288008866017e+04
7.443930458531515615e+04
7.409491483678424265e+04
7.391003493363939924e+04
7.374667953518767899e+04
7.358531808066139638e+04
7.338481491711908893e+04
7.320646879952005111e+04
7.311534675493491523e+04
7.266247279414995864e+04
7.256500046233872126e+04
7.251898779132748314e+04
7.248741816693545843e+04
7.242926530283359170e+04
7.210043930312675366e+04
7.186174378102908668e+04
7.181646654405661684e+04
7.143221698529424611e+04
7.114098487641231623e+04
7.108619516182896041e+04
7.076849100933242880e+04
7.052494576010115270e+04
7.047040043293712370e+04
7.033028065078279178e+04
7.024471938205393963e+04
6.992832476467131346e+04
6.980298082576463639e+04
6.965223679772285686e+04
6.941892628861796402e+04
6.912499231439306459e+04
6.899464219567850523e+04
6.893253295367713145e+04
6.890397104347466666e+04
6.842558736321606557e+04
6.835194258706065011e+04
6.828176603316965338e+04
6.825515252559787768e+04
6.811822980009096500e+04
6.801027550532906025e+04
6.791709256705059670e+04
6.785447644410969224e+04
6.784264104042424879e+04
6.778067192445482942e+04
6.766476654363617126e+04
6.763417029269217164e+04
6.760365471193029953e+04
6.740046429694717517e+04
6.729697984912690299e+04
6.724444404959355597e+04
6.714061965918920760e+04
6.703130548161579645e+04
6.687970169810068910e+04
6.676520030821577529e+04
6.667183865394024178e+04
6.660810246565075067e+04
6.617109501609213476e+04
6.580021402453152405e+04
6.560236708906368585e+04
6.537416263810175587e+04
6.530092956146701908e+04
6.500693297971750872e+04
6.497909594484385889e+04
6.492727843238182686e+04
6.467373455160315643e+04
6.452605092523815256e+04
6.451862928075477248e+04
6.445271678500185226e+04
6.435324632375002693e+04
6.411826618474561110e+04
6.404620304102997034e+04
6.391731213466956979e+04
6.388253449355594057e+04
6.383001683557740762e+04
6.377824565639215871e+04
6.346373301495411579e+04
6.334494899294529750e+04
6.325673086849640822e+04
6.324104140025999368e+04
6.315619532871941192e+04
6.284702988495338650e+04
6.256684484844070539e+04
6.243630842309536092e+04
6.188597897433011531e+04
6.164849595650219271e+04
6.160684916627337225e+04
6.120206000995242357e+04
6.098981480233321781e+04
6.096650327865994768e+04
6.089492492924078397e+04
6.077911355662235292e+04
6.072635008958915569e+04
6.063007188369983487e+04
6.061878153527548420e+04
6.060588733891025913e+04
6.058467025180422206e+04
6.048309772945899022e+04
6.046647419868855650e+04
6.045908205276024819e+04
6.043385199998984172e+04
6.039160140065818996e+04
6.027643745378409221e+04
6.019333402197872783e+04
6.005160208462819719e+04
5.999764085161289404e+04
5.969457344622020173e+04
5.963592235118243116e+04
5.954333558861652273e+04
5.953282241789303953e+04
5.944679755551066046e+04
5.922695923021013732e+04
5.898923321184921224e+04
5.860879028446281882e+04
5.857523212214515661e+04
5.847952588012510387e+04
5.833452912543700950e+04
5.810683933294661983e+04
5.804664048722723237e+04
5.799943354344890395e+04
5.795753324833932857e+04
5.786956922367066727e+04
5.781130740199339925e+04
5.771293704141885246e+04
5.761717487247783720e+04
5.747798853099418920e+04
5.736531384955298563e+04
5.733495569036072266e+04
5.731488933405898570e+04
5.726995018362987321e+04
5.725400720610711141e+04
5.715636575170954893e+04
5.715099715633417509e+04
5.712717550902647781e+04
5.691104932541093876e+04
5.677094088618023670e+04
5.671652372501598438e+04
5.648516116585563577e+04
5.623517886338976678e+04
5.622383900492273096e+04
5.613980579201810906e+04
5.606543966684500629e+04
5.605591789270439767e+04
5.600643797914811148e+04
5.595451348584266088e+04
5.567762183829854621e+04
5.563376413586745184e+04
5.556374795248103328e+04
5.543626640140386007e+04
5.543175447287712450e+04
5.540442665645458328e+04
5.519588255807576934e+04
5.491091544679390790e+04
5.481817370882911928e+04
5.480601213711307355e+04
5.456229055533609062e+04
5.445371628891034925e+04
5.439653833197448694e+04
5.416344433033146197e+04
5.405501965180799016e+04
5.376791576136872754e+04
5.357086897104269156e+04
5.351380484869519569e+04
5.346199800604765915e+04
5.332768094320259843e+04
5.313538613318491116e+04
5.303700892434158595e+04
5.275354992307976499e+04
5.247313493288370955e+04
5.226430280751805549e+04
5.204466275107279944e+04
5.196965855176543118e+04
5.180855491550492297e+04
5.174156213688460412e+04
5.170019554736042483e+04
5.133470899708996149e+04
5.127720755988125893e+04
5.112395050044328673e+04
5.107729475079986878e+04
5.098562815217878961e+04
5.088451031860655348e+04
5.087765607705297589e+04
5.079865705141906801e+04
5.069172584865382669e+04
5.061897679754823184e+04
5.053319790400776401e+04
5.001767382405837998e+04
4.982400484432004305e+04
4.979750573868704669e+04
4.966284660670815356e+04
4.930020874107819691e+04
4.923048681786580710e+04
4.920595405665623548e+04
4.884450896007064875e+04
4.872913399603356811e+04
4.870082802057242952e+04
4.841782851366529940e+04
4.825115380997071043e+04
4.817848218702658050e+04
4.813986176643006911e+04
4.797927269595431426e+04
4.793446207285695709e+04
4.787106400687683345e+04
4.783805028448265512e+04
4.761821726938479696e+04
4.746296389414682199e+04
4.745389460280798812e+04
4.736868348932955996e+04
4.723172502264160721e+04
4.697397411085850035e+04
4.695498557649465511e+04
4.683378894744488935e+04
4.680880050788349763e+04
4.653945654109516909e+04
4.641771455718012294e+04
4.640926827576410142e+04
4.620715790669486887e+04
4.607678945088699402e+04
4.598596705157480028e+04
4.593537611161079985e+04
4.566346929223511688e+04
4.564829419749137742e+04
4.563935189525609167e+04
4.555430975802864850e+04
4.550311358731591463e+04
4.545660322455612913e+04
4.506211357760759711e+04
4.504927784842459369e+04
4.490374745594718843e+04
4.489704959207033244e+04
4.487465412978168752e+04
4.484108054814761999e+04
4.455926282859076309e+04
4.449737100516911596e+04
4.447481517163157696e+04
4.439837016718737868e+04
4.435485087853763252e+04
4.425748075098774279e+04
4.421045763950714172e+04
4.413955770154178754e+04
4.405546257160366804e+04
4.393926997042566654e+04
4.363659884303906438e+04
4.356191282965509163e+04
4.334420402353519603e+04
4.329771265928790672e+04
4.326745808596655115e+04
4.304469623563164350e+04
4.290946107839887554e+04
4.282925551468974299e+04
4.181058284189581173e+04
4.177615394114256196e+04
4.156333618201040372e+04
4.153128029431618779e+04
4.147523262838062510e+04
4.123003989805537276e+04
4.118401385931664845e+04
4.109580874534444592e+04
4.088284128655824316e+04
4.083721767859520332e+04
4.047612613840828271e+04
4.033752499292208813e+04
4.024996087026844907e+04
4.012535287650730606e+04
3.994393976457862300e+04
3.986487628022183344e+04
3.976159794267194957e+04
3.971898541213553108e+04
3.942677108248147124e+04
3.939717802723569184e+04
3.932805199475005065e+04
3.895579148597237509e+04
3.849256314043417660e+04
3.837841367832896503e+04
3.823852360872364079e+04
3.810086454761951609e+04
3.783136613651955122e+04
3.778889306737627339e+04
3.767238983846027259e+04
3.760727971709817939e+04
3.745870030194496212e+04
3.729735459648426331e+04
3.728201091227354482e+04
3.715330324416053190e+04
3.709884686458471697e+04
3.699461504399633850e+04
3.698297110662688647e+04
3.690023207055219245e+04
3.687291915958728350e+04
3.684337673085894494e+04
3.682821589595732803e+04
3.661660707168164663e+04
3.651092467803516774e+04
3.629267340907690232e+04
3.621011730383154645e+04
3.604466938918941742e+04
3.600584936666363501e+04
3.587157421671151678e+04
3.578997914440253953e+04
3.560404062535704725e+04
3.544159862610361597e+04
3.541699659670217807e+04
3.518462249048086233e+04
3.513338846654656663e+04
3.506979662653773994e+04
3.496376959742417966e+04
3.493115460832324607e+04
3.475744186375704885e+04
3.474403983367489855e+04
3.467738372105608141e+04
3.453999445829856268e+04
3.450742231159394578e+04
3.439921056714527367e+04
3.416388723666189617e+04
3.401920462207848323e+04
3.400055712850452983e+04
3.381324637871384766e+04
3.361440574994505732e+04
3.358770039437856758e+04
3.334245303020408755e+04
3.314129819433876401e+04
3.303978861851376860e+04
3.289514929001285782e+04
3.289413940682073735e+04
3.244534717098020337e+04
3.241535542158080352e+04
3.229331286506741162e+04
3.227662913070236027e+04
3.217206187767058145e+04
3.209524160910435239e+04
3.197086296214437971e+04
3.189669755245959823e+04
3.179253570354769181e+04
3.177868780442243951e+04
3.155645145357556248e+04
3.153746442776690674e+04
3.152011742973807850e+04
3.127666743838276670e+04
3.111121303289781281e+04
3.077928806368082587e+04
3.075576425942631249e+04
3.034336455590682817e+04
2.999631014017446796e+04
2.985861807689165289e+04
2.985022294542294185e+04
2.978202810712816790e+04
2.942187650625893366e+04
2.939287454814932426e+04
2.898895925792337584e+04
2.896518714294274105e+04
2.876556655004475033e+04
2.857544170984551965e+04
2.828705681243298386e+04
2.822946712286333786e+04
2.806664862499398805e+04
2.806350454400483068e+04
2.800211685653749737e+04
2.777845193430935251e+04
2.771976996186410543e+04
2.728153233829902092e+04
2.726431553146509759e+04
2.704258901243373475e+04
2.688844505993196799e+04
2.672807147180230822e+04
2.658958268385408519e+04
2.648827313944233538e+04
2.638025943298415223e+04
2.632052109130090321e+04
2.628960133310818492e+04
2.606681334084022092e+04
2.605982890553967081e+04
2.597488490215423008e+04
2.579380497012281194e+04
2.562643228996259131e+04
2.557368547505429160e+04
2.553638085397269970e+04
2.537509301725495607e+04
2.523812774371396881e+04
2.520165328340951237e+04
2.509626038954599790e+04
2.506085812266327048e+04
2.498251738573463808e+04
2.482233258300584930e+04
2.468107052803993065e+04
2.462369232019119227e+04
2.429480330280290218e+04
2.423646798345686329e+04
2.408561831506288581e+04
2.364014532473115105e+04
2.326272649316008756e+04
2.319880742546729743e+04
2.288205507142028000e+04
2.267599366703906344e+04
2.255838183718674554e+04
2.252590895919019022e+04
2.249045802697305771e+04
2.234479684568301309e+04
2.229912081865097571e+04
2.211226399671337640e+04
2.209968238204256704e+04
2.198099498719599796e+04
2.193855330532546941e+04
2.185350754908383169e+04
2.162850599978963146e+04
2.155232057540146343e+04
2.148676940654376813e+04
2.138409596050726032e+04
2.124651784028515613e+04
2.109892776025731655e+04
2.105558994975308451e+04
2.068214411991654561e+04
2.047721531074506129e+04
2.028651067806329957e+04
2.023489260863748859e+04
1.996430160552154848e+04
1.952789389200720325e+04
1.939645664502575164e+04
1.919236111863537371e+04
1.886268327856473843e+04
1.882938478171274983e+04
1.880044573152986777e+04
1.871871925629563339e+04
1.871403101544513993e+04
1.858800039784547334e+04
1.849309601326454504e+04
1.848816745663808979e+04
1.831268100181402042e+04
1.757852143385679665e+04
1.757336097255125787e+04
1.733012192494723058e+04
1.731090146642868422e+04
1.728001486566778840e+04
1.717450181327572136e+04
1.703173750218809801e+04
1.692965443898674130e+04
1.684450287630652019e+04
1.682769943563542256e+04
1.650228092259961704e+04
1.569889079138441048e+04
1.559992067126598340e+04
1.519861470813362575e+04
1.514512758419072270e+04
1.500307694861792515e+04
1.480534383305810297e+04
1.476875813795467184e+04
1.474980404369897587e+04
1.463944263091202629e+04
1.456547642557284780e+04
1.437989355234946925e+04
1.427951838215021598e+04
1.417279673056222600e+04
1.391906881485522172e+04
1.343014626846648753e+04
1.341188224282110423e+04
1.324150524017039243e+04
1.313380509469288154e+04
1.310015833237893094e+04
1.306661225452325198e+04
1.290127914752060315e+04
1.284188466575172606e+04
1.268395545294972726e+04
1.260321341196431058e+04
1.260153851074824343e+04
1.242298531808653388e+04
1.234163456665088961e+04
1.219224262733211253e+04
1.218478995950959870e+04
1.207529794058269363e+04
1.202305082024399962e+04
1.191401218797537695e+04
1.183413584962557252e+04
1.180632568616102617e+04
1.177841588016998321e+04
1.154941192744101136e+04
1.138024067911382190e+04
1.094651749990017015e+04
1.092425047945719780e+04
1.082545156720680097e+04
1.073507971488151816e+04
1.072945606795159438e+04
1.065368209044988726e+04
1.035248316354409872e+04
1.021975874384859344e+04
1.007693344852572955e+04
1.002188919663306297e+04
9.787066826269394369e+03
9.291448051553032201e+03
9.260311621810977158e+03
9.181464772363548036e+03
8.967485814967716578e+03
8.889927386289358765e+03
8.785584420400691670e+03
8.661820718657325415e+03
8.309690624399099761e+03
8.250213964183003554e+03
8.074013952879634417e+03
7.883376470567767683e+03
7.767585681246851891e+03
7.683363799504449162e+03
7.541888677722200555e+03
7.341251853630134065e+03
7.285421664011198118e+03
7.196945819631124323e+03
7.177996471900102733e+03
7.095988198328739600e+03
7.023158862068902636e+03
7.019336679433219615e+03
6.882516475746760989e+03
6.547611562464069721e+03
6.380701908856116461e+03
6.363404243304734337e+03
6.253202987631966607e+03
6.169876609800254300e+03
6.090315621142542113e+03
6.055779021294571976e+03
5.844005580123871368e+03
5.660431854112957808e+03
5.578175670018878009e+03
5.492187133543422533e+03
5.383967061494433437e+03
5.328817500000097425e+03
5.151065807105279418e+03
5.066034169209297943e+03
5.018360504047137510e+03
4.834183392895628458e+03
4.795075502295351725e+03
4.683116141167711248e+03
4.670343276150279053e+03
4.526811392989639899e+03
4.400177640885364781e+03
4.334882158868827901e+03
4.210908754280727408e+03
3.689872678856565472e+03
3.683198813902115035e+03
3.508520817386978706e+03
3.443483462348441662e+03
3.316072350097747403e+03
3.220105120830052329e+03
3.170160764356234722e+03
3.041063953593987208e+03
2.953778943272725883e+03
2.912605964401998335e+03
2.816690783189367721e+03
2.221543789201122308e+03
1.832465107603345132e+03
