7.893578768015806377e+07
6.729023908289328218e+07
6.336948868774411082e+07
6.324647600094319135e+07
6.155523827089975029e+07
6.131247661185277998e+07
6.068043295283005387e+07
6.005851729619944841e+07
5.927497651911912113e+07
5.840075361249847710e+07
5.725236124356400222e+07
5.694830852403967083e+07
5.659272536971639842e+07
5.358289281285979599e+07
5.232740499495574832e+07
4.897800052827543020e+07
4.847704198071181029e+07
4.844147987298484892e+07
4.834776240438758582e+07
4.815475883057230711e+07
4.787341898588093370e+07
4.758591761570741981e+07
4.741517753290388733e+07
4.703871522289337218e+07
4.586450102467302978e+07
4.556604044541405141e+07
4.519548085877808928e+07
4.405622222822001576e+07
4.389540077624765784e+07
4.349182022594583780e+07
4.305873805317696184e+07
4.291143970566163212e+07
4.230625844260270149e+07
4.223831225787027925e+07
4.183135320820233226e+07
4.125294475435455143e+07
4.116235204297386855e+07
4.115379412908332795e+07
4.100429908063232154e+07
4.099109400578095019e+07
4.026191577806275338e+07
3.966789324098440260e+07
3.960323242346676439e+07
3.928116152985742688e+07
3.927507997764901072e+07
3.919740446184773743e+07
3.885361924345972389e+07
3.876624423201727867e+07
3.861769128810378164e+07
3.850569806969702989e+07
3.815763092520501465e+07
3.788664993557276577e+07
3.765026794591100514e+07
3.718886455173132569e+07
3.698072778026878089e+07
3.681709701762264222e+07
3.666989753398406506e+07
3.644061807876361161e+07
3.631489449977561831e+07
3.613906289009526372e+07
3.556550624416479468e+07
3.555569809094220400e+07
3.541884892028649896e+07
3.538077956753606349e+07
3.510657238131889701e+07
3.477745656764784455e+07
3.469613151875922829e+07
3.427582361824826896e+07
3.403341983283096552e+07
3.365975564449105412e+07
3.344936018100663275e+07
3.333822059557870030e+07
3.293152627809967473e+07
3.255560693322367966e+07
3.248182207992253825e+07
3.220172057604096457e+07
3.205065726515365392e+07
3.192869246935178339e+07
3.187992895240110904e+07
3.181441197066614777e+07
3.174565267194500193e+07
3.170392803443111852e+07
3.149276898056150600e+07
3.132784515771494806e+07
3.131007606362804770e+07
3.125863467147317156e+07
3.122872041462028399e+07
3.106000248592067882e+07
3.100610165618607774e+07
3.099171835416317731e+07
3.097773440466517210e+07
3.096879622129332274e+07
3.091923169896160811e+07
3.064844581982644275e+07
3.051559711564688385e+07
3.024523631328201666e+07
3.004974576349414513e+07
2.964734464341262728e+07
2.937415559216897562e+07
2.925857026655393466e+07
2.918232650516255572e+07
2.908225420469366014e+07
2.869979203655537218e+07
2.853986670281134546e+07
2.827407675830437243e+07
2.805557334846487269e+07
2.792529307406439632e+07
2.782566502660529688e+07
2.774219594857132435e+07
2.769997968650682643e+07
2.768764355795618147e+07
2.767539498847214133e+07
2.765446626471948996e+07
2.763474797392581403e+07
2.755674163171789423e+07
2.753859195804028586e+07
2.753200832105783746e+07
2.752517519181178510e+07
2.750626347171702608e+07
2.739937937995527312e+07
2.722892165895638615e+07
2.705868202435269952e+07
2.692816382236522064e+07
2.672435962755109742e+07
2.663765041948411986e+07
2.655493410636950284e+07
2.648245333444136381e+07
2.642192185997409746e+07
2.632433839175868034e+07
2.626756660136479139e+07
2.599206189746989310e+07
2.593490115907244384e+07
2.587108399411999062e+07
2.582649123057247326e+07
2.574769842480239272e+07
2.567231085510218516e+07
2.566093314466017485e+07
2.563550611517549306e+07
2.562226795191534981e+07
2.558016991845875233e+07
2.553755548785724118e+07
2.536241573096809909e+07
2.527691174242903665e+07
2.520710423015838116e+07
2.509397385633974150e+07
2.496217982751266286e+07
2.483126538422178105e+07
2.467600816789511219e+07
2.456833050225635991e+07
2.449497437895169109e+07
2.428799352938948944e+07
2.424080431149855256e+07
2.409976681630902737e+07
2.406011810443411022e+07
2.400969271794173494e+07
2.397885047660420462e+07
2.377635633688902110e+07
2.351042985736351460e+07
2.349440155204284564e+07
2.341672226869530231e+07
2.338875534940004721e+07
2.326342083122108504e+07
2.320054300155266374e+07
2.315769420209535956e+07
2.303163980203537270e+07
2.287041636548535898e+07
2.274555797614081949e+07
2.261766441595285386e+07
2.259066050182592124e+07
2.255744597666427121e+07
2.252704002208399400e+07
2.251523056813129783e+07
2.244223751015603542e+07
2.239012372561249509e+07
2.231984160564940423e+07
2.221754729360865057e+07
2.211117371098629385e+07
2.205182920740598440e+07
2.199283442568749189e+07
2.180276746054665744e+07
2.164066561913712323e+07
2.156052732434484735e+07
2.141447716632524505e+07
2.124450540607433766e+07
2.110649815488362685e+07
2.108694535732182115e+07
2.099017102621090040e+07
2.096708735544869676e+07
2.088323658742785081e+07
2.074877857251447812e+07
2.071304168022304773e+07
2.070059102227603644e+07
2.067445745106204227e+07
2.064169995788040385e+07
2.058060300514606759e+07
2.054727976880262047e+07
2.047561265281071886e+07
2.043488239269807935e+07
2.041502497530644387e+07
2.034820546745877340e+07
2.022932966187831014e+07
2.012821672342497855e+07
2.007478031696854904e+07
2.005130472306026518e+07
2.001430049817930162e+07
1.989397894002345577e+07
1.982529668586623669e+07
1.973971709874871746e+07
1.966640397043061256e+07
1.962259991011634469e+07
1.956682076870040596e+07
1.953846366806720570e+07
1.947365490684443712e+07
1.947289749664925784e+07
1.944381302015808597e+07
1.941809192131770775e+07
1.939247176034758613e+07
1.923583790478513762e+07
1.920237203445584700e+07
1.911715621225260198e+07
1.902485852599599585e+07
1.902021837981250137e+07
1.885454225369217247e+07
1.880876423303455114e+07
1.874772365763887763e+07
1.870152078502571583e+07
1.866763186487290263e+07
1.863935619168002531e+07
1.856447337979732454e+07
1.854410817929916084e+07
1.851852151274674758e+07
1.843494439787036553e+07
1.834680147253574058e+07
1.831067090432698280e+07
1.828378938302291930e+07
1.825674819504018873e+07
1.824701850378390774e+07
1.823445383265131339e+07
1.820301985819121078e+07
1.813868580867550150e+07
1.800172655230480433e+07
1.795159529818917438e+07
1.793259322676984221e+07
1.788924583056087047e+07
1.786121233514540270e+07
1.783679144398466870e+07
1.774963170932426676e+07
1.774688649270474538e+07
1.772747842059468478e+07
1.772116958333115280e+07
1.768301960394882038e+07
1.766295381327577308e+07
1.764234242988546938e+07
1.756024019081240520e+07
1.753480545805045962e+07
1.747454356632363796e+07
1.739465615084688738e+07
1.736215783152060211e+07
1.733872110465193912e+07
1.733153414475151524e+07
1.729339797673433647e+07
1.718420468635600060e+07
1.713763942635300383e+07
1.711211449092680588e+07
1.702646318460607529e+07
1.698046224133942276e+07
1.694262335785030201e+07
1.687667929561439529e+07
1.680772292946612090e+07
1.674853680414698459e+07
1.670537021199897863e+07
1.669651659066315554e+07
1.668936466703080200e+07
1.668322020579639822e+07
1.667810960758845508e+07
1.660406650642637536e+07
1.653665559207408689e+07
1.647512771796290576e+07
1.644842034778937139e+07
1.644530774463011511e+07
1.642638114286203124e+07
1.638815029876811802e+07
1.635078789667722769e+07
1.634126930767025240e+07
1.627852834618953802e+07
1.627419806275661290e+07
1.621049160938041843e+07
1.616153542723839730e+07
1.609979404694770090e+07
1.604939286734896526e+07
1.601156300617897511e+07
1.594552550186774693e+07
1.586169444055225141e+07
1.585388572862372175e+07
1.581752703387453593e+07
1.578167677703589387e+07
1.577114424769817851e+07
1.575469994547931664e+07
1.573684687391744182e+07
1.565813766527332366e+07
1.562145999809141643e+07
1.558485345662266947e+07
1.556732019093265571e+07
1.554954678285598196e+07
1.546351827179338597e+07
1.543878696062527224e+07
1.543405738716742210e+07
1.542840297236941010e+07
1.541814962207928114e+07
1.536629853915346228e+07
1.536064182289509103e+07
1.534687080966204219e+07
1.534397514194070175e+07
1.529139172687772103e+07
1.525879889614552446e+07
1.523367802733803540e+07
1.517427183440735005e+07
1.511513353839759156e+07
1.509471352724903822e+07
1.508470414271249250e+07
1.507977934486589581e+07
1.507812555675750785e+07
1.507145607155971415e+07
1.500966219714223407e+07
1.497464295565689169e+07
1.489711200042107329e+07
1.485937990291081928e+07
1.483676861577516235e+07
1.483328247279620916e+07
1.479370411883523315e+07
1.479226548729635403e+07
1.479104655225896277e+07
1.478371158367116563e+07
1.474256680701199174e+07
1.472523131239244714e+07
1.471736977265913039e+07
1.467026194064694270e+07
1.462484560069900006e+07
1.454464534557986632e+07
1.452432887761747651e+07
1.447363452236171812e+07
1.437381038326957263e+07
1.431681579008612595e+07
1.430118805441948213e+07
1.428137203487000614e+07
1.425860922174829245e+07
1.422522256009772420e+07
1.418690651052058488e+07
1.414501568047224171e+07
1.414281740590663441e+07
1.414025891571186669e+07
1.413479573522382975e+07
1.412184992345604300e+07
1.408444335183767974e+07
1.406465047838660888e+07
1.389117200212225132e+07
1.387757027427203208e+07
1.384586351259409264e+07
1.384218644680937566e+07
1.382016472707953863e+07
1.375051600929256715e+07
1.371735609132206626e+07
1.367654474063157290e+07
1.364941852479552478e+07
1.356927365876182914e+07
1.353910665398542024e+07
1.353411132510927878e+07
1.353063000292214379e+07
1.352267069333625026e+07
1.351147335167614743e+07
1.344702761042235792e+07
1.343998554140905105e+07
1.338910450378865004e+07
1.336412132457320765e+07
1.333655899973815307e+07
1.326176343789927848e+07
1.323140884197028726e+07
1.322882083153561689e+07
1.310331627826097794e+07
1.308899690292023495e+07
1.306557348306916840e+07
1.303755196611014381e+07
1.298504878711579740e+07
1.296360653880206123e+07
1.290019247627880424e+07
1.289012246017946489e+07
1.286454761960556358e+07
1.280464675105254725e+07
1.279382819245840050e+07
1.278802638461727276e+07
1.276631485239958763e+07
1.274911497454262711e+07
1.271850559012757987e+07
1.269573657613738067e+07
1.264732737400037423e+07
1.262154623526493832e+07
1.256514489280510321e+07
1.255625536424627714e+07
1.254753451563825458e+07
1.254295403305629268e+07
1.253056364043728262e+07
1.251702340499398299e+07
1.244285868720449135e+07
1.241556731621870026e+07
1.239217519395225309e+07
1.235979180030304380e+07
1.234784247439159453e+07
1.232152259957253933e+07
1.229243995760852657e+07
1.228623162929003313e+07
1.227474122275881469e+07
1.226484619040824287e+07
1.224497661009890959e+07
1.222608526886469498e+07
1.221948614719649777e+07
1.219245204554455169e+07
1.213509481061761454e+07
1.208993399475501850e+07
1.207374667793146521e+07
1.205458725094754063e+07
1.198060410631448589e+07
1.192832913354867510e+07
1.192417924983025715e+07
1.188879411954253353e+07
1.187005641208772734e+07
1.182542561414647102e+07
1.181843578740318306e+07
1.180929425424528122e+07
1.180256398927299865e+07
1.176420645578394830e+07
1.175992760858579166e+07
1.172247567438504286e+07
1.166297851808771491e+07
1.164019038064180315e+07
1.163434677763227932e+07
1.162095905700775050e+07
1.158542356733144447e+07
1.155263134669600986e+07
1.154509145587154292e+07
1.153729203617510013e+07
1.149807615869923308e+07
1.140777140847155638e+07
1.137536855705315992e+07
1.136035314423551597e+07
1.135334859836442210e+07
1.129912986414000392e+07
1.125014235898985527e+07
1.119303040115702525e+07
1.118384776382231899e+07
1.117010335113992915e+07
1.116543817459147237e+07
1.115337852063764259e+07
1.110048661401907727e+07
1.109822288643766008e+07
1.107033215315092914e+07
1.106421086038897187e+07
1.100567226520782709e+07
1.097420809394717962e+07
1.096551775444074720e+07
1.093762324131633900e+07
1.088821303070202470e+07
1.087188203981581330e+07
1.082003156386094727e+07
1.078631763690461591e+07
1.076402576314399391e+07
1.074039483502911963e+07
1.071330387632572651e+07
1.070381705901158787e+07
1.069294555408734828e+07
1.067486557898630016e+07
1.066718317754679918e+07
1.064109027080325037e+07
1.059433950303524919e+07
1.057263171126318723e+07
1.056247720950808749e+07
1.054795455167048797e+07
1.053478623667917214e+07
1.052663734906425700e+07
1.052194078275981545e+07
1.051321476539324597e+07
1.049614421683876775e+07
1.049072387930707633e+07
1.048725889898844063e+07
1.048227429355750233e+07
1.047595576369802654e+07
1.042837664454806596e+07
1.042036702700779960e+07
1.038660457377713174e+07
1.037118655232910253e+07
1.036574298366823792e+07
1.035914154552816041e+07
1.033584166158803739e+07
1.033568120866009779e+07
1.033488991775570437e+07
1.033450397578727081e+07
1.028243315956640802e+07
1.027609442611233145e+07
1.026102314261678793e+07
1.025252836229073815e+07
1.015935213746640086e+07
1.014507981763623469e+07
1.013135001548516378e+07
1.011090927074865624e+07
1.007767887629262172e+07
1.005213956197925843e+07
1.003753973500924371e+07
1.003539697848957963e+07
1.003498645670520328e+07
1.003297968554546684e+07
1.002067305297815427e+07
9.995048775867646560e+06
9.984465267209237441e+06
9.923583931072298437e+06
9.918269205998184159e+06
9.906970692016255111e+06
9.902845558816215023e+06
9.870191197218440473e+06
9.861174436476672068e+06
9.854653550027517602e+06
9.819166182421958074e+06
9.811962477179171517e+06
9.802189243105545640e+06
9.788154163354279473e+06
9.777835991822713986e+06
9.770772518986562267e+06
9.761605654084922746e+06
9.760181926230035722e+06
9.754274693243848160e+06
9.747222068876912817e+06
9.746604463483484462e+06
9.743303414840877056e+06
9.716680883343202993e+06
9.704777540861746296e+06
9.700998274581357837e+06
9.694615591517107561e+06
9.692361788016567007e+06
9.676176538585102186e+06
9.672047957506502047e+06
9.652176341746022925e+06
9.616012711955707520e+06
9.607690411488529295e+06
9.568601360853085294e+06
9.470660432479556650e+06
9.439480184905616567e+06
9.422558032516688108e+06
9.395900432644486427e+06
9.387948171469857916e+06
9.371295408718029037e+06
9.353982621625017375e+06
9.342597567333655432e+06
9.322163670129673555e+06
9.300295639029437676e+06
9.277790700703291222e+06
9.257601926781849936e+06
9.238594394967906177e+06
9.231546795862767845e+06
9.211375472714416683e+06
9.182893123966980726e+06
9.178497928423408419e+06
9.175229600526668131e+06
9.169291239417370409e+06
9.164163473865158856e+06
9.163359793555548415e+06
9.147376508202932775e+06
9.140137030790677294e+06
9.095284913305845112e+06
9.093273409636681899e+06
9.089130520282052457e+06
9.044334805682433769e+06
9.038449315900856629e+06
9.026707249178215861e+06
9.002093681519366801e+06
8.957085596134858206e+06
8.956190070548778400e+06
8.955386378600429744e+06
8.954121427200714126e+06
8.915556102834092453e+06
8.897983282761456445e+06
8.892712247805621475e+06
8.889273102177441120e+06
8.873466592344593257e+06
8.871183595048394054e+06
8.794208017771774903e+06
8.779579677899319679e+06
8.766076175157306716e+06
8.750384717635357752e+06
8.741272372523015365e+06
8.735292852347658947e+06
8.723203323570653796e+06
8.714181009251525626e+06
8.703358738837121055e+06
8.687024628540292382e+06
8.682182399144493043e+06
8.649862216684801504e+06
8.645991734471252188e+06
8.634184626022670418e+06
8.612673735653055832e+06
8.611443864225208759e+06
8.600458355241071433e+06
8.588497660048101097e+06
8.561345502688387409e+06
8.558970077788695693e+06
8.553436048113647848e+06
8.538570403546361253e+06
8.512419010689780116e+06
8.503947868552016094e+06
8.497107237448165193e+06
8.472515904748324305e+06
8.417277609040038660e+06
8.413195015635050833e+06
8.392435288764655590e+06
8.328697263435825706e+06
8.317623825952688232e+06
8.298556912749954499e+06
8.294859219544703141e+06
8.284438004037377425e+06
8.242546445057054050e+06
8.226342251635401510e+06
8.210362010165869258e+06
8.199604663588289171e+06
8.163824372926442884e+06
8.162357019630140625e+06
8.157088583891976625e+06
8.118235117841945961e+06
8.106929236562387086e+06
8.098470497425981797e+06
8.093483523178119212e+06
8.084115940229238942e+06
8.055438325962466188e+06
8.039203793941220269e+06
8.031016875938449986e+06
8.017895867776729167e+06
7.994432770169948228e+06
7.964336131611433811e+06
7.962565210416989401e+06
7.942475715741587803e+06
7.939164516690352000e+06
7.905119098235000856e+06
7.895675700582975522e+06
7.890345046485783532e+06
7.872169829418811016e+06
7.861585966352939606e+06
7.858519988406890072e+06
7.831280048442901112e+06
7.802153254880364984e+06
7.799125955301106907e+06
7.793864483687703498e+06
7.762409142124110833e+06
7.742955556676763110e+06
7.732557056747348048e+06
7.722413197067003697e+06
7.717824485791598447e+06
7.710997627322317101e+06
7.685502652737832628e+06
7.680141018070267513e+06
7.670736480797236785e+06
7.616511287263083272e+06
7.607857139975764789e+06
7.604554102688219398e+06
7.602546491753787734e+06
7.601849718517558649e+06
7.560341222153695300e+06
7.558172580475058407e+06
7.554422809992248192e+06
7.530030209467686713e+06
7.516324131076034158e+06
7.515726796978402883e+06
7.503757110096085817e+06
7.496438180630929768e+06
7.492621333984673023e+06
7.481612220742357895e+06
7.477088285461585969e+06
7.435054237390279770e+06
7.429375561649749056e+06
7.415755928598218597e+06
7.412537525910930708e+06
7.396718051643731073e+06
7.389744564048497006e+06
7.337801076204407960e+06
7.324109782663806342e+06
7.318812437635699287e+06
7.310837374839204364e+06
7.303893964597727172e+06
7.287982104611373506e+06
7.284384028401238844e+06
7.282145555696982890e+06
7.228041939342859201e+06
7.221389714843099006e+06
7.216751123261614703e+06
7.211588282973714173e+06
7.162268831259761006e+06
7.155487195994955488e+06
7.153857230258171447e+06
7.138681377786041237e+06
7.114263584793392569e+06
7.100916839843390509e+06
7.095895553216080181e+06
7.094071874920671806e+06
7.072365373685880564e+06
7.050689822467104532e+06
7.022956210731488653e+06
7.015687079436420463e+06
7.006099201445009559e+06
6.996804848885617219e+06
6.952598366174381226e+06
6.950178340290490538e+06
6.939622216244849376e+06
6.933687492658658884e+06
6.918906088255306706e+06
6.904667574577100575e+06
6.893230253122536466e+06
6.890910576523667201e+06
6.889571256279849447e+06
6.875646807278745808e+06
6.864663263149100356e+06
6.861255461024299264e+06
6.810734306582354009e+06
6.797278518791862763e+06
6.794061600519847125e+06
6.790108417400208302e+06
6.766243043217044324e+06
6.752884703375582583e+06
6.751576316316989250e+06
6.742845847104256041e+06
6.712086877436896786e+06
6.702657568184153177e+06
6.700219176614370197e+06
6.693443335422871634e+06
6.680811065631987527e+06
6.668346360652013682e+06
6.661075901912121102e+06
6.654593870973292738e+06
6.649460995182994753e+06
6.644791587356767617e+06
6.622721709606818855e+06
6.613610737439081073e+06
6.609169470274593681e+06
6.589543915383776650e+06
6.541212837041336112e+06
6.519148182222920470e+06
6.517148611394917592e+06
6.510886181866087019e+06
6.503915567737349309e+06
6.478580810822899453e+06
6.466533941607705317e+06
6.463058252012579702e+06
6.448338502366023138e+06
6.403098789786097594e+06
6.394917856269928627e+06
6.379692672892579809e+06
6.359169975792766549e+06
6.355979885374333709e+06
6.350790382061123848e+06
6.344709988041163422e+06
6.325920346262986772e+06
6.321402839127783664e+06
6.307669785844771191e+06
6.280222662394989282e+06
6.276040107447915711e+06
6.271980301504574716e+06
6.263063141128942370e+06
6.249815540532256477e+06
6.238039049128500745e+06
6.194362043501763605e+06
6.189147410861290060e+06
6.178205586244287901e+06
6.165744066395389847e+06
6.162226674498400651e+06
6.138840682326127775e+06
6.114643716316488571e+06
6.111195338398571126e+06
6.107242163227149285e+06
6.074243876419176348e+06
6.063948317470138893e+06
6.061725332354062237e+06
6.052050262460233644e+06
6.044369925901173614e+06
6.031152122634165920e+06
6.020167177045527846e+06
6.009498076717710122e+06
5.998369510620972142e+06
5.973827702458807267e+06
5.969443363198293373e+06
5.961395938563647680e+06
5.938504111437665299e+06
5.919301658516155556e+06
5.907843114927609451e+06
5.901449094387017190e+06
5.899548651013832539e+06
5.891622239686080255e+06
5.883312476809087209e+06
5.864075108580440283e+06
5.814942042148720473e+06
5.800895286170719191e+06
5.794545590856879018e+06
5.789302866529130377e+06
5.771775018582773395e+06
5.759772225877114572e+06
5.740904292612143792e+06
5.719159700482165441e+06
5.701573558964941651e+06
5.694966388595406897e+06
5.675279048215934075e+06
5.657794489152966999e+06
5.653006259186731651e+06
5.648782335111509077e+06
5.636940506001411937e+06
5.627055161442317069e+06
5.606239785963847302e+06
5.602392275526507758e+06
5.594440186983685941e+06
5.593052110757738352e+06
5.568894771434519440e+06
5.557480568264889531e+06
5.513214949553671293e+06
5.511152457072961144e+06
5.506530345395237207e+06
5.501204577792358585e+06
5.489513433919537812e+06
5.484574830713740550e+06
5.468733628039936535e+06
5.422663024901019409e+06
5.407202789411524311e+06
5.388912226703684777e+06
5.382219879342215136e+06
5.378379904097814113e+06
5.369558479374192655e+06
5.363742523222110234e+06
5.353866228685248643e+06
5.347569779368827119e+06
5.317549154929827899e+06
5.313627559482467361e+06
5.296858485298864543e+06
5.293678612687478773e+06
5.288577108915563673e+06
5.288308602170861326e+06
5.258681491278626956e+06
5.248577242657847703e+06
5.247880987460473552e+06
5.235232421717560850e+06
5.216411359609371051e+06
5.209587319985185750e+06
5.207988276154441759e+06
5.196801927965645678e+06
5.191985579673256725e+06
5.163445867778992280e+06
5.159971544348672032e+06
5.133876025042378344e+06
5.121251428995158523e+06
5.116928624520756304e+06
5.112680740189472213e+06
5.094377338237644173e+06
5.084394282618798316e+06
5.073640497160560451e+06
5.067509011277255602e+06
5.043854571848431602e+06
5.025205470787265338e+06
5.010264019867566414e+06
5.001624270072392188e+06
4.996435920147550292e+06
4.980839634891184978e+06
4.977576568195249885e+06
4.969277532861518674e+06
4.966375706452561542e+06
4.964022687106051482e+06
4.915987729659819975e+06
4.913860992391790263e+06
4.886193050499819219e+06
4.874893528629335575e+06
4.872441260848065838e+06
4.837616463513529859e+06
4.813165034199940972e+06
4.811049667956321500e+06
4.807680525302873924e+06
4.793356183697567321e+06
4.781211335758912377e+06
4.774669206142672338e+06
4.738899905077994801e+06
4.719035384587580338e+06
4.717707347009860910e+06
4.712446367359503172e+06
4.701995593519045971e+06
4.690838707616578788e+06
4.673909159629984759e+06
4.658827502908539027e+06
4.645539959679340012e+06
4.641498692575689405e+06
4.627237340943724848e+06
4.621050726830720901e+06
4.610607243109840900e+06
4.595696723110566847e+06
4.589361948958424851e+06
4.558691620578412898e+06
4.555884073172983713e+06
4.544845397162506357e+06
4.529338272935792804e+06
4.517830147214341909e+06
4.515434966642941348e+06
4.510635751023702323e+06
4.504635309496192262e+06
4.479622304788747802e+06
4.478094817601010203e+06
4.472707474608830176e+06
4.447362622885761783e+06
4.424221549865894020e+06
4.404479319135676138e+06
4.389113441706712358e+06
4.386842332699964754e+06
4.372730805222492665e+06
4.357808526620046236e+06
4.348745542023759335e+06
4.346625540947523899e+06
4.317842645656652749e+06
4.309268200856138021e+06
4.294823181470513344e+06
4.284583744157816283e+06
4.268327156133092940e+06
4.266564959699950181e+06
4.262973098042530939e+06
4.229879235859240405e+06
4.227659824962153099e+06
4.224685623460515402e+06
4.214993834377848543e+06
4.188155501705667470e+06
4.179728145049812738e+06
4.176928263915622607e+06
4.174703163100488484e+06
4.142708464063486084e+06
4.126909927111245692e+06
4.103952907822635956e+06
4.101320857476328034e+06
4.091641440244477242e+06
4.074207481115674134e+06
4.062011181919110008e+06
4.056278222557657398e+06
4.029026861840007361e+06
4.024868661385477055e+06
4.017610282174255699e+06
3.997390150850340258e+06
3.995246376333403867e+06
3.987597722494677175e+06
3.982502774864750449e+06
3.966413572967478540e+06
3.943735581868333742e+06
3.936723173835475463e+06
3.932646467850863468e+06
3.903181064430374652e+06
3.887209695140643045e+06
3.867091390508905519e+06
3.865926702946452890e+06
3.850339151148948818e+06
3.842780995778304990e+06
3.839144484326550271e+06
3.833950192684439477e+06
3.828066129543378949e+06
3.814910856392212212e+06
3.809687283789248671e+06
3.804392124217574019e+06
3.789293450477276929e+06
3.785856483219875954e+06
3.746618888370756060e+06
3.737070509700492956e+06
3.704381012253494933e+06
3.695414353216245770e+06
3.688151094569533598e+06
3.685838142762316391e+06
3.674106445171843283e+06
3.657617188315338455e+06
3.652203326676311437e+06
3.644980378764668014e+06
3.630632174057077151e+06
3.624414879889851902e+06
3.559311861903298646e+06
3.553608643892231397e+06
3.537161160038873553e+06
3.527741224117820617e+06
3.518559178391218651e+06
3.507582427755108103e+06
3.499523087653728202e+06
3.484498886205437128e+06
3.467824380830829963e+06
3.465709095446215943e+06
3.457017678024729248e+06
3.453903805283665191e+06
3.431753818284946028e+06
3.421195224608398043e+06
3.413492142655919772e+06
3.407917279627368785e+06
3.401297514006802812e+06
3.390938380277923774e+06
3.385856087405240629e+06
3.381062467846137006e+06
3.374342391354639549e+06
3.352488846183720976e+06
3.342709612383791711e+06
3.337691148303744383e+06
3.319015995546773542e+06
3.306226529957800172e+06
3.287477263785963878e+06
3.279174148968674242e+06
3.248531619355325121e+06
3.239405699840300251e+06
3.233318489242721349e+06
3.228918508366218302e+06
3.204299533524876460e+06
3.189151458007285837e+06
3.173956222056996543e+06
3.152242219961672556e+06
3.148313453272852581e+06
3.138105970980311744e+06
3.133788088522570673e+06
3.128079819955360610e+06
3.107004349345542490e+06
3.099909730578307994e+06
3.078963032165521290e+06
3.077095316610940266e+06
3.068577004677973222e+06
3.034167138819426298e+06
3.026103836687474977e+06
3.024853899855154101e+06
3.014032987973438576e+06
3.003241876879816409e+06
2.996911386917796452e+06
2.981353884254513774e+06
2.968718400578240398e+06
2.951726361993874423e+06
2.943241541714125779e+06
2.941766746218168642e+06
2.934757095731434412e+06
2.923619497471933719e+06
2.917501806935025845e+06
2.904242133442198858e+06
2.897390725769108161e+06
2.862871637349155731e+06
2.860559014013951644e+06
2.846534145967277233e+06
2.836282072036657948e+06
2.832847200624239631e+06
2.827550419833978172e+06
2.821760868657434359e+06
2.813736363102835603e+06
2.785718706308352761e+06
2.767326687692526728e+06
2.758326812362567987e+06
2.745482978717379738e+06
2.736332571355291177e+06
2.734369168209802825e+06
2.720359653108275495e+06
2.703932040074100718e+06
2.695689972196964081e+06
2.693121388662882149e+06
2.680795709412753116e+06
2.669026751824549399e+06
2.653043447731476743e+06
2.652580650722585618e+06
2.643408897915868089e+06
2.622870429465280846e+06
2.620918732862641104e+06
2.616578985928100999e+06
2.591222141854051966e+06
2.587593589712822344e+06
2.583021187451470643e+06
2.573322626568108331e+06
2.553465526371820830e+06
2.542173596626918297e+06
2.521459165953180753e+06
2.518010845001174137e+06
2.513267631441035774e+06
2.508982446216214914e+06
2.504680583497819956e+06
2.500521665381038096e+06
2.483418365769405384e+06
2.461642929586307611e+06
2.456983676551519893e+06
2.456341506371682044e+06
2.430916275002356153e+06
2.428108651147375815e+06
2.407590738260016777e+06
2.404383834423822351e+06
2.393839304717721883e+06
2.382829263734652195e+06
2.370905009155613836e+06
2.362363514987091068e+06
2.351494505596379284e+06
2.346898114243968856e+06
2.327395720945297275e+06
2.320416648676280398e+06
2.313063116994421463e+06
2.308284898534543812e+06
2.302870475484821945e+06
2.298692550982443150e+06
2.289005180898494553e+06
2.263862748469085898e+06
2.258944318657608703e+06
2.252699441002018284e+06
2.239687747817696538e+06
2.228600415725095663e+06
2.212820275047349278e+06
2.199910155483884737e+06
2.195437405643919017e+06
2.187042236963244621e+06
2.180047881534243003e+06
2.171084254902780522e+06
2.160450411359028891e+06
2.152611454423661809e+06
2.140905174786610994e+06
2.139819660828000866e+06
2.128998746933986899e+06
2.127744528566990048e+06
2.108334163672538474e+06
2.101335185500661377e+06
2.096268479352267226e+06
2.088949851739638485e+06
2.085358635129036149e+06
2.079723793541681953e+06
2.078579568644947372e+06
2.059593291790238814e+06
2.055458830303772818e+06
2.048225796384349233e+06
2.039052448807169450e+06
2.027439725670784479e+06
2.021304160339021822e+06
2.014261214048723225e+06
1.994424534359229030e+06
1.993411949243186507e+06
1.987552689378893469e+06
1.985765560616692062e+06
1.969133374243186321e+06
1.964957738458434353e+06
1.947861755724017043e+06
1.943240201854801737e+06
1.934197427500601858e+06
1.927376233339886414e+06
1.919400110269887373e+06
1.915661806565088918e+06
1.910220415005763527e+06
1.898642886367361294e+06
1.893630650463050231e+06
1.887051322881130734e+06
1.882462680408504792e+06
1.875980782191685867e+06
1.848282068391593639e+06
1.843880307701097568e+06
1.838997059629705269e+06
1.832510694733497221e+06
1.824170246173387161e+06
1.821573512592946645e+06
1.806960477858268656e+06
1.805147193118532421e+06
1.793567143675461644e+06
1.772424221518978709e+06
1.771285507711844984e+06
1.768430267837554216e+06
1.766272205985243432e+06
1.748044969832762610e+06
1.745659266614036169e+06
1.737230401295620482e+06
1.732019688403010136e+06
1.727729301024803426e+06
1.721096980892447289e+06
1.715964534528955817e+06
1.700721323146784678e+06
1.699679529036843916e+06
1.690694745997093152e+06
1.684381651833897689e+06
1.679480218979782891e+06
1.669935674516657833e+06
1.647541615262675332e+06
1.622095296443241183e+06
1.611250727537035476e+06
1.605707565217253286e+06
1.600389823161839275e+06
1.599015502435557311e+06
1.591100620516879251e+06
1.579072641783448867e+06
1.577222883714922005e+06
1.566220192821937846e+06
1.561960754941549152e+06
1.557890433797337580e+06
1.553163480055971304e+06
1.552167374187154463e+06
1.542445027439421276e+06
1.534619508575679036e+06
1.527714817198364763e+06
1.519807680043786997e+06
1.516079012006857432e+06
1.490580443296409678e+06
1.483952717088795500e+06
1.465213208908466622e+06
1.459623193316521822e+06
1.450668249140714761e+06
1.445966702880731085e+06
1.443237656999417115e+06
1.439808098404822638e+06
1.432476944322244730e+06
1.428935333287005546e+06
1.416667150511199376e+06
1.413254325065410929e+06
1.400213930946656503e+06
1.384911502680320526e+06
1.382303365853759227e+06
1.372882678178469650e+06
1.366378626666673692e+06
1.360010503652809421e+06
1.344420883953918936e+06
1.340068003824442625e+06
1.336998550467237597e+06
1.319546998979636934e+06
1.307122632547911722e+06
1.299860446621197974e+06
1.296227429609338287e+06
1.284736029020056827e+06
1.281443353390059667e+06
1.276650403611169662e+06
1.274427808969435515e+06
1.272223310527013848e+06
1.254454591002749745e+06
1.247128543904886115e+06
1.245363515484622912e+06
1.237098014284895267e+06
1.229917633744722698e+06
1.218639184850719990e+06
1.210604747298820643e+06
1.207793852108611958e+06
1.203538863508409588e+06
1.190136759143343894e+06
1.179956408652181504e+06
1.178090558281078003e+06
1.168707170088181971e+06
1.168369571855092887e+06
1.165303738170285942e+06
1.151167808907276718e+06
1.148938659940751968e+06
1.146345811930092052e+06
1.138395489674300188e+06
1.134643992017733864e+06
1.124446575468797702e+06
1.118609113985523349e+06
1.111775253657700494e+06
1.104547831184566719e+06
1.092007649861956481e+06
1.087195542253165040e+06
1.081010236691998783e+06
1.078159593660122482e+06
1.067268752732983790e+06
1.057877821989086922e+06
1.052618752389999572e+06
1.042511396882832167e+06
1.036742167425713502e+06
1.029672624343959033e+06
1.022499877817266504e+06
1.011998327622578363e+06
1.009633230864344514e+06
1.000976064370984794e+06
9.987342924207337201e+05
9.924442140208736528e+05
9.857227073310300475e+05
9.792852000933706295e+05
9.665241578455010895e+05
9.622331917602738831e+05
9.586395685008907458e+05
9.574928664934741100e+05
9.528410156736340141e+05
9.486994846987446072e+05
9.426614689934183843e+05
9.379923467276160372e+05
9.263499039749974618e+05
9.203213947372453986e+05
9.166187578370689880e+05
9.055310645657405257e+05
9.035949829765425529e+05
8.964523478269139305e+05
8.853278434889484197e+05
8.845603002627755050e+05
8.748052494486428332e+05
8.732585653685755096e+05
8.696969376037735492e+05
8.581516876372557599e+05
8.569398878049982013e+05
8.399478449523139279e+05
8.374562708488230128e+05
8.354266101385827642e+05
8.185739303738890449e+05
8.173977072874968871e+05
8.096294943180596456e+05
8.076121522777284263e+05
7.967572392175832065e+05
7.890038669213860994e+05
7.869481113436979940e+05
7.788482721391114173e+05
7.762316587096059229e+05
7.742213852786507923e+05
7.630511366649316624e+05
7.587153214912818512e+05
7.567927307431761874e+05
7.551375128111018566e+05
7.495396581225917907e+05
7.397756179837791715e+05
7.326499702030067565e+05
7.317238039036407135e+05
7.290862040630331030e+05
7.186397040075805271e+05
7.074932357647942845e+05
7.000909174847513204e+05
6.925906804147288203e+05
6.886276571683291113e+05
6.850703022177880630e+05
6.848448319323693868e+05
6.779911294989944436e+05
6.744140066383453086e+05
6.592184897838174365e+05
6.511897134050236782e+05
6.468609202491779579e+05
6.409174080644946080e+05
6.382050349758352386e+05
6.327863041476946091e+05
6.273001394487282960e+05
6.090089870504885912e+05
6.065285772315108916e+05
6.052491660393767525e+05
5.984031242505011614e+05
5.933557441211354453e+05
5.866454398962288396e+05
5.735634911889202194e+05
5.733988774507670896e+05
5.695590337281045504e+05
5.620473180154056754e+05
5.489823647028330015e+05
5.470563668654786889e+05
5.395934841885127826e+05
5.380369635524890618e+05
5.183684150274128770e+05
5.151942811545000877e+05
5.100399270367450663e+05
4.972396888826686190e+05
4.923533171788404579e+05
4.861104678172511631e+05
4.774892689252200653e+05
4.602048053007878480e+05
4.561473954050968750e+05
4.547331863864422194e+05
4.528461106130416738e+05
4.460558112590353121e+05
4.444835850755834836e+05
4.340197229780161288e+05
4.296296101271257503e+05
4.276972492695908877e+05
4.146457808538330137e+05
4.131944503907077597e+05
4.068261521931242896e+05
3.976265117134287138e+05
3.953822476465104846e+05
3.919913444120954373e+05
3.772067334442391875e+05
3.738128896595978294e+05
3.720149720149054192e+05
3.636676614580134046e+05
3.603982520290316315e+05
3.539316749680700595e+05
3.455358198319456424e+05
3.440555902753809351e+05
3.330220389640485519e+05
3.285044769187985803e+05
3.233866207864321186e+05
3.221961855653064558e+05
3.014561001815547352e+05
3.002506416729518096e+05
2.941910138802734436e+05
2.867322727022964391e+05
2.818867948684622534e+05
2.764275521062978078e+05
2.538008564226140734e+05
2.475355573946851364e+05
2.462480135433874384e+05
2.436514359251589340e+05
2.350398199833294493e+05
2.262329506179113232e+05
2.174876477177719935e+05
2.167104224759531789e+05
2.055898616082725057e+05
2.035138221630813787e+05
1.951259175047707686e+05
1.901528130864382838e+05
1.864938864353167883e+05
1.841561337035847246e+05
1.768103703031255282e+05
1.751356803979735705e+05
1.734060246895599703e+05
1.721565912173217221e+05
1.583773020915417001e+05
1.562469015570053307e+05
1.480611543459015666e+05
1.462530025096051977e+05
1.448918883869865385e+05
1.260799488093235268e+05
1.135000064733338077e+05
9.863838522319617914e+04
9.731222411132106208e+04
8.517945295915310271e+04
8.278064354565856047e+04
7.631557590764653287e+04
6.916509766961587593e+04
6.817670210676772695e+04
6.075387949695962016e+04
5.405118577047977305e+04
5.219938071012896398e+04
4.990220173215311661e+04
4.476706393833738548e+04
4.122987424421672767e+04
3.935001738546897104e+04
3.676720795911295863e+04
3.350859557281863817e+04
3.178916062535324818e+04
2.842530871908555127e+04
2.810394272076642665e+04
2.669655734166129696e+04
