1.030605457803837210e+07
8.784692881023192778e+06
8.273733192383304238e+06
8.258161245738004334e+06
8.036720296885361895e+06
8.004851980239659548e+06
7.922478792227529921e+06
7.845210589509290643e+06
7.740411335223113187e+06
7.626103145266218111e+06
7.476602967390296049e+06
7.437524788436023518e+06
7.390008367859520018e+06
6.996120813208146021e+06
6.837133543873453513e+06
6.396410686139380559e+06
6.333364450952076353e+06
6.328765704333418980e+06
6.314563078946609981e+06
6.291418978795129806e+06
6.252032582758652046e+06
6.215157701054708101e+06
6.191840788722744212e+06
6.142067755790318362e+06
5.994833709253856912e+06
5.952592602595713921e+06
5.903588601723017171e+06
5.755545256366144866e+06
5.735358568870059215e+06
5.682366743222673424e+06
5.622575399239216931e+06
5.607423220983930863e+06
5.544230212163116783e+06
5.521531441306731664e+06
5.468735562885980122e+06
5.398021127286571078e+06
5.384564460285408422e+06
5.383268444036718458e+06
5.362179503837734461e+06
5.353172761145750061e+06
5.257925365696149878e+06
5.182423991055106744e+06
5.179745840969126672e+06
5.134963559733247384e+06
5.134329337528468110e+06
5.123234315013444051e+06
5.079909203152919188e+06
5.067548823727964424e+06
5.048894758006061427e+06
5.033417533200646751e+06
4.985841307311379351e+06
4.956247466932906769e+06
4.920321095008607954e+06
4.859963486882861704e+06
4.834786904251357540e+06
4.812184275358126499e+06
4.794494133543298580e+06
4.762253734461744316e+06
4.744781121228559874e+06
4.724074897675087675e+06
4.650895533169477247e+06
4.649537835897673853e+06
4.635061656721445732e+06
4.628116317927449010e+06
4.589293777514048852e+06
4.546804137597801164e+06
4.535414312783527188e+06
4.483585477259722538e+06
4.450116342015388422e+06
4.407754317267304286e+06
4.378616122133122757e+06
4.360933913281466812e+06
4.311532585273543373e+06
4.271440787314796820e+06
4.255859471205119975e+06
4.221445144525206648e+06
4.196371842080550268e+06
4.183381208196633030e+06
4.176780584768888541e+06
4.169781516239428893e+06
4.158651144223128445e+06
4.148573024987670127e+06
4.128362863468481228e+06
4.120398896583354101e+06
4.107875887231196743e+06
4.102891703807063866e+06
4.098529370766492561e+06
4.068743421802960802e+06
4.065851719696511514e+06
4.063057560763280839e+06
4.059399088371125516e+06
4.059332266822000965e+06
4.054314925115133636e+06
4.017369730803926941e+06
4.006983894635840785e+06
3.957616323942136485e+06
3.936601894644990098e+06
3.880211886103877798e+06
3.845470743665875401e+06
3.832792190425039269e+06
3.826526932235592511e+06
3.807664205344782677e+06
3.753705342357203830e+06
3.742992599280336872e+06
3.699592693876667880e+06
3.683128079657900147e+06
3.663532254490198568e+06
3.655436516659400892e+06
3.651720963828956243e+06
3.649708763026717585e+06
3.647375576356291771e+06
3.639558954197805841e+06
3.637277973805065732e+06
3.634102967468503863e+06
3.625363749920077156e+06
3.624164165380882565e+06
3.619730203295670915e+06
3.617937759479630738e+06
3.611789808189113159e+06
3.600712200627704151e+06
3.564400751861920580e+06
3.544552897960660979e+06
3.526267090207239613e+06
3.502309513282831293e+06
3.492159071090669837e+06
3.483777294866373762e+06
3.475183767505553551e+06
3.460606363643549383e+06
3.448291022350904532e+06
3.442458827534926124e+06
3.416230616963852197e+06
3.412194405458180699e+06
3.402521841079230420e+06
3.399749157883622218e+06
3.389237353357235435e+06
3.383399627748953644e+06
3.379795355223902501e+06
3.371591404791861773e+06
3.367122782725317404e+06
3.361638595852499362e+06
3.354763022409118246e+06
3.334995726156488992e+06
3.329561842605874408e+06
3.313743236289579887e+06
3.298596262722441461e+06
3.280800569250326138e+06
3.264666528176939581e+06
3.235475463538101874e+06
3.224711523739845492e+06
3.219952373083317652e+06
3.190374888879626989e+06
3.188625677438103128e+06
3.175594401299638208e+06
3.172927827349960804e+06
3.163225846578270663e+06
3.155600663659052458e+06
3.132397722274724860e+06
3.118153171334028244e+06
3.114456436796824913e+06
3.097480336620736867e+06
3.091740230107908137e+06
3.066197042452574708e+06
3.057074484387056436e+06
3.045956720557351131e+06
3.030668845600952860e+06
3.023469040898467880e+06
3.020010186505942605e+06
3.001813247882778291e+06
2.997990636651037261e+06
2.993623176993064582e+06
2.985596169941375498e+06
2.979712204065898899e+06
2.970961514518771786e+06
2.961189392516321968e+06
2.944512625064282212e+06
2.929716120114578865e+06
2.909009629185160156e+06
2.903531678872366901e+06
2.879464983710148837e+06
2.866352960832511541e+06
2.849977366445778869e+06
2.842361800849899650e+06
2.824389976884582546e+06
2.804776343329883181e+06
2.786277514372144360e+06
2.777380625556370709e+06
2.770090868280378170e+06
2.758670923825878184e+06
2.755957046462819912e+06
2.738184150163819548e+06
2.736191594812655356e+06
2.735188269406748470e+06
2.728366011829677038e+06
2.723654354348729830e+06
2.722079106256845407e+06
2.714447247078816406e+06
2.709390515178934205e+06
2.704145226695262827e+06
2.695153903533735778e+06
2.688261166957159061e+06
2.666428790536086075e+06
2.658319018769161776e+06
2.654524443487510085e+06
2.646621536128016189e+06
2.635629833189813420e+06
2.626337550363614224e+06
2.624124228966641240e+06
2.612270812338076066e+06
2.608628315230573993e+06
2.605357296226354316e+06
2.600996222389541101e+06
2.596757928085646592e+06
2.588151924939016812e+06
2.582200201012973674e+06
2.575156693723473232e+06
2.574038906583730597e+06
2.563180978314066771e+06
2.538293911208366975e+06
2.535274752102051396e+06
2.526014409202511888e+06
2.520832733957364224e+06
2.513959261904228479e+06
2.498035193307703827e+06
2.493207211571267340e+06
2.484194975854583550e+06
2.481757657382992562e+06
2.477528885862551630e+06
2.474910380102619063e+06
2.468409622284636367e+06
2.462492196714964230e+06
2.452017387567739002e+06
2.443800912919769995e+06
2.434222677239657845e+06
2.431153640889616217e+06
2.425735584547066130e+06
2.418282498209007084e+06
2.414468351726981346e+06
2.409946830146124121e+06
2.407759616083831061e+06
2.402351943239059299e+06
2.392081184505307581e+06
2.388746203038274311e+06
2.383662371144063305e+06
2.375579722536550369e+06
2.372136773025197908e+06
2.364297819805280305e+06
2.362315683347380254e+06
2.355634451974608935e+06
2.352686128552230541e+06
2.350140263565774541e+06
2.349218348173301201e+06
2.347001789644822478e+06
2.343652025753183756e+06
2.339917813245599624e+06
2.330069852513524238e+06
2.324187461042320821e+06
2.320235400524136610e+06
2.314983702662077732e+06
2.307430200193782803e+06
2.303613622024527285e+06
2.301365734866290353e+06
2.294994404543546960e+06
2.293727728157181293e+06
2.289108616816863418e+06
2.286451886498119216e+06
2.267798773886437062e+06
2.259705799608445726e+06
2.257770146029896569e+06
2.246606405211278703e+06
2.236117224953792524e+06
2.226572570831709541e+06
2.222610173550599255e+06
2.214663992540622596e+06
2.211132505595778581e+06
2.210040036444108468e+06
2.208708530941258185e+06
2.206040516812896822e+06
2.204310569876864552e+06
2.198109241663824767e+06
2.196531049958568066e+06
2.194811814832383301e+06
2.192165948017573450e+06
2.186024523255184293e+06
2.184229237941981759e+06
2.182879680530641694e+06
2.180120017825691495e+06
2.174420862380824517e+06
2.164331658028026577e+06
2.155819021688770968e+06
2.149342626000162680e+06
2.147174309943162370e+06
2.138958519365679007e+06
2.129803742029634304e+06
2.113163200386678334e+06
2.113141006551586557e+06
2.109131033338085283e+06
2.102331217827303335e+06
2.100030222192329355e+06
2.086930091518264730e+06
2.085326222881098045e+06
2.083759995185030624e+06
2.080756617747933371e+06
2.073210486747444840e+06
2.067845769536078209e+06
2.057363871615505312e+06
2.046624993586720899e+06
2.043843007418995723e+06
2.041781790015617851e+06
2.039701275470859604e+06
2.037932964983079815e+06
2.036255556514892261e+06
2.029418784078728408e+06
2.027111967458387837e+06
2.023684892746418482e+06
2.022908928466408281e+06
2.021696375146851176e+06
2.019074804494174430e+06
2.017453932010403136e+06
2.015199904623317998e+06
2.008976430116734002e+06
2.007223768824835075e+06
1.999634828581541777e+06
1.993396787302907789e+06
1.987361501921157585e+06
1.986308005223654443e+06
1.985143883912279969e+06
1.984664846154544968e+06
1.982460330178362085e+06
1.977388980212896131e+06
1.974296746296272380e+06
1.972972441075915238e+06
1.971828738333442481e+06
1.971159756353929173e+06
1.968034367931048386e+06
1.963922808230503695e+06
1.957874574302429100e+06
1.953915686671735486e+06
1.945728271306563867e+06
1.943874207103356021e+06
1.941957054711287376e+06
1.939173368365710368e+06
1.938177303993691690e+06
1.937123602837727172e+06
1.935497330406856490e+06
1.925681173514314461e+06
1.922121898859089008e+06
1.919302325308451662e+06
1.914903574123871978e+06
1.904126374080952490e+06
1.899869632517412771e+06
1.898741099340651184e+06
1.888948848285560030e+06
1.881641128783416469e+06
1.878479277374323457e+06
1.873311072817546781e+06
1.864542378082378302e+06
1.861627466370262206e+06
1.859964226208186708e+06
1.858965850190822035e+06
1.856446225532079116e+06
1.853889584540301468e+06
1.853498860246240161e+06
1.849578100410591112e+06
1.847897041509622242e+06
1.841533517338933889e+06
1.839525558911543805e+06
1.834220085464711534e+06
1.829804962489450583e+06
1.827001707770315697e+06
1.814014682298168540e+06
1.812906386394415284e+06
1.806731076793336775e+06
1.803013181694882223e+06
1.799852722459415440e+06
1.791712950897267088e+06
1.787957564407190774e+06
1.783373782530132215e+06
1.782278152986075962e+06
1.781413531719043851e+06
1.774276606094723567e+06
1.774066075491126394e+06
1.772183886820151238e+06
1.771548784736136440e+06
1.767709650921220658e+06
1.759256449356784346e+06
1.757321293486373033e+06
1.754197101539553376e+06
1.749731859365277691e+06
1.744795687935933704e+06
1.741137805611395510e+06
1.738613148741246201e+06
1.737169653592867311e+06
1.732851728832846507e+06
1.727725276351585751e+06
1.723173489291506819e+06
1.720839662848493783e+06
1.718119823189176386e+06
1.714186796966780443e+06
1.711087602830344345e+06
1.708997246277504601e+06
1.701931957515286282e+06
1.698710268339920556e+06
1.690704312839847757e+06
1.689257715079898015e+06
1.686009969523715554e+06
1.685875377117603784e+06
1.683935226718459977e+06
1.674696254697847180e+06
1.673396311128081754e+06
1.671520812507000286e+06
1.669772605728420196e+06
1.662497620223401813e+06
1.656649022476102225e+06
1.653323819817523006e+06
1.650682209255059715e+06
1.647076260130916256e+06
1.644797939083325211e+06
1.641023440395151265e+06
1.637948564781083958e+06
1.634222274664786644e+06
1.630468937474922743e+06
1.626261220286546275e+06
1.623235562541012652e+06
1.615047958980608033e+06
1.611051505714688450e+06
1.606987155926031293e+06
1.604371610670145135e+06
1.604141756809740327e+06
1.602106278712966014e+06
1.599865361188426381e+06
1.596918802484573331e+06
1.595234952981742565e+06
1.587312323670109268e+06
1.581462602597471094e+06
1.578290935972006759e+06
1.577260028840217507e+06
1.574387823620851384e+06
1.571578346908245469e+06
1.567661703179997625e+06
1.566966261996689951e+06
1.562441403943144251e+06
1.556927228587624850e+06
1.554108873148424551e+06
1.550241791364841862e+06
1.547542292368480004e+06
1.545083119199936977e+06
1.541886603018804919e+06
1.539648269512044033e+06
1.535023456587004708e+06
1.527841456758496352e+06
1.526614448146236129e+06
1.520188245846087346e+06
1.517657505050512729e+06
1.513245051677620737e+06
1.507248365685168188e+06
1.500907927407260053e+06
1.499098349476166070e+06
1.495270079489091411e+06
1.493767233163397759e+06
1.488154947537498083e+06
1.487588109541873448e+06
1.486001351180128986e+06
1.480242313756403513e+06
1.478237185481756460e+06
1.474100529306170065e+06
1.472731866505487589e+06
1.470907028893095907e+06
1.468976900497004623e+06
1.465015383447101340e+06
1.464584525037930813e+06
1.460574061588364653e+06
1.456262703008846845e+06
1.453675848621348385e+06
1.449783093180425465e+06
1.448290850814222591e+06
1.443714876664336771e+06
1.442935305956047727e+06
1.438855750050462084e+06
1.434852858997784555e+06
1.433062277680384694e+06
1.428595662648048718e+06
1.424507227781206835e+06
1.423480413574822480e+06
1.418191211603457574e+06
1.417288495966581861e+06
1.414838579524108442e+06
1.411203994838516694e+06
1.408770348569484893e+06
1.405858424210928613e+06
1.402028279915922554e+06
1.401143400287303375e+06
1.395558435566894244e+06
1.395091180855398066e+06
1.391288770033623790e+06
1.389721818745135330e+06
1.387948222625786671e+06
1.385038103278015275e+06
1.383175749307326740e+06
1.379434523268229561e+06
1.377990695998060983e+06
1.376417940354981925e+06
1.375443183722476009e+06
1.373528436619016575e+06
1.373182014914607862e+06
1.372744610434024362e+06
1.372465929585030768e+06
1.368974764386394760e+06
1.367441276528663235e+06
1.364773428578956518e+06
1.363282212103316095e+06
1.359750470493903616e+06
1.358168236368843354e+06
1.354529416232807096e+06
1.352451600791521370e+06
1.351547456746424548e+06
1.350252172692511231e+06
1.350132859636809444e+06
1.349648220875438070e+06
1.348084495055637555e+06
1.346470469561419915e+06
1.345241817949126475e+06
1.340790343119388446e+06
1.338754261409225408e+06
1.337742410605799640e+06
1.334165466943446780e+06
1.332605077405849006e+06
1.328640974976632744e+06
1.324668345840820344e+06
1.322681450252871960e+06
1.321199446215766016e+06
1.318424058496743441e+06
1.314817886365605751e+06
1.313265631756205345e+06
1.311852858679004479e+06
1.311015006909642369e+06
1.310802527443362866e+06
1.310551858113688417e+06
1.310288367561381310e+06
1.306796795167600503e+06
1.305571655653876718e+06
1.302734290419098688e+06
1.300947194903100841e+06
1.297028457869411446e+06
1.296388793099695351e+06
1.293909169010620331e+06
1.293292997653345112e+06
1.290593655710870633e+06
1.288786314437086694e+06
1.288133508721467573e+06
1.286303542284685420e+06
1.284444661497301189e+06
1.281040397579582408e+06
1.279722928708774736e+06
1.279566708685557591e+06
1.277060995950477896e+06
1.276005024535261560e+06
1.275823049004006665e+06
1.275406738870850066e+06
1.274921863491925411e+06
1.272812493143367814e+06
1.271295635177908465e+06
1.269260440105688525e+06
1.268081294442118844e+06
1.267709142082160339e+06
1.267116316174823092e+06
1.266133207049245015e+06
1.265605251754984027e+06
1.260637236800909974e+06
1.256938022922274191e+06
1.251988160806186032e+06
1.250354145551099908e+06
1.247008156312800711e+06
1.245711337493565166e+06
1.243853995156502118e+06
1.241615362291698577e+06
1.237907738444306888e+06
1.235920528770918492e+06
1.234848985394371906e+06
1.231580740764177870e+06
1.230600690947515424e+06
1.228867784048042959e+06
1.225248223908694694e+06
1.223800196478505386e+06
1.220239590682991780e+06
1.218805884917132789e+06
1.217739577951890416e+06
1.215826970010178396e+06
1.213674509100317257e+06
1.208623166405267548e+06
1.206844749418889638e+06
1.206607091582099907e+06
1.205076655771281337e+06
1.201244110581939574e+06
1.200582915195437381e+06
1.198334196529769106e+06
1.197184160256918985e+06
1.196822947181759868e+06
1.195655884102158016e+06
1.192438139859142713e+06
1.192257384481036803e+06
1.190180854174246080e+06
1.187605329805540619e+06
1.185218676024087239e+06
1.181689155343254330e+06
1.179368338048968464e+06
1.177195791676094523e+06
1.174734666197294602e+06
1.173535283357448410e+06
1.172032352716925088e+06
1.171632371497713961e+06
1.171383355146489339e+06
1.170976777396749239e+06
1.169195649295923300e+06
1.166318864000197966e+06
1.165432841339355567e+06
1.160063947448357241e+06
1.157314253682485083e+06
1.155368215044079116e+06
1.154058351128364448e+06
1.152259978265427984e+06
1.151411574419421609e+06
1.148721003623859724e+06
1.145536895401608665e+06
1.144589685286710970e+06
1.140604020275207702e+06
1.139024606065758504e+06
1.137241054323174292e+06
1.137073459383622045e+06
1.134778777800675947e+06
1.133474615265266271e+06
1.131620421226506354e+06
1.130585014916933840e+06
1.129353851129898336e+06
1.128286847987801069e+06
1.126043830188128632e+06
1.124908971573120914e+06
1.121350553719763877e+06
1.120857928805218311e+06
1.118605991960829357e+06
1.114606854886545567e+06
1.113576154040944763e+06
1.112508835163711105e+06
1.111071398753843503e+06
1.106812451483205892e+06
1.103646817241259618e+06
1.101967524475762621e+06
1.099947993621973787e+06
1.096190754209805280e+06
1.094106056657778565e+06
1.091353808217599988e+06
1.087715956589463633e+06
1.084604314277037978e+06
1.084289142190736020e+06
1.082630480367831420e+06
1.080019566086584935e+06
1.076207928883016109e+06
1.076028144409733824e+06
1.074444191402038559e+06
1.072424808037023293e+06
1.070479967460824642e+06
1.068262817873746855e+06
1.067788076395061100e+06
1.065440885286201490e+06
1.064146170403065393e+06
1.061625057205370395e+06
1.059932956912786933e+06
1.058997819023394957e+06
1.057727001521246973e+06
1.054449190765389940e+06
1.052135572878590319e+06
1.051215257957900409e+06
1.047906314743991010e+06
1.047464406138831167e+06
1.046754424978801748e+06
1.045677321440058644e+06
1.044780670504242764e+06
1.043330956872595591e+06
1.042833558047515340e+06
1.042547421350691584e+06
1.040719350733694737e+06
1.037036767521166243e+06
1.036160319655058207e+06
1.032472503728663200e+06
1.031239014627033379e+06
1.030851464373930939e+06
1.029737046054184088e+06
1.026928289899145602e+06
1.023924689444422838e+06
1.023179160452184849e+06
1.019796017975208699e+06
1.018109299395793350e+06
1.017587526834628778e+06
1.015808956285738619e+06
1.015464453578056768e+06
1.011992694400793524e+06
1.011352183935601730e+06
1.010792944636544446e+06
1.008385489803031320e+06
1.007280556332152919e+06
1.005931176162067219e+06
1.005305827537424979e+06
1.004124163644914981e+06
1.003552529176584445e+06
1.001279433665972319e+06
9.991424437473283615e+05
9.985393614589194767e+05
9.975835158007708378e+05
9.943439777104253881e+05
9.927395571877512848e+05
9.924406135962759145e+05
9.889186529458523728e+05
9.878499393235625466e+05
9.868462934287840035e+05
9.848363485378307523e+05
9.837219011566634290e+05
9.814119413635411765e+05
9.805624791762969689e+05
9.789986431649453007e+05
9.784963531317743473e+05
9.774107683446469018e+05
9.750013956685918383e+05
9.738131952721693087e+05
9.704677891459708335e+05
9.688529894226667238e+05
9.676094371265756199e+05
9.668947629205209669e+05
9.657768608701121993e+05
9.648724939250887837e+05
9.639586409849222982e+05
9.618545506120586069e+05
9.590512721292300848e+05
9.572222845466679428e+05
9.543945102466472890e+05
9.521763034270749195e+05
9.516047684295638464e+05
9.508397998851496959e+05
9.493063911374175223e+05
9.488349274243763648e+05
9.480890778538427548e+05
9.464047466350340983e+05
9.450744166110686492e+05
9.441969331348906271e+05
9.420517694905741373e+05
9.406129282045363216e+05
9.391801336900113383e+05
9.362747156097432598e+05
9.355710992289687274e+05
9.343342044983556261e+05
9.320914508675498655e+05
9.307856169683169574e+05
9.298209654234662885e+05
9.293463572090842063e+05
9.246846929339901544e+05
9.241507819622708485e+05
9.238843018835362745e+05
9.223592448743613204e+05
9.211474630857012235e+05
9.199738821461100597e+05
9.182197672580312937e+05
9.170729843730065040e+05
9.163000121132638305e+05
9.132149540504128672e+05
9.110018416597206378e+05
9.107021919809209649e+05
9.093314203440321144e+05
9.071568643788325135e+05
9.068406116837254958e+05
9.056665930988385808e+05
9.048664906386336079e+05
9.029222399715248030e+05
9.020995696506870445e+05
9.012332866767839296e+05
8.979521255916056689e+05
8.966692317551538581e+05
8.949511206277963938e+05
8.934851179654062726e+05
8.929529217311358079e+05
8.907393462586076930e+05
8.901325424414243316e+05
8.872955088042657590e+05
8.848701854592913296e+05
8.832322928062546998e+05
8.828551324060894549e+05
8.807811943790835794e+05
8.803009557473817840e+05
8.781285301402498735e+05
8.776199327823673375e+05
8.766023500718922587e+05
8.739954845880739158e+05
8.736685440226542996e+05
8.724668195651742863e+05
8.692896872372973012e+05
8.690607819782485021e+05
8.681305590892406181e+05
8.671439310377831571e+05
8.657531116561469389e+05
8.637550534214671934e+05
8.622825289722415619e+05
8.601320948808183894e+05
8.585996092891038861e+05
8.585672639133947669e+05
8.570923040631815093e+05
8.549701986300619319e+05
8.533632491131421411e+05
8.500870514955731342e+05
8.496654010712913005e+05
8.491663561307912460e+05
8.476693390228404896e+05
8.465003917729753302e+05
8.461026965214880183e+05
8.451870246823900379e+05
8.436388941397300223e+05
8.425997691662318539e+05
8.417359590276842937e+05
8.403412575861635851e+05
8.394577733291125624e+05
8.379604374233272392e+05
8.366461708703289041e+05
8.356034298627199605e+05
8.346101988656222820e+05
8.336293204785470152e+05
8.314458746806632262e+05
8.296173859664597549e+05
8.279534163893311052e+05
8.261269755253548501e+05
8.258137374666336691e+05
8.251119221682951320e+05
8.236382049646432279e+05
8.217183975246590562e+05
8.197836475845716195e+05
8.177733779801805504e+05
8.171887848334254231e+05
8.146915720518280286e+05
8.136529757167315111e+05
8.117981654451198410e+05
8.112353111560042016e+05
8.093047660515196621e+05
8.072726948311048327e+05
8.063672186136477394e+05
8.045091164543809136e+05
8.021579696486319881e+05
7.997720603907865006e+05
7.994476124563775957e+05
7.982544468817627057e+05
7.961538714880169136e+05
7.957117208617106080e+05
7.934091723160891561e+05
7.920434938165048370e+05
7.913499158548179548e+05
7.882176021576230414e+05
7.859155919167435495e+05
7.852468319835416041e+05
7.827672617423300399e+05
7.820165400723180501e+05
7.806429323633688036e+05
7.784362298722784035e+05
7.767103294438851299e+05
7.754682679715317208e+05
7.741283997312659631e+05
7.733106239646550966e+05
7.718159175460274564e+05
7.707838975144916913e+05
7.693042143579708645e+05
7.659452934358816128e+05
7.649645921851461753e+05
7.626426826843456365e+05
7.618560641725586029e+05
7.611237251627496444e+05
7.597377905312255025e+05
7.587383197752034757e+05
7.571326654048322234e+05
7.554459849214683054e+05
7.534668462592095602e+05
7.530590280325469794e+05
7.495688664965818170e+05
7.471766600331621012e+05
7.450339712145364610e+05
7.446984456289774971e+05
7.438644408326866105e+05
7.423770601697912207e+05
7.418107911273040809e+05
7.405133239732233342e+05
7.363443134820256382e+05
7.360870577273225645e+05
7.343108431293938775e+05
7.328259352541060653e+05
7.306466924412864028e+05
7.295984003113131039e+05
7.279544967811250826e+05
7.272076868545034667e+05
7.249209028783688555e+05
7.236178065637772670e+05
7.230224267032688949e+05
7.210382862489586696e+05
7.196699926857386017e+05
7.188224990596511634e+05
7.148020326391824055e+05
7.138390096573529299e+05
7.110632255755733931e+05
7.092155077058692696e+05
7.084989068366538268e+05
7.075071110238929978e+05
7.067314587821762543e+05
7.057505402557123452e+05
7.052696601690308889e+05
7.039579261375039350e+05
7.022924309740229510e+05
7.021770746317764279e+05
7.009272928426403087e+05
6.990815823248422239e+05
6.976920046445466578e+05
6.963856287423212780e+05
6.949217840653881431e+05
6.939494538457952440e+05
6.915798519772986183e+05
6.901467497400639113e+05
6.887237953498449642e+05
6.865637324980681296e+05
6.862593785192873329e+05
6.850507106543732807e+05
6.828187534759095870e+05
6.824155180504973978e+05
6.811546434948690003e+05
6.804486789163125213e+05
6.787868069952372462e+05
6.779180791555247270e+05
6.763683661685575498e+05
6.754303558192347409e+05
6.732353769290836062e+05
6.730000354803669034e+05
6.722901245306920027e+05
6.710444365531873191e+05
6.698389111790625611e+05
6.689286463214890100e+05
6.683634573838291690e+05
6.667786565199020552e+05
6.645009140759347938e+05
6.634579431855289731e+05
6.625891263865216170e+05
6.619790803242811235e+05
6.617696641170777148e+05
6.588854128985293210e+05
6.587272416757588508e+05
6.574305888242736692e+05
6.553892285383914132e+05
6.547201000229959609e+05
6.529270046857179841e+05
6.524549533686762443e+05
6.504104872185123386e+05
6.496331196588785388e+05
6.480540399278241675e+05
6.465423053957418306e+05
6.433788493113064906e+05
6.407258151838728227e+05
6.404016864521536045e+05
6.398770244493422797e+05
6.384510711336691165e+05
6.370895958085291786e+05
6.343814109103630763e+05
6.329180580844909418e+05
6.319911332306015538e+05
6.302734338294699555e+05
6.291939191388542531e+05
6.264255487412449438e+05
6.257298487619491061e+05
6.250466474470761605e+05
6.227009090399338165e+05
6.221825538754680892e+05
6.213500486980060814e+05
6.205538999246829189e+05
6.191301615565798711e+05
6.181484408203938510e+05
6.162121945378183154e+05
6.148862346044776496e+05
6.117580855157399783e+05
6.114112381383326137e+05
6.101796231753549073e+05
6.081891850319253281e+05
6.071430242631668225e+05
6.060853206011089496e+05
6.055010949721406214e+05
6.040610485430035042e+05
6.034885948067186400e+05
6.009677970617703395e+05
5.994636727737714536e+05
5.991550991976922378e+05
5.974823480695344042e+05
5.962789349242198514e+05
5.949749191676488845e+05
5.929527605411410332e+05
5.904743424850328593e+05
5.902206174950118875e+05
5.879548875864334404e+05
5.860503471868940396e+05
5.841604046358347405e+05
5.840577839205506025e+05
5.828674618858894100e+05
5.819962609877703944e+05
5.806453494724393822e+05
5.799462625352817122e+05
5.788528063680373598e+05
5.782753010626094183e+05
5.776855177090688376e+05
5.760584586040331051e+05
5.748308311278648907e+05
5.738825768953652587e+05
5.729515687830998795e+05
5.708073955059999134e+05
5.695243728183658095e+05
5.681313835286158137e+05
5.655352861044933088e+05
5.643818245581017109e+05
5.636991043164927978e+05
5.630335084684122121e+05
5.614546954100697767e+05
5.596519721839625854e+05
5.590882979570430471e+05
5.567955702837097924e+05
5.559996199581762776e+05
5.545367317974852631e+05
5.544144372946326621e+05
5.534449253639230737e+05
5.514092577989237616e+05
5.491640667843525298e+05
5.473141713395966217e+05
5.460637803500348236e+05
5.449522189165046439e+05
5.439709731485951925e+05
5.430902205672896234e+05
5.417338726682481356e+05
5.410829710440884810e+05
5.386550969432428246e+05
5.381765435578796314e+05
5.353561929058951791e+05
5.350338021806731122e+05
5.335266791351530701e+05
5.326919211880696239e+05
5.321957134181873407e+05
5.316391469306236831e+05
5.304556479689012049e+05
5.296782578253847314e+05
5.288459891925761476e+05
5.268413120243026642e+05
5.241652264505324420e+05
5.231555750497982954e+05
5.216185267049212125e+05
5.200246065195464180e+05
5.191678362683058949e+05
5.177290650993340532e+05
5.169000582063067704e+05
5.151640547971481574e+05
5.124908148606780451e+05
5.114475524831827497e+05
5.101548987766989740e+05
5.099308866844033473e+05
5.075321746154666180e+05
5.040331692636442604e+05
5.033925071945082163e+05
5.026829525483296602e+05
5.001838757553600008e+05
4.982433819673788385e+05
4.975120659527503885e+05
4.948647586853855173e+05
4.945769317945484072e+05
4.941965662520117476e+05
4.933119390223610098e+05
4.929359825201492058e+05
4.908567888171418454e+05
4.901142351723079919e+05
4.895967130643468117e+05
4.880635651511536562e+05
4.863111136795642669e+05
4.849551934955056640e+05
4.839250406697692815e+05
4.818707567356007639e+05
4.809242629121813225e+05
4.801967375101132202e+05
4.788100298193779890e+05
4.770592201019657659e+05
4.764398584492145455e+05
4.754696022964995354e+05
4.744003764007701539e+05
4.737530337089127861e+05
4.719916505430415855e+05
4.696702695387905114e+05
4.690661056605880731e+05
4.671165641110418364e+05
4.656932410910355975e+05
4.646275865554314805e+05
4.623378014157257276e+05
4.608175400799681083e+05
4.598830651798766921e+05
4.562479539302784833e+05
4.551355009778678650e+05
4.540907457852229127e+05
4.531571339368502377e+05
4.517704640797742759e+05
4.506568505827735644e+05
4.493374308181082597e+05
4.485956232922941563e+05
4.468510237340559834e+05
4.463213243090324686e+05
4.456934909079421777e+05
4.442222338908342645e+05
4.428711568094241084e+05
4.418691531564590405e+05
4.403182763518264983e+05
4.391786788236168795e+05
4.380224535962215741e+05
4.368229359710642020e+05
4.344184803056813544e+05
4.330384746680523385e+05
4.325458723969658022e+05
4.317210321931954823e+05
4.293833133869181620e+05
4.275316170207898831e+05
4.269214659419795498e+05
4.253082123720800737e+05
4.221756048824367463e+05
4.206135870784938452e+05
4.184230003539683530e+05
4.179751108280575718e+05
4.160343697746257531e+05
4.140781567362385103e+05
4.130520469582822407e+05
4.107061915892510442e+05
4.097136273312974372e+05
4.088966103251226014e+05
4.070139478888041922e+05
4.063171744273253717e+05
4.053340261203824775e+05
4.023567969906329527e+05
4.016721003220427083e+05
3.983475808618022129e+05
3.959966918960096664e+05
3.946127033722070628e+05
3.941783574399534846e+05
3.936213414692104561e+05
3.924457998116558883e+05
3.912018651520746062e+05
3.899919581161755486e+05
3.886922558282297687e+05
3.874883864429841051e+05
3.860578292594217928e+05
3.858990741765091079e+05
3.846770424724264885e+05
3.829288545806915499e+05
3.825904661284989561e+05
3.809295627286309609e+05
3.801071171711422503e+05
3.790551973528256058e+05
3.777885170529449242e+05
3.761958708872714778e+05
3.755272906361136702e+05
3.751298231473140768e+05
3.711769013589789392e+05
3.700466490317431744e+05
3.695265303029434290e+05
3.678894067091869074e+05
3.663258745939251967e+05
3.650148124671757105e+05
3.631057232707276708e+05
3.611361905202698545e+05
3.593733113983407384e+05
3.570479779797079973e+05
3.566931242831837735e+05
3.552976790647315793e+05
3.550248737263419316e+05
3.531758015502460767e+05
3.514751609823660110e+05
3.510250208227817202e+05
3.495436656749163521e+05
3.478972166279208031e+05
3.459454336199786630e+05
3.447530569015161018e+05
3.433853478079097695e+05
3.422647734055288602e+05
3.413698433473968762e+05
3.400188499141897191e+05
3.394524676050589187e+05
3.365328812544840621e+05
3.357265860915671801e+05
3.341989573868110310e+05
3.331780675939869834e+05
3.310541016152355005e+05
3.296749906437374884e+05
3.277084719763392350e+05
3.268874817180979298e+05
3.260502186856319895e+05
3.236648516499676043e+05
3.231723177144300425e+05
3.208912050868564984e+05
3.184848080153494957e+05
3.178555608667276683e+05
3.147648294370002113e+05
3.143544367643419537e+05
3.135006282495334162e+05
3.125404559308198513e+05
3.113336892437808565e+05
3.111243260013266117e+05
3.110878543614367954e+05
3.094129034488503821e+05
3.052522263868509908e+05
3.043447916912784567e+05
3.020897646018757368e+05
3.017777610481686424e+05
3.002949137424190994e+05
2.984279878324350575e+05
2.972607732127583586e+05
2.965428825108226738e+05
2.959981849658960127e+05
2.935707245736716432e+05
2.926866578941347543e+05
2.909707769049353665e+05
2.884798843861425994e+05
2.876888223207957926e+05
2.856112094287638902e+05
2.852609772141334834e+05
2.846842782441165764e+05
2.836090501075288048e+05
2.830467063000664930e+05
2.814151154328575940e+05
2.810871284752486972e+05
2.781779179289648891e+05
2.766300527349691838e+05
2.757321780275120400e+05
2.751511634850666742e+05
2.740700064645162201e+05
2.724148984681047732e+05
2.717550409038321814e+05
2.709228406911094789e+05
2.705979164304074948e+05
2.701378887170762755e+05
2.695642669618835789e+05
2.690881324516744935e+05
2.676814128726746421e+05
2.653487194469801034e+05
2.643019296331701917e+05
2.626655165115577402e+05
2.616661511622588441e+05
2.607489845608263277e+05
2.602338757928163395e+05
2.565435961571037187e+05
2.554101739385871624e+05
2.552366601637265703e+05
2.536332270685264957e+05
2.517959451699978672e+05
2.510682902582238312e+05
2.503147235017646162e+05
2.491346840320276679e+05
2.479956003929802973e+05
2.478936644639346341e+05
2.457830154950485157e+05
2.437008303148727282e+05
2.422847627444598475e+05
2.408992211067759781e+05
2.401798987048123381e+05
2.401133707475063566e+05
2.372387437703432806e+05
2.360001294274009706e+05
2.350035195821103116e+05
2.318524678572326666e+05
2.295415219213997771e+05
2.256918120207678003e+05
2.241606818928024732e+05
2.228973428433559893e+05
2.208424275230239436e+05
2.207174193202068273e+05
2.189741725423288590e+05
2.166009402679583873e+05
2.160093864819335868e+05
2.146113008202796918e+05
2.132922434398646583e+05
2.127090385695230216e+05
2.110532803239159402e+05
2.096410420003607287e+05
2.088138717148899741e+05
2.077060096024156956e+05
2.064721141764225322e+05
2.057617926711216860e+05
2.046481938161545841e+05
2.038459219709695899e+05
2.033778791650202475e+05
2.014888733080559759e+05
1.999966853545441991e+05
1.982136772468830459e+05
1.962793457017170440e+05
1.959250645005379338e+05
1.945277394816062297e+05
1.937119416821522464e+05
1.927718203397020989e+05
1.915935089024633344e+05
1.904983546940420929e+05
1.882788998850219068e+05
1.852022954481293273e+05
1.835119670302827726e+05
1.818735990431379178e+05
1.780800422985756595e+05
1.775478906918265275e+05
1.772440951639699342e+05
1.749208989105458895e+05
1.748044780352399393e+05
1.741827873108552012e+05
1.729253817536136194e+05
1.712738994676639268e+05
1.707980008820104704e+05
1.705176849156342505e+05
1.676060287671856640e+05
1.650658589570944605e+05
1.647058379708467401e+05
1.634780141989215044e+05
1.611537640711242566e+05
1.599119433414331870e+05
1.594612115619250399e+05
1.585387657723182929e+05
1.570531000980226672e+05
1.558726997990271775e+05
1.542678753863635065e+05
1.531855522852748400e+05
1.508173061421634629e+05
1.481777363239602710e+05
1.470671165769392683e+05
1.466028309055842983e+05
1.464065412243826140e+05
1.443717010045249481e+05
1.433519058783266228e+05
1.406158586253158574e+05
1.397982024431808677e+05
1.396879116587574827e+05
1.377394378264401166e+05
1.361494686391903087e+05
1.352593622627168661e+05
1.340469629304302798e+05
1.299441000558770611e+05
1.291305228089941957e+05
1.278827879497172835e+05
1.265787316665569815e+05
1.262400318224305665e+05
1.237804961204564897e+05
1.228955839184480574e+05
1.187877031639367779e+05
1.163844504998687044e+05
1.153780919963929628e+05
1.148278761554719822e+05
1.140652673589130864e+05
1.125582867044603336e+05
1.068036950659080467e+05
1.061220234993230260e+05
1.059999033339840680e+05
1.053184600366260711e+05
1.008889468736083072e+05
9.852580997008661507e+04
9.586795308635760739e+04
9.530606079843766929e+04
9.403875961224666389e+04
9.263521936421188002e+04
8.967235165529555525e+04
8.820473201991905808e+04
8.609125637321271643e+04
8.530066009352676338e+04
8.361297994326082699e+04
8.093295547076735238e+04
7.845096135634108214e+04
7.788921070758010319e+04
7.667667257681184856e+04
7.586270244398686918e+04
7.502099392583148438e+04
7.459118644213653170e+04
7.394540729262433888e+04
7.360191270740676555e+04
7.032582720879084081e+04
6.979445540248313046e+04
6.825687839390785666e+04
6.714038097077739076e+04
6.655825934522472380e+04
6.554632316509705561e+04
6.401649577493793913e+04
6.175079551612056093e+04
5.951316993738777819e+04
5.921554152794113907e+04
5.690985846618317009e+04
5.401868225089577027e+04
5.365080271792583517e+04
5.329207728358903842e+04
5.004517703420475300e+04
4.961528335345159576e+04
4.599722719247752684e+04
4.191188898803929624e+04
3.929795790228525584e+04
3.850736954917336698e+04
3.533179194803745486e+04
3.469789750911690498e+04
3.159309678303250985e+04
3.003766192491655602e+04
2.969633254816170302e+04
2.726627107366670680e+04
2.547209990237801685e+04
2.481721147444495728e+04
2.416949744988878592e+04
2.186824771046456590e+04
2.131060251868099294e+04
2.112271225968980798e+04
1.936434225525457441e+04
1.868039280696569040e+04
1.854239445578010782e+04
1.819800489738555916e+04
1.643322931490548217e+04
1.504720473561525432e+04
1.473970838370856291e+04
1.373772221833731055e+04
1.308259656002062184e+04
1.215571650199145733e+04
1.172584508833239670e+04
1.046369386815535290e+04
1.023835599858457135e+04
9.840596667377656559e+03
