2.463308554514112014e+00
2.275490263416433123e+00
2.099569220852073315e+00
2.081026262851017883e+00
2.043836078046015636e+00
2.018306878141369332e+00
1.979032397896610451e+00
1.885919102082076249e+00
1.872144046366495340e+00
1.824225420036014844e+00
1.801662466823963804e+00
1.793091435977168135e+00
1.779051355203927542e+00
1.749255597111743832e+00
1.730710515223700341e+00
1.702433146445152534e+00
1.688926053226295743e+00
1.685332846365749981e+00
1.674215888378751682e+00
1.671956178972833218e+00
1.654887197326519344e+00
1.653005470178764424e+00
1.631388966914060434e+00
1.629523909341402454e+00
1.624469677603628703e+00
1.621240760425008087e+00
1.609871619296854961e+00
1.604448132794390247e+00
1.595040539827165205e+00
1.586599387723290677e+00
1.578794078090280939e+00
1.568683382792030123e+00
1.566127609525463260e+00
1.554229261830938569e+00
1.544927455778744019e+00
1.544401094204224334e+00
1.541166837576094295e+00
1.538486264879172172e+00
1.535338331005293266e+00
1.526666251837480504e+00
1.524757119748867851e+00
1.519613161946500979e+00
1.518938004999716984e+00
1.510674852771322740e+00
1.503986379792123129e+00
1.499862874410079039e+00
1.496505795463387800e+00
1.492833306916512504e+00
1.490109230612797431e+00
1.486019121072292837e+00
1.479667592001050247e+00
1.473623161902071654e+00
1.469068754305143276e+00
1.465161752122133176e+00
1.461901884496669579e+00
1.457850884062370955e+00
1.453740825829546335e+00
1.453672899856776279e+00
1.450025312857192272e+00
1.448380428841695267e+00
1.445053860110509181e+00
1.443209770224521238e+00
1.442417215356631477e+00
1.440140683270817235e+00
1.438655962560784429e+00
1.437814930637339117e+00
1.437216450954909019e+00
1.432216057365936823e+00
1.416928472482277046e+00
1.409859073004810170e+00
1.409549952566848452e+00
1.405562518010901041e+00
1.404226779723785290e+00
1.400833347301054133e+00
1.399917785702689654e+00
1.393835195170431085e+00
1.390918198144229567e+00
1.388657420966203038e+00
1.386913183185699783e+00
1.386243539898057042e+00
1.383555926022687954e+00
1.381319000492722493e+00
1.378693491937061921e+00
1.374885925447861146e+00
1.370842261980306453e+00
1.369529670426053336e+00
1.368567866674351707e+00
1.367212661244844973e+00
1.364724830823362600e+00
1.363759715951107010e+00
1.362559876986559004e+00
1.361806857143026850e+00
1.360320228220329719e+00
1.358112432990942420e+00
1.356063044363259307e+00
1.355063159223886649e+00
1.354223621784498066e+00
1.352008724706320164e+00
1.347585520058112829e+00
1.345179933089473590e+00
1.344799599294059345e+00
1.344195924735376302e+00
1.343206548531751254e+00
1.342182421078865096e+00
1.341364111433862139e+00
1.338248251054530158e+00
1.337456539736427752e+00
1.336119621226963927e+00
1.335206595460605161e+00
1.334862032166932888e+00
1.332006570301003556e+00
1.329970105725314378e+00
1.329489078226964383e+00
1.328802061010963653e+00
1.326939733719569858e+00
1.324174512307046303e+00
1.323528062640823899e+00
1.320017003433744174e+00
1.317090207919666245e+00
1.316472912233388248e+00
1.316227177455964403e+00
1.315543319519077992e+00
1.311805830464473299e+00
1.311066578986133990e+00
1.306306284303265786e+00
1.305104395147312690e+00
1.303755629416768702e+00
1.303220099406284360e+00
1.301838576709846595e+00
1.299803067012189395e+00
1.298266931252838763e+00
1.298046893614959396e+00
1.296759061578174332e+00
1.296174019359867424e+00
1.295717810270803794e+00
1.294461885318662686e+00
1.293513227596853721e+00
1.290662183501850357e+00
1.290529049711988341e+00
1.289106354527217224e+00
1.288886638034563381e+00
1.287858906123271696e+00
1.287339474413571327e+00
1.287221868624571997e+00
1.285041858998252629e+00
1.284774994605706766e+00
1.284386442597944988e+00
1.282574543636382014e+00
1.281220289982642591e+00
1.278711608712118419e+00
1.278313053596763949e+00
1.276696742213285773e+00
1.276586096932471825e+00
1.274204556049196135e+00
1.273924780393127509e+00
1.273083639957558244e+00
1.271348880880720511e+00
1.270803760731932464e+00
1.270106689524388877e+00
1.267967097399999021e+00
1.266438158430813088e+00
1.263866101959876476e+00
1.263705179019239067e+00
1.261631585470646577e+00
1.261153469254929105e+00
1.260219701557141025e+00
1.257665406549744569e+00
1.256983774988411628e+00
1.254465423674951063e+00
1.253834357173103653e+00
1.251943985104662538e+00
1.250676555861437000e+00
1.249649489157028892e+00
1.249483815420658672e+00
1.248384635389713671e+00
1.248116833404166792e+00
1.247887696924408818e+00
1.245994038224287337e+00
1.245698606117310092e+00
1.244499690365224120e+00
1.242897777102025314e+00
1.242502100602292270e+00
1.242057523379600070e+00
1.240289601180532664e+00
1.239769939350021000e+00
1.239686557536176403e+00
1.239121375253786406e+00
1.238737751419999311e+00
1.238277747118202710e+00
1.236971012460095665e+00
1.235369555240479533e+00
1.234684145346434558e+00
1.234329686099229217e+00
1.233955650589608100e+00
1.233342713786518940e+00
1.231922063703608128e+00
1.230345139103249386e+00
1.230018482840052219e+00
1.228895232625040190e+00
1.227381871984763118e+00
1.226270176768787579e+00
1.224962302208276288e+00
1.224921127982179225e+00
1.224262333681597870e+00
1.224156006914988160e+00
1.222815058830235335e+00
1.222181658069682930e+00
1.221846796967075433e+00
1.221049852514521250e+00
1.220253273905953284e+00
1.219689216316253377e+00
1.219069855465793717e+00
1.218813824454687778e+00
1.217761898202425863e+00
1.217258955297961132e+00
1.216998748037593669e+00
1.216566698208909392e+00
1.216197116456615213e+00
1.215238823077881669e+00
1.214362354287056522e+00
1.213361994046820325e+00
1.210606500781552963e+00
1.210085267590030433e+00
1.208947684492978070e+00
1.208424918165615924e+00
1.208187321278943127e+00
1.207463034181311734e+00
1.207297588781645059e+00
1.206032443131900500e+00
1.205516630922108368e+00
1.204647523486829241e+00
1.203558574361109690e+00
1.202814830688688108e+00
1.202337717956325935e+00
1.201866977992434915e+00
1.200808578895673273e+00
1.198970100955761842e+00
1.197226507745801749e+00
1.196203424306991447e+00
1.196066262269298353e+00
1.195493914863939855e+00
1.195281063287401135e+00
1.194958123954309226e+00
1.194242509427148047e+00
1.192894709238285333e+00
1.191962749531583654e+00
1.191028067547323710e+00
1.190412449311945897e+00
1.189865208424952137e+00
1.189041180792461461e+00
1.188743449199061386e+00
1.188272131107215301e+00
1.187929707640233090e+00
1.186488966810079093e+00
1.185881133756127470e+00
1.184806372013388343e+00
1.184783420186723113e+00
1.183691556433699832e+00
1.183165460410600334e+00
1.182478247062285659e+00
1.182362109873733358e+00
1.181934825730512229e+00
1.181470892542092033e+00
1.180455130747322778e+00
1.178826950031162113e+00
1.177981158866924227e+00
1.177743849874697712e+00
1.177071344579537326e+00
1.176431102234212434e+00
1.176065170644697844e+00
1.175817030546500774e+00
1.175103648141463175e+00
1.174283103714095278e+00
1.173690560253577653e+00
1.173505762043598466e+00
1.173170716663841651e+00
1.172214415471631410e+00
1.171630787973274801e+00
1.170975098508121315e+00
1.170788579444753230e+00
1.170136116970736939e+00
1.169940802592810858e+00
1.168765298591573742e+00
1.168576871171228770e+00
1.167695309850165009e+00
1.166230714184280259e+00
1.166069079031004430e+00
1.165815766889079397e+00
1.165517631216109962e+00
1.164197164013481167e+00
1.163943828219476284e+00
1.163567188093974192e+00
1.163032244147032435e+00
1.162447057824956609e+00
1.162197337057835789e+00
1.161368519793191778e+00
1.160587059333902049e+00
1.159580672275571489e+00
1.158730955011223918e+00
1.157893069892771631e+00
1.157278138685240210e+00
1.157062670565540463e+00
1.156145291369335304e+00
1.155786059446781255e+00
1.154945522245526490e+00
1.154623784687583310e+00
1.154350676354009675e+00
1.153312905438120817e+00
1.152686841624407377e+00
1.152484215747562546e+00
1.151686431511507624e+00
1.151220049566172854e+00
1.150762893174464674e+00
1.150510706372041669e+00
1.149807462909651523e+00
1.149159699066365725e+00
1.148831330673416806e+00
1.147947432449439198e+00
1.146265941089184670e+00
1.145878575739790461e+00
1.145719300726473655e+00
1.145340526220348210e+00
1.143836979525971742e+00
1.143564192869163332e+00
1.142823619268480861e+00
1.142388294841545582e+00
1.142036185206912968e+00
1.141744885871156301e+00
1.141452995871647058e+00
1.141160699307224524e+00
1.140885140707738055e+00
1.140174818760729902e+00
1.139995861654212073e+00
1.138820504724056715e+00
1.138321124773477022e+00
1.137792611274694332e+00
1.137174500990685733e+00
1.136841567554047083e+00
1.136718447095704132e+00
1.136514847667134509e+00
1.136144839573094201e+00
1.135400113331650473e+00
1.134890861201458989e+00
1.134615301533851595e+00
1.133909357541048157e+00
1.133476494293317094e+00
1.133111942502240010e+00
1.132222323842892120e+00
1.132026868373258166e+00
1.131486929093308280e+00
1.130632613784590346e+00
1.130554289621572783e+00
1.130219369217858372e+00
1.128472420784395025e+00
1.127820620792253425e+00
1.127291750421395733e+00
1.126698344482728320e+00
1.126572792122414457e+00
1.125790767349867938e+00
1.125548906311788722e+00
1.124838835388310088e+00
1.124612255504939151e+00
1.124203705877926174e+00
1.124094013060539465e+00
1.123382880425025432e+00
1.122568493200633899e+00
1.122202396814856895e+00
1.121562953150524455e+00
1.121250406765390562e+00
1.120651902401624156e+00
1.119571436844541967e+00
1.118520762335232899e+00
1.118398667107421307e+00
1.117679969806560480e+00
1.117180829031862555e+00
1.116898660480934558e+00
1.116641122745392289e+00
1.116301369614511430e+00
1.115769324375774918e+00
1.115279684148023254e+00
1.114938376017683641e+00
1.114802581574062978e+00
1.114393581373541275e+00
1.114340138161360683e+00
1.113878622034040422e+00
1.113735725951822353e+00
1.113604822466575994e+00
1.113483022389999633e+00
1.113116235180615421e+00
1.112034406176938717e+00
1.111654224328969320e+00
1.111382380293250538e+00
1.110200783756924325e+00
1.110006692556390506e+00
1.109450275744410241e+00
1.108919404745890791e+00
1.108765705209989960e+00
1.108421272847186723e+00
1.107818467228386172e+00
1.107099413848780856e+00
1.107007843646076628e+00
1.106303038541775363e+00
1.106096748099250737e+00
1.105682904646877462e+00
1.105514941428081377e+00
1.104821628477508311e+00
1.103991975810158621e+00
1.103931786202040355e+00
1.103517335749877315e+00
1.102613023469253273e+00
1.102420726113387150e+00
1.102287032249402055e+00
1.101741295142763644e+00
1.101516011447045251e+00
1.100589861303102435e+00
1.100517482416866644e+00
1.100276071204305817e+00
1.100170088556259529e+00
1.099795855034888303e+00
1.099129873750894104e+00
1.098889424986655872e+00
1.098001501483510944e+00
1.097229071117233445e+00
1.097028842510225921e+00
1.096579486224966260e+00
1.096273179759682304e+00
1.095891111761867931e+00
1.095366566815891618e+00
1.094856211754157371e+00
1.094672685243843313e+00
1.094302736021778966e+00
1.093935963779108178e+00
1.093437051120463854e+00
1.093047210070233755e+00
1.092946130255241455e+00
1.092293919755310982e+00
1.091776477111204402e+00
1.091639194490267473e+00
1.091349859337060968e+00
1.090772917777945494e+00
1.089984500207256790e+00
1.089866647311462655e+00
1.089326485863052918e+00
1.088785862379918257e+00
1.088362616754188661e+00
1.087903894953950568e+00
1.087175133651532066e+00
1.086610280458424560e+00
1.086377549462223868e+00
1.086118431486931213e+00
1.085828044325485076e+00
1.085469403804631972e+00
1.084555845603340840e+00
1.084115755613232590e+00
1.083553326192665534e+00
1.083324984934108004e+00
1.082759172478824139e+00
1.082616868760035045e+00
1.082162379727927837e+00
1.081858997991754778e+00
1.081626668025402083e+00
1.081337204389693163e+00
1.081055842805027201e+00
1.080198151147071073e+00
1.079838220757333600e+00
1.078731891233602580e+00
1.078467008943480243e+00
1.078364328806424854e+00
1.078025114512424221e+00
1.077575051278275131e+00
1.076702222035334389e+00
1.076394429723407820e+00
1.076290588206049614e+00
1.076075169612717319e+00
1.075951625691156988e+00
1.075176224951922999e+00
1.075014057009016755e+00
1.074508635584056959e+00
1.074428558543014667e+00
1.074257590808732621e+00
1.074052361372959785e+00
1.073768055615782036e+00
1.073113784949687233e+00
1.072796847233952411e+00
1.072549899318318012e+00
1.071914750748732992e+00
1.071745246684054464e+00
1.071470802802078515e+00
1.071250783235400128e+00
1.070404724952014996e+00
1.070223599581577201e+00
1.069040299606931033e+00
1.068640147788308736e+00
1.068523057673091747e+00
1.067850928376707254e+00
1.067528381170318452e+00
1.067123636506274398e+00
1.066846092802618440e+00
1.066403332366915757e+00
1.065856871719803367e+00
1.065516120531012634e+00
1.065396140823803517e+00
1.064971749971194370e+00
1.064575510682410631e+00
1.064435737516331582e+00
1.063937924178878003e+00
1.063077890525789826e+00
1.062963414879479096e+00
1.062465693303576098e+00
1.062131968796252712e+00
1.061560728119609776e+00
1.061515317421287241e+00
1.061129204546591653e+00
1.060425176801201408e+00
1.060049598748777022e+00
1.060015377457872221e+00
1.059707790393559668e+00
1.059176519603045818e+00
1.059016634268681756e+00
1.058510194966602036e+00
1.057961467167361835e+00
1.057901941996234330e+00
1.057751817737006661e+00
1.057464891181888245e+00
1.057095358236155525e+00
1.056914479581448241e+00
1.056677217829542714e+00
1.056508125583670799e+00
1.056150721908448942e+00
1.055920535115309145e+00
1.055756025253382191e+00
1.055646684229631260e+00
1.055282631539233629e+00
1.055140116415772544e+00
1.054475107136032097e+00
1.054360607836597685e+00
1.053827895173498952e+00
1.053615517465167795e+00
1.053399822392645069e+00
1.053155359274938307e+00
1.053074588769296938e+00
1.052684870488612701e+00
1.052635722981236421e+00
1.052159103818676389e+00
1.051910111493321809e+00
1.051716906088260961e+00
1.051438231245016119e+00
1.051225187867485866e+00
1.051096016753611417e+00
1.050942532766645510e+00
1.050750861648136025e+00
1.050572949476752838e+00
1.050305593406415383e+00
1.050163803153548292e+00
1.049890549700638553e+00
1.049676506772294182e+00
1.049188770051248776e+00
1.049086853695268884e+00
1.048780277985126075e+00
1.048478524917534127e+00
1.048247844362378833e+00
1.047735531565920253e+00
1.047172095955483773e+00
1.047009113700697602e+00
1.046952436423409294e+00
1.046930824639214386e+00
1.046306379439340795e+00
1.046277391405313173e+00
1.046069729844324891e+00
1.045899565790588959e+00
1.045711941997853334e+00
1.045444077043280018e+00
1.045377729193551541e+00
1.045134756649614083e+00
1.044333177495048393e+00
1.044074821909301676e+00
1.043952435764747610e+00
1.043696397707082779e+00
1.043389979713198912e+00
1.043091143288550349e+00
1.042916584189359508e+00
1.042190303130266837e+00
1.042093145478292016e+00
1.041921148640759798e+00
1.041863339107864661e+00
1.041542125811883102e+00
1.041272112861936217e+00
1.041103421779376648e+00
1.040954531757198875e+00
1.040753103159809845e+00
1.040483555222321277e+00
1.040196573183311379e+00
1.040079458282591851e+00
1.039921192347795342e+00
1.039844942361572988e+00
1.039504791986440857e+00
1.039249372512815572e+00
1.039121738415558216e+00
1.038975123444503712e+00
1.038516960895852437e+00
1.038442860500521592e+00
1.038259874957768725e+00
1.037923495272541574e+00
1.037802576775914254e+00
1.037532484555486523e+00
1.037037764731772116e+00
1.036811477520971136e+00
1.036723924279487008e+00
1.036575744095573182e+00
1.036444340695289901e+00
1.036374600538012336e+00
1.036062181265967830e+00
1.035941934997824054e+00
1.035749316228416816e+00
1.035586755341235676e+00
1.035205521271622686e+00
1.035006915250531678e+00
1.034754609815472515e+00
1.034662745832858111e+00
1.034543703753121768e+00
1.034434846069000935e+00
1.034351347926582010e+00
1.034066145587912544e+00
1.033932122390214259e+00
1.033588254072332457e+00
1.033215367473306667e+00
1.033053703274213087e+00
1.032938025005082139e+00
1.032868615558450553e+00
1.032661756723491253e+00
1.032416662674801255e+00
1.032181704651550236e+00
1.032148523597100409e+00
1.031946320516894833e+00
1.031325286661566976e+00
1.031246695315897632e+00
1.030944133649019712e+00
1.030712077003860028e+00
1.030360918379564339e+00
1.029789694215409224e+00
1.029650874779281633e+00
1.029554807154097418e+00
1.029371537089861732e+00
1.029178786970371684e+00
1.028926451875706860e+00
1.028743935077755634e+00
1.028597130441274876e+00
1.028055804008164431e+00
1.027981482972429195e+00
1.027680349099974189e+00
1.027467805086257568e+00
1.027204213425150892e+00
1.027150022440257660e+00
1.026841955835438247e+00
1.026610267373919694e+00
1.026450307866153100e+00
1.026115740258952913e+00
1.025836389215772915e+00
1.025727436978452145e+00
1.025576570874375371e+00
1.025374751591562106e+00
1.025215841644465220e+00
1.024829503478593251e+00
1.024638268571852917e+00
1.024282086817479787e+00
1.024207143232380934e+00
1.024016982340996806e+00
1.023824378937719048e+00
1.023579110581734675e+00
1.023268153897145982e+00
1.023247503763129229e+00
1.023056654643780039e+00
1.022760759547907128e+00
1.022659483306738393e+00
1.022395163871882229e+00
1.022007475670652976e+00
1.021848097686253842e+00
1.021725814322518300e+00
1.021470807661991609e+00
1.021249983544082918e+00
1.021087479687706079e+00
1.020799938684508357e+00
1.020665836223541678e+00
1.020388958069176288e+00
1.020307633966113459e+00
1.020179341938945994e+00
1.019988913118785590e+00
1.019882116249488435e+00
1.019735298556092795e+00
1.019505839574884609e+00
1.019457727093362243e+00
1.019270171418654281e+00
1.019067850930750918e+00
1.018929652153603760e+00
1.018769455849068528e+00
1.018694682353012526e+00
1.018546169276800750e+00
1.018477329292450273e+00
1.017948686681732884e+00
1.017790540801092325e+00
1.017408397701719647e+00
1.017291344271756159e+00
1.017044063294484157e+00
1.016884183464102254e+00
1.016745083975099107e+00
1.016592181877783663e+00
1.016462331434219823e+00
1.016243859091202628e+00
1.016072719101982047e+00
1.015869026120011176e+00
1.015506998894515123e+00
1.015445567646575009e+00
1.015145401677910231e+00
1.015057734902812037e+00
1.014931667473280452e+00
1.014882326192093842e+00
1.014733093250852258e+00
1.014598262086358504e+00
1.014429189760707395e+00
1.014282895590593814e+00
1.014213411468168902e+00
1.014090508887242503e+00
1.013931950555065020e+00
1.013837874994419019e+00
1.013661132196854053e+00
1.013533935774993733e+00
1.013324978228535844e+00
1.013257887404915625e+00
1.013096810927767821e+00
1.013064046254285255e+00
1.012895826314818448e+00
1.012862290484919825e+00
1.012714089831258102e+00
1.012546241105402478e+00
1.012322426904169514e+00
1.012153427406075501e+00
1.011942215696194802e+00
1.011841319419380492e+00
1.011708569039195149e+00
1.011656701283764948e+00
1.011408075175956878e+00
1.011155142620107084e+00
1.011009500789894044e+00
1.010893000742405512e+00
1.010843911717161037e+00
1.010685566402128144e+00
1.010655150996514706e+00
1.010537599611881276e+00
1.010451370979687402e+00
1.010288844807895048e+00
1.010032501283862461e+00
1.009934756517636201e+00
1.009834453723170711e+00
1.009721986772020630e+00
1.009597723551697523e+00
1.009498619071121706e+00
1.009351415393345386e+00
1.009268552715717249e+00
1.009061791698870003e+00
1.008875875046916670e+00
1.008739692091730644e+00
1.008669048870576734e+00
1.008565779735476786e+00
1.008475075133523191e+00
1.008384955105141145e+00
1.008284779740835413e+00
1.008251014143303870e+00
1.008127082343137415e+00
1.007961635084334562e+00
1.007881232254277615e+00
1.007723296418100656e+00
1.007549663143779251e+00
1.007375406454334543e+00
1.007319338492019600e+00
1.007154694255171457e+00
1.006952020703495210e+00
1.006931003455135309e+00
1.006842059006546330e+00
1.006741579941067499e+00
1.006704001212530564e+00
1.006639928479740487e+00
1.006565150371016903e+00
1.006126632068928606e+00
1.005963864634378480e+00
1.005793693772379260e+00
1.005782987085985347e+00
1.005637956301051572e+00
1.005574790839695254e+00
1.005553872888298228e+00
1.005428453255106991e+00
1.005356503831378090e+00
1.005239841423915648e+00
1.005118593058044185e+00
1.004939056987355306e+00
1.004893902520007876e+00
1.004849808377245024e+00
1.004711810777426662e+00
1.004662091928075318e+00
1.004602441824766101e+00
1.004392050882600085e+00
1.004250793461528568e+00
1.004208170084194052e+00
1.004014363877460347e+00
1.003912308555202859e+00
1.003852617211684173e+00
1.003820968657736845e+00
1.003793977720221831e+00
1.003537121977230884e+00
1.003406129468426888e+00
1.003352881384440121e+00
1.003319552012957194e+00
1.003206889477608277e+00
1.003025065032918217e+00
1.002943599358033788e+00
1.002758157989176668e+00
1.002712367651294123e+00
1.002650936387460945e+00
1.002501830474771927e+00
1.002478564073481904e+00
1.002381426382729979e+00
1.002353073850163145e+00
1.002247270558657366e+00
1.002204973050921932e+00
1.002093455173557857e+00
1.001946852773198504e+00
1.001835015396929984e+00
1.001801649630341684e+00
1.001736343585052369e+00
1.001631134112216381e+00
1.001593881778879203e+00
1.001571613799279836e+00
1.001481443169824681e+00
1.001455338919689186e+00
1.001355536543454106e+00
1.001348457260325508e+00
1.001316672326407087e+00
1.001193636998587877e+00
1.001155988201018365e+00
1.001106367757995663e+00
1.001086698752117421e+00
1.001031954983091943e+00
1.000968549702978105e+00
1.000865007736523982e+00
1.000850452844926686e+00
1.000766121503344097e+00
1.000742756552460255e+00
1.000646162828069619e+00
1.000598599769934260e+00
1.000550714335971314e+00
1.000462472544733750e+00
1.000422413205522609e+00
1.000389018404605368e+00
1.000281288502586907e+00
1.000222564916148027e+00
1.000146713690680533e+00
1.000111654465324573e+00
9.999268413670955313e-01
9.999062392349881145e-01
9.998337429338656213e-01
9.998005618652251458e-01
9.996999836969475695e-01
9.996899443269984253e-01
9.996443448445984092e-01
9.995447506836204754e-01
9.994930871646260373e-01
9.994680214764148918e-01
9.993920519672510050e-01
9.993449485849531522e-01
9.992283704825901669e-01
9.990918229353467073e-01
9.989489007341769700e-01
9.988407393622183994e-01
9.986907473410923108e-01
9.986098428124520199e-01
9.985356776305897020e-01
9.984821722496864949e-01
9.983738661355183730e-01
9.983387331626718542e-01
9.982559109512113560e-01
9.981755902239906053e-01
9.980424196284265470e-01
9.980127616873815111e-01
9.979792946583657676e-01
9.979654373510917775e-01
9.978729062525124593e-01
9.977948032189034588e-01
9.977387724805343305e-01
9.976816144058575642e-01
9.975830510272249985e-01
9.974251890360007478e-01
9.973118933315818779e-01
9.972739247435075116e-01
9.971374452963079893e-01
9.970886228694280096e-01
9.970463111643147469e-01
9.969376296897026757e-01
9.968853085793779600e-01
9.968488666010716370e-01
9.967861849444576983e-01
9.966532509222318925e-01
9.963745056686176271e-01
9.963110810543939211e-01
9.961420870245262238e-01
9.961251973333431486e-01
9.960727421962083383e-01
9.959637955241774643e-01
9.958860046208137806e-01
9.957925638825938508e-01
9.956792735503394720e-01
9.956519175491951312e-01
9.955545323184573636e-01
9.955081358146898873e-01
9.954233051574349345e-01
9.952932685774088517e-01
9.952649344651711694e-01
9.950683155563969651e-01
9.949796426413340944e-01
9.948872932116742396e-01
9.946635472633083008e-01
9.946121419623845661e-01
9.945444841307754524e-01
9.943837246181165268e-01
9.941795617834816579e-01
9.940366016787678394e-01
9.938272119795461546e-01
9.936750286858737624e-01
9.936080095539694401e-01
9.934038430717241352e-01
9.933430531545668352e-01
9.932822308758871843e-01
9.931371575075169655e-01
9.930568834336485073e-01
9.929277322017953100e-01
9.929125081752202542e-01
9.926747122499518516e-01
9.925569450836325691e-01
9.925404805610055226e-01
9.922374310549003651e-01
9.921513876537069176e-01
9.917573461946929125e-01
9.917335703029646066e-01
9.916175832894429387e-01
9.914662506353765226e-01
9.913288885506444936e-01
9.912487019372806518e-01
9.909833636672805701e-01
9.908088565044018692e-01
9.904800671893442265e-01
9.903752139197027349e-01
9.903222342013979773e-01
9.902157292317184112e-01
9.901243318775195812e-01
9.900440469345922478e-01
9.899200642766186053e-01
9.897872350752013881e-01
9.896061569118880241e-01
9.892975962521395328e-01
9.891166385625032031e-01
9.890624247891613985e-01
9.889400901187561654e-01
9.887990702290821998e-01
9.886366772205037456e-01
9.885093638628992263e-01
9.883324842583305347e-01
9.881798095583781416e-01
9.878306850664706484e-01
9.877890368663014842e-01
9.875273480752648769e-01
9.874485110472354110e-01
9.872805893726649407e-01
9.871873626898051146e-01
9.871685783793039404e-01
9.870066102833361388e-01
9.866979559573991754e-01
9.865163924466029410e-01
9.863420442366563901e-01
9.860671667721334632e-01
9.855313269068015636e-01
9.853851619675497719e-01
9.852089393491255676e-01
9.850427158497888636e-01
9.848956426805426378e-01
9.847764112407068060e-01
9.846534173085240704e-01
9.842114585222915268e-01
9.841063114138364210e-01
9.839636667909150702e-01
9.838010915767970710e-01
9.835297933839338702e-01
9.832685192440279165e-01
9.832043925315221422e-01
9.826631435765132982e-01
9.824398963873469670e-01
9.822064648753446869e-01
9.820337036017477983e-01
9.817488031836265616e-01
9.816397865311410342e-01
9.815293904236281897e-01
9.811089660625816888e-01
9.809458419973577925e-01
9.807922266068804795e-01
9.802849363297339025e-01
9.801840082526639408e-01
9.799860642256057464e-01
9.799180040796178215e-01
9.797372061158197143e-01
9.796293529876234363e-01
9.794028480876804110e-01
9.793408552880125129e-01
9.790606414505885757e-01
9.788171453440099867e-01
9.787417195765646394e-01
9.785922816734528018e-01
9.785354547680424897e-01
9.781709280144985641e-01
9.780306305491445196e-01
9.777552804255433827e-01
9.775131377183740033e-01
9.774354622491100431e-01
9.773411138468242054e-01
9.773043366882775418e-01
9.764805536377459960e-01
9.762822526412894275e-01
9.760406350637491624e-01
9.758758322982898914e-01
9.756710382075132193e-01
9.755083763573737521e-01
9.753030636544949283e-01
9.749618435692131158e-01
9.747290748233076174e-01
9.745126575149581916e-01
9.741729991677768874e-01
9.734931395426550393e-01
9.733869858549160092e-01
9.731261847975229973e-01
9.728969263558049363e-01
9.725679237934863330e-01
9.724088199118494646e-01
9.723295256830386535e-01
9.720959774535448128e-01
9.718448380434999700e-01
9.716687061333356690e-01
9.714509096794765597e-01
9.712080673053470337e-01
9.707348036376558520e-01
9.702667939495245308e-01
9.698172578597634708e-01
9.694811407780353774e-01
9.693984865781803961e-01
9.691897399084203890e-01
9.689198460673085211e-01
9.688828472418177240e-01
9.682965938031197206e-01
9.678375842312205712e-01
9.676541366071187422e-01
9.673756639973285498e-01
9.668992123283415285e-01
9.666055710002376955e-01
9.661490255679829886e-01
9.658919100529189672e-01
9.656842282536471922e-01
9.655929875649593708e-01
9.654829290976009171e-01
9.653129481670995604e-01
9.647411023558241094e-01
9.644955292041870187e-01
9.640817572384082768e-01
9.629712895110037474e-01
9.628292189356103536e-01
9.624428624774400420e-01
9.620630607506597265e-01
9.617037509429482434e-01
9.615800082871286403e-01
9.609569712223521298e-01
9.603842244247460247e-01
9.602796349213793548e-01
9.600049076724731512e-01
9.598054920305818527e-01
9.596741979927255750e-01
9.589441806497525089e-01
9.586310565801419159e-01
9.579272138552845650e-01
9.573488477976010991e-01
9.571892011995374316e-01
9.570469148133738946e-01
9.569983020709414978e-01
9.565501554522749528e-01
9.563559402812268351e-01
9.560080216746472681e-01
9.552642644256622573e-01
9.548210736093225570e-01
9.547193103084484767e-01
9.542615198191454207e-01
9.541333627248340665e-01
9.533892179859349003e-01
9.526550034608896045e-01
9.524386504563677747e-01
9.520223123555490163e-01
9.517081442865570340e-01
9.513954578756284031e-01
9.511403632816597398e-01
9.509499057975735470e-01
9.507598257777695183e-01
9.502134516137143994e-01
9.499587443034042122e-01
9.491593136938016873e-01
9.486621758583133612e-01
9.478791558696305630e-01
9.478024813603342924e-01
9.476421041073204155e-01
9.471990650434042314e-01
9.467541403935270106e-01
9.462514872212410832e-01
9.455196476430212105e-01
9.447469056508543961e-01
9.444296725550720417e-01
9.443264470908886432e-01
9.439488414908365765e-01
9.433640651626270524e-01
9.431011686025169150e-01
9.428795959967408713e-01
9.428147029293846293e-01
9.423069830079354725e-01
9.421452488303004857e-01
9.415744124134042270e-01
9.413099125354157382e-01
9.408826627111642749e-01
9.404800986496156812e-01
9.399485095235619037e-01
9.395366030211218522e-01
9.391049152298731606e-01
9.387552248491531914e-01
9.386203243501768378e-01
9.376897733816940139e-01
9.373108860199099723e-01
9.367145422564476798e-01
9.365635172710282674e-01
9.361736026945832734e-01
9.359768743582402850e-01
9.356242518435400335e-01
9.351152706239034273e-01
9.339475093217113333e-01
9.333609594662233278e-01
9.325799756127330919e-01
9.318304521083832226e-01
9.315883309852144301e-01
9.296438157631689014e-01
9.292603944015248585e-01
9.287314569033744416e-01
9.282472181630544439e-01
9.281256660050611895e-01
9.278187457470381538e-01
9.273767836555893984e-01
9.262342536192867959e-01
9.259382358087880904e-01
9.249816681692371034e-01
9.246828645657430013e-01
9.233131440273795176e-01
9.231734815689202067e-01
9.230650435522025354e-01
9.227985045094249106e-01
9.214770202012910749e-01
9.212667369781361026e-01
9.197119910602354897e-01
9.186199722813520596e-01
9.183874977834290965e-01
9.181896332430717900e-01
9.175344001632692592e-01
9.173453296105560373e-01
9.158165721050252062e-01
9.156086817410938883e-01
9.153550373986887312e-01
9.146445036530177486e-01
9.133177632065396789e-01
9.120570094659327109e-01
9.109011928863615104e-01
9.106178479277220461e-01
9.097800590640395813e-01
9.097550781784664586e-01
9.094916215567993012e-01
9.085039620539893113e-01
9.078302488365620482e-01
9.077313743237067634e-01
9.076055003467553561e-01
9.071268427421333991e-01
9.069193625994141916e-01
9.060638667171054816e-01
9.058867580857685731e-01
9.052935113366666897e-01
9.047627983598525159e-01
9.044979379531536967e-01
9.041547035596654291e-01
9.037325123999437881e-01
9.029465010292491156e-01
9.018452860054647635e-01
9.006464370517128781e-01
9.005847132567542657e-01
9.003947936176418532e-01
8.996336934147751707e-01
8.991421256013617525e-01
8.986932146885232564e-01
8.973429032022219864e-01
8.964455348248669964e-01
8.955286468644352293e-01
8.949528651356637443e-01
8.946630161211890364e-01
8.943493328377633000e-01
8.932118045697104991e-01
8.930681533363841185e-01
8.915310841931592956e-01
8.913964610419801149e-01
8.883895149555348647e-01
8.882328020004760516e-01
8.872432928287414811e-01
8.865037598962034471e-01
8.855445107836668051e-01
8.844899944854159868e-01
8.840617758975730656e-01
8.833703978381344246e-01
8.828316288913377052e-01
8.827116845649839449e-01
8.823348996997428806e-01
8.813704910347825994e-01
8.801455716092717596e-01
8.789075842814025874e-01
8.788027613494477919e-01
8.769295224756892271e-01
8.768659899176604045e-01
8.764360809321913859e-01
8.754287890202020472e-01
8.741698543930321863e-01
8.737781371513698714e-01
8.722371945081538458e-01
8.716709662699005934e-01
8.712439006847143563e-01
8.710674746526997358e-01
8.699773519151078327e-01
8.686628166806799056e-01
8.685251324829446062e-01
8.679973185298622829e-01
8.673320571356396558e-01
8.665060972661977612e-01
8.661563492805934850e-01
8.651834472336419335e-01
8.643010841540105238e-01
8.626241004499578535e-01
8.625489327254808325e-01
8.620680299122011059e-01
8.607312491995768866e-01
8.602615732502327806e-01
8.599581957722597370e-01
8.598574634838481723e-01
8.588533032025368330e-01
8.572962091150967412e-01
8.549961652196231832e-01
8.543254110471231177e-01
8.542322490466502938e-01
8.540587980272920099e-01
8.517896224629395441e-01
8.498564764333271793e-01
8.497848026501344521e-01
8.494212753400806060e-01
8.479640046886057769e-01
8.462110212573071832e-01
8.451475036174406208e-01
8.427546305808399918e-01
8.416145489390819412e-01
8.414982080999904301e-01
8.414216739211232143e-01
8.397459668916620323e-01
8.391626094117488055e-01
8.380609600845343454e-01
8.372455964363862968e-01
8.357770544603354557e-01
8.352250898496099696e-01
8.334739139122827600e-01
8.319601584800436767e-01
8.318069490469007787e-01
8.316228694815521738e-01
8.297608574626378353e-01
8.279966582330730018e-01
8.275547055541058183e-01
8.273095807988208872e-01
8.272114386296184341e-01
8.261050954848798700e-01
8.254334957069945355e-01
8.240971136246457718e-01
8.232941985801648377e-01
8.185626966276966510e-01
8.140878678183122164e-01
8.124225613278035496e-01
8.106130006887305450e-01
8.079393033119415257e-01
8.069242084375540802e-01
8.063320013150809817e-01
8.057102699411405888e-01
8.055242160952420516e-01
8.031666392952996336e-01
8.006360712374481770e-01
8.000964753713967204e-01
7.970640123593624171e-01
7.966398769913594080e-01
7.963431322231986353e-01
7.879836683279476395e-01
7.878915729030309123e-01
7.872908684561726878e-01
7.853501204638000388e-01
7.846758830264599638e-01
7.837644647058803482e-01
7.834018932177563288e-01
7.831961204976362056e-01
7.809168604511539380e-01
7.792321466821312548e-01
7.789272142016540057e-01
7.747150283179375929e-01
7.736368714892984944e-01
7.703719217056070878e-01
7.701214905692351786e-01
7.699930455221108971e-01
7.697250924344524181e-01
7.690770272534739327e-01
7.673327567016013928e-01
7.623000990365106366e-01
7.609481229056728191e-01
7.586179801235540809e-01
7.583412485238326672e-01
7.565154369840754178e-01
7.564580647949631365e-01
7.552150264861642315e-01
7.536043250035474594e-01
7.532292822319129888e-01
7.443119164597784554e-01
7.441838847205892726e-01
7.430905828915490563e-01
7.410024149565335172e-01
7.386754416200167483e-01
7.367322364030305382e-01
7.345225266846338030e-01
7.332686838217978842e-01
7.325490433630379439e-01
7.321107228629869512e-01
7.287531954008820145e-01
7.268298850451034854e-01
7.251970136365301078e-01
7.242080203706606767e-01
7.227762768123204840e-01
7.206606177251561052e-01
7.191115948702609950e-01
7.170550400202895247e-01
7.118742078393269779e-01
7.099627753160745458e-01
7.043707428324699205e-01
7.023272728296697798e-01
7.019016772324263576e-01
6.909811587987839676e-01
6.897230102307490007e-01
6.878481904210415054e-01
6.842658889331381111e-01
6.821416454265126772e-01
6.783449063396916889e-01
6.747965508033240134e-01
6.718873472279743853e-01
6.703436017786466028e-01
6.682242362301057392e-01
6.661693894063115406e-01
6.633631105461311739e-01
6.598721882731910515e-01
6.554173228716518862e-01
6.549748665993772034e-01
6.506355627172006884e-01
6.474170431940331483e-01
6.467556305813042528e-01
6.402238142551746058e-01
6.351483243502286102e-01
6.325469871985875958e-01
6.319930720269827384e-01
6.294224068361558011e-01
6.259695466872065017e-01
6.102794979462161651e-01
6.091256447023597476e-01
6.068860769332483640e-01
5.999621004239179545e-01
5.948461068148988007e-01
5.842302020788031625e-01
5.825685211003841513e-01
5.741815821151344812e-01
5.671034436156072722e-01
5.656290347960373222e-01
5.638352433030472399e-01
5.583883580345637698e-01
5.481784907402580398e-01
5.466841666032082880e-01
5.443428653628932246e-01
5.415794873563100076e-01
5.294111898352207302e-01
5.260266525157875073e-01
5.195002009684075439e-01
5.096797860917268164e-01
5.051474745937760691e-01
4.978424147853781623e-01
4.922090800194085514e-01
4.921300826722189159e-01
4.879826450086707235e-01
4.844658387692400980e-01
4.817959616226691888e-01
4.706662553608264576e-01
4.703776689399166711e-01
4.537870765184092714e-01
4.514280930228794508e-01
4.491159696805358537e-01
4.305687957943160615e-01
4.204295696337601029e-01
3.990126958472327567e-01
3.619220360732391395e-01
3.272604271644094509e-01
3.052391005366419385e-01
