1.183526046026410983e+00
1.121241357716403542e+00
1.120928729755993114e+00
1.118188696806242000e+00
1.115179305954823397e+00
1.113238861958433468e+00
1.111561209912516501e+00
1.107805562384500675e+00
1.104640296084855144e+00
1.100615379876485722e+00
1.097593546955974553e+00
1.096906755851439597e+00
1.095875275482331546e+00
1.094481116821291122e+00
1.093568768464193930e+00
1.090624688969914047e+00
1.090406015821290486e+00
1.088550206690141353e+00
1.084972338064337682e+00
1.083075100423554149e+00
1.083004448555966892e+00
1.080497808930459103e+00
1.078926611401814784e+00
1.075966936958129505e+00
1.074990388684203158e+00
1.071680743193458962e+00
1.071196776076351220e+00
1.069927355653251366e+00
1.069143451791422672e+00
1.067322533489059255e+00
1.066990188730348565e+00
1.066253620825139192e+00
1.065955617016595358e+00
1.065000151614095447e+00
1.063440663638103745e+00
1.063205181684617529e+00
1.062059548489530103e+00
1.061246537965667036e+00
1.059050856826719178e+00
1.057161440493392002e+00
1.056555197425454340e+00
1.055917092639255817e+00
1.055783078861556756e+00
1.053132970283037206e+00
1.052651275362351369e+00
1.052007010325421543e+00
1.051490355174023339e+00
1.051428423056639971e+00
1.050840694523372587e+00
1.049874744898537049e+00
1.049723455015488582e+00
1.049044557527136101e+00
1.048559413999774925e+00
1.047944230053034831e+00
1.047335462937469375e+00
1.046537322636840184e+00
1.046328579258302360e+00
1.045980674271583144e+00
1.045214834044806640e+00
1.044853970678796706e+00
1.044465746396036954e+00
1.044426444656272546e+00
1.043028419980302379e+00
1.042895534129961277e+00
1.042524060439973477e+00
1.042359804152747094e+00
1.042111462064085448e+00
1.041792386850934449e+00
1.041013754661280322e+00
1.040563570574594143e+00
1.040330060567187909e+00
1.039413267032734733e+00
1.039259435331046033e+00
1.038527260078929038e+00
1.038123567976625861e+00
1.037475708033938071e+00
1.037276012017869453e+00
1.036906937514477489e+00
1.036262391450442077e+00
1.035593109901467468e+00
1.035241499057337977e+00
1.034796979972347541e+00
1.034437590804435647e+00
1.033867216624251295e+00
1.033218373590890415e+00
1.032521437681773069e+00
1.032009248448089389e+00
1.031911331278848598e+00
1.031542892396332123e+00
1.031129151107671449e+00
1.030535999061811925e+00
1.030314526308405698e+00
1.029884270067219276e+00
1.029569069295109163e+00
1.028948764870571075e+00
1.028202001002031629e+00
1.027737748483942060e+00
1.027357693054850696e+00
1.027035118976861838e+00
1.026873293449776625e+00
1.026703720546541465e+00
1.026580084758582867e+00
1.026289637175354486e+00
1.025706230733414603e+00
1.025399268233420758e+00
1.025270214358019683e+00
1.025136846191341933e+00
1.024934687813467082e+00
1.024631022835045036e+00
1.023865070950782163e+00
1.023662919452779985e+00
1.023462750269595878e+00
1.023389411881560740e+00
1.022961678231617766e+00
1.022761655376546175e+00
1.022528629859072336e+00
1.022171348858400330e+00
1.022106497764939226e+00
1.021877231142479081e+00
1.021706411976893047e+00
1.021397759261756022e+00
1.021217116480244380e+00
1.021136718102365171e+00
1.021049322862098929e+00
1.020751836063585438e+00
1.020646169017952021e+00
1.020554396526607732e+00
1.020428922465717925e+00
1.020092242429141427e+00
1.020056006901392420e+00
1.019843221298611713e+00
1.019619765665755295e+00
1.019312990734841717e+00
1.019084871817718119e+00
1.018835540463997047e+00
1.018753446588410716e+00
1.018626777561604690e+00
1.018480371231971437e+00
1.018341697630452902e+00
1.018178641998945144e+00
1.017864411536050007e+00
1.017816661374767229e+00
1.017471432199622994e+00
1.017346588865250867e+00
1.017256108498386435e+00
1.017116668596209861e+00
1.016869437814282850e+00
1.016811660477529022e+00
1.016748380165982901e+00
1.016634072794324606e+00
1.016473904601495226e+00
1.016305504752995192e+00
1.016176364501242713e+00
1.015928958452335440e+00
1.015839904057132870e+00
1.015762085865447029e+00
1.015567065435575067e+00
1.015523744800003625e+00
1.015294096922567668e+00
1.014950847172005455e+00
1.014854515208102104e+00
1.014655582807415080e+00
1.014549922118515912e+00
1.014358597566477282e+00
1.014293877756116569e+00
1.013928427329974236e+00
1.013769614365288563e+00
1.013710223245775532e+00
1.013628060661982966e+00
1.013570971595423531e+00
1.013524002542028235e+00
1.013405177484810959e+00
1.013104440222567515e+00
1.012996012987010142e+00
1.012905486551988865e+00
1.012872490179303586e+00
1.012770145318746540e+00
1.012548271638716413e+00
1.012332241646551001e+00
1.012266859416718345e+00
1.012087338422695160e+00
1.012069339964898340e+00
1.012052759520625678e+00
1.011727029842384384e+00
1.011689356252409411e+00
1.011535793071445921e+00
1.011436132949920408e+00
1.011288169083651045e+00
1.011233147048406167e+00
1.011159429642771057e+00
1.011093343707931025e+00
1.010977625405067748e+00
1.010880911642981772e+00
1.010874987245199197e+00
1.010683875773639162e+00
1.010606992565466600e+00
1.010509204023171570e+00
1.010438653484212690e+00
1.010364465865083883e+00
1.010152191467374561e+00
1.010096042480778111e+00
1.010002349145748601e+00
1.009922830605844091e+00
1.009780711656120156e+00
1.009662387174496745e+00
1.009634288416468850e+00
1.009582546319329532e+00
1.009448021470048085e+00
1.009320108012770278e+00
1.009271883651393198e+00
1.009206642597739068e+00
1.009147862723324574e+00
1.009117648135868350e+00
1.009038720133334177e+00
1.008990005068186147e+00
1.008969652205668810e+00
1.008829847807727331e+00
1.008774990334061261e+00
1.008711040846478335e+00
1.008640357605518734e+00
1.008602044495785943e+00
1.008468285359411132e+00
1.008403585099913569e+00
1.008336382433103084e+00
1.008301565788324083e+00
1.008255252056450946e+00
1.008168439704357100e+00
1.008056150375436610e+00
1.008042796249554174e+00
1.008041150851168855e+00
1.007934324037676799e+00
1.007847944302785459e+00
1.007818089472827028e+00
1.007804914900024551e+00
1.007657506978264061e+00
1.007636866409609366e+00
1.007559329690723260e+00
1.007444426491146627e+00
1.007398170622682221e+00
1.007318884552808491e+00
1.007278860512877294e+00
1.007196644339198421e+00
1.007163570506789396e+00
1.007136329626348914e+00
1.007094738799323208e+00
1.007069020352330035e+00
1.007020227337752205e+00
1.006994629324194035e+00
1.006934430395542091e+00
1.006893458158617083e+00
1.006839177425755461e+00
1.006720710339094715e+00
1.006696450004474608e+00
1.006589658832912182e+00
1.006577414411436333e+00
1.006511825691553508e+00
1.006474457137068068e+00
1.006412853940245711e+00
1.006386697602921210e+00
1.006235542066993949e+00
1.006207003521644605e+00
1.006198932858034745e+00
1.006132547282217793e+00
1.006068160806735667e+00
1.006012439900868305e+00
1.005991821224806682e+00
1.005985947141571968e+00
1.005952282220939908e+00
1.005920062527397629e+00
1.005861172850477825e+00
1.005842253999683189e+00
1.005803792895804349e+00
1.005768004799591830e+00
1.005627650919004523e+00
1.005617587902789989e+00
1.005484498812365457e+00
1.005459958072176141e+00
1.005445800653663513e+00
1.005436131866913607e+00
1.005359971874852931e+00
1.005334089005652576e+00
1.005308384683217815e+00
1.005291092068344438e+00
1.005244232147067374e+00
1.005206796490911492e+00
1.005184902086080356e+00
1.005167448196153890e+00
1.005133970539021648e+00
1.005102189732239193e+00
1.005060908484841198e+00
1.005040007637086230e+00
1.004958715972549932e+00
1.004936699071452777e+00
1.004904658043344501e+00
1.004839815234023659e+00
1.004822147770216167e+00
1.004805758910724212e+00
1.004763178147982439e+00
1.004707676312682985e+00
1.004673783852158664e+00
1.004651953559096977e+00
1.004592265324276035e+00
1.004573340813214699e+00
1.004525084402019042e+00
1.004494104526677756e+00
1.004472243115742236e+00
1.004449223835306437e+00
1.004437811482020715e+00
1.004421868950295949e+00
1.004377799453571196e+00
1.004333697656272673e+00
1.004311411655691266e+00
1.004296907382213666e+00
1.004239608776938075e+00
1.004227551101463334e+00
1.004201512718665645e+00
1.004188580202425740e+00
1.004176869990385246e+00
1.004144202102001948e+00
1.004104726253824520e+00
1.004062829201034956e+00
1.004056193294118771e+00
1.004040275899366730e+00
1.004021100862849014e+00
1.003988484873640230e+00
1.003951173112929807e+00
1.003946791480460066e+00
1.003913184623766108e+00
1.003879201398479859e+00
1.003864014514913583e+00
1.003813778939791623e+00
1.003792000707163234e+00
1.003784869319576556e+00
1.003763462452321731e+00
1.003736461586589135e+00
1.003712111586451794e+00
1.003676129399935668e+00
1.003653953395037934e+00
1.003642771009292112e+00
1.003632799186499502e+00
1.003591007840406446e+00
1.003574033318901604e+00
1.003539780061487585e+00
1.003532092130547726e+00
1.003512425631197580e+00
1.003503077384375164e+00
1.003468134925224131e+00
1.003443708671506673e+00
1.003390268990336009e+00
1.003369693716205768e+00
1.003345537877873950e+00
1.003311530030428278e+00
1.003286682822825959e+00
1.003257582420630012e+00
1.003224986170428323e+00
1.003194617803653710e+00
1.003187427474784066e+00
1.003161653256253283e+00
1.003129433913564128e+00
1.003125604688343442e+00
1.003120732391431735e+00
1.003114707043317289e+00
1.003066061518447905e+00
1.003054806998319393e+00
1.003021903543180438e+00
1.003007801427386436e+00
1.002996888417944099e+00
1.002968145188145366e+00
1.002953379555351354e+00
1.002940483115913883e+00
1.002924385542437458e+00
1.002902852886644158e+00
1.002865025811249700e+00
1.002853185535494740e+00
1.002818467218702825e+00
1.002799463312270545e+00
1.002779675403433268e+00
1.002772397009851435e+00
1.002751867133721886e+00
1.002718807718374183e+00
1.002710285053109551e+00
1.002659357313347543e+00
1.002657751603720282e+00
1.002643835033554920e+00
1.002630583783330698e+00
1.002614460917701233e+00
1.002599032801274603e+00
1.002588249333633552e+00
1.002563206562292919e+00
1.002549780974340443e+00
1.002531455574536601e+00
1.002496629004206996e+00
1.002488234448026816e+00
1.002474616275812025e+00
1.002451980700662215e+00
1.002439809404019888e+00
1.002416789074817904e+00
1.002404570146695706e+00
1.002401569439418827e+00
1.002394756753886451e+00
1.002385876017418909e+00
1.002357886900930195e+00
1.002344308500666026e+00
1.002325968242241627e+00
1.002321596576081664e+00
1.002313173975077021e+00
1.002281614752193573e+00
1.002274078844173300e+00
1.002267756354523254e+00
1.002244979905327016e+00
1.002221299455383408e+00
1.002216839548633942e+00
1.002178813867968588e+00
1.002168365816608953e+00
1.002162600691685279e+00
1.002155443757821951e+00
1.002141605921160750e+00
1.002113438006171586e+00
1.002106056435091430e+00
1.002089189140466852e+00
1.002075843603035699e+00
1.002065233130398969e+00
1.002056953694086872e+00
1.002053601286528872e+00
1.002030448454968692e+00
1.002024241842172758e+00
1.002008566322674321e+00
1.002001243176196654e+00
1.001968284286985034e+00
1.001965714559630793e+00
1.001957164706241077e+00
1.001952480923011590e+00
1.001939405846000719e+00
1.001931700753656562e+00
1.001925509648215806e+00
1.001914343798870677e+00
1.001907939293871452e+00
1.001889347321348822e+00
1.001873909466007850e+00
1.001858707782966595e+00
1.001849207004602338e+00
1.001840304429306716e+00
1.001819780423029327e+00
1.001813056895563214e+00
1.001810973793982429e+00
1.001799390399293443e+00
1.001795929495812087e+00
1.001785145767419172e+00
1.001775753742089936e+00
1.001756950907925381e+00
1.001746960071286052e+00
1.001720142295202010e+00
1.001712711042449522e+00
1.001704933808079012e+00
1.001686456181294371e+00
1.001677590523375683e+00
1.001674048381453241e+00
1.001668548379716972e+00
1.001663976465438255e+00
1.001652785422046277e+00
1.001646802339265729e+00
1.001638440820346254e+00
1.001625027716155580e+00
1.001615367363326126e+00
1.001607071524635240e+00
1.001592961828296824e+00
1.001582324657658507e+00
1.001580730392713781e+00
1.001567383520078680e+00
1.001553163656747847e+00
1.001547367891434170e+00
1.001540796187301519e+00
1.001534661102139623e+00
1.001522616634599183e+00
1.001508774342650510e+00
1.001501134081583588e+00
1.001484072793558111e+00
1.001472470845732987e+00
1.001465354780528116e+00
1.001461249951751231e+00
1.001456218888657101e+00
1.001440250991391112e+00
1.001433227372574564e+00
1.001424560009920084e+00
1.001412416571092479e+00
1.001404206702789068e+00
1.001392434246623164e+00
1.001382928993228560e+00
1.001376953272157033e+00
1.001368390681915965e+00
1.001365756153612230e+00
1.001349901378873586e+00
1.001345729997862755e+00
1.001337384568100175e+00
1.001325690996246687e+00
1.001316226016081279e+00
1.001306403723070559e+00
1.001301581561988119e+00
1.001297091442779230e+00
1.001286950030130463e+00
1.001284164666891296e+00
1.001275253743840299e+00
1.001274737807316129e+00
1.001271816439987195e+00
1.001262280279225259e+00
1.001244079152283417e+00
1.001238251876472862e+00
1.001228504233238947e+00
1.001219869388532357e+00
1.001204805150304633e+00
1.001196698473226565e+00
1.001187217450277389e+00
1.001184393132528383e+00
1.001179509699171355e+00
1.001171442072601669e+00
1.001151960267077534e+00
1.001145206666809173e+00
1.001138968831819742e+00
1.001135101817279605e+00
1.001127090733497704e+00
1.001126517132031157e+00
1.001103407972208315e+00
1.001101835494787817e+00
1.001080349869903241e+00
1.001065032895682938e+00
1.001063077809148050e+00
1.001058824393177504e+00
1.001055090681891802e+00
1.001052710408843804e+00
1.001042978711301545e+00
1.001036825965497146e+00
1.001028982019847469e+00
1.001022936810606279e+00
1.001015609030737163e+00
1.001006141105586389e+00
1.000977812975606396e+00
1.000977162576573765e+00
1.000964661103587172e+00
1.000963796410210938e+00
1.000961151083054723e+00
1.000954504686991875e+00
1.000952784888131886e+00
1.000943388325196803e+00
1.000940341486028062e+00
1.000937772329465680e+00
1.000921244004353783e+00
1.000916633080282780e+00
1.000912056480196100e+00
1.000904366747829455e+00
1.000897495386292579e+00
1.000891840493252527e+00
1.000885307666399271e+00
1.000879347103393879e+00
1.000876328021899742e+00
1.000859239441814763e+00
1.000858689539292801e+00
1.000856410380253747e+00
1.000846400755085464e+00
1.000844252930759071e+00
1.000838081759845011e+00
1.000836184169568543e+00
1.000830409242872365e+00
1.000822746832783716e+00
1.000819215704909393e+00
1.000812633992707479e+00
1.000811556422859461e+00
1.000799955156120635e+00
1.000797341218103931e+00
1.000792069112373728e+00
1.000786502362533303e+00
1.000783337087315372e+00
1.000780372305215549e+00
1.000775913122736949e+00
1.000771595335896880e+00
1.000760946283855590e+00
1.000756006553283006e+00
1.000754917410466183e+00
1.000751412067224511e+00
1.000746877918404776e+00
1.000746132588712589e+00
1.000737365195645490e+00
1.000734479704090241e+00
1.000727557687586922e+00
1.000725964525017053e+00
1.000723875251384287e+00
1.000712845402935258e+00
1.000708796917507026e+00
1.000706789638889038e+00
1.000702992770974520e+00
1.000701127071930152e+00
1.000696072546460869e+00
1.000690921209735240e+00
1.000678805024371121e+00
1.000675777028769531e+00
1.000667240897011867e+00
1.000656051435248273e+00
1.000648420108641190e+00
1.000643546044434062e+00
1.000642280400813711e+00
1.000634897497276965e+00
1.000632113597147432e+00
1.000628594756351575e+00
1.000627378918361066e+00
1.000621310698432298e+00
1.000610214078779814e+00
1.000605559066924277e+00
1.000602789959817329e+00
1.000599879593910391e+00
1.000597031255038738e+00
1.000595484180771821e+00
1.000593017502800386e+00
1.000589793469524480e+00
1.000579310571336755e+00
1.000577903985499617e+00
1.000573547244548944e+00
1.000569054684616432e+00
1.000565369185533848e+00
1.000555599032552534e+00
1.000550851800551921e+00
1.000550411090025404e+00
1.000546097309401139e+00
1.000541514053268299e+00
1.000540127771028631e+00
1.000536838173617715e+00
1.000533550629882917e+00
1.000529366205925808e+00
1.000527673913596427e+00
1.000515386787708128e+00
1.000511637804589293e+00
1.000508744398354910e+00
1.000503416859740424e+00
1.000500699065974386e+00
1.000499513378245053e+00
1.000490268006603012e+00
1.000486033201557268e+00
1.000484977239202378e+00
1.000475612661099190e+00
1.000475261153880524e+00
1.000472036969084710e+00
1.000466101108745454e+00
1.000462791020068076e+00
1.000458076154448595e+00
1.000456960006745666e+00
1.000456592094657760e+00
1.000453583473329910e+00
1.000450435264843563e+00
1.000443562785366947e+00
1.000438608376757577e+00
1.000435740542658491e+00
1.000429928053687911e+00
1.000424414802246975e+00
1.000421567553350766e+00
1.000415083128385119e+00
1.000413687349862801e+00
1.000407342007117117e+00
1.000400754889306576e+00
1.000398025849026595e+00
1.000396987933904080e+00
1.000395952692096913e+00
1.000390932588152149e+00
1.000387551994822877e+00
1.000386201721137569e+00
1.000383384482818050e+00
1.000380038534319116e+00
1.000377625613804167e+00
1.000375343710689036e+00
1.000368588794275038e+00
1.000366548307591863e+00
1.000365279997398993e+00
1.000364688780604583e+00
1.000360514956966762e+00
1.000357783263671640e+00
1.000356573142116234e+00
1.000350846428477380e+00
1.000349109034496475e+00
1.000346552456452986e+00
1.000342021434881934e+00
1.000341173007527784e+00
1.000338881852543604e+00
1.000335145098018907e+00
1.000330955121927712e+00
1.000326776842452858e+00
1.000325759015275651e+00
1.000323910426274665e+00
1.000317552789902420e+00
1.000315599319677728e+00
1.000313909437122728e+00
1.000312566108801482e+00
1.000311587633644139e+00
1.000309738775938762e+00
1.000305094235740766e+00
1.000301289592454346e+00
1.000299507072581973e+00
1.000294488223939293e+00
1.000294061702241555e+00
1.000293546582893711e+00
1.000289079630112710e+00
1.000284703119272089e+00
1.000281738562728728e+00
1.000281579082982653e+00
1.000280008301576817e+00
1.000276287705116784e+00
1.000270856983322521e+00
1.000268538589870415e+00
1.000263339836433341e+00
1.000262303596628932e+00
1.000261702298093747e+00
1.000259288441748495e+00
1.000257003539832601e+00
1.000255026421613902e+00
1.000249195260409341e+00
1.000246760131697554e+00
1.000245726580454741e+00
1.000244683220858022e+00
1.000240480559032141e+00
1.000239880975471118e+00
1.000237899579947243e+00
1.000235648697433977e+00
1.000233020196018563e+00
1.000230471132869337e+00
1.000229686250657446e+00
1.000224946093557943e+00
1.000220643371968698e+00
1.000211927761125219e+00
1.000210698463627645e+00
1.000209507639561402e+00
1.000208841003540794e+00
1.000206445690418278e+00
1.000205124859145478e+00
1.000200359421108631e+00
1.000199597378160332e+00
1.000195814823495732e+00
1.000193913950375268e+00
1.000191111026764279e+00
1.000189955700214961e+00
1.000187978176804604e+00
1.000186368024611028e+00
1.000181268097842135e+00
1.000179838022684509e+00
1.000177211620892903e+00
1.000175718359774590e+00
1.000172301259374397e+00
1.000170189129476972e+00
1.000168506787785683e+00
1.000168089658853177e+00
1.000166519930091535e+00
1.000165979979931175e+00
1.000164040245937080e+00
1.000162033083258351e+00
1.000160318308563667e+00
1.000159185353677316e+00
1.000157962304595527e+00
1.000157068542550265e+00
1.000156226205991539e+00
1.000153636884335562e+00
1.000152464861496115e+00
1.000151647554752721e+00
1.000150589035712079e+00
1.000149395009631847e+00
1.000147307905977723e+00
1.000146168404895120e+00
1.000143019447970127e+00
1.000141407404674609e+00
1.000140516791639511e+00
1.000139794978631702e+00
1.000135609810151482e+00
1.000133969790727217e+00
1.000132886374951235e+00
1.000131426419853531e+00
1.000127072711213483e+00
1.000125484542808474e+00
1.000124899499182485e+00
1.000123255281793577e+00
1.000120565201352951e+00
1.000117576065670422e+00
1.000113031964863453e+00
1.000110147065328192e+00
1.000108875666269936e+00
1.000106758283141994e+00
1.000105631164828646e+00
1.000104180514061580e+00
1.000101483120627854e+00
1.000100235292056272e+00
1.000097311392643684e+00
1.000096392423060365e+00
1.000095434941072448e+00
1.000093435609906045e+00
1.000089144342321212e+00
1.000088990213221729e+00
1.000086229991970388e+00
1.000085632941363656e+00
1.000084180735919537e+00
1.000080998382136599e+00
1.000079906665533924e+00
1.000078624920154091e+00
1.000078229778280647e+00
1.000076791885342820e+00
1.000075833573271566e+00
1.000075472001137999e+00
1.000074510331731892e+00
1.000073383001634841e+00
1.000072119138898818e+00
1.000071668948312675e+00
1.000067097958286189e+00
1.000066676961209433e+00
1.000065915231968861e+00
1.000065538814778332e+00
1.000063222451268219e+00
1.000062324030475791e+00
1.000061047565196537e+00
1.000059987138162354e+00
1.000058899495968046e+00
1.000058266367318538e+00
1.000056291438139233e+00
1.000056010028140374e+00
1.000053404143074642e+00
1.000053242477641380e+00
1.000052978746420740e+00
1.000052049647451646e+00
1.000050981664382110e+00
1.000049078550508286e+00
1.000047812857679519e+00
1.000045595114842811e+00
1.000045184850572255e+00
1.000043517254458392e+00
1.000041187224889772e+00
1.000040640042739293e+00
1.000039584452358854e+00
1.000038373942424563e+00
1.000038035742669917e+00
1.000036362513743393e+00
1.000035543858665221e+00
1.000034059804086883e+00
1.000033474155262558e+00
1.000033185369200162e+00
1.000031559892297528e+00
1.000030691746201184e+00
1.000028049513806749e+00
1.000027512867648349e+00
1.000027144597185114e+00
1.000026383081766390e+00
1.000025615777776045e+00
1.000024902108930247e+00
1.000024094214804649e+00
1.000023311957176642e+00
1.000022801734864908e+00
1.000021618044475868e+00
1.000020675825656458e+00
1.000019732776057602e+00
1.000019323743952748e+00
1.000019088931160649e+00
1.000017256334430282e+00
1.000016128488065315e+00
1.000015760987940538e+00
1.000013124690884769e+00
1.000012856688831331e+00
1.000012474523337636e+00
1.000012415525110221e+00
1.000011479123406044e+00
1.000011373153448346e+00
1.000010970952834422e+00
1.000009404446628114e+00
1.000009011002277903e+00
1.000008380236215189e+00
1.000007869785879855e+00
1.000006061790760237e+00
1.000004831441881459e+00
1.000004521362580778e+00
1.000004322784733501e+00
1.000004104275871164e+00
1.000002172746422779e+00
1.000001516274625191e+00
1.000001073871616297e+00
9.999994494955567470e-01
9.999991471227857032e-01
9.999983364279549924e-01
9.999977480110731065e-01
9.999966952863776903e-01
9.999962054444900827e-01
9.999956510259093712e-01
9.999951777589550783e-01
9.999948167053295256e-01
9.999933927248736421e-01
9.999927067973819472e-01
9.999921400138828131e-01
9.999907676928158073e-01
9.999904419210913220e-01
9.999879186521448693e-01
9.999874741592720273e-01
9.999868703670414805e-01
9.999857728249321731e-01
9.999845315845238281e-01
9.999833929664045939e-01
9.999826144894587987e-01
9.999820475958959287e-01
9.999805499373325413e-01
9.999789497279025774e-01
9.999769471532845566e-01
9.999765908646996992e-01
9.999761190330170857e-01
9.999729775082804029e-01
9.999724792839934651e-01
9.999681613751818521e-01
9.999669484967395050e-01
9.999660385986737232e-01
9.999633255251831887e-01
9.999601214796272064e-01
9.999582002470828179e-01
9.999564756505733287e-01
9.999547266100323739e-01
9.999532925022339702e-01
9.999511590369649650e-01
9.999501953211743510e-01
9.999462103992386997e-01
9.999456612185744220e-01
9.999440135259611839e-01
9.999418584030717039e-01
9.999372732152105314e-01
9.999364913432733371e-01
9.999336283237250100e-01
9.999304504784155556e-01
9.999284331776794321e-01
9.999264795655978810e-01
9.999218177700817112e-01
9.999189550324122377e-01
9.999171824965747968e-01
9.999152757187381724e-01
9.999124411989911421e-01
9.999088107708145046e-01
9.999076738366086126e-01
9.999062708168859892e-01
9.999030176134571235e-01
9.999008489624201523e-01
9.998932252728296444e-01
9.998929119721275960e-01
9.998891003922215637e-01
9.998865435947117408e-01
9.998819690332239052e-01
9.998785433417731738e-01
9.998768310520085301e-01
9.998739209738647382e-01
9.998707973397863435e-01
9.998704625118346456e-01
9.998689273781000697e-01
9.998603264446498384e-01
9.998589565983589944e-01
9.998574555852521861e-01
9.998461622740737464e-01
9.998451281359456155e-01
9.998378687439661849e-01
9.998360684176307300e-01
9.998337254323559353e-01
9.998330749532889916e-01
9.998301708042962588e-01
9.998231626303016872e-01
9.998218490174497486e-01
9.998193451763696116e-01
9.998174697540197498e-01
9.998080573746896960e-01
9.998016190178355966e-01
9.997986312516979890e-01
9.997973743901710231e-01
9.997936400057313433e-01
9.997896927099481079e-01
9.997876644747378805e-01
9.997863808554541265e-01
9.997778203258982366e-01
9.997762124825775309e-01
9.997742652970412758e-01
9.997660631877687276e-01
9.997631800056732132e-01
9.997620032405599710e-01
9.997594289758495734e-01
9.997567227180651495e-01
9.997517076476611919e-01
9.997443527462422930e-01
9.997429208650389088e-01
9.997393692621668881e-01
9.997378788080288903e-01
9.997367270488188851e-01
9.997332877982861854e-01
9.997256634906973582e-01
9.997243716625127119e-01
9.997234804464002478e-01
9.997141758884955376e-01
9.997094378770540191e-01
9.997033940457108470e-01
9.996988563986750620e-01
9.996960962512804194e-01
9.996958639322766071e-01
9.996948522919345548e-01
9.996791840365089055e-01
9.996718842760650148e-01
9.996644129119329758e-01
9.996630852641226195e-01
9.996530286946241350e-01
9.996524641356179242e-01
9.996479689017017112e-01
9.996430314059852051e-01
9.996364374986616008e-01
9.996276820412923758e-01
9.996197299748079690e-01
9.996173023999369578e-01
9.996115378663943396e-01
9.996089689501799214e-01
9.995976863630767761e-01
9.995900086834155207e-01
9.995800941462003042e-01
9.995756417211729694e-01
9.995721854632451109e-01
9.995671227705420492e-01
9.995602438618897967e-01
9.995579639873496403e-01
9.995552593175955902e-01
9.995485973603290830e-01
9.995425146540457551e-01
9.995300198070808939e-01
9.995258207894927027e-01
9.995204987243558881e-01
9.995087099863116942e-01
9.995053029575861059e-01
9.995024373655649885e-01
9.994913731309058580e-01
9.994882912051095136e-01
9.994823602184778055e-01
9.994773743588303283e-01
9.994745737538813790e-01
9.994670914784821170e-01
9.994633238547721010e-01
9.994588113630588078e-01
9.994546321092824259e-01
9.994347416359127267e-01
9.994288675518353537e-01
9.994197556203565647e-01
9.994182180239997715e-01
9.994083504788976446e-01
9.994058650006518718e-01
9.993974558107284745e-01
9.993938750233639645e-01
9.993907807956268208e-01
9.993797677928463186e-01
9.993663672317210089e-01
9.993646697873920237e-01
9.993523418723830876e-01
9.993502858096119379e-01
9.993394038967984283e-01
9.993236068500910285e-01
9.993165189462828168e-01
9.993099292469821426e-01
9.992914374187172877e-01
9.992778749087410928e-01
9.992737853108436541e-01
9.992695400407463069e-01
9.992534461713130645e-01
9.992502091158830257e-01
9.992451831267235018e-01
9.992386885385876605e-01
9.992213208921483236e-01
9.991949594723884553e-01
9.991841576738919040e-01
9.991809665217038505e-01
9.991743583969513454e-01
9.991677024464764578e-01
9.991624489451104152e-01
9.991567145192100652e-01
9.991446905021816871e-01
9.991404508163840292e-01
9.991301199892542728e-01
9.991139729139578707e-01
9.991085038602646184e-01
9.991052108783372576e-01
9.991008169218554835e-01
9.990974844917155373e-01
9.990886340518604358e-01
9.990855876915376577e-01
9.990663656462943631e-01
9.990432007880252208e-01
9.990226209278968428e-01
9.990095081421208612e-01
9.989975111738975677e-01
9.989914614783784730e-01
9.989909190794504790e-01
9.989690307389537116e-01
9.989616930155432728e-01
9.989375307719587926e-01
9.989352875909905949e-01
9.989312435105722754e-01
9.989248330968631961e-01
9.989155171271217881e-01
9.988963635388871110e-01
9.988857777384118064e-01
9.988694158656538091e-01
9.988548597960776876e-01
9.988496147390898416e-01
9.988394334928417662e-01
9.988011490158604788e-01
9.987939511769592382e-01
9.987761478139556282e-01
9.987637252693730705e-01
9.987505529113464009e-01
9.987472734621914983e-01
9.987375473779741553e-01
9.987363354075771138e-01
9.987220354315737847e-01
9.986982543249429689e-01
9.986826447806786966e-01
9.986524331689718981e-01
9.986380926437595784e-01
9.986150929277500810e-01
9.986087030025907474e-01
9.986000888290614830e-01
9.985810918959359128e-01
9.985379729535804882e-01
9.985252811947824547e-01
9.984971018850218316e-01
9.984861347115306929e-01
9.984727416244335574e-01
9.984598699866895632e-01
9.984402246013562854e-01
9.984202805279643878e-01
9.984155652302935113e-01
9.983987276836101543e-01
9.983881779067866891e-01
9.983769278970033856e-01
9.983558628886580744e-01
9.983477273448576605e-01
9.983413451854225018e-01
9.982905043139709278e-01
9.982887717308681630e-01
9.982768024707051602e-01
9.982658066527824170e-01
9.982504688356508282e-01
9.982413790569032441e-01
9.982234426817819806e-01
9.982105281894010362e-01
9.981999326568997688e-01
9.981622975045563173e-01
9.981541771273355623e-01
9.981417758861236278e-01
9.981249928413489236e-01
9.981107644075194463e-01
9.981034017138705750e-01
9.980654123010922474e-01
9.980545612331125360e-01
9.980367426448962798e-01
9.980296726485734515e-01
9.980203109550332963e-01
9.980062729590969406e-01
9.979981630598285802e-01
9.979913961749896645e-01
9.979735870627565175e-01
9.979650771205543780e-01
9.979308816183098951e-01
9.979212923199133334e-01
9.978911767725978654e-01
9.978659395962410361e-01
9.978285571867908654e-01
9.978146264559573098e-01
9.977786899843885671e-01
9.977454312870666087e-01
9.977161716497503496e-01
9.976950636041861387e-01
9.976641397108660936e-01
9.976450301775797724e-01
9.976241239704269903e-01
9.976219106552889349e-01
9.976129937490029187e-01
9.976105417918653684e-01
9.975657992127833218e-01
9.975283221707779147e-01
9.975196282206856280e-01
9.974734929866843069e-01
9.974669145911283508e-01
9.974511239272737528e-01
9.974080219594576580e-01
9.973800479473812208e-01
9.973509218497402795e-01
9.973266409740448868e-01
9.972720216340928978e-01
9.972403837995191811e-01
9.972192191920385973e-01
9.972123247297151050e-01
9.971952013917789737e-01
9.971831370342496559e-01
9.971774894348223173e-01
9.971069190601076215e-01
9.970586329640563905e-01
9.970396758588467856e-01
9.970085826199703849e-01
9.969847944513607896e-01
9.969786280916089760e-01
9.969543457213679849e-01
9.969378111757197791e-01
9.968931702813791373e-01
9.968718318568715597e-01
9.967972453606078753e-01
9.967880845962692193e-01
9.967672835312427759e-01
9.967374014179052333e-01
9.966965242357129773e-01
9.966819015098584700e-01
9.966612718570300178e-01
9.966300701009302987e-01
9.966087127288265624e-01
9.965582511910022756e-01
9.965523788010228756e-01
9.964585567053874104e-01
9.964567448771042280e-01
9.964341183574357830e-01
9.964123923051668719e-01
9.963895643614679720e-01
9.963263422315071782e-01
9.963033893719357437e-01
9.962936030448754643e-01
9.962795975481980593e-01
9.962018401402225054e-01
9.961721360168053208e-01
9.960897354920917879e-01
9.960371020800199426e-01
9.960037286728992134e-01
9.959893106974898602e-01
9.959546809681344426e-01
9.958989608198332011e-01
9.958374728990917468e-01
9.958243240786527339e-01
9.957965237949043535e-01
9.957632825889215500e-01
9.957458936746909073e-01
9.957383619109245743e-01
9.957131034840054351e-01
9.956992645313654799e-01
9.956225350444299904e-01
9.955121749840317724e-01
9.954350980219938139e-01
9.954170034209032236e-01
9.953878851723146903e-01
9.952323357359275091e-01
9.951906563139129025e-01
9.951262858319553928e-01
9.950713684370040557e-01
9.950501747966387089e-01
9.950302518391274109e-01
9.949890519404169797e-01
9.948492291334413151e-01
9.948478023811808679e-01
9.947415325002912923e-01
9.947266171372557420e-01
9.946313902116263872e-01
9.945904526661573097e-01
9.945659355243573474e-01
9.945404745969539384e-01
9.944633438715362317e-01
9.944630096213702419e-01
9.943729904732426794e-01
9.942677658483883851e-01
9.940453296985430898e-01
9.938715506414536049e-01
9.937799050390169198e-01
9.936000092165483411e-01
9.935345328687411603e-01
9.935170283696789229e-01
9.934892133811217274e-01
9.934389706984935176e-01
9.930841579661366936e-01
9.930258167865761987e-01
9.929889293225508951e-01
9.929538430372026880e-01
9.928156516809284460e-01
9.927151547755985739e-01
9.926606624721929784e-01
9.926293774955178284e-01
9.925530226912245846e-01
9.925415892660748307e-01
9.925354066080166460e-01
9.924712899098870889e-01
9.923768370911989489e-01
9.922739176028017027e-01
9.921715976975090667e-01
9.920744486209396307e-01
9.919577105948204077e-01
9.917100955695623554e-01
9.916386258671228138e-01
9.915570863614475705e-01
9.913583351175383473e-01
9.913432180310836062e-01
9.912734065877384371e-01
9.911761005411540149e-01
9.910871617246926890e-01
9.908807064846970603e-01
9.907875577102623899e-01
9.907328627760078055e-01
9.905619359218381659e-01
9.904668872497560672e-01
9.901828237868649518e-01
9.901660819845187200e-01
9.901339937245118294e-01
9.896186656728331865e-01
9.894731035306641997e-01
9.894502796486566165e-01
9.893273631380040678e-01
9.891041197197611989e-01
9.890511398171794033e-01
9.888950182250090259e-01
9.888112607479145888e-01
9.886602410472438152e-01
9.885691235480280614e-01
9.882723537740443209e-01
9.882166347255131322e-01
9.879648307810140473e-01
9.879425311470590998e-01
9.878045255734330121e-01
9.876929136847564239e-01
9.875786739927946423e-01
9.875155150430751094e-01
9.874027980519813896e-01
9.873310743909059495e-01
9.870722945201996223e-01
9.869246993168697690e-01
9.867450741688782445e-01
9.866190789916350345e-01
9.865203066645855667e-01
9.862784701220523864e-01
9.860685862047621209e-01
9.859602311752537762e-01
9.857725833880116584e-01
9.857021593849577545e-01
9.854424519121242065e-01
9.850940367118293794e-01
9.849958876604734126e-01
9.846863695330878574e-01
9.845912237781269116e-01
9.844093973426679689e-01
9.842006545519345062e-01
9.839907421260785103e-01
9.836061691205555402e-01
9.834627535678800436e-01
9.831099010015172945e-01
9.828687999594815095e-01
9.822074969097602803e-01
9.817705033843721063e-01
9.814982320382971137e-01
9.814206309097609493e-01
9.813472922583075242e-01
9.811038634225581756e-01
9.809662229562949864e-01
9.807316769729116368e-01
9.804855817827604625e-01
9.802092150209409382e-01
9.800651270797756665e-01
9.799529793921775145e-01
9.794746091007369149e-01
9.794429271300864048e-01
9.789951179154635641e-01
9.787682535815915852e-01
9.785216656035816696e-01
9.784457199076047607e-01
9.784364793025572826e-01
9.762036571612450198e-01
9.758567539014507686e-01
9.754035224335452225e-01
9.752048698683393191e-01
9.747963383839983731e-01
9.742873074866529315e-01
9.739678794715166399e-01
9.737301088254203263e-01
9.735001798005182838e-01
9.732022508720818976e-01
9.720365772022877549e-01
9.717997611106795608e-01
9.712293601646578844e-01
9.699809758669812876e-01
9.695785430546581818e-01
9.687935879725850796e-01
9.683386198370483866e-01
9.676395171521648964e-01
9.673153943307021274e-01
9.669775353101224269e-01
9.660498426424809493e-01
9.656126889191604112e-01
9.651819924686094732e-01
9.648420223346459990e-01
9.634471795484781387e-01
9.622764181500343961e-01
9.603471104163845418e-01
9.603312732072393221e-01
9.592393004271265733e-01
9.585228962776792816e-01
9.576766096203451761e-01
9.566530133429359539e-01
9.557194999049873907e-01
9.546633149676441166e-01
9.546422485915680989e-01
9.538447825102431832e-01
9.499763456271138606e-01
9.498456528088833339e-01
9.490805919909327537e-01
9.472576879129143146e-01
9.454646384350103849e-01
9.447753991658679462e-01
9.441767196109778215e-01
9.423031672177003548e-01
9.409109724439265188e-01
9.368607983396142203e-01
9.358537072880228624e-01
9.349412395222638228e-01
9.341546810618260865e-01
9.310111924875424938e-01
9.305345516423271235e-01
9.261215700014990837e-01
9.259948296947146940e-01
9.244946812703980221e-01
9.221299139060604722e-01
9.088126001849398117e-01
8.941716214695863973e-01
8.897302335592556233e-01
8.812780824834673954e-01
