1.884489768376519381e+00
1.676383169752144298e+00
1.625816796078430659e+00
1.623159290107311081e+00
1.600770298291926963e+00
1.581662950239606902e+00
1.565318244569756212e+00
1.539511339908021137e+00
1.511252598968861660e+00
1.508238496957686969e+00
1.496752632450997211e+00
1.494435244187708678e+00
1.491514403117141008e+00
1.466666008024351653e+00
1.455499236475363833e+00
1.453466560054652579e+00
1.447003191736455863e+00
1.442856073318011134e+00
1.441648880506349206e+00
1.438109002121952473e+00
1.433798948210085911e+00
1.429278000986914154e+00
1.423002528414557322e+00
1.412584000687600483e+00
1.410597667970796554e+00
1.399853619391096871e+00
1.386253174746072903e+00
1.384333436353463398e+00
1.381824161480082358e+00
1.379587795398486749e+00
1.376817402161450543e+00
1.375583464507514675e+00
1.374407854711306554e+00
1.366361592680061410e+00
1.363020820449273751e+00
1.354532878833954124e+00
1.354498553560353091e+00
1.345127854726237970e+00
1.344143005203792374e+00
1.340603045429412665e+00
1.333515479583874619e+00
1.331217376367856087e+00
1.330591138576309840e+00
1.327806170954795695e+00
1.327416458792309406e+00
1.323492684044697221e+00
1.319488144066773838e+00
1.316495445377146689e+00
1.313737968217381313e+00
1.312247873714230018e+00
1.311988467115760448e+00
1.308806769294849959e+00
1.301278314334184172e+00
1.296633814723879174e+00
1.295283807272890053e+00
1.293571599475166423e+00
1.291642117736089945e+00
1.288250561845827979e+00
1.287742244343190734e+00
1.286794292624439340e+00
1.285467880016367914e+00
1.283135745195110422e+00
1.282156363658626841e+00
1.280517310996904135e+00
1.278487710080068673e+00
1.275983820978329186e+00
1.270885548719049130e+00
1.270310496908514164e+00
1.267934004883574550e+00
1.266509023707551362e+00
1.262564176228731849e+00
1.260086444126973015e+00
1.256937388111849518e+00
1.254645948354533358e+00
1.254009175604742454e+00
1.251082401016851087e+00
1.247751064848831914e+00
1.245242272428544794e+00
1.241245486623286265e+00
1.240827281595585863e+00
1.239156176661326825e+00
1.238780152849314531e+00
1.234357475519142211e+00
1.233720614323807530e+00
1.229638150296653132e+00
1.229085530326363696e+00
1.228463450080182096e+00
1.228267822662538533e+00
1.222184832072622296e+00
1.220133391308625415e+00
1.218218659565144080e+00
1.216191797440184574e+00
1.216025076721861220e+00
1.215380992423872764e+00
1.214492149808436450e+00
1.212400291728338964e+00
1.211471891353667729e+00
1.209406156866048354e+00
1.209111083013688193e+00
1.208791318419584426e+00
1.208589257140261886e+00
1.208042266129382147e+00
1.206908191273441622e+00
1.205163882037155076e+00
1.202746686433438850e+00
1.201856708259734452e+00
1.201444052142366159e+00
1.200947071587942006e+00
1.199639264694404961e+00
1.199061414854988072e+00
1.197875416239217783e+00
1.196942579103998483e+00
1.196094513959581551e+00
1.191065970729543233e+00
1.189993139980312531e+00
1.189377488365564783e+00
1.187752754097560537e+00
1.185649891506744380e+00
1.185254034477752683e+00
1.184774210344530232e+00
1.182509969740377587e+00
1.181034408841232564e+00
1.180856398203779412e+00
1.179581993119313443e+00
1.177843824207817525e+00
1.177503764615919879e+00
1.176223113382714569e+00
1.175075307610877529e+00
1.174474631017518478e+00
1.171311571870534918e+00
1.170764423440079582e+00
1.168397215194977079e+00
1.167845567422895803e+00
1.166981089975118735e+00
1.166449275322421375e+00
1.165301015487259173e+00
1.163537766976856069e+00
1.162676416714452543e+00
1.161768823351528646e+00
1.160765001249605799e+00
1.160701791448843112e+00
1.157987702128614682e+00
1.157856410405768699e+00
1.154929080773778205e+00
1.154239014907368244e+00
1.153914915953858200e+00
1.153474186189714645e+00
1.151939225081807017e+00
1.151250208586908297e+00
1.150291212073062175e+00
1.147470085170020804e+00
1.147271322737579036e+00
1.146926934901245865e+00
1.146242429654042105e+00
1.145062667283561098e+00
1.144141590438457756e+00
1.142160934385985538e+00
1.141127242770203720e+00
1.140576533336521425e+00
1.139948222861432825e+00
1.139083717312779021e+00
1.138089797243077905e+00
1.137100082496096842e+00
1.136733206872996282e+00
1.136286962850564963e+00
1.135846277880915300e+00
1.134804567246387341e+00
1.133006386031450097e+00
1.132642163901576460e+00
1.131917412559553027e+00
1.130315298937949020e+00
1.129324378369550352e+00
1.129175840713946943e+00
1.129010983048324812e+00
1.127981193389711700e+00
1.127771962886391588e+00
1.126768379124817310e+00
1.126103000396051046e+00
1.125457462960593125e+00
1.124924254185753147e+00
1.124372778115107163e+00
1.123613303618714365e+00
1.121625593429912415e+00
1.119823565219508765e+00
1.119144561070416488e+00
1.119079150427284119e+00
1.117902250010719634e+00
1.117385658888452982e+00
1.117001934674790808e+00
1.116430168834007475e+00
1.114296928356973471e+00
1.113292807028634979e+00
1.111719080427249873e+00
1.111555041586875126e+00
1.111431890258663291e+00
1.110996081822778425e+00
1.110289654266028547e+00
1.109822625244002881e+00
1.109666267350391200e+00
1.108815188293846843e+00
1.108392554693026000e+00
1.108305837455707321e+00
1.107931759682052597e+00
1.107066180169845815e+00
1.106468083524001944e+00
1.106233897943471156e+00
1.105897604825059499e+00
1.105460394047687922e+00
1.104305853676864624e+00
1.104209702459564291e+00
1.104014614241739078e+00
1.103544505822054322e+00
1.103041663397721583e+00
1.102850007662775411e+00
1.101372574453057362e+00
1.100845732007861066e+00
1.100474971807885227e+00
1.100094998648424749e+00
1.099144957227740971e+00
1.098464696441870503e+00
1.098322830263171568e+00
1.098130850488574728e+00
1.097487377836060318e+00
1.096528677593865186e+00
1.095603811893300916e+00
1.095500812046125150e+00
1.095323888506492427e+00
1.093105761494916672e+00
1.092994468797903185e+00
1.092615817727485394e+00
1.092519964551390332e+00
1.091936859387155900e+00
1.091254183208716366e+00
1.090421863646173106e+00
1.090147894693952013e+00
1.088513250010669120e+00
1.088296590537537023e+00
1.087743815785664481e+00
1.087499186162320441e+00
1.086423787190969215e+00
1.085981055903814996e+00
1.085621104180124474e+00
1.084875014399226290e+00
1.083331928270069744e+00
1.082670132784880224e+00
1.082035686171789246e+00
1.081811170011256928e+00
1.081641854286494064e+00
1.081470802610400739e+00
1.081195101551686077e+00
1.080716997028403625e+00
1.080109693712386187e+00
1.079081543008711286e+00
1.078689018677543299e+00
1.078086708451672537e+00
1.077577730520441035e+00
1.077084701528476351e+00
1.077022114243459061e+00
1.076722760462371697e+00
1.076113184997357530e+00
1.075666242198202616e+00
1.075217693537923402e+00
1.074964841490138046e+00
1.074234741281029137e+00
1.073827201794124164e+00
1.073349559580744295e+00
1.072941951548564532e+00
1.072782960609908187e+00
1.072061222865660524e+00
1.071875207004260977e+00
1.071549464554098607e+00
1.070668747112304420e+00
1.070508202578354995e+00
1.069817447314578063e+00
1.069582647561002409e+00
1.068353883963890194e+00
1.068075329353948888e+00
1.067575426919926684e+00
1.067174305120460076e+00
1.066790121447597439e+00
1.066692705294392862e+00
1.066596009866419781e+00
1.065895492150857882e+00
1.065496101438783150e+00
1.065128406264308270e+00
1.064718426870381984e+00
1.064412705327726361e+00
1.064276013012607880e+00
1.064085692729353383e+00
1.063901927750198873e+00
1.062527242537293359e+00
1.062158073171767692e+00
1.062110140455926777e+00
1.061558672637228362e+00
1.061482531492838000e+00
1.061269469932746068e+00
1.060738215461978218e+00
1.060564225641397851e+00
1.060463096456498722e+00
1.060098946692043853e+00
1.059649999880297733e+00
1.059369095858616383e+00
1.059066155872137482e+00
1.058918445593046487e+00
1.058103849214946823e+00
1.057754452052042549e+00
1.057472571354836521e+00
1.057135808697193591e+00
1.056909973244496426e+00
1.056150382433006518e+00
1.055782577042849946e+00
1.055654089740420742e+00
1.055423318364305585e+00
1.054982154981931819e+00
1.054577117450849144e+00
1.053810557212563559e+00
1.053514880041209079e+00
1.053357982660098724e+00
1.053109636318402043e+00
1.052648785107728635e+00
1.052527236965683954e+00
1.052408313340666091e+00
1.052251703199387434e+00
1.051994076396811195e+00
1.051392218562371861e+00
1.050943926225984759e+00
1.050737694686583179e+00
1.050387040888550061e+00
1.049546504905695121e+00
1.049520107390793600e+00
1.049050691857299933e+00
1.048391062914141081e+00
1.048109121904818197e+00
1.048010818228612306e+00
1.047554187860271435e+00
1.046896416228413562e+00
1.046779089784341199e+00
1.046545116743778037e+00
1.046326813825660285e+00
1.046088157549074360e+00
1.045936996878346292e+00
1.045628930727755979e+00
1.045274401504580064e+00
1.044991113569216479e+00
1.044653703073475937e+00
1.044602360607108427e+00
1.044420504506891723e+00
1.044263582771815191e+00
1.043896971637178650e+00
1.043699635829596017e+00
1.043632601167778118e+00
1.043293978320646076e+00
1.042849577769390024e+00
1.042655116559690232e+00
1.042518571787878434e+00
1.042151781897150409e+00
1.041920299521671867e+00
1.041840889868438591e+00
1.041701131545432091e+00
1.041518996206020953e+00
1.041254569750835968e+00
1.041030496764788094e+00
1.040918846373056317e+00
1.040428630552393541e+00
1.040348735931259094e+00
1.040157516343386046e+00
1.040013403611306231e+00
1.039954333544108378e+00
1.039699064603446743e+00
1.039489256160191166e+00
1.038343627787744028e+00
1.038293447397937497e+00
1.038185937104893597e+00
1.038045546422752041e+00
1.037811268776045015e+00
1.037683408243398109e+00
1.037539011118171484e+00
1.037407531028460950e+00
1.036932641231073315e+00
1.036611251988067695e+00
1.036555519646437551e+00
1.036428499543683879e+00
1.036314985439837466e+00
1.035771786666679350e+00
1.035625335414795956e+00
1.035378076641542133e+00
1.034840571211644189e+00
1.034524881448154687e+00
1.034225120759421523e+00
1.034095953313674654e+00
1.034042201196771371e+00
1.033859031636658266e+00
1.033766493841184353e+00
1.033557036196192991e+00
1.032933800300976257e+00
1.032693025408042420e+00
1.032591890247459343e+00
1.032210258154474314e+00
1.032011551994739262e+00
1.031602093362384620e+00
1.031513263789236801e+00
1.031414598527573334e+00
1.031198896708770629e+00
1.031004904219613882e+00
1.030900876623296325e+00
1.030596886298218440e+00
1.030543001640410017e+00
1.030389388061549560e+00
1.030237849604649147e+00
1.029929480626046390e+00
1.029787950382306638e+00
1.029743881338462508e+00
1.029237789491040278e+00
1.029142650483011900e+00
1.028756285202898635e+00
1.028552983469730675e+00
1.028214733010538007e+00
1.028059021170599552e+00
1.028019171080456262e+00
1.027769293220815561e+00
1.027666386457769754e+00
1.027514757007004453e+00
1.027242107322189124e+00
1.027089216231878321e+00
1.026925638253694872e+00
1.026787830158816917e+00
1.026596848125447492e+00
1.026388914143658404e+00
1.026319646173253997e+00
1.026261999999808605e+00
1.026155966307038314e+00
1.026123376679090260e+00
1.026050492082430932e+00
1.025841483793686892e+00
1.025502082299896145e+00
1.025305193929607839e+00
1.025192421550962241e+00
1.025142549200947606e+00
1.025042280734482558e+00
1.024903134522370918e+00
1.024676059285226870e+00
1.024438516153441281e+00
1.024221188127455662e+00
1.024114312780411318e+00
1.024034732539438330e+00
1.023958463899200089e+00
1.023848680217082086e+00
1.023678771029801871e+00
1.023560305093311973e+00
1.023225011617940439e+00
1.023075794262188642e+00
1.022907169483072698e+00
1.022779086729159514e+00
1.022674409167484644e+00
1.022656085898333123e+00
1.022573694234126140e+00
1.022446934658320927e+00
1.022217256767163018e+00
1.022161492756078705e+00
1.022111803626713611e+00
1.021998601617300384e+00
1.021873698212236281e+00
1.021794425161077546e+00
1.021668010217979372e+00
1.021390820017092027e+00
1.021220890719432672e+00
1.021169024322184926e+00
1.021072368986450041e+00
1.020956437326784316e+00
1.020847053550612227e+00
1.020717478819493929e+00
1.020199763861691977e+00
1.020148436851691987e+00
1.020087550400058829e+00
1.019995740137512152e+00
1.019948534982219712e+00
1.019760319215798017e+00
1.019525816554411435e+00
1.019386861099246921e+00
1.019249349761751411e+00
1.019225683040331232e+00
1.019092341282563208e+00
1.018964053347331200e+00
1.018902798838799972e+00
1.018674905710514222e+00
1.018579119012905210e+00
1.018425155974305829e+00
1.018368698267811068e+00
1.018200296208644939e+00
1.017976366917149544e+00
1.017793081938471733e+00
1.017560052265018333e+00
1.017409245619109726e+00
1.017343284962432648e+00
1.017186120382080006e+00
1.017122224903426408e+00
1.017049520240067340e+00
1.016987974918069915e+00
1.016899360825523013e+00
1.016728860581814331e+00
1.016662548250244713e+00
1.016528143443823362e+00
1.016478414092966132e+00
1.016393770342180591e+00
1.016094839070001976e+00
1.016048406528141657e+00
1.015885219901356828e+00
1.015845512626299296e+00
1.015763650541611440e+00
1.015655283235310291e+00
1.015598569560446141e+00
1.015407247201548069e+00
1.015187661597354074e+00
1.015027004806795752e+00
1.014990485673980425e+00
1.014796240510150938e+00
1.014735540988805029e+00
1.014690983694614745e+00
1.014463968761998292e+00
1.014416521568660690e+00
1.014291763732948937e+00
1.014249452611730273e+00
1.014127991563541054e+00
1.014018867416258241e+00
1.013754138188813769e+00
1.013716301781561135e+00
1.013697405293220388e+00
1.013632528463911830e+00
1.013575874937508114e+00
1.013340535250914387e+00
1.013271631024496688e+00
1.013160176240684329e+00
1.013114744135303447e+00
1.013041042338547415e+00
1.012893133353267361e+00
1.012736368659909347e+00
1.012721294219402823e+00
1.012618532485685785e+00
1.012525004099696035e+00
1.012414386832884095e+00
1.012361888296095414e+00
1.012286327683727505e+00
1.012203784773606285e+00
1.012158509425996611e+00
1.012030038571903434e+00
1.011923523999982644e+00
1.011721335543362965e+00
1.011644746526737526e+00
1.011532685558073741e+00
1.011497031191965323e+00
1.011395012654028758e+00
1.011299003130913476e+00
1.011291378529828533e+00
1.011245109600561909e+00
1.011160771329049579e+00
1.011137903366600588e+00
1.011055961779170786e+00
1.010916182409951070e+00
1.010825164124107722e+00
1.010710230586572944e+00
1.010679180160988011e+00
1.010542343451563241e+00
1.010434275855516928e+00
1.010407674397477029e+00
1.010358284081447122e+00
1.010281837261514104e+00
1.010221285508668299e+00
1.010144532014168428e+00
1.009990758083185280e+00
1.009812791247172159e+00
1.009754298918806636e+00
1.009689089063689593e+00
1.009607707339619909e+00
1.009533385388446503e+00
1.009480700379866480e+00
1.009441426801774400e+00
1.009324216907939498e+00
1.009301014717716161e+00
1.009220176087329390e+00
1.009171113864322455e+00
1.009116588347167554e+00
1.009044759376671374e+00
1.009021083194737711e+00
1.008973648719425853e+00
1.008854354831020261e+00
1.008751565855653398e+00
1.008728525785332897e+00
1.008673743707838577e+00
1.008616240263382702e+00
1.008539812245535350e+00
1.008450273970010302e+00
1.008389966168208307e+00
1.008288015358591805e+00
1.008208556856937665e+00
1.008146167597158360e+00
1.008029067374843990e+00
1.007971981793164495e+00
1.007907382409792385e+00
1.007874179970485562e+00
1.007819511140565449e+00
1.007799466793430909e+00
1.007660424805823185e+00
1.007621161551124578e+00
1.007515627880720910e+00
1.007475748294762274e+00
1.007348879376593898e+00
1.007300258832083628e+00
1.007259836154621668e+00
1.007210957515896732e+00
1.007173027817678479e+00
1.007075317647317503e+00
1.006987220892913149e+00
1.006896220404721376e+00
1.006835271825659017e+00
1.006827421544663981e+00
1.006764085525525543e+00
1.006703633200323411e+00
1.006562683277331560e+00
1.006459045825197851e+00
1.006411370631747682e+00
1.006327767815867302e+00
1.006288291815272240e+00
1.006224150575367737e+00
1.006143805283312709e+00
1.006002696300629440e+00
1.005983401612822403e+00
1.005929500160662293e+00
1.005873496172564163e+00
1.005760749406306775e+00
1.005750115690881463e+00
1.005627665455377739e+00
1.005594937239743469e+00
1.005568123481113574e+00
1.005518434760407587e+00
1.005449118666182473e+00
1.005368003667724386e+00
1.005332149522031981e+00
1.005320939421758819e+00
1.005230226827458440e+00
1.005148845341288455e+00
1.005089932239084272e+00
1.005052743421184669e+00
1.005039079704504124e+00
1.004978656323114228e+00
1.004904817159551378e+00
1.004880050112324952e+00
1.004803506588862971e+00
1.004783688371260642e+00
1.004745249457586809e+00
1.004647988703675665e+00
1.004629804132787019e+00
1.004577655921745416e+00
1.004512567296696135e+00
1.004503480155410466e+00
1.004451253162297997e+00
1.004361576699132508e+00
1.004340682683167563e+00
1.004327285479524878e+00
1.004286599933743585e+00
1.004230956677877984e+00
1.004175249570740336e+00
1.004109437438847507e+00
1.004103494852848888e+00
1.004092825975013925e+00
1.003996367521241995e+00
1.003915380970263227e+00
1.003897511873446113e+00
1.003853086371079506e+00
1.003768494863331640e+00
1.003717351204586050e+00
1.003696496461404797e+00
1.003634084762858647e+00
1.003554694132063885e+00
1.003507145962727609e+00
1.003493885443561329e+00
1.003482465510999733e+00
1.003425815507170915e+00
1.003387586347269211e+00
1.003348469112251617e+00
1.003284239515343401e+00
1.003235851508930798e+00
1.003208714269629320e+00
1.003176375993829250e+00
1.003146118967020550e+00
1.003059097794239740e+00
1.003034500452488098e+00
1.003009114444433081e+00
1.002998643338311568e+00
1.002929580396635600e+00
1.002918672552385759e+00
1.002857148028734269e+00
1.002837997689002503e+00
1.002791275631676582e+00
1.002759228476156617e+00
1.002714483912844567e+00
1.002693587305099054e+00
1.002621607979108598e+00
1.002601612913330165e+00
1.002570729549952189e+00
1.002539571762144366e+00
1.002498791139823986e+00
1.002473939880652809e+00
1.002416813658010275e+00
1.002360680409671412e+00
1.002310734940425219e+00
1.002282781543445855e+00
1.002248336518072103e+00
1.002188927930825146e+00
1.002168339691745791e+00
1.002152605047383904e+00
1.002126156413538638e+00
1.002060610737615765e+00
1.002038906432295207e+00
1.001983688131648176e+00
1.001942307826561684e+00
1.001925589175730158e+00
1.001894787502963124e+00
1.001863852160975066e+00
1.001840018535937293e+00
1.001796952153385156e+00
1.001763873971899699e+00
1.001726356673857676e+00
1.001693300890893257e+00
1.001682069829824995e+00
1.001635133101403063e+00
1.001598142725660168e+00
1.001567988711144608e+00
1.001539824472500007e+00
1.001518631297982687e+00
1.001505650875744502e+00
1.001427457332745963e+00
1.001416104758359626e+00
1.001391492508849179e+00
1.001360632839612075e+00
1.001347366922361148e+00
1.001264918565111461e+00
1.001222015362666973e+00
1.001187022404411486e+00
1.001177636425308215e+00
1.001134623319575478e+00
1.001103079411501895e+00
1.001057215152922009e+00
1.001031782388164038e+00
1.001023529836517323e+00
1.001013702137631300e+00
1.000971478555927385e+00
1.000945426635439617e+00
1.000897855112588664e+00
1.000868096312445665e+00
1.000846403584725541e+00
1.000839354218589605e+00
1.000816326195397732e+00
1.000798780415357303e+00
1.000779250136507370e+00
1.000745939024800357e+00
1.000715770529806647e+00
1.000698112198252554e+00
1.000654811408951517e+00
1.000642873786829368e+00
1.000600093528482226e+00
1.000567760296686259e+00
1.000551068499968554e+00
1.000522384629672246e+00
1.000491597696280266e+00
1.000451605582729719e+00
1.000444813267130639e+00
1.000409156855336379e+00
1.000402121503133790e+00
1.000367550764922342e+00
1.000339504729970352e+00
1.000317128642764342e+00
1.000306426227171253e+00
1.000290675756871028e+00
1.000265839227266973e+00
1.000247325516756769e+00
1.000233580125065247e+00
1.000226291689605862e+00
1.000219173082903534e+00
1.000195121566154421e+00
1.000185480600574550e+00
1.000162485901789022e+00
1.000157144980938329e+00
1.000131752013615261e+00
1.000106115867249956e+00
1.000088977986670624e+00
1.000046860970491336e+00
1.000038470949778491e+00
1.000006853854047195e+00
9.999966040978908177e-01
9.999912644297357378e-01
9.999326178709295743e-01
9.998984161634316692e-01
9.998843572039689542e-01
9.998530475848290688e-01
9.998401227059233731e-01
9.998178925424161534e-01
9.998005348927758718e-01
9.997860764520352106e-01
9.997725124015026665e-01
9.997438502556965645e-01
9.997349278289554553e-01
9.997045814309674094e-01
9.996599986482550548e-01
9.996471194033683672e-01
9.996234503153688111e-01
9.995963159532689213e-01
9.995690732657841471e-01
9.995295878105397991e-01
9.995078878064027617e-01
9.994786910512764022e-01
9.994664300661069145e-01
9.994209947437611152e-01
9.994033519360758788e-01
9.993797751383478589e-01
9.993091403477978307e-01
9.992856586599965230e-01
9.992461719048926216e-01
9.992036691985908270e-01
9.991605666771004035e-01
9.991432405892590740e-01
9.990962192057013525e-01
9.990775130210689525e-01
9.990440775727407186e-01
9.990273112370176012e-01
9.990103272364309062e-01
9.989367522072489791e-01
9.989168033843687233e-01
9.988706269608370603e-01
9.988583810542283059e-01
9.988326871637611681e-01
9.988091498649462885e-01
9.987696197501719775e-01
9.987316030505051234e-01
9.987114915837553841e-01
9.986774706504112364e-01
9.986493549366568523e-01
9.986214798608183951e-01
9.985764799242153877e-01
9.985549805205913287e-01
9.984961273567226625e-01
9.984724962839452989e-01
9.984479835060833253e-01
9.984367239775900904e-01
9.983892962011280403e-01
9.982908084190348363e-01
9.982513686375642514e-01
9.982218350444532762e-01
9.981985028710376184e-01
9.981721305754441831e-01
9.981625115967498463e-01
9.980807274241259019e-01
9.980623036367488599e-01
9.980566020975416563e-01
9.980180961811392359e-01
9.979764199975472705e-01
9.979365085926931167e-01
9.979126568804181918e-01
9.978862582601026876e-01
9.978673062759484402e-01
9.978446546301044107e-01
9.977853450731748453e-01
9.977724364841082938e-01
9.977493244115511750e-01
9.976977437902371237e-01
9.976667742130503891e-01
9.976531668826499333e-01
9.975983321023664807e-01
9.975615450334996970e-01
9.974455538050430725e-01
9.974380896182468703e-01
9.973790102752047027e-01
9.973567565446269656e-01
9.972929101605909619e-01
9.972529940036859442e-01
9.972303988491830751e-01
9.971808541344738819e-01
9.970713278775081845e-01
9.970289140455713683e-01
9.969232677711060697e-01
9.969137801539206256e-01
9.968569735263996812e-01
9.968129704943341496e-01
9.967985145957087845e-01
9.967615577355849465e-01
9.967023517490106732e-01
9.966392422778784788e-01
9.966196780612776029e-01
9.965292590083916213e-01
9.965142792398442584e-01
9.964800905663828701e-01
9.964579451493449369e-01
9.964051081602316451e-01
9.963668502965540297e-01
9.962442376750600959e-01
9.961808309433771713e-01
9.961569798120826214e-01
9.960624901075413318e-01
9.960513257451001357e-01
9.960222892472844203e-01
9.959810594950468943e-01
9.959122194491447644e-01
9.958710491166604672e-01
9.958098272478589363e-01
9.957633274877791818e-01
9.956557724853702940e-01
9.956200014976543944e-01
9.955716419165162590e-01
9.955526396663454403e-01
9.955030300693868961e-01
9.954241690056356839e-01
9.953551339770942974e-01
9.952810709242793097e-01
9.952418917815452071e-01
9.952100415459573801e-01
9.951763535431760177e-01
9.950812999707474571e-01
9.950349427846555406e-01
9.949828217296858845e-01
9.949180208533424663e-01
9.948609167672624043e-01
9.948244004716140232e-01
9.948183016816692925e-01
9.946819208455814909e-01
9.946493764285344596e-01
9.946157818356664571e-01
9.945599766919543949e-01
9.944873199219861348e-01
9.944160896144607076e-01
9.943465012194412367e-01
9.942926777940890304e-01
9.941529735972336468e-01
9.941353904524832252e-01
9.940528754680526546e-01
9.939989153295958335e-01
9.939869444949853694e-01
9.938449750452138520e-01
9.938055149269854338e-01
9.937654335848383758e-01
9.936856726536577034e-01
9.936034519653734742e-01
9.935721873263301251e-01
9.934721652043562168e-01
9.934450726595018821e-01
9.934244380286332277e-01
9.933669686902928397e-01
9.932294097611404915e-01
9.932009877076045656e-01
9.931223934410412513e-01
9.930957624553866658e-01
9.929130681811062509e-01
9.928910849495377056e-01
9.928029430274422085e-01
9.927159001209105993e-01
9.926723915282315014e-01
9.926462075894205705e-01
9.925534077961479795e-01
9.924706519181971665e-01
9.923816269664345047e-01
9.923493499214413038e-01
9.922526932491982921e-01
9.921604761737620182e-01
9.920842806383189938e-01
9.920339956039790907e-01
9.919346003872120399e-01
9.919023901381756048e-01
9.918648136894280265e-01
9.917071086353169695e-01
9.916278625871360886e-01
9.915898065824421126e-01
9.913935677616316777e-01
9.913542901926322148e-01
9.912621103120377031e-01
9.912056985484973826e-01
9.911506583592454289e-01
9.909674458692213639e-01
9.909512467676574454e-01
9.908543407754244470e-01
9.906984094416774189e-01
9.905923856257100590e-01
9.905703544078553469e-01
9.905184247428527877e-01
9.904689742745794723e-01
9.904657292586701578e-01
9.904054509039635912e-01
9.902975605331494346e-01
9.902403187609546409e-01
9.901897921962796723e-01
9.901508111658743339e-01
9.899968442947510994e-01
9.899480398621957056e-01
9.899240839214685783e-01
9.898790586217427467e-01
9.898264737744520980e-01
9.896576820953520981e-01
9.896037970995947841e-01
9.895619493501894848e-01
9.894612487191696282e-01
9.894016084288733692e-01
9.893446877022169517e-01
9.892553840224566075e-01
9.891486158015871943e-01
9.891089524566978319e-01
9.890782011722275557e-01
9.889725627133296726e-01
9.888936377692679747e-01
9.888798352698044969e-01
9.887613002716747479e-01
9.886972653891240581e-01
9.886128725992521238e-01
9.884804635287297581e-01
9.884095965810667517e-01
9.883358366995929067e-01
9.882002784718207922e-01
9.881595660020180416e-01
9.880926332848435356e-01
9.880732303254787796e-01
9.879934685017954799e-01
9.878948755992653652e-01
9.878009197741286496e-01
9.877275319161851197e-01
9.876509234407047089e-01
9.875652890047071919e-01
9.875036859822944324e-01
9.874188250415818491e-01
9.872536138072700584e-01
9.872156702194769817e-01
9.870944459073588417e-01
9.869843000954221512e-01
9.869303028102880404e-01
9.869103832034151758e-01
9.867370160764220577e-01
9.865031794327703274e-01
9.864521824873779821e-01
9.863455257740502136e-01
9.861933543370554611e-01
9.860060450812584421e-01
9.859143736430747706e-01
9.857896779982168178e-01
9.857371628236822891e-01
9.857073277831167601e-01
9.855524759898662834e-01
9.854035617667556979e-01
9.853470976541428561e-01
9.853002120702526456e-01
9.851238839557121540e-01
9.848905549898295808e-01
9.847806477212646126e-01
9.847233327950307702e-01
9.845240410360919237e-01
9.843686436059210232e-01
9.842567258333330127e-01
9.841754728096786531e-01
9.841253888138102868e-01
9.840368427958995357e-01
9.839917506830393457e-01
9.839322157863860108e-01
9.838461798147518644e-01
9.838133472677179636e-01
9.837171553351237163e-01
9.836531394838754494e-01
9.833933947842210532e-01
9.833385195596489048e-01
9.832740878188084288e-01
9.831134715225059439e-01
9.830815406482090735e-01
9.830519436156176516e-01
9.829087049255701425e-01
9.828443409656646423e-01
9.826773827830314056e-01
9.825700032520737759e-01
9.825497568711674123e-01
9.822624314478841656e-01
9.820863379394041415e-01
9.820703818084107750e-01
9.819871677327809412e-01
9.819427604021103706e-01
9.818228695276931539e-01
9.817139371671550485e-01
9.816510258197058691e-01
9.814648865394676180e-01
9.813409322673214419e-01
9.812614258084734198e-01
9.810807511863733898e-01
9.809190105245529923e-01
9.807054420195258082e-01
9.806495636417773554e-01
9.805333750950318006e-01
9.804474572066718130e-01
9.803843714931301800e-01
9.802590458463164014e-01
9.801702277853069356e-01
9.800196733784759529e-01
9.799553230495454681e-01
9.796709222932513672e-01
9.796239715670461701e-01
9.795531380932481769e-01
9.793802203368873194e-01
9.793205960161593948e-01
9.791602384422478655e-01
9.789855170087318204e-01
9.788582365622318093e-01
9.787306789309168087e-01
9.786075093135542247e-01
9.784561985124414774e-01
9.782716066539750566e-01
9.782045731456104898e-01
9.781577400503019826e-01
9.778636698965933460e-01
9.778242546301917359e-01
9.777326177030098986e-01
9.776815608624742637e-01
9.775371921438303913e-01
9.773237691463385612e-01
9.770767685047214712e-01
9.769416686148696405e-01
9.768737684827757395e-01
9.766748450017901373e-01
9.765262778426011536e-01
9.763649485335286204e-01
9.760258720180113867e-01
9.759459061753823494e-01
9.758696102589246024e-01
9.756794865339193379e-01
9.755990183969937002e-01
9.755314435178246146e-01
9.752848219231171623e-01
9.751653589986936099e-01
9.750386918243050260e-01
9.748856249498090154e-01
9.747349084210682468e-01
9.745075278619041992e-01
9.742285873834122256e-01
9.740830474572226283e-01
9.740039688158930176e-01
9.739229068150746516e-01
9.738143120168916145e-01
9.736997068181520998e-01
9.735964319257088828e-01
9.733366232193714218e-01
9.729950240839740916e-01
9.729042681823387717e-01
9.727064605199826630e-01
9.726455473057109558e-01
9.725863336518808522e-01
9.724162641563822707e-01
9.723880019325827906e-01
9.723006143654261413e-01
9.722500618366006764e-01
9.721429952348966674e-01
9.718322976646865952e-01
9.717213641952502368e-01
9.716311366139841477e-01
9.715477693763064915e-01
9.711434311085478388e-01
9.711112884362391728e-01
9.705294013409242471e-01
9.703975153026808131e-01
9.702242334781328026e-01
9.699967400531422923e-01
9.697546966077924546e-01
9.695426062803934597e-01
9.693093772869377789e-01
9.691441628024201060e-01
9.690539549576302480e-01
9.690291850521862704e-01
9.688434911946925965e-01
9.685426272936821235e-01
9.683021262464620582e-01
9.677785265531042569e-01
9.676776052112521231e-01
9.675943825473757309e-01
9.674177838118073192e-01
9.673101841358514585e-01
9.668515792275036436e-01
9.664234421287803967e-01
9.662157919944696083e-01
9.660372204282816622e-01
9.659470442385001965e-01
9.658063278378093974e-01
9.654841224549111089e-01
9.653685610738763634e-01
9.651833613212724705e-01
9.651294867688606782e-01
9.649429608989232854e-01
9.647983792236969336e-01
9.647384532299760895e-01
9.644799589876761337e-01
9.641640318121643682e-01
9.638677597035415490e-01
9.635583625482384562e-01
9.634289139787385325e-01
9.631553796450486038e-01
9.630203654255854451e-01
9.628266679179020571e-01
9.626444021718449928e-01
9.625594893871494140e-01
9.623258113040223938e-01
9.622329022201615567e-01
9.617336402471295953e-01
9.611991554350693967e-01
9.607041274414873655e-01
9.602829081600957606e-01
9.601144914629804461e-01
9.598996360996789878e-01
9.597001683688597407e-01
9.595634079743128320e-01
9.589634283191109665e-01
9.587540619611703008e-01
9.586059899795005279e-01
9.582586646949183828e-01
9.579822415143923742e-01
9.577879391547443610e-01
9.571336842199980044e-01
9.570203432456759751e-01
9.569187888991017577e-01
9.567309575900159180e-01
9.560130166547310404e-01
9.555477725319935223e-01
9.553538412199201746e-01
9.549294831474576251e-01
9.546902443465083987e-01
9.545440345040154817e-01
9.532783517024853159e-01
9.531006245568260926e-01
9.527162282866945553e-01
9.522757955816227859e-01
9.521107815360265736e-01
9.519856637050907455e-01
9.516666535422454443e-01
9.513390468041728054e-01
9.511268206606605657e-01
9.499491755939948323e-01
9.497795832519494441e-01
9.494869149410450904e-01
9.493590260572198902e-01
9.490280309252595581e-01
9.487434280806369413e-01
9.468314014026719683e-01
9.467171402917612388e-01
9.466043741414251755e-01
9.464635009693560530e-01
9.454130918549117357e-01
9.449136193363095737e-01
9.447954227561098373e-01
9.443778293354566644e-01
9.438444716508428423e-01
9.435656369364541218e-01
9.431182376636904063e-01
9.428992348262289491e-01
9.423892432130539509e-01
9.418547446357787845e-01
9.416081212652678278e-01
9.405889477977290580e-01
9.403779965677306896e-01
9.398415586627557605e-01
9.396365182095891555e-01
9.394929758349224169e-01
9.392324256743387334e-01
9.384274062587739662e-01
9.377871124299979044e-01
9.369955059798055208e-01
9.367704111040531245e-01
9.361997547819354004e-01
9.358802706676786487e-01
9.356021043750319954e-01
9.341118988713099647e-01
9.339630954920780104e-01
9.330998311030497261e-01
9.326968467647934746e-01
9.324536374485464796e-01
9.318095245819700834e-01
9.315001396870489225e-01
9.312840406877955779e-01
9.309289098499329285e-01
9.302021692842648015e-01
9.289849995559743556e-01
9.287677259299977894e-01
9.277792331656745661e-01
9.273656097554539013e-01
9.259302374640742128e-01
9.253899465679731318e-01
9.250552514903789270e-01
9.249408087920325539e-01
9.244983513226781024e-01
9.239602098266423980e-01
9.234926056284085139e-01
9.233541678042466172e-01
9.231498259464807621e-01
9.211643607231111419e-01
9.206755266859438791e-01
9.204252603298631596e-01
9.193584655306751285e-01
9.191488574484319996e-01
9.183221204507475699e-01
9.181137148545820414e-01
9.177889423136158520e-01
9.173067231358061902e-01
9.164495464712850703e-01
9.159730618040418104e-01
9.153382830673950643e-01
9.129976387960411222e-01
9.129058758499672965e-01
9.123178818871591211e-01
9.121523925574525071e-01
9.119161920015093070e-01
9.101631816981645695e-01
9.092937069684097207e-01
9.086809134308424518e-01
9.079822541813735715e-01
9.079368598661196055e-01
9.061958823606897084e-01
9.055230771446859395e-01
9.054979990459685046e-01
9.041709007446981916e-01
9.040134928146352777e-01
9.035081604609842554e-01
9.030319553326763282e-01
9.016600037165711790e-01
9.014520268545358483e-01
9.011034353085566329e-01
8.998988184014033997e-01
8.994397978176610353e-01
8.984701242443725588e-01
8.970353254165838175e-01
8.966219843464084960e-01
8.947780701333112319e-01
8.939182489457483394e-01
8.931070581317680501e-01
8.923611496082705097e-01
8.914310285370490305e-01
8.912666890131736297e-01
8.901049886680035828e-01
8.884187783012320594e-01
8.874538169106164220e-01
8.852214735970977966e-01
8.811661537721537929e-01
8.804515696290282634e-01
8.798837517222883875e-01
8.797254607695480511e-01
8.786152836469166560e-01
8.781718849719852837e-01
8.751452744310522780e-01
8.730584614822493039e-01
8.728750138064963471e-01
8.712819304643589780e-01
8.701790858670355178e-01
8.700518148782682148e-01
8.700051017254345487e-01
8.648097419664562135e-01
8.602932320536478272e-01
8.588103348411749716e-01
8.572282420793309043e-01
8.568864544710442788e-01
8.553361840023904206e-01
8.536560600231977158e-01
8.520491086118667790e-01
8.486859555990871051e-01
8.465400911623002234e-01
8.427635727719496872e-01
8.425021103999205119e-01
8.395169106643328716e-01
8.386035822637735171e-01
8.375939554333977632e-01
8.373418330775713736e-01
8.354122428863042238e-01
8.334079870734811823e-01
8.308042536244377718e-01
8.296032862436633071e-01
8.290860000032118649e-01
8.270237935021579334e-01
8.269827989467390950e-01
8.259983750273522940e-01
8.245952200730278792e-01
8.237838932948524651e-01
8.224507218759795624e-01
8.181743448462051038e-01
8.162451580813852026e-01
8.127733554063495403e-01
8.106731576496687408e-01
8.021457563516342093e-01
7.998243624996678180e-01
7.943405017643319077e-01
7.938631452643082342e-01
7.914042150011669774e-01
7.909128871338347855e-01
7.857431008647224324e-01
7.848452465546948975e-01
7.814485911418568298e-01
7.710225568788376949e-01
7.670903556462532746e-01
7.644597140899538346e-01
7.627707579855732556e-01
7.606153556403291160e-01
7.566186330142566918e-01
7.558059557753609159e-01
7.483968543113058702e-01
7.475040285846046295e-01
7.465141297546974419e-01
7.433271550810536255e-01
7.382077449049209150e-01
7.285033232932307534e-01
7.221776614046181431e-01
7.221128166645076618e-01
7.203532660481277716e-01
7.188518863912820578e-01
7.045865553944509196e-01
7.041212509245338147e-01
7.033876843095687725e-01
6.950764706871772614e-01
6.826609963832255268e-01
6.441623482428356917e-01
6.229594032364668132e-01
6.187751164088276523e-01
5.855378565674496105e-01
5.827196655522381974e-01
4.673637097810124374e-01
