1.214818772243993594e+00
1.187220464443394130e+00
1.130802260003459958e+00
1.126719090815442748e+00
1.118110995218668302e+00
1.107809740172603030e+00
1.106526674907685193e+00
1.103014796717019852e+00
1.102880513523357919e+00
1.098678820950082402e+00
1.097521001881898384e+00
1.096289857774530363e+00
1.093686799443827740e+00
1.088823656909144733e+00
1.086724888962562252e+00
1.086353187723330560e+00
1.084887272536957603e+00
1.081384066689712764e+00
1.080515518870053038e+00
1.078752856870291987e+00
1.076650204199153027e+00
1.076521368800280820e+00
1.074899442063936839e+00
1.073635810334609308e+00
1.073291787417631094e+00
1.069896296469386776e+00
1.068997144149650635e+00
1.067213466691877777e+00
1.066395126814045247e+00
1.066143075834170562e+00
1.064760498384722309e+00
1.063607986723758447e+00
1.062112928894760611e+00
1.062009102665103955e+00
1.060906619759830027e+00
1.060837879055062771e+00
1.058795151924999178e+00
1.058452138320812974e+00
1.057919789406074562e+00
1.056678912700506734e+00
1.056396465752123870e+00
1.054743159631545968e+00
1.052932077079172801e+00
1.052724575093184844e+00
1.052019167199643501e+00
1.051850745050156855e+00
1.051042256113206452e+00
1.050538040430180731e+00
1.049285522832567263e+00
1.048685698282897594e+00
1.047897358564145343e+00
1.047392953413063266e+00
1.047090378030038904e+00
1.046873028078752377e+00
1.045991960746692984e+00
1.045461898973812032e+00
1.044614170239235307e+00
1.043825230258628833e+00
1.043572036247924606e+00
1.043363242182968831e+00
1.042565319303427440e+00
1.042237146717352569e+00
1.040938410895677624e+00
1.039911729938629792e+00
1.039626360122247295e+00
1.039327363919730685e+00
1.039054485751752743e+00
1.038316081767715060e+00
1.038175349299540473e+00
1.037825010869623199e+00
1.037584519516413506e+00
1.036840076690402235e+00
1.036685056739578226e+00
1.035981947700677308e+00
1.035454640228059331e+00
1.035187901818687806e+00
1.034862916113315823e+00
1.034536572281370193e+00
1.034288103150850402e+00
1.033219920458112950e+00
1.032513085983403078e+00
1.032286121013827218e+00
1.031620044274438763e+00
1.031483342452344409e+00
1.031225925408364441e+00
1.031062928221804453e+00
1.030726786482381030e+00
1.030342666231659710e+00
1.029778593131820852e+00
1.029286045818017303e+00
1.029096427492444343e+00
1.029004205424132401e+00
1.028918593450055541e+00
1.028355390374659395e+00
1.027875554938348035e+00
1.027575899390524850e+00
1.027104093073336832e+00
1.026943710015248978e+00
1.026776203448636737e+00
1.026566222822808294e+00
1.026356736758752053e+00
1.025791875970748057e+00
1.025597268541235119e+00
1.025473092865996083e+00
1.024986588374840801e+00
1.024487188634535473e+00
1.024238836635261940e+00
1.023997645016529123e+00
1.023934962145015559e+00
1.023815752886357178e+00
1.023635737061264983e+00
1.023569151009324774e+00
1.023128373156558357e+00
1.023062348773474017e+00
1.022828929732780168e+00
1.022389657236425053e+00
1.022153148199747230e+00
1.021881061266338042e+00
1.021704223116135957e+00
1.021452484249423032e+00
1.021412207501588565e+00
1.021153701438087369e+00
1.020962538530033381e+00
1.020891736613940504e+00
1.020620499139736959e+00
1.020326473955808444e+00
1.020233667949884682e+00
1.019695911650338571e+00
1.019503967915383225e+00
1.019126141503705396e+00
1.019104024493133753e+00
1.019008644155314780e+00
1.018678992759493918e+00
1.018575446732785661e+00
1.018491447269225469e+00
1.018362797238309581e+00
1.018274461370546335e+00
1.017976194194966322e+00
1.017752444326877503e+00
1.017393312756233570e+00
1.017199483102178448e+00
1.017104593981435823e+00
1.016893110528451549e+00
1.016740146408368961e+00
1.016692487324690308e+00
1.016516909995474283e+00
1.016376138955340513e+00
1.016348882071965276e+00
1.016122144397375138e+00
1.015915318353629804e+00
1.015900342386035105e+00
1.015601856144937587e+00
1.015468430160593405e+00
1.015088825806090389e+00
1.015018386721471488e+00
1.014811487208643115e+00
1.014616883902697220e+00
1.014463418289943020e+00
1.014415280815169407e+00
1.014163084822860217e+00
1.014111289844855879e+00
1.013956145215764826e+00
1.013858639169318065e+00
1.013642460364736264e+00
1.013566880204897602e+00
1.013479901932343941e+00
1.013364016060957384e+00
1.013315051476938233e+00
1.013254856771136136e+00
1.013221873728497480e+00
1.013040221874341729e+00
1.012922311992717983e+00
1.012788781181687803e+00
1.012340106409555407e+00
1.012300663446721760e+00
1.012250114470995888e+00
1.012144204686115545e+00
1.011960661449407661e+00
1.011858485573373212e+00
1.011798510734833512e+00
1.011631165708935631e+00
1.011404206781715276e+00
1.011358355859266256e+00
1.011278901173374711e+00
1.011219028911751527e+00
1.011030864176535982e+00
1.010791411857852928e+00
1.010750485462646120e+00
1.010561461194434907e+00
1.010535427594646984e+00
1.010373832006796091e+00
1.010267197964007435e+00
1.010185377517111682e+00
1.010172312049717469e+00
1.010045702773004317e+00
1.009873004859658918e+00
1.009730036710701606e+00
1.009694385130383010e+00
1.009610540530930800e+00
1.009574034479726601e+00
1.009369133341554869e+00
1.009348213854185605e+00
1.009318601233744950e+00
1.009295587162793550e+00
1.009213921991260809e+00
1.009205455644888172e+00
1.009000136303315864e+00
1.008932829638313322e+00
1.008779610478253153e+00
1.008705038869480486e+00
1.008638551648966430e+00
1.008538016842860596e+00
1.008428543302249958e+00
1.008355614405283873e+00
1.008268787726565474e+00
1.008225063482879102e+00
1.008219246568658356e+00
1.008164310720530255e+00
1.008149859082599686e+00
1.008043040557796921e+00
1.008015060647109662e+00
1.007983559940921481e+00
1.007931385749948783e+00
1.007875914468304490e+00
1.007812961500867521e+00
1.007763219277470590e+00
1.007680526982132285e+00
1.007654317001144273e+00
1.007577454425554686e+00
1.007474935886244705e+00
1.007467663283166726e+00
1.007381347549543005e+00
1.007344038991497825e+00
1.007311270661751523e+00
1.007291280380777865e+00
1.007256221617780723e+00
1.007217468397203497e+00
1.007155595341378440e+00
1.007072432159662245e+00
1.006981939393900349e+00
1.006970562918155565e+00
1.006899360778826580e+00
1.006877894655304750e+00
1.006811065782503789e+00
1.006792086259975294e+00
1.006653171432987159e+00
1.006626614052676283e+00
1.006613726346127224e+00
1.006579895427493598e+00
1.006538169163800900e+00
1.006519210720620672e+00
1.006378725742509417e+00
1.006290827931748177e+00
1.006216538484538514e+00
1.006186782784751710e+00
1.006131274757752880e+00
1.006109408917559511e+00
1.006077099772925365e+00
1.006056986321929081e+00
1.006037804446031858e+00
1.006025385740895395e+00
1.005883904739108381e+00
1.005863631780933076e+00
1.005825417182883763e+00
1.005799615705705863e+00
1.005748942310445315e+00
1.005719425979147763e+00
1.005704303117904930e+00
1.005567861590625389e+00
1.005532964338800461e+00
1.005501695813649121e+00
1.005461056785327711e+00
1.005401303063927276e+00
1.005383089202726454e+00
1.005332257118553452e+00
1.005305680640463217e+00
1.005288246515557926e+00
1.005270793746109836e+00
1.005250579135663180e+00
1.005213375534192322e+00
1.005149610098494906e+00
1.005115176049105941e+00
1.005094202292896810e+00
1.005073192648841429e+00
1.005005323022981845e+00
1.004970910879012136e+00
1.004957382928408416e+00
1.004909668130808065e+00
1.004855835250816121e+00
1.004851995892350525e+00
1.004830139852546100e+00
1.004801028913405281e+00
1.004792625203584588e+00
1.004767956424106545e+00
1.004735582461831145e+00
1.004706448502551419e+00
1.004586848333120619e+00
1.004582450693109363e+00
1.004566921449032035e+00
1.004562725287901914e+00
1.004543407983739201e+00
1.004512150659806258e+00
1.004489566512575927e+00
1.004464016558769934e+00
1.004428818934853807e+00
1.004372437772894422e+00
1.004355102328667426e+00
1.004307300187556651e+00
1.004276981533404944e+00
1.004275429980659107e+00
1.004220937102385136e+00
1.004191659809996917e+00
1.004172413728532165e+00
1.004156886380626057e+00
1.004088960965732635e+00
1.004086627191554282e+00
1.004057826494781924e+00
1.004035229412184371e+00
1.003992661666622599e+00
1.003947715086703107e+00
1.003924440983354760e+00
1.003889947377704539e+00
1.003840942874246300e+00
1.003821188365726647e+00
1.003801881573786803e+00
1.003771983479792018e+00
1.003742086399051159e+00
1.003728699933823965e+00
1.003716803589439710e+00
1.003703207967694633e+00
1.003682123816024063e+00
1.003649740259343837e+00
1.003625657358690137e+00
1.003594021856152096e+00
1.003557018711612958e+00
1.003525743824059235e+00
1.003488570282577541e+00
1.003467002486944093e+00
1.003436860566011779e+00
1.003426696437989873e+00
1.003387831427171140e+00
1.003372385948402723e+00
1.003354652289892845e+00
1.003316286047231332e+00
1.003292381214726081e+00
1.003281376250180656e+00
1.003265465034809845e+00
1.003260829908331431e+00
1.003237707980799476e+00
1.003224240025087033e+00
1.003174299083881005e+00
1.003173555298497943e+00
1.003157849780445199e+00
1.003112100268904294e+00
1.003074935802735768e+00
1.003062822799053011e+00
1.003053528278381679e+00
1.003035910588730539e+00
1.003010686359145920e+00
1.002977299909454389e+00
1.002947020464594052e+00
1.002939626118830363e+00
1.002924064231920820e+00
1.002892978075184516e+00
1.002880634909609547e+00
1.002876313791771556e+00
1.002855226800098087e+00
1.002821988152217569e+00
1.002813011719636327e+00
1.002809842245737659e+00
1.002800964142365858e+00
1.002792934567706684e+00
1.002781949624264701e+00
1.002730174897021875e+00
1.002722730423438069e+00
1.002716004530860294e+00
1.002676446422442025e+00
1.002670310449424118e+00
1.002643120160444212e+00
1.002607145595820981e+00
1.002591989021466068e+00
1.002564191010194117e+00
1.002545781255040902e+00
1.002541766032633896e+00
1.002527590739788588e+00
1.002523454971900430e+00
1.002503929181697506e+00
1.002496320566443666e+00
1.002488381321046784e+00
1.002467891490175012e+00
1.002454691121528851e+00
1.002429441239784502e+00
1.002401921539009866e+00
1.002392148136495464e+00
1.002369386436445131e+00
1.002365664574045301e+00
1.002355179055550938e+00
1.002328321799977440e+00
1.002321405411506605e+00
1.002305551838099218e+00
1.002293186847649897e+00
1.002249019989781775e+00
1.002245293754016942e+00
1.002213818607119666e+00
1.002189098376199183e+00
1.002180889502316541e+00
1.002158225959450144e+00
1.002150228029639933e+00
1.002145983439315824e+00
1.002123916149820548e+00
1.002105728270245466e+00
1.002099298301566854e+00
1.002085666864429125e+00
1.002073297388641038e+00
1.002065472742363239e+00
1.002043372078577965e+00
1.002040833252331176e+00
1.002033256472098621e+00
1.002024848369539756e+00
1.002000717193551216e+00
1.001996743398026357e+00
1.001979757622666556e+00
1.001970634818229788e+00
1.001940877366288118e+00
1.001933249931338921e+00
1.001921552127764459e+00
1.001902932375304145e+00
1.001899112809752745e+00
1.001885638379629739e+00
1.001881232434586044e+00
1.001877688914135200e+00
1.001854651429925358e+00
1.001848761641123131e+00
1.001833598679748638e+00
1.001817571434302723e+00
1.001809107683363509e+00
1.001781243446619563e+00
1.001761524128960579e+00
1.001759730029827322e+00
1.001745312580840430e+00
1.001736997537333584e+00
1.001732447481742616e+00
1.001717203329196115e+00
1.001714785393968299e+00
1.001706236863405097e+00
1.001682585012987792e+00
1.001674023281371451e+00
1.001670715158612168e+00
1.001666626238016056e+00
1.001660195528193409e+00
1.001640928824622412e+00
1.001635273549033478e+00
1.001620612632063700e+00
1.001610684986809163e+00
1.001599640719255779e+00
1.001591095380203189e+00
1.001584921527151950e+00
1.001572312832508471e+00
1.001565552177537288e+00
1.001559909612699695e+00
1.001552440274684930e+00
1.001547187580601461e+00
1.001531664676382993e+00
1.001519961562745475e+00
1.001507953510897719e+00
1.001497763919656059e+00
1.001483603253382926e+00
1.001479283393192699e+00
1.001476837451696467e+00
1.001466240552862041e+00
1.001458573597660218e+00
1.001454638360593563e+00
1.001445866333532386e+00
1.001429999175475594e+00
1.001427212829389513e+00
1.001420406418684017e+00
1.001401350339576446e+00
1.001395845363251880e+00
1.001394776966522571e+00
1.001382860651724327e+00
1.001379145766815748e+00
1.001362696318836454e+00
1.001348980510822217e+00
1.001338998588958029e+00
1.001328038489189831e+00
1.001317776126066095e+00
1.001313436312452509e+00
1.001304861210215114e+00
1.001297870706014281e+00
1.001296032972655237e+00
1.001284274365895177e+00
1.001274078406977575e+00
1.001271616321131264e+00
1.001268146780501356e+00
1.001263193357934567e+00
1.001252138886853160e+00
1.001249626660688063e+00
1.001238397132998559e+00
1.001222300809349264e+00
1.001218791212153958e+00
1.001207570729199414e+00
1.001193242794441440e+00
1.001187439326268303e+00
1.001180452231756668e+00
1.001174948649655727e+00
1.001171234016110301e+00
1.001148531677190867e+00
1.001144196937376663e+00
1.001139178789971051e+00
1.001136523352969876e+00
1.001130590686590383e+00
1.001127086235846564e+00
1.001121434107895780e+00
1.001114079538911739e+00
1.001107893676173255e+00
1.001105814719261522e+00
1.001102404839097515e+00
1.001096988381891872e+00
1.001086372435918026e+00
1.001076410292929930e+00
1.001073928123873413e+00
1.001064339001175307e+00
1.001052177643146912e+00
1.001051249738478477e+00
1.001046921729895844e+00
1.001037773074734405e+00
1.001023026364344704e+00
1.001022631570820165e+00
1.001020028444533194e+00
1.001016018321417400e+00
1.001010786816008968e+00
1.000995360902110498e+00
1.000990610609090448e+00
1.000977857762707979e+00
1.000970678908648770e+00
1.000967252095622095e+00
1.000964905469892585e+00
1.000958847345595260e+00
1.000952765111757792e+00
1.000951848568598201e+00
1.000942569311559671e+00
1.000935543737088818e+00
1.000923877029898046e+00
1.000919325019184569e+00
1.000910720461046566e+00
1.000905636193804682e+00
1.000898718855027347e+00
1.000894988204191982e+00
1.000891182335384766e+00
1.000880558197440706e+00
1.000879228244212049e+00
1.000875911418279696e+00
1.000871402279594813e+00
1.000868920831512687e+00
1.000861280343360749e+00
1.000852935762432727e+00
1.000842200409056248e+00
1.000840500151443546e+00
1.000832974472795289e+00
1.000823496300235371e+00
1.000816489729110303e+00
1.000809973460194291e+00
1.000804382491885969e+00
1.000796032668647806e+00
1.000782535793476757e+00
1.000771740461744219e+00
1.000767838362747186e+00
1.000760088431398520e+00
1.000758269991188776e+00
1.000753853569719576e+00
1.000751309299277247e+00
1.000745093614229253e+00
1.000739724293400634e+00
1.000730266544645586e+00
1.000725548195437575e+00
1.000722102655702273e+00
1.000719110220853914e+00
1.000712749226970288e+00
1.000701872843726692e+00
1.000700242714126942e+00
1.000695319341789125e+00
1.000688208065386942e+00
1.000683516408606533e+00
1.000676406909705607e+00
1.000673429791182345e+00
1.000667052511761357e+00
1.000665368771919139e+00
1.000662701479555494e+00
1.000650424038064257e+00
1.000648601738859389e+00
1.000645227004415050e+00
1.000643657281581334e+00
1.000639545544834030e+00
1.000635650263951959e+00
1.000632896476250311e+00
1.000631721935891338e+00
1.000627186230715671e+00
1.000615760658312148e+00
1.000611233371617281e+00
1.000607719835965526e+00
1.000603123681841344e+00
1.000593769717042170e+00
1.000587604636681283e+00
1.000583484366735831e+00
1.000582454028719370e+00
1.000581924643613396e+00
1.000576450177935506e+00
1.000571250329128636e+00
1.000565059651589817e+00
1.000560795313572893e+00
1.000558854184114166e+00
1.000550604896407014e+00
1.000545171242505527e+00
1.000543765084502823e+00
1.000538087268292076e+00
1.000537125611268729e+00
1.000530275720089790e+00
1.000529098628698543e+00
1.000521154444659722e+00
1.000517484405613278e+00
1.000515047141801173e+00
1.000513875168665967e+00
1.000506800672555929e+00
1.000502703079577893e+00
1.000495621802441670e+00
1.000488485869010624e+00
1.000485245726911554e+00
1.000480306582542056e+00
1.000479300602628685e+00
1.000478138778892578e+00
1.000473991796768880e+00
1.000463328018431852e+00
1.000457771285482744e+00
1.000456837125471399e+00
1.000452196148725825e+00
1.000450647483023481e+00
1.000441110186183646e+00
1.000440121431861451e+00
1.000437226009764924e+00
1.000428365692878074e+00
1.000426762652905976e+00
1.000423574382096170e+00
1.000419735125242404e+00
1.000415923672711704e+00
1.000410968039451731e+00
1.000409616019296566e+00
1.000403622750566379e+00
1.000403217878600426e+00
1.000400238225543248e+00
1.000393920596357011e+00
1.000392869829273668e+00
1.000390920439262477e+00
1.000388415101967299e+00
1.000382854340228223e+00
1.000381664480945565e+00
1.000379648381741760e+00
1.000371994833730183e+00
1.000370729768596201e+00
1.000369498546704872e+00
1.000366515749910423e+00
1.000358559957534421e+00
1.000356701820962702e+00
1.000352726707317785e+00
1.000348805209024139e+00
1.000347794743356111e+00
1.000346778663347536e+00
1.000345728751965702e+00
1.000342644789387725e+00
1.000339208466144880e+00
1.000337473580889425e+00
1.000335264639957922e+00
1.000327644412062567e+00
1.000325890201952284e+00
1.000322562188447728e+00
1.000318585928268389e+00
1.000313962204308016e+00
1.000311134397111168e+00
1.000308774223892305e+00
1.000305814764792078e+00
1.000304766176977722e+00
1.000303393347202308e+00
1.000297394323502953e+00
1.000293607875561319e+00
1.000292334317112175e+00
1.000287193862853474e+00
1.000284984193442028e+00
1.000283145053234568e+00
1.000281590516774788e+00
1.000280283155948080e+00
1.000271928000206145e+00
1.000270616246205613e+00
1.000270175165313136e+00
1.000268578795050711e+00
1.000266249214018632e+00
1.000265299735556779e+00
1.000264089215236796e+00
1.000262148078296942e+00
1.000260884496092517e+00
1.000259569006136218e+00
1.000253555671956729e+00
1.000250577795196882e+00
1.000249189545311168e+00
1.000248111845726928e+00
1.000246704711916124e+00
1.000244467007160409e+00
1.000240425683693424e+00
1.000238312477057079e+00
1.000237159994030067e+00
1.000232958330566913e+00
1.000230162896799779e+00
1.000226883790805044e+00
1.000226149981447765e+00
1.000223289659475601e+00
1.000221983346312404e+00
1.000220968641807096e+00
1.000220520844670835e+00
1.000218585564370377e+00
1.000213000217970993e+00
1.000212143712949198e+00
1.000210185454830647e+00
1.000206357331610008e+00
1.000205503641979465e+00
1.000204582404501608e+00
1.000202957248171431e+00
1.000200378656791234e+00
1.000199102430257669e+00
1.000195836252322890e+00
1.000195333607414083e+00
1.000194023889289685e+00
1.000187560409779630e+00
1.000183526413342294e+00
1.000181229902267876e+00
1.000178784136532606e+00
1.000178423331099742e+00
1.000177856053980685e+00
1.000174132237173996e+00
1.000171797150229303e+00
1.000170987459788385e+00
1.000169623668353713e+00
1.000168650053838038e+00
1.000168500233451052e+00
1.000165712665952666e+00
1.000162159475225465e+00
1.000162028125261227e+00
1.000160035033107020e+00
1.000155860410586905e+00
1.000152544656789377e+00
1.000148552380677458e+00
1.000146863539774778e+00
1.000144136623352553e+00
1.000141660143348599e+00
1.000140741280229673e+00
1.000138897460646215e+00
1.000137220403330529e+00
1.000136372227518278e+00
1.000133535650421734e+00
1.000130921588287425e+00
1.000128568369663684e+00
1.000127714732976347e+00
1.000125338842851264e+00
1.000124962922501970e+00
1.000123815891285961e+00
1.000122026386123686e+00
1.000121394151574972e+00
1.000119816741265044e+00
1.000115367347380602e+00
1.000114628924570148e+00
1.000113527044796502e+00
1.000110870968627275e+00
1.000107900725387022e+00
1.000106501112365542e+00
1.000105246811482385e+00
1.000104977325580791e+00
1.000104376097226577e+00
1.000103979291867562e+00
1.000103000847046841e+00
1.000100723696836003e+00
1.000100376639397659e+00
1.000099688720374358e+00
1.000098340114850659e+00
1.000095893835355687e+00
1.000094782989567888e+00
1.000094095304360442e+00
1.000093294628805030e+00
1.000092544050610543e+00
1.000091908213065039e+00
1.000089980590602723e+00
1.000089585603933351e+00
1.000086581069955072e+00
1.000083882452373452e+00
1.000082004977477235e+00
1.000080124534140857e+00
1.000076728466507969e+00
1.000076571198625919e+00
1.000074806710877118e+00
1.000070911479106872e+00
1.000069501964010232e+00
1.000068475421583614e+00
1.000067357425360015e+00
1.000066542857388496e+00
1.000066107518605696e+00
1.000065528410702953e+00
1.000063820984420815e+00
1.000062969157363924e+00
1.000060264058745485e+00
1.000059820176945724e+00
1.000059469331134876e+00
1.000058516215158289e+00
1.000058316026150029e+00
1.000057367043383660e+00
1.000056283445388106e+00
1.000054904546351819e+00
1.000053761481037862e+00
1.000053283577285734e+00
1.000052519306988241e+00
1.000051476974616271e+00
1.000051175949131510e+00
1.000049597286436720e+00
1.000049117208410498e+00
1.000046847043182918e+00
1.000045432748787544e+00
1.000044885517028970e+00
1.000043937789121262e+00
1.000041291228136009e+00
1.000039734363491917e+00
1.000038684110913234e+00
1.000037743946125213e+00
1.000036908598132657e+00
1.000036742556890568e+00
1.000035250685069821e+00
1.000034972342533246e+00
1.000034314751790721e+00
1.000033834525675402e+00
1.000033431887686453e+00
1.000031655633914607e+00
1.000031429336461386e+00
1.000030837051359311e+00
1.000029603992641070e+00
1.000028920094380824e+00
1.000028354914637818e+00
1.000028059572603878e+00
1.000027568997332805e+00
1.000026636665494628e+00
1.000025576553145834e+00
1.000024817328613924e+00
1.000024198715271817e+00
1.000023121477743526e+00
1.000022556281549235e+00
1.000021817801428403e+00
1.000020450092878654e+00
1.000020093483652728e+00
1.000019452379959928e+00
1.000019175132136562e+00
1.000017764975686729e+00
1.000017320550198097e+00
1.000016962707156676e+00
1.000015831922584253e+00
1.000015096478497068e+00
1.000014575185913746e+00
1.000014355411283251e+00
1.000013874893033616e+00
1.000013541164395781e+00
1.000011637436264422e+00
1.000010583854248125e+00
1.000009237177493571e+00
1.000007361793885163e+00
1.000006176609556263e+00
1.000005335515905314e+00
1.000005038697280302e+00
1.000004386426261771e+00
1.000003661132659927e+00
1.000003406554585972e+00
1.000003072295694517e+00
1.000002564374170122e+00
1.000001441406294100e+00
1.000000694304742144e+00
1.000000018801668222e+00
9.999997675648073514e-01
9.999992134401738397e-01
9.999983858460850250e-01
9.999972311049097895e-01
9.999967464405074002e-01
9.999961761818459971e-01
9.999944599926667843e-01
9.999933702143648517e-01
9.999928309328461884e-01
9.999924504581759743e-01
9.999923161066784916e-01
9.999920244688604853e-01
9.999911604656358532e-01
9.999904126990309949e-01
9.999897136873031611e-01
9.999893564162952719e-01
9.999888855728118475e-01
9.999876354217743790e-01
9.999867629089728149e-01
9.999863087776852399e-01
9.999849313989397359e-01
9.999829163792710585e-01
9.999823037522430624e-01
9.999819156490293848e-01
9.999807988561613126e-01
9.999803326632558109e-01
9.999790862721219531e-01
9.999776209069893840e-01
9.999772046579616935e-01
9.999757808518482394e-01
9.999756805608410737e-01
9.999747572765168568e-01
9.999744886361132679e-01
9.999729649541518883e-01
9.999714980010313559e-01
9.999700814098564372e-01
9.999695999101552157e-01
9.999692415333577555e-01
9.999656527576147313e-01
9.999628141625019895e-01
9.999627865176021757e-01
9.999615318091623628e-01
9.999593460176887660e-01
9.999575073942937875e-01
9.999551294825491654e-01
9.999542195465987993e-01
9.999533132877855834e-01
9.999520040633402829e-01
9.999515119004078745e-01
9.999503625729818657e-01
9.999501999177594636e-01
9.999476504315104597e-01
9.999434854177773335e-01
9.999410403416971738e-01
9.999395191116707826e-01
9.999385011969521564e-01
9.999378139751943229e-01
9.999363697452741118e-01
9.999345282681928460e-01
9.999338721095010207e-01
9.999320661322231851e-01
9.999304891078908408e-01
9.999263031321169448e-01
9.999232800783944830e-01
9.999227627118898454e-01
9.999217291769765259e-01
9.999199402506503409e-01
9.999191352307803538e-01
9.999183623239531471e-01
9.999164094138691672e-01
9.999116908752905264e-01
9.999113855469059509e-01
9.999096694976169486e-01
9.999074585840623808e-01
9.999018337606487838e-01
9.999010976441808918e-01
9.998994355060598638e-01
9.998975498767744829e-01
9.998964311409102024e-01
9.998944456970272343e-01
9.998923009839713050e-01
9.998904025459260936e-01
9.998866321014570069e-01
9.998839350691018923e-01
9.998832314917066588e-01
9.998792093205538523e-01
9.998778463433716235e-01
9.998722049857735605e-01
9.998719665954144409e-01
9.998713979157183296e-01
9.998706731864973607e-01
9.998671167166455209e-01
9.998665650638105529e-01
9.998607250263775725e-01
9.998565456610130076e-01
9.998525860676521493e-01
9.998517761494514211e-01
9.998468017564907662e-01
9.998452248608153958e-01
9.998440092201119622e-01
9.998425878354493257e-01
9.998424560671176353e-01
9.998414705245384226e-01
9.998408984066139427e-01
9.998372052670229104e-01
9.998352508287876583e-01
9.998285410219699409e-01
9.998226699842835963e-01
9.998219599370650190e-01
9.998184181256641878e-01
9.998142270374111851e-01
9.998099260157553569e-01
9.998089251061884619e-01
9.998060669189445804e-01
9.998036820006714898e-01
9.998006049383464378e-01
9.997974248397699659e-01
9.997969266581753223e-01
9.997900844046201385e-01
9.997883665139525311e-01
9.997860885485666538e-01
9.997797480761341227e-01
9.997766114035995244e-01
9.997742454612184027e-01
9.997689701926525396e-01
9.997677420566628559e-01
9.997602997730525853e-01
9.997568199711259762e-01
9.997559692720052738e-01
9.997539083177857666e-01
9.997460284659349661e-01
9.997414828826259869e-01
9.997405889156923964e-01
9.997361107082497478e-01
9.997286783166892121e-01
9.997252948065920020e-01
9.997216038580776232e-01
9.997201210386149617e-01
9.997176454280627400e-01
9.997159396452584001e-01
9.997113167621066721e-01
9.997047355450898731e-01
9.997025803870233096e-01
9.996927429192030701e-01
9.996914533306040518e-01
9.996850642229031525e-01
9.996836938852410315e-01
9.996826812589313382e-01
9.996746020465855365e-01
9.996736729184134695e-01
9.996662240070279815e-01
9.996429960189809893e-01
9.996391114749220153e-01
9.996371419296743444e-01
9.996357005843822252e-01
9.996260871466138287e-01
9.996225394940909670e-01
9.996207162331334217e-01
9.996175325491619690e-01
9.996149945058929731e-01
9.996146214460266410e-01
9.996090714012623168e-01
9.996072111281717465e-01
9.996048967207878944e-01
9.996019402468115933e-01
9.995930622483587547e-01
9.995872099027771629e-01
9.995834890438719533e-01
9.995831130079803062e-01
9.995813795468656560e-01
9.995759965040020845e-01
9.995709830622794279e-01
9.995603060193241074e-01
9.995552956096505071e-01
9.995523624657041140e-01
9.995444971322614558e-01
9.995340462046450325e-01
9.995331940520270075e-01
9.995316534094318417e-01
9.995228312906190293e-01
9.995186024869726626e-01
9.995158536654976666e-01
9.995095494340912046e-01
9.995014661469263650e-01
9.995000584396860344e-01
9.994966065961119472e-01
9.994917136843103345e-01
9.994848841394704531e-01
9.994844898355956797e-01
9.994747358432977125e-01
9.994496756320934150e-01
9.994466042714470477e-01
9.994426325028831215e-01
9.994397678256999873e-01
9.994255041940329765e-01
9.994085014501209452e-01
9.994039228188692503e-01
9.994034513319717261e-01
9.994015370266388087e-01
9.993977915131669887e-01
9.993854143074923924e-01
9.993825312638383584e-01
9.993774226713594278e-01
9.993717412951043100e-01
9.993488279591312695e-01
9.993369389072147557e-01
9.993284915954950831e-01
9.993243672366377561e-01
9.993199627609212765e-01
9.993102957819381960e-01
9.992889149437745866e-01
9.992887688162946924e-01
9.992867420302572468e-01
9.992656684676164414e-01
9.992650738912429720e-01
9.992614022414597619e-01
9.992572441815688045e-01
9.992468354075668691e-01
9.992372385389232115e-01
9.992315335543767718e-01
9.992209977292282330e-01
9.992074345380216327e-01
9.992019117476490520e-01
9.991987565880572353e-01
9.991899382193411006e-01
9.991784387347801832e-01
9.991626215173954328e-01
9.991594843756537170e-01
9.991555160767502386e-01
9.991468329714588981e-01
9.991291254874526961e-01
9.991221322857237741e-01
9.991046386861629491e-01
9.991003112207424985e-01
9.990772917321059099e-01
9.990703325476807395e-01
9.990642382679398859e-01
9.990450078114739840e-01
9.990419340052076880e-01
9.990220689642435037e-01
9.990137549254768379e-01
9.990077352187705095e-01
9.990060850843562879e-01
9.990020300340268777e-01
9.989956614745274521e-01
9.989935413787850438e-01
9.989889394468112194e-01
9.989775321464240410e-01
9.989674274182791525e-01
9.989558694240010528e-01
9.989409153566901622e-01
9.989399957667169927e-01
9.989357912315955934e-01
9.989192305380381054e-01
9.989084144255793163e-01
9.988948680992804086e-01
9.988767788641181866e-01
9.988663101009017664e-01
9.988571846075089411e-01
9.988405532318126445e-01
9.988304671796239820e-01
9.988225896282675320e-01
9.988206004075129707e-01
9.987952412956077053e-01
9.987870213979962442e-01
9.987828595191848846e-01
9.987734253684927843e-01
9.987609803365018468e-01
9.987559343947032264e-01
9.987484909018465862e-01
9.987426564267785078e-01
9.987332533225863340e-01
9.987183620261977923e-01
9.987105505989027909e-01
9.987081640954345030e-01
9.986730854111908195e-01
9.986658968679926751e-01
9.986590800876034013e-01
9.986551258622499150e-01
9.986342462224325756e-01
9.986229532369598205e-01
9.986198699459947203e-01
9.986064024978704712e-01
9.985610125813636495e-01
9.985415849176265679e-01
9.985403238776271451e-01
9.985256450542598916e-01
9.985223445266165898e-01
9.985037151593317839e-01
9.984833934982070280e-01
9.984773902652228639e-01
9.984668718651481534e-01
9.984362801493547046e-01
9.984113328721464509e-01
9.984077497491407049e-01
9.983947994766668721e-01
9.983867612479901954e-01
9.983785285033559553e-01
9.983421758067277940e-01
9.983104728234259984e-01
9.983029740066546864e-01
9.982963192082826565e-01
9.982925143039367288e-01
9.982660818739929054e-01
9.982515715612564344e-01
9.982246530358399594e-01
9.982228378037618644e-01
9.982040475405742352e-01
9.981850983254523246e-01
9.981829725304147694e-01
9.981498707711338181e-01
9.981351185264196735e-01
9.981330434876847235e-01
9.980929812048777716e-01
9.980892000849022061e-01
9.980630792204552293e-01
9.980568113242782591e-01
9.980521457860686008e-01
9.980268116304044090e-01
9.980144682691849400e-01
9.980077834142051518e-01
9.980031268157361080e-01
9.979962257304009210e-01
9.979683364506576337e-01
9.979554928294516181e-01
9.979416946917828435e-01
9.979061257752654956e-01
9.979000059281605273e-01
9.978858252195078604e-01
9.978684637010812875e-01
9.978389940323627583e-01
9.978265705506844663e-01
9.978103671021445464e-01
9.977996152144981146e-01
9.977803159609185402e-01
9.977515882780826351e-01
9.977281055908389096e-01
9.977241083037181602e-01
9.976962250168867063e-01
9.976745510302795772e-01
9.976517665152879744e-01
9.976130765812996071e-01
9.976037490115556849e-01
9.975955471077837533e-01
9.975760438149954279e-01
9.975660820666603090e-01
9.975437762154633070e-01
9.975109280244499610e-01
9.974936467161364950e-01
9.974886065154445758e-01
9.974494795128275859e-01
9.974145217416199305e-01
9.973891770634679688e-01
9.973743524063896082e-01
9.973269303981704414e-01
9.973063028712986222e-01
9.973057536125889966e-01
9.972898923064364984e-01
9.972875902005394755e-01
9.972666312866981242e-01
9.972389438311344279e-01
9.971782105217470438e-01
9.971672505657811492e-01
9.971592714801252866e-01
9.971127261014692822e-01
9.970759157837794096e-01
9.970393835577811004e-01
9.970224472519825243e-01
9.969972473807254820e-01
9.969591888276290170e-01
9.969137665994036723e-01
9.968419796418092060e-01
9.968202310111553555e-01
9.968103486560934146e-01
9.967672987347977465e-01
9.967143325946764554e-01
9.967052718414085577e-01
9.966822912891436514e-01
9.966769013509025887e-01
9.966589304501642932e-01
9.966153118645567632e-01
9.966082095342108094e-01
9.965842452773391313e-01
9.965509297240465747e-01
9.964949915698767535e-01
9.964854388101495042e-01
9.964790302032807690e-01
9.963953076749396676e-01
9.963649922807438220e-01
9.963137312538532520e-01
9.963081765407594270e-01
9.961784535123497930e-01
9.961703698319258615e-01
9.961152923104018564e-01
9.961101276799385618e-01
9.960713574106665469e-01
9.960436502963420091e-01
9.958128186196670839e-01
9.957664884679013895e-01
9.957289902837471729e-01
9.956730031766765077e-01
9.955676207636290354e-01
9.955229262197918816e-01
9.955128827190493634e-01
9.954654598233587670e-01
9.954484904772280540e-01
9.952959065521548299e-01
9.951922223274034529e-01
9.950770218660592858e-01
9.950044351231073225e-01
9.949512312063923947e-01
9.947739736085369211e-01
9.947516912956710922e-01
9.946280256144529597e-01
9.946007257262567958e-01
9.945973799591043552e-01
9.944924813961675270e-01
9.944610878693387335e-01
9.944503842126671822e-01
9.943956743281148203e-01
9.943748635264321178e-01
9.943228526790717225e-01
9.943076086391255952e-01
9.941522361555334975e-01
9.941363763156706446e-01
9.941189442083474548e-01
9.940914799660336421e-01
9.940252136035735431e-01
9.938557466097808213e-01
9.937496982347747698e-01
9.937019568185909701e-01
9.935497486222197860e-01
9.934784436454965340e-01
9.932734486357746029e-01
9.932578321507132824e-01
9.932172493592428264e-01
9.931716248504686151e-01
9.929772560148444338e-01
9.928722380709471551e-01
9.928421047047067960e-01
9.926753144068498624e-01
9.926098216776506611e-01
9.925830561890328640e-01
9.922450848523561850e-01
9.922355128521838097e-01
9.921773746667592597e-01
9.919886988671611228e-01
9.919364499072748087e-01
9.917109943974036224e-01
9.916601921857141066e-01
9.915589647120008898e-01
9.913335454775433764e-01
9.911524673297186228e-01
9.911058444241227505e-01
9.907838158971082887e-01
9.907284737131670793e-01
9.907105945344039100e-01
9.904304834451832518e-01
9.902165444083771417e-01
9.900546012968798326e-01
9.898695452465120503e-01
9.898554418643782382e-01
9.897688235072031882e-01
9.896680334762139042e-01
9.896336203694898748e-01
9.893601820639795763e-01
9.892943427986531368e-01
9.892656775860255713e-01
9.890239718665615465e-01
9.887051525737857727e-01
9.885078884764714191e-01
9.884913400217747448e-01
9.884133416231255520e-01
9.881842065721213597e-01
9.881261056992928227e-01
9.880937015558720615e-01
9.880270173943208611e-01
9.878181259506646494e-01
9.875685106963656423e-01
9.873744726155276874e-01
9.871442905895957409e-01
9.869423115611410946e-01
9.869391266761242676e-01
9.866317728120006514e-01
9.863816462915615535e-01
9.860274971515079478e-01
9.859888127596448948e-01
9.859802480022441529e-01
9.858111730186844834e-01
9.849019791001774049e-01
9.844242193148815545e-01
9.842989028263352536e-01
9.836925681687882506e-01
9.836526315475679905e-01
9.833919549880889566e-01
9.830876730491415749e-01
9.830298475470109487e-01
9.829661238300592130e-01
9.829102328147393264e-01
9.826365998765224097e-01
9.821149719217941998e-01
9.820113295311322377e-01
9.818177716076180728e-01
9.807156920510148312e-01
9.799662449935707675e-01
9.795521486932374788e-01
9.795118224885290825e-01
9.792800099435402528e-01
9.779502542360496431e-01
9.773985408643997008e-01
9.769260852750830670e-01
9.755254947353266815e-01
9.750747489697400017e-01
9.750407187500409467e-01
9.747230929635924968e-01
9.742832107059838931e-01
9.741273275536403986e-01
9.730859633566899536e-01
9.728311173627826047e-01
9.712738022355845713e-01
9.706351243436244225e-01
9.700475149413619880e-01
9.687749616844224532e-01
9.677843042245172223e-01
9.659032286894260189e-01
9.656259501520068067e-01
9.655526464774814022e-01
9.651863313327543326e-01
9.650538843668039490e-01
9.647362349543804338e-01
9.630027886107873636e-01
9.609888505135308900e-01
9.587027252642341679e-01
9.526688727338392670e-01
9.520762951073054037e-01
9.517890829324412438e-01
9.483691596590159145e-01
9.437294897839383356e-01
9.334153367742473728e-01
