1.282568928653709417e+00
1.256914380544720045e+00
1.254235866030526836e+00
1.218886531246807126e+00
1.213409526020088780e+00
1.206090962745975714e+00
1.202373363512156290e+00
1.197658974861205206e+00
1.196772595449157484e+00
1.192941000114015049e+00
1.186384685492539059e+00
1.175203662890283329e+00
1.173856501731649793e+00
1.170398295389571519e+00
1.165868786617306752e+00
1.165136603660313908e+00
1.163295234615508100e+00
1.162095814029481700e+00
1.158250006382374631e+00
1.155920051068358934e+00
1.155309951464076557e+00
1.152755887314495631e+00
1.152290064626938726e+00
1.150050590529227090e+00
1.146040057436810589e+00
1.145719887928331460e+00
1.144825821672981858e+00
1.144785573872222129e+00
1.142276666122859607e+00
1.142078046507346567e+00
1.139435052990219965e+00
1.135649745266661181e+00
1.133909753206026716e+00
1.133293256308873120e+00
1.132312890670793548e+00
1.131937628719422273e+00
1.131259711685801195e+00
1.130569794901176817e+00
1.129967777910632076e+00
1.128193197252213675e+00
1.126337650150429637e+00
1.124382421456351588e+00
1.124268022196150074e+00
1.121620596476537557e+00
1.120738542021643358e+00
1.120203809834756203e+00
1.117920485429587218e+00
1.116075597053307611e+00
1.115470494037496429e+00
1.114320758223043883e+00
1.113508224341379638e+00
1.113132082205131823e+00
1.112501268556614020e+00
1.112126492090509400e+00
1.111395954811988052e+00
1.110723836453574975e+00
1.110550496054073744e+00
1.110232477777925553e+00
1.110000651673330285e+00
1.108385005826474368e+00
1.107810206852002377e+00
1.106787615029867444e+00
1.106342602875323378e+00
1.105073224165062928e+00
1.104968676635250668e+00
1.104261773668660851e+00
1.103555482009968669e+00
1.102138540411042200e+00
1.101769347093022544e+00
1.100709413790387226e+00
1.100123925538075254e+00
1.100019611219230198e+00
1.099015844611721970e+00
1.098646680390845454e+00
1.098182548675025849e+00
1.098071755248549941e+00
1.097674377611574714e+00
1.096562998733893401e+00
1.095604737528306227e+00
1.094965036455594509e+00
1.094558197005686795e+00
1.092870587939881011e+00
1.092391800430979831e+00
1.091724211818074552e+00
1.091590652020965502e+00
1.090376356781913580e+00
1.090244905172605971e+00
1.089981579111060972e+00
1.089748586738344516e+00
1.089036743851216515e+00
1.088659979080316198e+00
1.088187063274295818e+00
1.087815439887386049e+00
1.087222015978247303e+00
1.086465768095355111e+00
1.086195403911550450e+00
1.085762641994396427e+00
1.085338151808190377e+00
1.084375396341750175e+00
1.083941952524612118e+00
1.082988757248242839e+00
1.082583648119005204e+00
1.082179000903414234e+00
1.081859168864629961e+00
1.081679374636820956e+00
1.081479644587167499e+00
1.081329235799386890e+00
1.080703546488479772e+00
1.080290598961472837e+00
1.079978786600137131e+00
1.079964873963644045e+00
1.079478541766319521e+00
1.079001590799066435e+00
1.078332559411317559e+00
1.077984446281876618e+00
1.076803359410719363e+00
1.075944574747924598e+00
1.075658000691751548e+00
1.075521868778521073e+00
1.073429161082162242e+00
1.073368545830013066e+00
1.073281237723639592e+00
1.072791708820923118e+00
1.072483625418228392e+00
1.072203697066514749e+00
1.072046121250971096e+00
1.071580822334300187e+00
1.071088298257100169e+00
1.071043246291105477e+00
1.070341793790701601e+00
1.069641403828731185e+00
1.069408313071189998e+00
1.068916213010981719e+00
1.068793449987606170e+00
1.068460559954812483e+00
1.068133745499263654e+00
1.067415595209203039e+00
1.067177133541792999e+00
1.066732728851892853e+00
1.065880122066887647e+00
1.065681100915186974e+00
1.065073139074605546e+00
1.064693675351950919e+00
1.064624259669979311e+00
1.064358756620339630e+00
1.063912053650700740e+00
1.063733689611304767e+00
1.063406369204787039e+00
1.063270294651343484e+00
1.063188373807679943e+00
1.062599426349499110e+00
1.062327598180726307e+00
1.062091001868215701e+00
1.061677667099908184e+00
1.061083939688691524e+00
1.060823572600219089e+00
1.060690864068410288e+00
1.060432679501744246e+00
1.060205876785308643e+00
1.059883014196636219e+00
1.059574857618871269e+00
1.059165214788070575e+00
1.058992554392802043e+00
1.058462180477314885e+00
1.058047115950409456e+00
1.057927393989433806e+00
1.057418998335764027e+00
1.057210941421712569e+00
1.056976733689813042e+00
1.056656524156259325e+00
1.056598240753368723e+00
1.056345516304711518e+00
1.056226244247715274e+00
1.055873064055051769e+00
1.055385471221149452e+00
1.054925538934292417e+00
1.054779051718652605e+00
1.054195357121623378e+00
1.054072417961279262e+00
1.053941588593179546e+00
1.053676781159881948e+00
1.053200635963217779e+00
1.052678093243623714e+00
1.052343278035547502e+00
1.052010322434680401e+00
1.051731858172596068e+00
1.051566854450882715e+00
1.051311158660324763e+00
1.051183498974582520e+00
1.051055894005024305e+00
1.050129252641660349e+00
1.049939156297582610e+00
1.049445672193978218e+00
1.049073876252415882e+00
1.048975268747136314e+00
1.048949876564333472e+00
1.048653580429400156e+00
1.048210890226723313e+00
1.048074994623100054e+00
1.047920749471948021e+00
1.047720294438154509e+00
1.047523630764984448e+00
1.047086218680796543e+00
1.046383920203685536e+00
1.046076574949081683e+00
1.045792860617742015e+00
1.045362051035749529e+00
1.045153197539539169e+00
1.045068548151857346e+00
1.044850555029628980e+00
1.044744921019112427e+00
1.044363990733109260e+00
1.044126972683523391e+00
1.043701642490825199e+00
1.043422584884781790e+00
1.043193580065381987e+00
1.042990048088555444e+00
1.042855578079743273e+00
1.042567458288890414e+00
1.042408365848673801e+00
1.042324117589367605e+00
1.042254816817536511e+00
1.041877539950329279e+00
1.041619719988227777e+00
1.041413395708143286e+00
1.041178510435001092e+00
1.040855071183045544e+00
1.040469506506479735e+00
1.040386788905879101e+00
1.040265489822979061e+00
1.040000163008220957e+00
1.039968498076806691e+00
1.039714477922236480e+00
1.039531899969935447e+00
1.039425081570042098e+00
1.039311133030305756e+00
1.039127692650261725e+00
1.038757815028857889e+00
1.038695245288008939e+00
1.038543686952463130e+00
1.038269208382083919e+00
1.037880092318334668e+00
1.037417452919798810e+00
1.037186801693432914e+00
1.037113569076647757e+00
1.036915564059546435e+00
1.036704508983385509e+00
1.036516084234786472e+00
1.036270176548881983e+00
1.036084413007467564e+00
1.035969417221690225e+00
1.035889159778039970e+00
1.035739881354215353e+00
1.035570280607379212e+00
1.035425800576656119e+00
1.035203810820959358e+00
1.034861004333549772e+00
1.034679159633884016e+00
1.034453529408325689e+00
1.034250858121236183e+00
1.034149343715439873e+00
1.033999527747199609e+00
1.033949437966564133e+00
1.033587465526461857e+00
1.033521200496054337e+00
1.033278449891629869e+00
1.033012418578906910e+00
1.032697271750414147e+00
1.032267676851529092e+00
1.032207393472135859e+00
1.031981446273743996e+00
1.031821172208571724e+00
1.031811401628714764e+00
1.031698764041736993e+00
1.031479070797966857e+00
1.031243287225912519e+00
1.031206261314050687e+00
1.030993370859296210e+00
1.030635344490254512e+00
1.030549648954838471e+00
1.030519008798361780e+00
1.030405805013272280e+00
1.030254898277805475e+00
1.030158083569350680e+00
1.030136252802545282e+00
1.030052533056218023e+00
1.029745072216172064e+00
1.029468801054662874e+00
1.029263046810927618e+00
1.028964365517245350e+00
1.028883812584067803e+00
1.028871457188058391e+00
1.028721148740464830e+00
1.028698193637705538e+00
1.028335836479877585e+00
1.028270133666968178e+00
1.028147879844118151e+00
1.027971808231785689e+00
1.027737230639096611e+00
1.027630989974703590e+00
1.027328809003661636e+00
1.027290752924322481e+00
1.027157037710182186e+00
1.026995102207364452e+00
1.026908011905498741e+00
1.026754741744430488e+00
1.026655494500532173e+00
1.026583309042696790e+00
1.026434101644371655e+00
1.026292319147287246e+00
1.026177047756388294e+00
1.026053694393596283e+00
1.026014572238765021e+00
1.025884665140888830e+00
1.025766919383541254e+00
1.025511766264345814e+00
1.025250166274164876e+00
1.025195787195687158e+00
1.025157687491408565e+00
1.025010151086809929e+00
1.024892856074395286e+00
1.024826556510536557e+00
1.024535479702758600e+00
1.024469743096256824e+00
1.024254092939028693e+00
1.024189019635949549e+00
1.024005159762203077e+00
1.023918526118662520e+00
1.023693138123865198e+00
1.023517530291517597e+00
1.023459772251030353e+00
1.023430542875399363e+00
1.023209674576821770e+00
1.023094205694197179e+00
1.023036137760543474e+00
1.022967285481469979e+00
1.022861719075439657e+00
1.022748555903216339e+00
1.022658556890932990e+00
1.022495126626510320e+00
1.022435044991165665e+00
1.022304458026578988e+00
1.022176648758463813e+00
1.021795025881542474e+00
1.021661278863793543e+00
1.021426207793862950e+00
1.021324335431019081e+00
1.021244425189532734e+00
1.021024289158429799e+00
1.020901690418670738e+00
1.020853768297289577e+00
1.020704924474227004e+00
1.020576117742185485e+00
1.020457933484697710e+00
1.020409715298709719e+00
1.020304927445189858e+00
1.020184661682317362e+00
1.020024426762233594e+00
1.019907977571789637e+00
1.019743548094804719e+00
1.019552108591905037e+00
1.019285817284440565e+00
1.019165198121040117e+00
1.019107364936646221e+00
1.018953049054472038e+00
1.018867000393877342e+00
1.018747700493834785e+00
1.018624557619556503e+00
1.018529344241678958e+00
1.018425000688545357e+00
1.018200727374195091e+00
1.018178989699730863e+00
1.018070774471967033e+00
1.017964950038586558e+00
1.017766517132537629e+00
1.017636554794123072e+00
1.017520420314150131e+00
1.017467151431635797e+00
1.017440800933077094e+00
1.017314669667165772e+00
1.017108693284553222e+00
1.017043317603939068e+00
1.016976602255749373e+00
1.016912028667636525e+00
1.016765042377907324e+00
1.016618896171311182e+00
1.016590316691779794e+00
1.016519335088536868e+00
1.016474169783542658e+00
1.016412667070781595e+00
1.016249552237931342e+00
1.016222786972254655e+00
1.016196101256318318e+00
1.016149983557765646e+00
1.016063675878603911e+00
1.015861945655077925e+00
1.015790122104859972e+00
1.015696222351672562e+00
1.015609070207786679e+00
1.015551279069926149e+00
1.015492288089294481e+00
1.015342889782502755e+00
1.015298931105230062e+00
1.015103974379504059e+00
1.015021898013726220e+00
1.014920144765161014e+00
1.014828514027397155e+00
1.014691138644386204e+00
1.014559637047409923e+00
1.014547661223856645e+00
1.014307244513724449e+00
1.014272108468673217e+00
1.014228819497911438e+00
1.014131061977051829e+00
1.014066860707250939e+00
1.014019076825641852e+00
1.013987077572496842e+00
1.013827328179018661e+00
1.013753747947852890e+00
1.013670840256952088e+00
1.013594643898439118e+00
1.013577114674423685e+00
1.013464027730282435e+00
1.013273924916396451e+00
1.013260923240471900e+00
1.013212079008811051e+00
1.013040451348241167e+00
1.012972890576915752e+00
1.012876088794710361e+00
1.012712294566456839e+00
1.012620704689267681e+00
1.012593246211090703e+00
1.012547654661039465e+00
1.012486454783970036e+00
1.012372343590666857e+00
1.012355571939316912e+00
1.012301951554088308e+00
1.012089821795628009e+00
1.012055187363083197e+00
1.011985660027777678e+00
1.011876315589023134e+00
1.011849177164462432e+00
1.011721063760177675e+00
1.011661706076205869e+00
1.011574666300961267e+00
1.011539744052874612e+00
1.011526590973486073e+00
1.011454347709041857e+00
1.011376562840986537e+00
1.011333060364921543e+00
1.011297050847598022e+00
1.011147792019535530e+00
1.010948140407554652e+00
1.010921059856664694e+00
1.010868550543610356e+00
1.010779775129162950e+00
1.010700529404714443e+00
1.010640582427971834e+00
1.010556705309620718e+00
1.010528683127290828e+00
1.010400558236287161e+00
1.010391530141263372e+00
1.010257508414788896e+00
1.010241413164257418e+00
1.010139014787425626e+00
1.010052047542280063e+00
1.010036199265259338e+00
1.010002992812413236e+00
1.009853262100607552e+00
1.009820928374432603e+00
1.009768607422638631e+00
1.009630374331987879e+00
1.009571776014990263e+00
1.009555676659865231e+00
1.009464088635847911e+00
1.009411140068000368e+00
1.009303585804213643e+00
1.009294877315681127e+00
1.009270329750841189e+00
1.009196164069942725e+00
1.009157571822824284e+00
1.009087414390622994e+00
1.009069209091572494e+00
1.008954104104414995e+00
1.008925907962241686e+00
1.008902557603600814e+00
1.008853844619929330e+00
1.008814320907012174e+00
1.008741265186111624e+00
1.008694987525160291e+00
1.008682157104600741e+00
1.008676421823736291e+00
1.008523758623117716e+00
1.008453192538073750e+00
1.008337001862371629e+00
1.008301712764541058e+00
1.008286072814247314e+00
1.008234111765577090e+00
1.008211237572103736e+00
1.008171085089396346e+00
1.008141208729949723e+00
1.008119597703363901e+00
1.008098875212307233e+00
1.008006921863945804e+00
1.007889112552626809e+00
1.007843027726523788e+00
1.007732132384338453e+00
1.007601521943019884e+00
1.007569788443435144e+00
1.007567567443761414e+00
1.007509147045100750e+00
1.007472027572046791e+00
1.007364947861731697e+00
1.007298278102735978e+00
1.007287194620316795e+00
1.007202849272146095e+00
1.007162665357345999e+00
1.007151558733632157e+00
1.007069968811662442e+00
1.007045796057186804e+00
1.006986969565123013e+00
1.006958420435350776e+00
1.006937763235506100e+00
1.006874763696686159e+00
1.006781424765680555e+00
1.006734346876924091e+00
1.006698730042555834e+00
1.006666914172498650e+00
1.006609589165114782e+00
1.006569544621760182e+00
1.006502645486755387e+00
1.006462394411348438e+00
1.006428288704823260e+00
1.006408539828796744e+00
1.006385063989424289e+00
1.006351496093943920e+00
1.006315962131861363e+00
1.006297739294894189e+00
1.006237959693256689e+00
1.006195086852786247e+00
1.006173077963058438e+00
1.006096436244101611e+00
1.006075133989729364e+00
1.006055396982363126e+00
1.006041624214273122e+00
1.006023363296412620e+00
1.005971492259323474e+00
1.005900888427257334e+00
1.005891147605732394e+00
1.005852457031431557e+00
1.005817935918368988e+00
1.005793665735029263e+00
1.005750356650703781e+00
1.005625220557253563e+00
1.005576505228268136e+00
1.005556130241036072e+00
1.005533748973227670e+00
1.005510516775565355e+00
1.005492155778933139e+00
1.005444186986083510e+00
1.005409015849657139e+00
1.005366498264438357e+00
1.005325162932441119e+00
1.005280508360611114e+00
1.005242922076529988e+00
1.005222243922689662e+00
1.005206377488345737e+00
1.005187600445683005e+00
1.005167170458862946e+00
1.005154468594487094e+00
1.005142564303210584e+00
1.005094340800606556e+00
1.005064559054855700e+00
1.005010263901358281e+00
1.004968991021204960e+00
1.004915868139570012e+00
1.004851697932527266e+00
1.004830172264487009e+00
1.004821095408461318e+00
1.004787832319142149e+00
1.004766192851522133e+00
1.004752929287452412e+00
1.004722067224675053e+00
1.004682282595392495e+00
1.004640692313710337e+00
1.004629098207012516e+00
1.004619106947461260e+00
1.004594286848157214e+00
1.004542283677920977e+00
1.004535086787345266e+00
1.004514464268135843e+00
1.004469295859350186e+00
1.004446543041609852e+00
1.004417788677072876e+00
1.004374308919570247e+00
1.004347646736163391e+00
1.004321140921780930e+00
1.004313618819495435e+00
1.004276186636966051e+00
1.004256245562659577e+00
1.004230922885817057e+00
1.004182691991546861e+00
1.004127159363087829e+00
1.004105247493656039e+00
1.004089431873443905e+00
1.004041211488023055e+00
1.004029954804061431e+00
1.004020900027093877e+00
1.003990737114299536e+00
1.003958035174169927e+00
1.003924121597552066e+00
1.003862064748869853e+00
1.003841035628817213e+00
1.003798182372636294e+00
1.003777749193126567e+00
1.003770993267353751e+00
1.003747940329846600e+00
1.003742845506454540e+00
1.003712593845870416e+00
1.003666149193623847e+00
1.003637277433700570e+00
1.003607570009584116e+00
1.003598414806266437e+00
1.003552955381348477e+00
1.003531666858304749e+00
1.003527767893918954e+00
1.003477211605606323e+00
1.003461735947765332e+00
1.003437810914387329e+00
1.003428820838553115e+00
1.003406544644235732e+00
1.003329630917227488e+00
1.003304187246581769e+00
1.003259876608388446e+00
1.003226806276586114e+00
1.003206991952434457e+00
1.003189778280590749e+00
1.003151587387652866e+00
1.003149962270546869e+00
1.003122569264205399e+00
1.003109335480622644e+00
1.003080507217125827e+00
1.003064205785572760e+00
1.003033911154548541e+00
1.003005639360335266e+00
1.002977445836594095e+00
1.002939966156451757e+00
1.002929081936553946e+00
1.002866042339435992e+00
1.002827862461680652e+00
1.002814631115953814e+00
1.002799962828996083e+00
1.002790018181984433e+00
1.002762146107827324e+00
1.002708942316035357e+00
1.002681576085968196e+00
1.002663845722602476e+00
1.002626075586392718e+00
1.002613397540529139e+00
1.002588767581114038e+00
1.002561206089400470e+00
1.002539412548380859e+00
1.002504212216115187e+00
1.002491725079343698e+00
1.002468222367798090e+00
1.002463804846709383e+00
1.002435730876936271e+00
1.002406985429476372e+00
1.002374623443741841e+00
1.002366105291986553e+00
1.002361169267939722e+00
1.002341164929117179e+00
1.002259096481186385e+00
1.002252636239363559e+00
1.002245083855415331e+00
1.002223748230772538e+00
1.002193670885945354e+00
1.002181074347692880e+00
1.002164429416936953e+00
1.002155837391479620e+00
1.002146699359854454e+00
1.002141399687993539e+00
1.002081701531471580e+00
1.002075031819496198e+00
1.002061520195755007e+00
1.002041892578319882e+00
1.002039784878947959e+00
1.002030806541165386e+00
1.002008649862535794e+00
1.001996330301226479e+00
1.001987962494400808e+00
1.001974590979488156e+00
1.001950051574043599e+00
1.001891358052030112e+00
1.001881755133590790e+00
1.001871294420416891e+00
1.001852080003245327e+00
1.001812957425020523e+00
1.001794151206087946e+00
1.001777765314322721e+00
1.001774708636986588e+00
1.001762627523829163e+00
1.001752526491353823e+00
1.001740097122800099e+00
1.001717547733396829e+00
1.001698791503244701e+00
1.001683056999420840e+00
1.001679364097223690e+00
1.001658336540115046e+00
1.001633294704189492e+00
1.001625274017640344e+00
1.001611068473748478e+00
1.001579347831513811e+00
1.001559461443004340e+00
1.001548654605845634e+00
1.001536646746369552e+00
1.001526118302663582e+00
1.001515161735820669e+00
1.001495593496348535e+00
1.001492267592527297e+00
1.001478792030851439e+00
1.001472074734486739e+00
1.001458779570865376e+00
1.001430141021086406e+00
1.001421005581893064e+00
1.001403378482576656e+00
1.001399003127271037e+00
1.001386137209566707e+00
1.001375871841071241e+00
1.001353318299518680e+00
1.001350020130127305e+00
1.001337411764404495e+00
1.001330661964721092e+00
1.001299907127106925e+00
1.001293549283218232e+00
1.001283187488489768e+00
1.001264440872854156e+00
1.001259818798137857e+00
1.001245244059074668e+00
1.001228583190978627e+00
1.001221254639038660e+00
1.001217132256654541e+00
1.001212542287211349e+00
1.001195808346166949e+00
1.001189490743868316e+00
1.001180889543500596e+00
1.001174367192222192e+00
1.001159498672643755e+00
1.001153213598747538e+00
1.001135820074350535e+00
1.001093208873304441e+00
1.001088169545700568e+00
1.001081069319766481e+00
1.001070916647199605e+00
1.001051638095386442e+00
1.001036656811173042e+00
1.001032837751442583e+00
1.001028301114301966e+00
1.001018323437290913e+00
1.001001572134929019e+00
1.000971310417988924e+00
1.000960261050517941e+00
1.000952760367452621e+00
1.000938076557471135e+00
1.000926951766063500e+00
1.000914946784705828e+00
1.000907386515138331e+00
1.000901233797477197e+00
1.000872839582677365e+00
1.000860715041828497e+00
1.000851558934211960e+00
1.000840788696728545e+00
1.000834739651732752e+00
1.000823838114748288e+00
1.000814397505522813e+00
1.000806472600808794e+00
1.000802585656233923e+00
1.000791699174086613e+00
1.000778410291559117e+00
1.000757902363426100e+00
1.000750608676664877e+00
1.000736510616252462e+00
1.000720448310001398e+00
1.000716508614572398e+00
1.000708046920746330e+00
1.000688210601932804e+00
1.000685429679434746e+00
1.000669729980199651e+00
1.000665420374789338e+00
1.000658797561942093e+00
1.000644820919619926e+00
1.000640538857295425e+00
1.000637300727039936e+00
1.000628583451342646e+00
1.000615245436021095e+00
1.000602502720675968e+00
1.000596001367499044e+00
1.000591275494957744e+00
1.000589089931524400e+00
1.000580549061786506e+00
1.000574054998605078e+00
1.000562805913742803e+00
1.000549102647472655e+00
1.000544546773547205e+00
1.000540896104397337e+00
1.000538441073661078e+00
1.000525439477203404e+00
1.000513049715577196e+00
1.000500942747858835e+00
1.000491266319213146e+00
1.000485248474607181e+00
1.000481096988769858e+00
1.000463349772529265e+00
1.000457497457889255e+00
1.000450020223263348e+00
1.000434848784215403e+00
1.000420922302827309e+00
1.000412871420250482e+00
1.000406284297240989e+00
1.000389101545494874e+00
1.000387497071170362e+00
1.000383178600657175e+00
1.000378484552193248e+00
1.000367178229401910e+00
1.000362799824015214e+00
1.000353485606233273e+00
1.000346908095333998e+00
1.000337260003553608e+00
1.000328119679463779e+00
1.000321664391228937e+00
1.000314752717166966e+00
1.000309984118449735e+00
1.000302163646354492e+00
1.000300019562459397e+00
1.000297662569246349e+00
1.000287266830940158e+00
1.000282794982054746e+00
1.000274324466801534e+00
1.000266860560792503e+00
1.000254415147044940e+00
1.000249542907066358e+00
1.000241092232893481e+00
1.000236708295699106e+00
1.000232676926114062e+00
1.000228871241713113e+00
1.000218892671249860e+00
1.000214242818319388e+00
1.000208657250855948e+00
1.000202865208629444e+00
1.000198430675521388e+00
1.000195892771439388e+00
1.000188882262670109e+00
1.000177057103672107e+00
1.000168947570723610e+00
1.000165432056498549e+00
1.000161904774504062e+00
1.000159923128642880e+00
1.000153932768962806e+00
1.000145077554872808e+00
1.000144166038505533e+00
1.000138726655457111e+00
1.000125967022801321e+00
1.000122728094653635e+00
1.000115424252433938e+00
1.000113343364730456e+00
1.000106720144524397e+00
1.000103529526144897e+00
1.000097095051534657e+00
1.000096259972218959e+00
1.000092683637338498e+00
1.000089621779450821e+00
1.000079554900734191e+00
1.000077988464284973e+00
1.000074193208991602e+00
1.000069949546616099e+00
1.000067769624292557e+00
1.000064611933559000e+00
1.000062290264755349e+00
1.000057532066361610e+00
1.000054977847379734e+00
1.000050705950724872e+00
1.000046852032530520e+00
1.000039269090365224e+00
1.000036884881699839e+00
1.000030767921428199e+00
1.000018746137568026e+00
1.000016643593731436e+00
1.000015329208242321e+00
1.000010794227579325e+00
1.000008452588634356e+00
1.000005649638379346e+00
9.999981283173172697e-01
9.999947636067438861e-01
9.999910781688763350e-01
9.999910236022061527e-01
9.999872280842689864e-01
9.999863244226149250e-01
9.999775862552492400e-01
9.999690725504019051e-01
9.999666439562443498e-01
9.999626080756172097e-01
9.999602789957495741e-01
9.999491640365760770e-01
9.999338866811756654e-01
9.999304079349322638e-01
9.999249747902106966e-01
9.999235322407433735e-01
9.999140519122284854e-01
9.999121774514841965e-01
9.999092819500962070e-01
9.999017752599643760e-01
9.998999383989073397e-01
9.998835642262884349e-01
9.998794221167842666e-01
9.998682983662000590e-01
9.998654752727210715e-01
9.998596038371913020e-01
9.998532568267093357e-01
9.998500542588684148e-01
9.998473259957225689e-01
9.998376031543729781e-01
9.998249118949644743e-01
9.998134835367352702e-01
9.998096783487632200e-01
9.997979842936922656e-01
9.997943133415041483e-01
9.997857019018634439e-01
9.997765881059607063e-01
9.997748880517834946e-01
9.997592451084216236e-01
9.997545344583413929e-01
9.997459822067708002e-01
9.997269089901100747e-01
9.997193968391266949e-01
9.997109715401552021e-01
9.996991234959787809e-01
9.996978613419226223e-01
9.996865793318727711e-01
9.996732945079491728e-01
9.996522438381993947e-01
9.996486411991994947e-01
9.996299693825141386e-01
9.996235149822830790e-01
9.996208566939909224e-01
9.996102355110573212e-01
9.996055689603691174e-01
9.995942010120812959e-01
9.995886501651793932e-01
9.995768115218254257e-01
9.995712858452912020e-01
9.995702950859092217e-01
9.995486220102459685e-01
9.995435427933013761e-01
9.995423691576005298e-01
9.995221931918276681e-01
9.995126820371754706e-01
9.995067285030587723e-01
9.995014321121657996e-01
9.994939838617920014e-01
9.994886194567484949e-01
9.994831732927357271e-01
9.994770603473048798e-01
9.994673748554626647e-01
9.994378987604024545e-01
9.994134630132847086e-01
9.993887439675496198e-01
9.993720413412963133e-01
9.993582039636378367e-01
9.993465624857591489e-01
9.993348365705826408e-01
9.993194582965898576e-01
9.993117757055832717e-01
9.992934861862748930e-01
9.992813663253029555e-01
9.992716995304021799e-01
9.992354441629905937e-01
9.992310083974409451e-01
9.992296473309799643e-01
9.991814939820151675e-01
9.991756162100108307e-01
9.991660881198456412e-01
9.991492706975699800e-01
9.991460632014382837e-01
9.991271863723646396e-01
9.990956060180166132e-01
9.990884379871970422e-01
9.990807486618122901e-01
9.990735579225348273e-01
9.990466740992647310e-01
9.990394313584696206e-01
9.990114141798578373e-01
9.990032464170424120e-01
9.989963141855229267e-01
9.989622158474966707e-01
9.989401167612881327e-01
9.989338934235281187e-01
9.989256691660647336e-01
9.989123318463841716e-01
9.988664906894264561e-01
9.988438339477075933e-01
9.988108377443610797e-01
9.987866966965330828e-01
9.987791620767469958e-01
9.987686054254621970e-01
9.987571918234706692e-01
9.987483282384272965e-01
9.986902615283554940e-01
9.986619494536176367e-01
9.986586841077261800e-01
9.986492200113535889e-01
9.986193717062820108e-01
9.985916545956483592e-01
9.985787358229019084e-01
9.985735129737915994e-01
9.985371189765775979e-01
9.985096642242825560e-01
9.984578141248026117e-01
9.984329275380712243e-01
9.984212581381355367e-01
9.984129893767789143e-01
9.983521075776606857e-01
9.983491911240306438e-01
9.983129441593222575e-01
9.982838550677423095e-01
9.982828727264660973e-01
9.982748986307525829e-01
9.982448565671828700e-01
9.982351364743987654e-01
9.982096999355113409e-01
9.981797937757455053e-01
9.981090040590459012e-01
9.980958706043012718e-01
9.980454359551077514e-01
9.980300229099737797e-01
9.980245510311500645e-01
9.979718370548130713e-01
9.979314942084190898e-01
9.979197011575783316e-01
9.979025079761594252e-01
9.978559289359645312e-01
9.978368831011967810e-01
9.978349689591208271e-01
9.978045610753486505e-01
9.977924289018167414e-01
9.977638224320720672e-01
9.977300358159513216e-01
9.977123551098534548e-01
9.976964283242027998e-01
9.976472412831799419e-01
9.976180952769850840e-01
9.976142105852737751e-01
9.975754175352138375e-01
9.975569098286860559e-01
9.975058267228232856e-01
9.974872474835123626e-01
9.974382391275112836e-01
9.974100182239921120e-01
9.973776800452147651e-01
9.973673885272018591e-01
9.973504909699241194e-01
9.972857913300081645e-01
9.972595671072991275e-01
9.972533815938715573e-01
9.972105642146922300e-01
9.971940577616338341e-01
9.971827296021457121e-01
9.971686669729309394e-01
9.971408607460698903e-01
9.971077061120720009e-01
9.970715839137185288e-01
9.970217846494447977e-01
9.970053618379882687e-01
9.969781832471166227e-01
9.969503793660654534e-01
9.969220031049107478e-01
9.968458853023238753e-01
9.967715590649000035e-01
9.967586065182353350e-01
9.967132135269711757e-01
9.967022138884009674e-01
9.966727319141485131e-01
9.966360627584578413e-01
9.966173678090862742e-01
9.965587576085258581e-01
9.964996698040696765e-01
9.964822907012659270e-01
9.964207312882403800e-01
9.963974646900354282e-01
9.963655596511805657e-01
9.963322502466281927e-01
9.962689081073646813e-01
9.962103857645477900e-01
9.961980468407387601e-01
9.960630971397715916e-01
9.960502763506584589e-01
9.960479006404445723e-01
9.960019287554550127e-01
9.959510092616806753e-01
9.959337086819122220e-01
9.958899282628744798e-01
9.958476153273738696e-01
9.958209625716114566e-01
9.958125089259992624e-01
9.957493811925383076e-01
9.957372947571312416e-01
9.956981368794881604e-01
9.956940810632629590e-01
9.956439992642927006e-01
9.956275179965342614e-01
9.955292218167329787e-01
9.954974292513311118e-01
9.954425670292617045e-01
9.954316333282950957e-01
9.953556215346623937e-01
9.953240018550250090e-01
9.952295231669697761e-01
9.951566953374473279e-01
9.950812217774531732e-01
9.950496514518373248e-01
9.950096811703796895e-01
9.949267795494871613e-01
9.948980230212728371e-01
9.948731288346008839e-01
9.948129573141493154e-01
9.947634530142038800e-01
9.947101152721368189e-01
9.947080453506844666e-01
9.946850958884613236e-01
9.946774670854101608e-01
9.946572627210406026e-01
9.945991820823443241e-01
9.945207078496954844e-01
9.944639436326827564e-01
9.943869038697320528e-01
9.943752822777487399e-01
9.943113438693718109e-01
9.942337243919399103e-01
9.942100549799161024e-01
9.942027622754018301e-01
9.941705107330210955e-01
9.941166147863492730e-01
9.939968618984701410e-01
9.939927608925025471e-01
9.939103074137696225e-01
9.938394942740045312e-01
9.937383431167574610e-01
9.937262355918846657e-01
9.936465130543143953e-01
9.935937315462946007e-01
9.935892492063378434e-01
9.935216931008964414e-01
9.934724796447202966e-01
9.933889163758279350e-01
9.932981209299028835e-01
9.932837477287363992e-01
9.932446589077668087e-01
9.931995263370276827e-01
9.930742664249306850e-01
9.929896623988032633e-01
9.929361466154194016e-01
9.929256720567977146e-01
9.928862079872704527e-01
9.928623834044171259e-01
9.928355171585683259e-01
9.927697624554469025e-01
9.926561424353151919e-01
9.925728157044902966e-01
9.925065533247204863e-01
9.924767787876963565e-01
9.924367710544645949e-01
9.923760986292163855e-01
9.922881210496716786e-01
9.922822493545044864e-01
9.922376582936843770e-01
9.922095350084890741e-01
9.921716039376383689e-01
9.921037630416760233e-01
9.919764560085222449e-01
9.918669939739672703e-01
9.918552129457501865e-01
9.916972170355115024e-01
9.916327557000554904e-01
9.915210292925705771e-01
9.914746290140368234e-01
9.914457955078692653e-01
9.912636679465159917e-01
9.911634968706970472e-01
9.911144960722189090e-01
9.910550319124765695e-01
9.909735112198776452e-01
9.907243668966864147e-01
9.905964649678733469e-01
9.905326438905043274e-01
9.903899250972727497e-01
9.903306261001021404e-01
9.902362759589241614e-01
9.900751003499655978e-01
9.900544311413829179e-01
9.898933751313034879e-01
9.898650738886839440e-01
9.898542680259496684e-01
9.897935882103777727e-01
9.896497345608759044e-01
9.896183064254296946e-01
9.895569730887160409e-01
9.894435241455671326e-01
9.892673758770246240e-01
9.891033943892121316e-01
9.890737618271597809e-01
9.889272762135334904e-01
9.888025615156318393e-01
9.887680689338852469e-01
9.887477868759851907e-01
9.887365956879015094e-01
9.885974376104793571e-01
9.885216003717250954e-01
9.884816496572863542e-01
9.883679165173699932e-01
9.882163091283293621e-01
9.881508994916532451e-01
9.881379138675854268e-01
9.878856283749649636e-01
9.878539463697594281e-01
9.876442122172019999e-01
9.875593024705279221e-01
9.875062565603442977e-01
9.871454723236073869e-01
9.871004825460889531e-01
9.870362616184324978e-01
9.869481575882875779e-01
9.868012416706051226e-01
9.867336440031737599e-01
9.866610202989626321e-01
9.864758289962055615e-01
9.862290817251291308e-01
9.859861926354246409e-01
9.859538946048261865e-01
9.858912918458556662e-01
9.858868033643373163e-01
9.857892944890936926e-01
9.857651745636536456e-01
9.856330300347830864e-01
9.853802829109118422e-01
9.852888800936165925e-01
9.852068369592402730e-01
9.850698956500446579e-01
9.850379218257886427e-01
9.848752747173077360e-01
9.847268291308789445e-01
9.845040887443621269e-01
9.843783798876570845e-01
9.843134792329866212e-01
9.843057439984095325e-01
9.842153193890101903e-01
9.841077811056248015e-01
9.840565719508632681e-01
9.840301611127120207e-01
9.836260554435127812e-01
9.835023254880395083e-01
9.828524439585112349e-01
9.827134282636840190e-01
9.824463709490560692e-01
9.822272633896987903e-01
9.821067523230915253e-01
9.819071978455650163e-01
9.817669883100208494e-01
9.814775144464021883e-01
9.812189886698390318e-01
9.811039007163823156e-01
9.810337711125687310e-01
9.809106994811757074e-01
9.808793773569046692e-01
9.804164665483582342e-01
9.800286783663856305e-01
9.799717093121165234e-01
9.799167596507966094e-01
9.797335510017411986e-01
9.795817478616379859e-01
9.791712766455938910e-01
9.789962030984551422e-01
9.788967533277475042e-01
9.787843641703679598e-01
9.787431616219137709e-01
9.781334262782552802e-01
9.780558965876383626e-01
9.779801581452761683e-01
9.779725657703886021e-01
9.777177276258522953e-01
9.775600095617849039e-01
9.771730203600517140e-01
9.767026181141070795e-01
9.766319409305543875e-01
9.764802944818185004e-01
9.762266973757048882e-01
9.757807509918986488e-01
9.757423516040970579e-01
9.757308480835583664e-01
9.753060430177916684e-01
9.751632145084456749e-01
9.751010941199961257e-01
9.748877940191061908e-01
9.748040915448852317e-01
9.743177969691536600e-01
9.742180706587790784e-01
9.741619829471668268e-01
9.736174307191243216e-01
9.734883772304586680e-01
9.733345714533738757e-01
9.733326371833614932e-01
9.732497370246934176e-01
9.730045896588481735e-01
9.727859465098751546e-01
9.725983720169586455e-01
9.724624486649224853e-01
9.722535188602744460e-01
9.720466614917626647e-01
9.720261004859660492e-01
9.719389888613609862e-01
9.714409266139264476e-01
9.711294540477732884e-01
9.709501181045905316e-01
9.709041819121353445e-01
9.707634492067838128e-01
9.702003020179778003e-01
9.700688773319452451e-01
9.697107286761649236e-01
9.691253110638499146e-01
9.690751422542063231e-01
9.684863942406396475e-01
9.683213094804042909e-01
9.681855951801099369e-01
9.676828188031811884e-01
9.672682336770518363e-01
9.665621832628503718e-01
9.664445088625109870e-01
9.664107689813415947e-01
9.662176909569438754e-01
9.652491929262529968e-01
9.650054416441997684e-01
9.645063954781798454e-01
9.640848170542033468e-01
9.639847878169877093e-01
9.632739671316886687e-01
9.627339437976890624e-01
9.624033187534997147e-01
9.623949123158269670e-01
9.619146901539720185e-01
9.610889498893332439e-01
9.606859575199417911e-01
9.601694240234811550e-01
9.598549618196260402e-01
9.596079755433666314e-01
9.595597043763051115e-01
9.593431270939877242e-01
9.589398487778129088e-01
9.585253476750911217e-01
9.579305030227390771e-01
9.577868113051873911e-01
9.567291738354686270e-01
9.556377356597416384e-01
9.554164508319712423e-01
9.553778340232038646e-01
9.549161877887712979e-01
9.543381766366431096e-01
9.539304734379281392e-01
9.537957781718765515e-01
9.523384615720102975e-01
9.513521706244711940e-01
9.500991996520629090e-01
9.499980483875389847e-01
9.497987990604018771e-01
9.485385903895571236e-01
9.475694090470200281e-01
9.473247501001633708e-01
9.465644585315425852e-01
9.458222083255658497e-01
9.452963544613857128e-01
9.448066938181073349e-01
9.444479685589086682e-01
9.440850373806246587e-01
9.433978070547536232e-01
9.426655035965997298e-01
9.416218982241392199e-01
9.400577753221378563e-01
9.386229179246037280e-01
9.375480947465381076e-01
9.374878767943445323e-01
9.364517146470541231e-01
9.355857932846977087e-01
9.344194770195582977e-01
9.321214088621976313e-01
9.320251438243768449e-01
9.302490019409692668e-01
9.289876435020721912e-01
9.251569346268824212e-01
9.248896455584374454e-01
9.240318688609300279e-01
9.232094846285946455e-01
9.227219571111380247e-01
9.211963190909698840e-01
9.190883726726706282e-01
9.185937221871880443e-01
9.181737297082102067e-01
9.152290153984110610e-01
9.074207489596775034e-01
9.014966478450984200e-01
8.993358285257215812e-01
8.992445966282333059e-01
8.975625522211735374e-01
8.928860645301731624e-01
8.842786618572989754e-01
8.830236067686465518e-01
8.616631138580854721e-01
8.551166996369921058e-01
8.535131219287704907e-01
8.274283211609595456e-01
