1.168876792585333169e+00
1.159196098468711522e+00
1.148712610815250112e+00
1.140327586994826392e+00
1.136111879923415779e+00
1.124899667055238472e+00
1.122316221907259326e+00
1.112655667159384354e+00
1.106636292781543851e+00
1.099604137156870332e+00
1.099278595842867690e+00
1.097655392365032734e+00
1.095869299778581052e+00
1.095504580493770863e+00
1.090521658048741127e+00
1.089750871335856131e+00
1.088852539923005569e+00
1.088284900592273230e+00
1.087111737492986396e+00
1.085984063307613656e+00
1.085391280850420248e+00
1.084397791003343547e+00
1.083948468621819261e+00
1.082979125775662022e+00
1.082063793783815120e+00
1.081442150403213232e+00
1.080679554873913206e+00
1.080612248900742589e+00
1.079982284533069548e+00
1.078041117799758863e+00
1.077985277697379063e+00
1.077447059943256402e+00
1.077017745427323536e+00
1.076705580432324005e+00
1.075595006629582073e+00
1.074244471436842208e+00
1.073761101746163460e+00
1.072766103533418836e+00
1.071885010042692654e+00
1.071154981919150151e+00
1.070778097833735343e+00
1.069817683603173641e+00
1.069697643134074339e+00
1.068615896791953457e+00
1.068207243228784353e+00
1.067009815966306174e+00
1.066872877149218857e+00
1.066677092603298682e+00
1.066381794150449425e+00
1.065817411078729959e+00
1.065511685708307787e+00
1.064842056578445773e+00
1.064517609357269912e+00
1.064006802680798947e+00
1.063824042430568717e+00
1.063243633261754750e+00
1.062699825777699836e+00
1.062634109545793182e+00
1.061404276989561524e+00
1.061302785385463077e+00
1.061019801885987324e+00
1.060612935380063515e+00
1.060210845601978757e+00
1.059226124447064432e+00
1.058743403002384786e+00
1.058551793615011061e+00
1.058245617865011479e+00
1.057686236844995964e+00
1.057552530351155928e+00
1.057243458691343951e+00
1.057094791176888204e+00
1.056925155625204615e+00
1.056397472349952738e+00
1.056116239219231145e+00
1.055521711487347636e+00
1.055397385334247762e+00
1.054917509878603221e+00
1.054674914267244024e+00
1.054436916120641055e+00
1.054166044593161322e+00
1.054096428462163448e+00
1.052998018169721162e+00
1.052809824477072720e+00
1.052234357029206535e+00
1.051906008054760866e+00
1.051714123212653895e+00
1.050797599847081987e+00
1.049560398027578945e+00
1.048759572153470820e+00
1.048432289486521007e+00
1.048373305709123127e+00
1.047992818553452166e+00
1.047892463339293645e+00
1.047783112633999814e+00
1.047653573286942752e+00
1.047541709315888747e+00
1.047432904262951547e+00
1.046995633403163595e+00
1.046535522241479832e+00
1.046202100843359739e+00
1.046019021519811520e+00
1.045439989457675134e+00
1.045354018532237195e+00
1.045078661208465709e+00
1.044478530355462897e+00
1.044282974000751318e+00
1.044116074057549248e+00
1.043972962898233936e+00
1.043814819038287656e+00
1.043318752339469135e+00
1.043247004527973809e+00
1.042882007593240123e+00
1.042701662425685960e+00
1.042436995655133147e+00
1.042232006814661993e+00
1.042213032272247375e+00
1.041971330439501964e+00
1.041583155398272176e+00
1.041434353191984963e+00
1.041249443876202330e+00
1.041093746832056022e+00
1.040688297030277099e+00
1.040599183892362722e+00
1.040462934790448601e+00
1.039906378666289433e+00
1.039668895616374211e+00
1.039632571477417056e+00
1.039522400761739185e+00
1.039374157018581268e+00
1.038959060647989263e+00
1.038773312436006568e+00
1.038514177408109251e+00
1.038125479511515570e+00
1.037922473422060454e+00
1.037610337271533512e+00
1.037408794321946548e+00
1.037198531895612286e+00
1.036874100049860470e+00
1.036462720606807331e+00
1.036292191919819361e+00
1.036071964507046861e+00
1.035820177497777772e+00
1.035768220601315237e+00
1.035436474215999825e+00
1.035020479220041478e+00
1.034967316594851416e+00
1.034790096557082428e+00
1.034689322634507302e+00
1.034613284216836293e+00
1.034280192368594919e+00
1.034120750470119310e+00
1.033563159262862907e+00
1.033194593594219501e+00
1.032758045459510221e+00
1.032434765755107176e+00
1.031933333329329239e+00
1.031863845463506957e+00
1.031783765853596213e+00
1.031606794372624147e+00
1.031298473889346701e+00
1.030968683705353994e+00
1.030852455598716633e+00
1.030771136008461264e+00
1.030653585194031274e+00
1.030490747504606341e+00
1.030372927303179642e+00
1.030318934062826042e+00
1.030261769639831959e+00
1.029972969138150285e+00
1.029894368862605214e+00
1.029809574026197438e+00
1.029778143582907202e+00
1.029551883199093743e+00
1.029432777160775414e+00
1.028731731759117363e+00
1.028473430074733797e+00
1.028372333018829465e+00
1.028244918473781633e+00
1.027930128242265928e+00
1.027899907541479863e+00
1.027572675109376110e+00
1.027508415055716107e+00
1.027475720211169508e+00
1.027334584384304250e+00
1.027271279213533006e+00
1.027085562899706650e+00
1.026962857453187716e+00
1.026900678072343531e+00
1.026727697115782378e+00
1.026357401937845193e+00
1.026077867178506686e+00
1.025965051590847388e+00
1.025753037822254576e+00
1.025473804927055976e+00
1.025371282772609804e+00
1.025170573414360575e+00
1.025021914814755020e+00
1.024886382637764104e+00
1.024639705312676119e+00
1.024584816668290488e+00
1.024419799514000751e+00
1.024084251007087998e+00
1.024079740182101350e+00
1.023835361026357527e+00
1.023223616736419705e+00
1.022981605479694522e+00
1.022927138662567348e+00
1.022830784141832039e+00
1.022686521315831820e+00
1.022668472701923292e+00
1.022436586718859619e+00
1.022337495860852874e+00
1.022211869315728272e+00
1.022136239430496252e+00
1.021819717964450813e+00
1.021767498995059587e+00
1.021589364531228172e+00
1.021327388131708869e+00
1.021274059420669733e+00
1.021222763243784248e+00
1.021209245741348193e+00
1.021058402091259643e+00
1.020975670704417304e+00
1.020958836800977654e+00
1.020834434605450536e+00
1.020760204818325079e+00
1.020656867614010421e+00
1.020644241011509523e+00
1.020600341981324988e+00
1.020297265249237251e+00
1.020207293242209712e+00
1.019992906194070237e+00
1.019825191562453881e+00
1.019559581721268815e+00
1.019407574882475132e+00
1.019260361977888385e+00
1.019077380733666605e+00
1.018800113812617703e+00
1.018787461728934085e+00
1.018644739543923539e+00
1.018564349140004932e+00
1.018224294938052665e+00
1.018161983691518113e+00
1.018077644703027973e+00
1.018032254320452967e+00
1.017910129011415643e+00
1.017855621158700430e+00
1.017762668789632396e+00
1.017735187584803747e+00
1.017708007213383281e+00
1.017506940586335507e+00
1.017400633135398191e+00
1.017326139871199908e+00
1.017243119900639980e+00
1.017087565506614721e+00
1.017042127558867914e+00
1.016995183673856662e+00
1.016816520309135941e+00
1.016721356709964441e+00
1.016598094028665411e+00
1.016359264706618193e+00
1.016251723714426847e+00
1.016169116608018008e+00
1.015937332080183664e+00
1.015862916026932572e+00
1.015602954855745033e+00
1.015543354773010831e+00
1.015510170610056440e+00
1.015438245566218312e+00
1.015284829814595113e+00
1.015252386136566765e+00
1.015174917624797946e+00
1.015153718495609425e+00
1.014783766040239454e+00
1.014775771154770911e+00
1.014719928465162901e+00
1.014615251574421562e+00
1.014497096922146735e+00
1.014356421705013167e+00
1.014329640370115415e+00
1.014261769017063219e+00
1.014165416183961055e+00
1.014125309571956679e+00
1.013978522153256012e+00
1.013918199031262457e+00
1.013842891458802242e+00
1.013795845001178142e+00
1.013666692871552311e+00
1.013631658418188586e+00
1.013537675220492540e+00
1.013412406354779360e+00
1.013371739625881007e+00
1.013348090122820455e+00
1.013271041769163272e+00
1.013159565129264639e+00
1.013081055951565945e+00
1.013052970222521054e+00
1.012872285501906999e+00
1.012777529279464073e+00
1.012676757651138404e+00
1.012627393737679737e+00
1.012598885831821338e+00
1.012527680869263147e+00
1.012457671404886961e+00
1.012412389870557039e+00
1.012357698519686044e+00
1.012268027541453730e+00
1.012148628946400342e+00
1.012123747037131594e+00
1.012084050119869350e+00
1.011979092437627958e+00
1.011890097953852319e+00
1.011819341724227606e+00
1.011695559070042494e+00
1.011659003194544493e+00
1.011457700438969765e+00
1.011397897919922517e+00
1.011234691976047317e+00
1.011213879908298141e+00
1.011178557950515700e+00
1.011088072597451371e+00
1.011031764210785111e+00
1.010937445214890040e+00
1.010756174167909194e+00
1.010744581143545595e+00
1.010695726853884535e+00
1.010627158178362572e+00
1.010598309847458243e+00
1.010501541149225302e+00
1.010418217912179228e+00
1.010335143888039466e+00
1.010278244766339428e+00
1.010258881011236953e+00
1.010149721104016685e+00
1.010119081044864142e+00
1.010089082012670003e+00
1.010066400695204480e+00
1.009951472826410290e+00
1.009909366469122327e+00
1.009876444619191682e+00
1.009851653647158232e+00
1.009764071627402116e+00
1.009718758116691095e+00
1.009660244610777413e+00
1.009634612442429802e+00
1.009563241913794762e+00
1.009524069039725802e+00
1.009398002821856322e+00
1.009351767132644850e+00
1.009296951324893499e+00
1.009230103301973047e+00
1.009164066997856102e+00
1.009114072034452025e+00
1.009087623182672200e+00
1.009054589170981231e+00
1.008986709785461899e+00
1.008898497525307247e+00
1.008807721027257687e+00
1.008805074407715052e+00
1.008728741656758521e+00
1.008618763278909647e+00
1.008582280364960448e+00
1.008522842892691118e+00
1.008478885210662312e+00
1.008452740347095533e+00
1.008414039749542246e+00
1.008281970333508859e+00
1.008251717387320001e+00
1.008193986115546892e+00
1.008131145082958424e+00
1.008056038302077351e+00
1.008014296360970175e+00
1.007975932538670794e+00
1.007920666512765573e+00
1.007841726223795087e+00
1.007814719044877849e+00
1.007673160946850777e+00
1.007611855696553205e+00
1.007596508898970677e+00
1.007499959216000107e+00
1.007485133056501558e+00
1.007435089395019689e+00
1.007368650007881117e+00
1.007323576448139413e+00
1.007215803945162413e+00
1.007118245168093784e+00
1.007074670609282130e+00
1.007025015267192236e+00
1.006999107256605575e+00
1.006974057801854450e+00
1.006946929835101923e+00
1.006860979150259183e+00
1.006806281237280443e+00
1.006781242684741340e+00
1.006719343428258195e+00
1.006653233012539506e+00
1.006594654025372293e+00
1.006568694781621254e+00
1.006501328712212651e+00
1.006430248021662921e+00
1.006311450304302468e+00
1.006241198660907221e+00
1.006146532880258126e+00
1.006103671440867098e+00
1.006075328305372718e+00
1.006057462143598702e+00
1.006003219377113567e+00
1.005980469709303771e+00
1.005923706158509567e+00
1.005870968081081340e+00
1.005797122212776173e+00
1.005777105167143581e+00
1.005758812348178877e+00
1.005708836717002619e+00
1.005670387023507084e+00
1.005656674370500658e+00
1.005639607089019227e+00
1.005576646109984429e+00
1.005570426174632992e+00
1.005517688905647189e+00
1.005455611802845928e+00
1.005416384735883462e+00
1.005355225547122311e+00
1.005312235324227421e+00
1.005266659703516252e+00
1.005219501365659074e+00
1.005167680291764176e+00
1.005150955462844831e+00
1.005115814341929648e+00
1.005086544306453167e+00
1.005033361782963208e+00
1.005029520138756238e+00
1.005021018426962121e+00
1.005005499863484086e+00
1.004951632125711258e+00
1.004926620172827967e+00
1.004882245410446240e+00
1.004850182336804565e+00
1.004848146331609904e+00
1.004816439316293497e+00
1.004774175166526673e+00
1.004723542088147736e+00
1.004691985337402560e+00
1.004673608712491450e+00
1.004670363944185185e+00
1.004628808737195733e+00
1.004590975374952677e+00
1.004529520402660525e+00
1.004515666924359563e+00
1.004495472142907131e+00
1.004465430990080899e+00
1.004457224552135708e+00
1.004431088896788005e+00
1.004412661123177619e+00
1.004363174698056360e+00
1.004350685501182117e+00
1.004296631374650639e+00
1.004241880192782377e+00
1.004204652799440822e+00
1.004177206285497892e+00
1.004133476882874465e+00
1.004125537400859969e+00
1.004118381699245388e+00
1.004111382588826595e+00
1.004085373089504518e+00
1.004065599234405415e+00
1.004060106750845893e+00
1.004013972588773784e+00
1.004010435706131688e+00
1.003970745170845502e+00
1.003918006381437911e+00
1.003895017985923843e+00
1.003845112855617394e+00
1.003838305752184468e+00
1.003792096566004544e+00
1.003774389632307917e+00
1.003754280912081409e+00
1.003736950795085070e+00
1.003675759055957295e+00
1.003646735070378604e+00
1.003620104273827973e+00
1.003591950731792970e+00
1.003542699263507476e+00
1.003527246540307116e+00
1.003507189811993605e+00
1.003483909575779709e+00
1.003477058428202451e+00
1.003450751401268271e+00
1.003441047376788520e+00
1.003366019962194544e+00
1.003355157716939949e+00
1.003350489297030190e+00
1.003325354314831053e+00
1.003275576198826124e+00
1.003270380972494102e+00
1.003244341615440405e+00
1.003215734291055261e+00
1.003207900389919915e+00
1.003195336373004176e+00
1.003165029101460659e+00
1.003104152402649385e+00
1.003069559743471562e+00
1.003065243742747192e+00
1.003051721349759839e+00
1.003030500944193770e+00
1.003021583123961280e+00
1.002994738951441756e+00
1.002988278419133961e+00
1.002977681672319044e+00
1.002951833133748583e+00
1.002927718449092342e+00
1.002905914305235235e+00
1.002892109945736188e+00
1.002860115982960210e+00
1.002828573240077015e+00
1.002824648496243309e+00
1.002805020587597573e+00
1.002784765872847483e+00
1.002761420404528758e+00
1.002727854581416889e+00
1.002702650185594457e+00
1.002695473909045676e+00
1.002636515871035305e+00
1.002623317660151780e+00
1.002602858689025878e+00
1.002597381397319021e+00
1.002585009773911295e+00
1.002574807317154759e+00
1.002553668836860146e+00
1.002514504464630640e+00
1.002508445719254793e+00
1.002489509074474539e+00
1.002480451296318353e+00
1.002435330164439975e+00
1.002397254293841078e+00
1.002374097308207812e+00
1.002353828791551660e+00
1.002334171740370428e+00
1.002320077929057973e+00
1.002308015558338372e+00
1.002302090654555222e+00
1.002269349593355674e+00
1.002263933592974388e+00
1.002230822180411485e+00
1.002228948459779945e+00
1.002200639856231534e+00
1.002183214345026441e+00
1.002158839644028410e+00
1.002145448735795030e+00
1.002136558282500811e+00
1.002130576864781242e+00
1.002100429275018412e+00
1.002075945105075139e+00
1.002049135402091729e+00
1.002026207098074773e+00
1.002014805470649472e+00
1.002004232460704358e+00
1.001966073426828974e+00
1.001956359225212756e+00
1.001956026315067527e+00
1.001947138209809518e+00
1.001930321944141333e+00
1.001922889797236094e+00
1.001900269753031258e+00
1.001893236955385236e+00
1.001880392957030352e+00
1.001849529250358195e+00
1.001841059142168255e+00
1.001831185571384175e+00
1.001817191428970411e+00
1.001813012032563233e+00
1.001807533439719622e+00
1.001787983956161421e+00
1.001774242556562555e+00
1.001768741872607116e+00
1.001732471266967073e+00
1.001722005485651268e+00
1.001700320235849428e+00
1.001669142860428297e+00
1.001620743195429819e+00
1.001617893468879528e+00
1.001599445359429463e+00
1.001595704974099776e+00
1.001575104387351089e+00
1.001571221243459542e+00
1.001552764904251713e+00
1.001539775270854804e+00
1.001533404505151381e+00
1.001510836585153497e+00
1.001491033903326500e+00
1.001483197716695805e+00
1.001452810325661691e+00
1.001450018105849216e+00
1.001438761491691087e+00
1.001429950341009123e+00
1.001414896415366185e+00
1.001404338992198495e+00
1.001382878434847967e+00
1.001367312101200779e+00
1.001365553032390388e+00
1.001354415029759304e+00
1.001326423972204394e+00
1.001323169636524346e+00
1.001321779266045153e+00
1.001307223825759873e+00
1.001291786404513662e+00
1.001276073560685154e+00
1.001266246657016801e+00
1.001265825327855241e+00
1.001258368221089601e+00
1.001252732323774097e+00
1.001242185316743916e+00
1.001238522972970113e+00
1.001207841101542151e+00
1.001203714719092197e+00
1.001192470767487741e+00
1.001182228769343041e+00
1.001174742072578727e+00
1.001161733685481225e+00
1.001159665758687423e+00
1.001145584849564951e+00
1.001142796414234093e+00
1.001120252495748097e+00
1.001116441837023974e+00
1.001098609502784953e+00
1.001074474135364545e+00
1.001069436976404381e+00
1.001065444777070601e+00
1.001062873029832101e+00
1.001054546944296186e+00
1.001033120582767832e+00
1.001030618878977485e+00
1.001023972147300212e+00
1.001020347520793274e+00
1.001004446615700649e+00
1.001000614904912656e+00
1.000987810460825855e+00
1.000968090764792207e+00
1.000946315480731652e+00
1.000945430875366027e+00
1.000940294661699648e+00
1.000932403764001055e+00
1.000926133857175104e+00
1.000915217636260346e+00
1.000909956264956824e+00
1.000908598808589955e+00
1.000901949206673969e+00
1.000896619207739757e+00
1.000892683177363907e+00
1.000887146531655114e+00
1.000879478004758738e+00
1.000868942715322119e+00
1.000858798376511150e+00
1.000851646280569884e+00
1.000843490943848169e+00
1.000834957669060943e+00
1.000812943707946490e+00
1.000808080328808858e+00
1.000797405283500918e+00
1.000782057087929111e+00
1.000776521487916293e+00
1.000764080460493588e+00
1.000760255323404513e+00
1.000753804533693891e+00
1.000750424239212233e+00
1.000735592412900443e+00
1.000730851459777027e+00
1.000716828441702066e+00
1.000698770605616517e+00
1.000691916249664359e+00
1.000681597577832038e+00
1.000668814594788403e+00
1.000663474185486734e+00
1.000658158051421998e+00
1.000653806424740777e+00
1.000645813376841886e+00
1.000638088689898675e+00
1.000628329557464946e+00
1.000626249342768670e+00
1.000623049536936815e+00
1.000618333521926973e+00
1.000612881995136982e+00
1.000608170238750372e+00
1.000598801175504038e+00
1.000580561087254239e+00
1.000579262521336332e+00
1.000575258482081731e+00
1.000572151612971972e+00
1.000566559441067760e+00
1.000563397900968710e+00
1.000560893236457360e+00
1.000556413977990333e+00
1.000548418539968454e+00
1.000544032766316205e+00
1.000535212194170187e+00
1.000512443177055788e+00
1.000510175802294288e+00
1.000503745628297025e+00
1.000493083185985732e+00
1.000479647055040777e+00
1.000476516654857706e+00
1.000470820046088116e+00
1.000462489519234222e+00
1.000453294929725567e+00
1.000449741579854557e+00
1.000442150161836130e+00
1.000436746094006679e+00
1.000436318426216831e+00
1.000429357501083416e+00
1.000426639036194443e+00
1.000421067938912723e+00
1.000409457486331810e+00
1.000408137735305569e+00
1.000404885311117376e+00
1.000400677738437771e+00
1.000388571643450408e+00
1.000383651900723869e+00
1.000382968944681261e+00
1.000379004260551152e+00
1.000375305920181868e+00
1.000368883574739520e+00
1.000364134219006162e+00
1.000361334934215529e+00
1.000356635591995502e+00
1.000353875178302321e+00
1.000348543146850844e+00
1.000333334491272597e+00
1.000330991738261233e+00
1.000328241651135652e+00
1.000324266922615557e+00
1.000319636756624719e+00
1.000318505699396177e+00
1.000316265688984352e+00
1.000312705028290061e+00
1.000301891386524034e+00
1.000296435371687886e+00
1.000293699931307012e+00
1.000290307090895059e+00
1.000280892136881539e+00
1.000278532888049021e+00
1.000272726053022865e+00
1.000263712995148824e+00
1.000262410867718721e+00
1.000258772349337910e+00
1.000252655932466261e+00
1.000251260766731987e+00
1.000242341333850593e+00
1.000240573146889966e+00
1.000230476166354965e+00
1.000226938589348968e+00
1.000225146897371964e+00
1.000220011913263818e+00
1.000217699689520900e+00
1.000215587545437268e+00
1.000212751250268095e+00
1.000205314654823763e+00
1.000204460602741818e+00
1.000199966927470818e+00
1.000196945909595181e+00
1.000193664678062255e+00
1.000190348351386316e+00
1.000185398259524572e+00
1.000181203028859933e+00
1.000180253485413839e+00
1.000173728785829219e+00
1.000165745891243407e+00
1.000163080497505907e+00
1.000160295040211755e+00
1.000158489936854744e+00
1.000150291705095951e+00
1.000147843416432369e+00
1.000144947012816088e+00
1.000142385993570304e+00
1.000137612549128585e+00
1.000135386581303854e+00
1.000133850813887948e+00
1.000125271376332003e+00
1.000122871628022825e+00
1.000121650272811635e+00
1.000120279340919183e+00
1.000114937352447164e+00
1.000112584572547814e+00
1.000110316671575239e+00
1.000098119320753431e+00
1.000097358482805676e+00
1.000094398020901387e+00
1.000090992270263879e+00
1.000087932365905319e+00
1.000084770095833742e+00
1.000083317432675090e+00
1.000080428638912222e+00
1.000075813755626264e+00
1.000075558456647418e+00
1.000072457851302721e+00
1.000069654328581858e+00
1.000065685089739143e+00
1.000064758560742062e+00
1.000059194609218327e+00
1.000056780565567793e+00
1.000054359737293952e+00
1.000053197884913869e+00
1.000052597614577543e+00
1.000050351646676106e+00
1.000049108649860630e+00
1.000046983373844789e+00
1.000045213081490303e+00
1.000039250633121268e+00
1.000034529950695861e+00
1.000034344309659540e+00
1.000033489022430944e+00
1.000029371288778890e+00
1.000025282787332825e+00
1.000025051566637568e+00
1.000021415761865207e+00
1.000019095471111896e+00
1.000015228138040113e+00
1.000013754696338575e+00
1.000012843165677179e+00
1.000008694749163540e+00
1.000005947189657407e+00
1.000004453036336782e+00
1.000002672529417769e+00
1.000000824959136336e+00
9.999956711846489377e-01
9.999940185095789191e-01
9.999937949109292123e-01
9.999927255328200371e-01
9.999896632161920929e-01
9.999872895645844917e-01
9.999867608144225040e-01
9.999852668398311328e-01
9.999831956319844561e-01
9.999799405951318443e-01
9.999757855135859019e-01
9.999730550737930823e-01
9.999702486871834273e-01
9.999665215369604176e-01
9.999653463929534247e-01
9.999611613774967989e-01
9.999595869163120376e-01
9.999550030968402670e-01
9.999545207532619662e-01
9.999495769618155228e-01
9.999473438911993250e-01
9.999448141257275546e-01
9.999419955685403538e-01
9.999388973985441353e-01
9.999374978089354826e-01
9.999351247626629968e-01
9.999341276281662472e-01
9.999285725254064561e-01
9.999259362913685001e-01
9.999249552465984126e-01
9.999222684217636825e-01
9.999209423712265288e-01
9.999200694859177174e-01
9.999176165310406095e-01
9.999130448799562476e-01
9.999114880325143950e-01
9.999028241527905259e-01
9.999008848365985580e-01
9.999003350801171086e-01
9.998990725672036728e-01
9.998933796131442842e-01
9.998927351987230150e-01
9.998871143109167026e-01
9.998810393901740312e-01
9.998783376558960656e-01
9.998639060533350831e-01
9.998617701317323858e-01
9.998589617298331289e-01
9.998553280124788945e-01
9.998547741155829893e-01
9.998514370716098387e-01
9.998423600049166637e-01
9.998224526850094662e-01
9.998164211137295920e-01
9.998148789612042453e-01
9.998105685702816103e-01
9.998024876905268199e-01
9.997989480810579588e-01
9.997914727309090699e-01
9.997873453087076090e-01
9.997738136597202896e-01
9.997703452857145123e-01
9.997606785690503761e-01
9.997532648472167160e-01
9.997495563025683429e-01
9.997477739340552283e-01
9.997464932718382880e-01
9.997429079983425337e-01
9.997384442060436305e-01
9.997339225003877283e-01
9.997320609257501767e-01
9.997285895212262297e-01
9.997235328820759381e-01
9.997203297820400625e-01
9.997163197798739631e-01
9.997109299572874974e-01
9.997078203817809650e-01
9.996992201528794864e-01
9.996935076183190994e-01
9.996897319659600045e-01
9.996846952809044229e-01
9.996824493397070688e-01
9.996790262649024594e-01
9.996761688070859853e-01
9.996741941925236796e-01
9.996706623529476587e-01
9.996684601780324586e-01
9.996578521365577785e-01
9.996561660698257690e-01
9.996556101678576445e-01
9.996532978928713842e-01
9.996502446555526333e-01
9.996465586334272180e-01
9.996391802026114437e-01
9.996286154872459084e-01
9.996229546416326439e-01
9.996193772129469135e-01
9.996125431827324048e-01
9.996022952501089076e-01
9.995969549235321772e-01
9.995831741914741331e-01
9.995779371145090408e-01
9.995734574250785265e-01
9.995681169283735512e-01
9.995670697192409193e-01
9.995628265459474138e-01
9.995475072332082878e-01
9.995392945230663351e-01
9.995359741367448869e-01
9.995198072160015323e-01
9.995186515135281446e-01
9.995154935042125377e-01
9.995038054655466242e-01
9.994870143963837661e-01
9.994864614599268116e-01
9.994825775994304884e-01
9.994707781003167035e-01
9.994638826790235298e-01
9.994609454455293251e-01
9.994560014596628461e-01
9.994467850063988301e-01
9.994441292545884759e-01
9.994369106568173899e-01
9.994311999846956507e-01
9.994242721239373628e-01
9.994197645792137763e-01
9.994128987883162951e-01
9.994103794743529612e-01
9.994064229843045988e-01
9.993915667801798186e-01
9.993868547537362312e-01
9.993835843427441024e-01
9.993782255911713985e-01
9.993732411686101491e-01
9.993607532612759359e-01
9.993577821739465517e-01
9.993542545565978763e-01
9.993241159142263186e-01
9.993207013341677269e-01
9.993013464527464862e-01
9.992925368100152861e-01
9.992845687547224909e-01
9.992839797388756162e-01
9.992718787707607353e-01
9.992633760200880788e-01
9.992587455881828395e-01
9.992475077393846439e-01
9.992410384131882317e-01
9.992326785132809031e-01
9.992279910588197644e-01
9.992039577097723280e-01
9.991911675986467900e-01
9.991801559817511391e-01
9.991763552751994348e-01
9.991688734052148746e-01
9.991628041564815099e-01
9.991475050049919426e-01
9.991355164170063752e-01
9.991265492697715134e-01
9.991196868103644491e-01
9.991100677124281626e-01
9.990987803354884900e-01
9.990868745321688227e-01
9.990759242160964781e-01
9.990650868001331730e-01
9.990568369389863923e-01
9.990295470027025226e-01
9.990218100460346307e-01
9.990140397491539259e-01
9.990066715641388040e-01
9.989920337123386895e-01
9.989770835912399338e-01
9.989737478530976711e-01
9.989699075756516278e-01
9.989595622388052210e-01
9.989542327687582768e-01
9.989407003581443067e-01
9.989316120462043980e-01
9.989276281791089618e-01
9.989123850791334913e-01
9.988835595689429248e-01
9.988797319754163517e-01
9.988610513007833980e-01
9.988585375514625886e-01
9.988223304892682730e-01
9.988112178421247878e-01
9.988031009764539725e-01
9.987873251468167846e-01
9.987842167488792944e-01
9.987495858776368474e-01
9.987469560422073123e-01
9.987344277184998509e-01
9.987283050048154642e-01
9.986805127731919196e-01
9.986654638363610115e-01
9.986579103045756245e-01
9.986523418500573568e-01
9.986429769593183625e-01
9.986277622697180556e-01
9.986233066026325433e-01
9.985935850309599626e-01
9.985806040405820205e-01
9.985738783903416182e-01
9.985641852143628538e-01
9.985596586621563464e-01
9.985264795437198693e-01
9.985227968501991791e-01
9.985083515789222597e-01
9.984934678214606452e-01
9.984857878683371935e-01
9.984642315797113143e-01
9.984401252559020890e-01
9.984168535145261369e-01
9.984053786406557052e-01
9.983757476696809574e-01
9.983450899325078121e-01
9.983348328174511677e-01
9.983279594132635770e-01
9.982989949437519606e-01
9.982923964505551195e-01
9.982615855351666401e-01
9.982529967688451578e-01
9.982254689438710971e-01
9.982111483943477692e-01
9.981990622916259159e-01
9.981828117800563005e-01
9.981534351484820933e-01
9.981481124963035301e-01
9.981408857042879390e-01
9.981334304390715451e-01
9.981241186138006816e-01
9.980894403178763863e-01
9.980722109154070987e-01
9.980589166359691289e-01
9.980476474874467874e-01
9.980417213370528229e-01
9.980302816942165922e-01
9.980257588405859748e-01
9.980178920334720205e-01
9.979898472901650441e-01
9.979779205559051736e-01
9.979697520324335436e-01
9.979601696256709120e-01
9.979507726544076807e-01
9.979368263102186276e-01
9.979070981882021130e-01
9.978892874280298475e-01
9.978768401708889568e-01
9.978702945865706164e-01
9.978565917253624518e-01
9.978430430292291042e-01
9.978104821136241087e-01
9.977908895926664856e-01
9.977672632604308589e-01
9.977363945713476623e-01
9.977181176382792227e-01
9.977047521568116473e-01
9.976661586391626368e-01
9.976619319999275870e-01
9.975963837133484668e-01
9.975789168731444834e-01
9.975597224416786757e-01
9.975530358496760286e-01
9.975310467395477332e-01
9.975163911572377806e-01
9.974857084353148107e-01
9.974633074010197387e-01
9.974400619729553163e-01
9.974312942275890270e-01
9.973937440534528243e-01
9.973707865157462882e-01
9.973474200094615272e-01
9.973311845053894897e-01
9.973173855759275286e-01
9.972970061975742206e-01
9.972692868519648091e-01
9.972546591799912319e-01
9.972123797595544570e-01
9.972058493536495316e-01
9.971987907441235421e-01
9.971714166746399322e-01
9.971625287628521628e-01
9.971248957644249789e-01
9.971167962533639129e-01
9.970943849287462468e-01
9.970750625021869151e-01
9.970018242571081490e-01
9.969814739404531112e-01
9.969693429044683697e-01
9.969586796537759366e-01
9.969322023763451668e-01
9.969287502740268314e-01
9.968932598591326855e-01
9.968812161269822170e-01
9.968182900694277926e-01
9.968003268197095368e-01
9.967888118612366899e-01
9.967779899919960718e-01
9.967602483696217375e-01
9.967420629840203494e-01
9.967169568984740602e-01
9.966617332780213223e-01
9.966416731419522890e-01
9.965947915718330608e-01
9.965871020950176629e-01
9.965578225721645200e-01
9.965161713798782461e-01
9.964997385730001156e-01
9.964698299725555097e-01
9.964473097372600341e-01
9.964438288454501302e-01
9.964025028777272475e-01
9.963080713742422656e-01
9.962911541881871447e-01
9.962735886737061897e-01
9.962545758447125532e-01
9.961622626627082422e-01
9.961507529459064925e-01
9.961210814486772813e-01
9.961076111134666844e-01
9.960811625943086778e-01
9.960077652908431167e-01
9.959898012612076190e-01
9.959559291780833989e-01
9.959149405460060445e-01
9.958569245692858729e-01
9.958193311925694902e-01
9.958108828275392677e-01
9.957834271826051520e-01
9.957148802871329529e-01
9.956187117443577872e-01
9.956036905891637590e-01
9.955931162346924879e-01
9.955879432867524859e-01
9.955765284087424449e-01
9.955275483793795122e-01
9.955023386463225377e-01
9.954919253892525743e-01
9.954496837914001972e-01
9.954182784153836616e-01
9.953576973955280405e-01
9.953371350747322044e-01
9.952697379203685468e-01
9.952071506231744413e-01
9.951816880631415563e-01
9.951562294911463491e-01
9.951287405687555543e-01
9.951034795014113143e-01
9.950617304155578990e-01
9.950496975225930907e-01
9.950478889444253072e-01
9.949856266431521545e-01
9.949638525685720047e-01
9.949293232212298443e-01
9.948261549576443707e-01
9.948153502681158500e-01
9.947926180291359888e-01
9.947511594532878476e-01
9.947210499064962352e-01
9.946628298578146232e-01
9.945959380384362669e-01
9.944910351551718986e-01
9.944752080543121098e-01
9.944618642443211476e-01
9.943811968186455630e-01
9.943512144623130045e-01
9.943060272340008554e-01
9.942465874866565079e-01
9.942131415984442055e-01
9.941941442378008364e-01
9.941591155747582231e-01
9.941330283188091199e-01
9.940929235327341518e-01
9.940543134069651510e-01
9.940346600533866983e-01
9.940308339724599485e-01
9.939885997538407958e-01
9.939636618160037074e-01
9.938487329434907425e-01
9.936934903705589850e-01
9.936090662376505511e-01
9.935748633748415770e-01
9.934945556158687463e-01
9.934565075946633073e-01
9.933451011289213817e-01
9.933372273333986868e-01
9.932421527953515517e-01
9.932311700213848349e-01
9.931547040108761326e-01
9.931180450589065511e-01
9.931062521809553845e-01
9.929398919478439334e-01
9.929332996280308965e-01
9.928340189587496756e-01
9.928085357766875951e-01
9.927861145242027341e-01
9.927241736351702928e-01
9.926690471039248953e-01
9.926516478418344613e-01
9.925691998158565621e-01
9.925387835080533572e-01
9.924027820253976673e-01
9.923384230531586692e-01
9.923201735369100440e-01
9.922987890122002552e-01
9.921202449268519130e-01
9.920808128991012165e-01
9.920386514187936600e-01
9.919897473171579438e-01
9.919712950518205785e-01
9.919600122190875835e-01
9.919179240631741390e-01
9.918578872591116147e-01
9.917686481597723924e-01
9.917667305895615515e-01
9.916686940061189004e-01
9.916381081036486078e-01
9.915959723649671043e-01
9.915678820020351614e-01
9.915023886468314895e-01
9.914643614758255064e-01
9.914340729283170894e-01
9.914025690802709123e-01
9.913522696960576086e-01
9.912995255349118517e-01
9.911956793232574725e-01
9.911513646159326729e-01
9.910918424961422390e-01
9.910748242318473400e-01
9.910399631697948131e-01
9.909654428946148563e-01
9.909252389568025121e-01
9.908814636682999888e-01
9.908049388591484430e-01
9.907785922291471037e-01
9.905563497290300612e-01
9.905124408396293045e-01
9.904891083548886810e-01
9.903941102133640983e-01
9.902916036276705469e-01
9.902548964886003224e-01
9.900970946362517289e-01
9.900539735862343704e-01
9.899426161518396494e-01
9.898338268355931779e-01
9.896833380372523914e-01
9.896006229349676442e-01
9.895551739762102894e-01
9.894927655973900782e-01
9.894628358504923282e-01
9.893331014369207699e-01
9.892556217603235558e-01
9.891949640641921615e-01
9.891728550249780927e-01
9.889976017731135771e-01
9.888812491838760987e-01
9.887871103593313116e-01
9.886525786241693314e-01
9.886078716214976581e-01
9.886040643043991771e-01
9.885630154220103050e-01
9.885094080620610013e-01
9.883214000900031326e-01
9.877631647881621735e-01
9.877119971642570606e-01
9.876956184886402923e-01
9.876120578378392301e-01
9.875802814993240863e-01
9.873868315082552360e-01
9.873294270799852779e-01
9.873197702136691234e-01
9.871780061646430182e-01
9.870777513478101728e-01
9.869665870321754353e-01
9.867625835917571697e-01
9.867377165189761268e-01
9.867147960658544381e-01
9.865624265933502501e-01
9.864829269380284149e-01
9.864191779268370874e-01
9.863004322267711066e-01
9.862429758203361541e-01
9.861110012870459851e-01
9.860986235383678578e-01
9.856312691309403462e-01
9.855139451566520270e-01
9.854194843175536622e-01
9.851244792251647731e-01
9.848700000043724145e-01
9.847035248189982548e-01
9.846971370046800898e-01
9.843440278367122653e-01
9.842728983131667775e-01
9.839551505312347235e-01
9.836795054659587256e-01
9.835677136711554747e-01
9.834378050596279675e-01
9.832658812924615077e-01
9.831897543561824993e-01
9.829070071529907304e-01
9.828745845341059217e-01
9.826855440398660768e-01
9.825823816915619791e-01
9.824207847733997800e-01
9.823429714106113320e-01
9.823413862591069412e-01
9.820856414081805541e-01
9.820288266723820048e-01
9.816292917171853816e-01
9.814661392331980316e-01
9.814558099687636927e-01
9.813458210520610292e-01
9.813094995008708743e-01
9.812861445772331770e-01
9.809446564920701883e-01
9.807562727208914977e-01
9.806114601235211836e-01
9.803376186584086271e-01
9.801927813129511780e-01
9.801561190516578925e-01
9.800811637853866776e-01
9.800538140017920341e-01
9.799212816739263365e-01
9.796737252561045217e-01
9.795645606962075647e-01
9.791608465731236333e-01
9.788921302720479112e-01
9.786645764821377824e-01
9.785073406682046615e-01
9.782776956738026275e-01
9.776138343123903507e-01
9.774423621232634085e-01
9.770442276975023210e-01
9.764136044708620066e-01
9.762186231324689878e-01
9.756764777940979405e-01
9.747960511093126668e-01
9.747467619162905050e-01
9.746839614932393259e-01
9.745032384047879193e-01
9.733998084145539798e-01
9.731581210768073253e-01
9.730925383301929354e-01
9.729014421005433011e-01
9.720467291918689634e-01
9.714905649393379417e-01
9.711039687852999203e-01
9.707273177811915899e-01
9.699083608042486926e-01
9.698378274079261230e-01
9.692004299209320273e-01
9.688003793854264023e-01
9.680144504264629468e-01
9.678118130490750426e-01
9.678089309125655904e-01
9.656876188307883524e-01
9.652440769413118682e-01
9.649511078911725548e-01
9.643066772584624191e-01
9.640733957052860514e-01
9.639433819011598015e-01
9.632471423839245039e-01
9.628620672451712048e-01
9.627065123343505615e-01
9.618112297986205483e-01
9.614054711264534703e-01
9.608707126653359687e-01
9.607651913170167646e-01
9.602168426443911109e-01
9.598782234541336500e-01
9.596307853632193297e-01
9.588544991079874791e-01
9.583812078316414906e-01
9.580052148455090455e-01
9.564101545136891591e-01
9.562288296537725385e-01
9.558661577421937450e-01
9.553969707915173082e-01
9.543523270728812014e-01
9.532769383347903247e-01
9.528300843244280616e-01
9.498825981552917463e-01
9.489247287043360846e-01
9.478447740792664833e-01
9.431935452121217311e-01
9.428766083932784703e-01
9.410225191762859875e-01
9.409863211748575873e-01
9.377729169981959823e-01
9.338541430463980220e-01
9.288851111779958813e-01
9.183606833536729352e-01
8.941722068751710717e-01
