1.506766464143211026e+00
1.459356719645743761e+00
1.417448948384854690e+00
1.411658395308214242e+00
1.355498537850405416e+00
1.330165568776784824e+00
1.295009510347054471e+00
1.290715045348752366e+00
1.277478173182970300e+00
1.269022416494587802e+00
1.250064113782557440e+00
1.246552681168266785e+00
1.243140122581464668e+00
1.235353491674396897e+00
1.232375628827369507e+00
1.226492154296996873e+00
1.211341122605236631e+00
1.199307631178569089e+00
1.197229012508804979e+00
1.192502073378422844e+00
1.189400498712242182e+00
1.187895086832539082e+00
1.184833952967023762e+00
1.178352743979596218e+00
1.173383770113184177e+00
1.172914320620431106e+00
1.170154644989210180e+00
1.169247982359113092e+00
1.162954813790529229e+00
1.158776467972350455e+00
1.156385809350837901e+00
1.155539186629860549e+00
1.150516503817211378e+00
1.148334051730979466e+00
1.145766667260329719e+00
1.144202186113495223e+00
1.143723790651320016e+00
1.143520875929273872e+00
1.140534202882225401e+00
1.140527140606310885e+00
1.140044768118620322e+00
1.135848494836634304e+00
1.134201254235570611e+00
1.133170182533885795e+00
1.133081849135386454e+00
1.132897583391984764e+00
1.130882515089667750e+00
1.129440073653142473e+00
1.128447991813048557e+00
1.127206237660716148e+00
1.127101677053100603e+00
1.124390001632685321e+00
1.124117277967249473e+00
1.121844326767870603e+00
1.121334239235193708e+00
1.118913544375871760e+00
1.118042825584746547e+00
1.115444285460375218e+00
1.114694866323430622e+00
1.113198181862947278e+00
1.111223268486796867e+00
1.110339385791822453e+00
1.109723390703508894e+00
1.109286919477412203e+00
1.108905973274999734e+00
1.108048278797752140e+00
1.107733457795866849e+00
1.107035111181327691e+00
1.106283713149350589e+00
1.105497395169540376e+00
1.105084860617826292e+00
1.103964954155512324e+00
1.102879145858467247e+00
1.102052806025349607e+00
1.100945178941922897e+00
1.098644417184831523e+00
1.098214544884077437e+00
1.097240971050855496e+00
1.096314447061203623e+00
1.094289786840566769e+00
1.093881969765265305e+00
1.092659941823411085e+00
1.092315921343428142e+00
1.091928213332480135e+00
1.091291243441125713e+00
1.091037937955689374e+00
1.089742151720145324e+00
1.089057638741880218e+00
1.088446595997422772e+00
1.088385103028846279e+00
1.087546621243850931e+00
1.086875289491920693e+00
1.086460452615325645e+00
1.085690599428047243e+00
1.085520577135795639e+00
1.085342020387854989e+00
1.084732783710989468e+00
1.084525153026890676e+00
1.083880868469403236e+00
1.082784898132596041e+00
1.082478056945824330e+00
1.082051989987154350e+00
1.081032332666728157e+00
1.080974587063701309e+00
1.080446195435434520e+00
1.080187815802418294e+00
1.078505953569376619e+00
1.078235823637022417e+00
1.077641522829291487e+00
1.077466453105177857e+00
1.076859768607909551e+00
1.076001166133791820e+00
1.075970455875445708e+00
1.075496671779238023e+00
1.074361596766244986e+00
1.074041306844836452e+00
1.072630709160361517e+00
1.072220755792592906e+00
1.071670966264034686e+00
1.070933424238069476e+00
1.070833406795803633e+00
1.069685720185441946e+00
1.069483958098361498e+00
1.068680660113390912e+00
1.068547802230444432e+00
1.068259086852648254e+00
1.068178841066165008e+00
1.067318470140442122e+00
1.067193586503298430e+00
1.066797220450763639e+00
1.066260690284562607e+00
1.066055164097700958e+00
1.065599740028192466e+00
1.065364047374632639e+00
1.064911628362606777e+00
1.064800544426091733e+00
1.064622725063283148e+00
1.064423127305495376e+00
1.063698215721128770e+00
1.063528875005295804e+00
1.062733799518640776e+00
1.062487729935764458e+00
1.062470042317671615e+00
1.062160200950392097e+00
1.061523750708663449e+00
1.060971866267470975e+00
1.060729597768848009e+00
1.059922044036015087e+00
1.059666126282988952e+00
1.058985768950760686e+00
1.058860716508906785e+00
1.057734682820376193e+00
1.057279091966112805e+00
1.056974898124512618e+00
1.056584415921280273e+00
1.056434602379195287e+00
1.055829053852989308e+00
1.055586000199595809e+00
1.055357939003568335e+00
1.055247709288365421e+00
1.054889738939677857e+00
1.054403193835902197e+00
1.053952359296333796e+00
1.053106027379633547e+00
1.052616326802685354e+00
1.052017458929781712e+00
1.051428782822841246e+00
1.051187825765257378e+00
1.050974767907596696e+00
1.050741303914197511e+00
1.050451065583440258e+00
1.050271248201534835e+00
1.049814594291901937e+00
1.049590580063233025e+00
1.049278529449058750e+00
1.048807617854755403e+00
1.048600393892821003e+00
1.048337155093211681e+00
1.048121795222872743e+00
1.047974840050025724e+00
1.047750530659691037e+00
1.047332748712244355e+00
1.047311840008189332e+00
1.046875589993083722e+00
1.046652016046758948e+00
1.046532767266936892e+00
1.046330661695075603e+00
1.045918536094199824e+00
1.045726484700951309e+00
1.045612871919411102e+00
1.044945810626944693e+00
1.044773690109817244e+00
1.044389437573132184e+00
1.044189896734457612e+00
1.043759950460244834e+00
1.043192705120456143e+00
1.042515321651735549e+00
1.042127298902558730e+00
1.041983782977773387e+00
1.041729568322236732e+00
1.041554148149206105e+00
1.041049032951163245e+00
1.040996777557872344e+00
1.040584757215299971e+00
1.040455859120114956e+00
1.040321695617469677e+00
1.040130928990637305e+00
1.039945955921954601e+00
1.039799073436781462e+00
1.039537314286804515e+00
1.039285532417017155e+00
1.038931893559701836e+00
1.038722229087881699e+00
1.038489764300738250e+00
1.038073454713251964e+00
1.037827336194231842e+00
1.037725162103894760e+00
1.037628281619976223e+00
1.037454021957547434e+00
1.037335177314541612e+00
1.036581718012227427e+00
1.036424652975282745e+00
1.036318978278939928e+00
1.036218182392486309e+00
1.035796247744194210e+00
1.035682258511176901e+00
1.035206234074532272e+00
1.035003838024013190e+00
1.034912143370373849e+00
1.034575124277634428e+00
1.034318406318725625e+00
1.034000970445007273e+00
1.033902683761736441e+00
1.033798582558838497e+00
1.033762926702243234e+00
1.033473162907321719e+00
1.033183196425897288e+00
1.033076882724255574e+00
1.032863932665629703e+00
1.032776786940918123e+00
1.032412866690826325e+00
1.032165277002464077e+00
1.032002607563003327e+00
1.031851420629400273e+00
1.031688945751386921e+00
1.031551529426383729e+00
1.031139478127838016e+00
1.030983844075631595e+00
1.030716789963738389e+00
1.030426911461493455e+00
1.030384622531978822e+00
1.030145765295823246e+00
1.030082499026938603e+00
1.029976059773593189e+00
1.029770749272738595e+00
1.029572485588408082e+00
1.029536545916285295e+00
1.029408732486414291e+00
1.029211673637711710e+00
1.028868342930856494e+00
1.028720223256214483e+00
1.028645352768729815e+00
1.028306118777781553e+00
1.028037578271368213e+00
1.027879183356053883e+00
1.027760704487802546e+00
1.027613989140031103e+00
1.027496960127994630e+00
1.027433891219867057e+00
1.027201214188249834e+00
1.027013166597142479e+00
1.026836924800494044e+00
1.026693354356948307e+00
1.026425865446644270e+00
1.026331658857955631e+00
1.026272590541983165e+00
1.026209869133615227e+00
1.026136834644305829e+00
1.026032203704836165e+00
1.025861554161445088e+00
1.025603676820392884e+00
1.025503987239859027e+00
1.025465783552019117e+00
1.025291573544886203e+00
1.024913898567597625e+00
1.024804672709937359e+00
1.024701543255618796e+00
1.024632556264606587e+00
1.024375213358336145e+00
1.024198929551773718e+00
1.024136939355914322e+00
1.023921064847067797e+00
1.023823265125730186e+00
1.023770399643717743e+00
1.023705517777173890e+00
1.023682856221751925e+00
1.023647979133078589e+00
1.023296211811430600e+00
1.023246031590817173e+00
1.023174637158074329e+00
1.023020970633893523e+00
1.023004346903183537e+00
1.022921276507038346e+00
1.022661529956435222e+00
1.022641920076157174e+00
1.022477966572555630e+00
1.022374171192336201e+00
1.022304451367980205e+00
1.022260716206610631e+00
1.022029383987933526e+00
1.021821591507641402e+00
1.021800207781637271e+00
1.021236878779622437e+00
1.021061269122337078e+00
1.020832481773326528e+00
1.020789847873600165e+00
1.020770962986337071e+00
1.020616838548386252e+00
1.020552061306263303e+00
1.020462086636332533e+00
1.020267060720692953e+00
1.020151634015944886e+00
1.020049258280115945e+00
1.020003484764747226e+00
1.019909293670478334e+00
1.019761549844666382e+00
1.019611034894880808e+00
1.019567228763642808e+00
1.019438006313480027e+00
1.019209645762055638e+00
1.019183517945843276e+00
1.019084107598454914e+00
1.018971771194947307e+00
1.018906858115868008e+00
1.018859120160942711e+00
1.018705917618851098e+00
1.018452764129495591e+00
1.018301444659651667e+00
1.018290334064627656e+00
1.018140102981889727e+00
1.018105714766663672e+00
1.017995938346158535e+00
1.017959326529160879e+00
1.017906308104530533e+00
1.017723533889112852e+00
1.017647600528388319e+00
1.017513731474867456e+00
1.017369831771307798e+00
1.017150130313533074e+00
1.016999144904417118e+00
1.016984900484812826e+00
1.016899538363925659e+00
1.016849191437690925e+00
1.016673732359731908e+00
1.016506668910426736e+00
1.016429037414185776e+00
1.016240913794982159e+00
1.016188124658794711e+00
1.015975134391395640e+00
1.015818961731052905e+00
1.015774401314120112e+00
1.015699739859425854e+00
1.015530984293387506e+00
1.015398614949548195e+00
1.015343074827922853e+00
1.015269205865855007e+00
1.015211521364937530e+00
1.015123710974100479e+00
1.014996544348188090e+00
1.014862034251383216e+00
1.014768388220526285e+00
1.014688099242959218e+00
1.014630200337139243e+00
1.014504309216660793e+00
1.014416282221919374e+00
1.014259434165335261e+00
1.014114918825018918e+00
1.014058144677285833e+00
1.013876808198387103e+00
1.013761872801336894e+00
1.013740378019493127e+00
1.013605052526350914e+00
1.013568823469477964e+00
1.013468288428591046e+00
1.013438459107272926e+00
1.013236307218778887e+00
1.013190667480541096e+00
1.013174276360865766e+00
1.013024141574539794e+00
1.012933658822120497e+00
1.012831500133957396e+00
1.012746077197661965e+00
1.012620191169878447e+00
1.012590201450322303e+00
1.012550525676638724e+00
1.012455332996639923e+00
1.012411845449965320e+00
1.012355422069104671e+00
1.012258751339502272e+00
1.012238291550710878e+00
1.012108759097496646e+00
1.012039564976430439e+00
1.011981694532842146e+00
1.011938437350697439e+00
1.011887416349205759e+00
1.011785734177489848e+00
1.011758308102252091e+00
1.011690907758658886e+00
1.011649173614919572e+00
1.011547856465385919e+00
1.011377213116695373e+00
1.011277263881964705e+00
1.011248643828444704e+00
1.011168722014883725e+00
1.011060421285941535e+00
1.010984489358167204e+00
1.010936313562199595e+00
1.010891214419676443e+00
1.010835552421506245e+00
1.010758371294679936e+00
1.010737097414614372e+00
1.010677168475929699e+00
1.010664004524207904e+00
1.010586354758641781e+00
1.010538288824135211e+00
1.010483300409187546e+00
1.010400602568558792e+00
1.010315248419486833e+00
1.010260942402683604e+00
1.010242282582076268e+00
1.010116418096630442e+00
1.010020779142819958e+00
1.009943537202859787e+00
1.009922105682681259e+00
1.009893335852351193e+00
1.009808660856978069e+00
1.009761294938873233e+00
1.009740543915888189e+00
1.009557389825119111e+00
1.009494680529378741e+00
1.009419765726746077e+00
1.009327284161995797e+00
1.009268116336015764e+00
1.009241533273738112e+00
1.009218957118787285e+00
1.009040714951534579e+00
1.009003461170025151e+00
1.008921992712497273e+00
1.008829499390785145e+00
1.008678214006429652e+00
1.008663940303499373e+00
1.008564728384854670e+00
1.008490133124673838e+00
1.008433540533848038e+00
1.008387618764208016e+00
1.008346059818090001e+00
1.008265485320829491e+00
1.008194517400188062e+00
1.008165186634399690e+00
1.008124862612135964e+00
1.008077949096870318e+00
1.008058372738057207e+00
1.008019334199156569e+00
1.007992206798546952e+00
1.007960156212207137e+00
1.007908450889801300e+00
1.007845146993973318e+00
1.007833313649388662e+00
1.007700812176225647e+00
1.007629627482844681e+00
1.007626466062289561e+00
1.007537490172617067e+00
1.007487595684145809e+00
1.007443659034661598e+00
1.007392732608879626e+00
1.007344975714471902e+00
1.007303296128936321e+00
1.007249472207951024e+00
1.007213974820425406e+00
1.007143440781456123e+00
1.007124256729682976e+00
1.007070248550198333e+00
1.007004517008161182e+00
1.006975184159234926e+00
1.006961340545110550e+00
1.006807395797410631e+00
1.006760890888796167e+00
1.006755632453619320e+00
1.006704671164663223e+00
1.006614405919033617e+00
1.006585520048715043e+00
1.006563095508756334e+00
1.006539878036914581e+00
1.006521112673848473e+00
1.006482134309687915e+00
1.006437955953484176e+00
1.006405224193406500e+00
1.006401591097751291e+00
1.006362106030731729e+00
1.006290849161818768e+00
1.006274230686984295e+00
1.006259024979051508e+00
1.006192470359684954e+00
1.006184302387918672e+00
1.006161277366256268e+00
1.006073873425455956e+00
1.006014359325743124e+00
1.005949789012939632e+00
1.005876209172531954e+00
1.005868355893735355e+00
1.005854036588663458e+00
1.005816365553808378e+00
1.005742901684073320e+00
1.005676594958349490e+00
1.005628259361522447e+00
1.005598942738119117e+00
1.005572584106017686e+00
1.005526863766309731e+00
1.005502760464569878e+00
1.005498814811199848e+00
1.005485356709289846e+00
1.005484280410404718e+00
1.005430015276213229e+00
1.005382576633183422e+00
1.005279448774168971e+00
1.005269361413011486e+00
1.005225154906018048e+00
1.005193961005343750e+00
1.005158014459542670e+00
1.005135687368333253e+00
1.005106557287010371e+00
1.005027074346912963e+00
1.004941967168848871e+00
1.004915623767504096e+00
1.004910701673030760e+00
1.004873036581520163e+00
1.004832041794458064e+00
1.004789511332998098e+00
1.004758160705875758e+00
1.004739082025528196e+00
1.004723551911039126e+00
1.004684984255444835e+00
1.004670368028376837e+00
1.004655553172054017e+00
1.004616337956927730e+00
1.004584867541435722e+00
1.004558598851710061e+00
1.004522331608872721e+00
1.004454593685319752e+00
1.004398187103986873e+00
1.004376798427532247e+00
1.004354430359963191e+00
1.004325462206362429e+00
1.004315675155849075e+00
1.004292942554965817e+00
1.004266983652375211e+00
1.004178843022406342e+00
1.004159473723803320e+00
1.004139647203782459e+00
1.004096794128475301e+00
1.004089259869395567e+00
1.004068639355596648e+00
1.004058969147997082e+00
1.004015053718252837e+00
1.003935737610469836e+00
1.003915095734288387e+00
1.003894831417334377e+00
1.003871016148585982e+00
1.003859837223285423e+00
1.003831477971021569e+00
1.003780131121329022e+00
1.003742191047830801e+00
1.003729192260500280e+00
1.003685598760970521e+00
1.003672436949951896e+00
1.003668679186970003e+00
1.003601416708161942e+00
1.003581272162222149e+00
1.003561805502140247e+00
1.003539110176004945e+00
1.003529647091668586e+00
1.003498075314480209e+00
1.003474628226202814e+00
1.003451083147604006e+00
1.003420029308090822e+00
1.003401148156939371e+00
1.003395831113952585e+00
1.003352934613326752e+00
1.003316966483754902e+00
1.003296738851354730e+00
1.003275419342137820e+00
1.003252261197232098e+00
1.003245354078251328e+00
1.003211294188866010e+00
1.003171323837514395e+00
1.003115450062377345e+00
1.003102692350361869e+00
1.003074907897925305e+00
1.003062538845239438e+00
1.003034161222687626e+00
1.003011509787631539e+00
1.002987975149435940e+00
1.002966802328526530e+00
1.002957819845856857e+00
1.002921788040725737e+00
1.002885907990651360e+00
1.002852591154546280e+00
1.002823256214461445e+00
1.002785421656656073e+00
1.002758360021807515e+00
1.002750539154313003e+00
1.002743051646414862e+00
1.002713914010848528e+00
1.002691672117416610e+00
1.002685763539388430e+00
1.002662758244337704e+00
1.002633008657924707e+00
1.002619539556796502e+00
1.002591345701132397e+00
1.002574662152538210e+00
1.002554096391822691e+00
1.002534885770005602e+00
1.002523415160956111e+00
1.002468689318360084e+00
1.002458659863613821e+00
1.002427436684563578e+00
1.002421474499988863e+00
1.002420195382863755e+00
1.002400440791544778e+00
1.002395633006303077e+00
1.002369404474011017e+00
1.002354029930795143e+00
1.002329092795888554e+00
1.002309054456198556e+00
1.002294993763843012e+00
1.002257126182299229e+00
1.002241126104444602e+00
1.002225509102282031e+00
1.002220085727858923e+00
1.002207520878012570e+00
1.002145269271740302e+00
1.002127229085474358e+00
1.002115913263132985e+00
1.002104901356975164e+00
1.002098512685169807e+00
1.002082404705963103e+00
1.002076145906367621e+00
1.002066659435397522e+00
1.002029937403354776e+00
1.002026366529492618e+00
1.002004113531115959e+00
1.001994304216460518e+00
1.001982899240333236e+00
1.001972789512652895e+00
1.001956640806836329e+00
1.001922222283551767e+00
1.001911726561457217e+00
1.001900704426839761e+00
1.001890995561607323e+00
1.001876317670437277e+00
1.001853687017506989e+00
1.001842260334120382e+00
1.001805836141611117e+00
1.001752301455031580e+00
1.001717135114304824e+00
1.001702266063481561e+00
1.001686366073175627e+00
1.001675049412672713e+00
1.001665434281406197e+00
1.001653813933301995e+00
1.001640207779952885e+00
1.001633063164113935e+00
1.001628764291299545e+00
1.001606414435451953e+00
1.001600973050209564e+00
1.001595114229245187e+00
1.001581504261003452e+00
1.001569835843747258e+00
1.001554346212432778e+00
1.001533445009765044e+00
1.001532346221455594e+00
1.001522821553100240e+00
1.001507655146523845e+00
1.001499184714176316e+00
1.001485011590132368e+00
1.001468405751161805e+00
1.001462439779987390e+00
1.001440809773686880e+00
1.001422377929546359e+00
1.001409399753566687e+00
1.001376979832392822e+00
1.001348623126319115e+00
1.001345270539530263e+00
1.001324246399829310e+00
1.001317705352608334e+00
1.001313513228884400e+00
1.001296051824657418e+00
1.001291619640529706e+00
1.001274004750947633e+00
1.001267559653075345e+00
1.001251056840497311e+00
1.001223001552915770e+00
1.001220783819663618e+00
1.001205390469121159e+00
1.001175039858204885e+00
1.001167705040296063e+00
1.001155944000415632e+00
1.001134992766649301e+00
1.001119924010553941e+00
1.001100475373974064e+00
1.001097631068218030e+00
1.001087219510609305e+00
1.001063419712771907e+00
1.001049472340862279e+00
1.001040133870440441e+00
1.001029954589200299e+00
1.001018723504601748e+00
1.001012421834376109e+00
1.000995368131123886e+00
1.000989024674017847e+00
1.000971325775577903e+00
1.000953652827149654e+00
1.000924367518313263e+00
1.000900455992799420e+00
1.000897668428488929e+00
1.000892785936120299e+00
1.000877864197574851e+00
1.000855115621865465e+00
1.000845981257264539e+00
1.000826171200583481e+00
1.000823294527005247e+00
1.000817333592951330e+00
1.000803291097747127e+00
1.000800283970005644e+00
1.000789477367281188e+00
1.000780012470954050e+00
1.000776090898152226e+00
1.000756788900314165e+00
1.000741190546728498e+00
1.000714109096983773e+00
1.000710178013451079e+00
1.000704594261645486e+00
1.000689205257065062e+00
1.000684401130576440e+00
1.000678065534038819e+00
1.000669325239482488e+00
1.000660587216694708e+00
1.000641673754004257e+00
1.000630422504976691e+00
1.000624801771785810e+00
1.000622765335931863e+00
1.000616222933449428e+00
1.000612576196558523e+00
1.000595444147786006e+00
1.000588547295290676e+00
1.000578240212496972e+00
1.000575404473947438e+00
1.000568221886499520e+00
1.000558300156874525e+00
1.000551065763581438e+00
1.000537702663866657e+00
1.000526566716229082e+00
1.000518012299026038e+00
1.000510490429076915e+00
1.000495811959496217e+00
1.000493752524154178e+00
1.000470716071349742e+00
1.000462324708084827e+00
1.000460562493737049e+00
1.000456140619409906e+00
1.000452636028340780e+00
1.000446508000894186e+00
1.000435320327362154e+00
1.000422685406056722e+00
1.000416928727066557e+00
1.000413461147985350e+00
1.000402797718268566e+00
1.000388156505023662e+00
1.000384702066015263e+00
1.000382639103326587e+00
1.000371927165408570e+00
1.000369207304205865e+00
1.000364321119024513e+00
1.000351225273283351e+00
1.000349165688749098e+00
1.000342134195600030e+00
1.000335915917041296e+00
1.000327152953271348e+00
1.000316985341141107e+00
1.000307014304862907e+00
1.000302334932572368e+00
1.000299905740752671e+00
1.000298347408435484e+00
1.000292955113936566e+00
1.000290024514091325e+00
1.000278646192725329e+00
1.000273144608633924e+00
1.000268698264521250e+00
1.000257014872091954e+00
1.000251952682873480e+00
1.000247021075800546e+00
1.000241047437238073e+00
1.000236594139219726e+00
1.000234984566060081e+00
1.000229725997985097e+00
1.000222962210296052e+00
1.000214389879493293e+00
1.000212472254780716e+00
1.000199355306874871e+00
1.000195368160040177e+00
1.000191422124424800e+00
1.000186709969363985e+00
1.000182298587682928e+00
1.000170645003241932e+00
1.000154446055888213e+00
1.000144916485953273e+00
1.000143181611603094e+00
1.000137373466916113e+00
1.000130969115011981e+00
1.000126569971641510e+00
1.000121898591349812e+00
1.000113215870946926e+00
1.000103357510137903e+00
1.000096396939929688e+00
1.000089191980754189e+00
1.000085594924512655e+00
1.000084446358659118e+00
1.000081525612129152e+00
1.000079780084767833e+00
1.000075007775782732e+00
1.000070917388634850e+00
1.000069828076034950e+00
1.000057184634500773e+00
1.000055179648013270e+00
1.000052156629753553e+00
1.000048540417923792e+00
1.000048236168917581e+00
1.000046034858323329e+00
1.000039413561341961e+00
1.000035342049058862e+00
1.000033537803818762e+00
1.000030878052911909e+00
1.000025640453025222e+00
1.000014771313585404e+00
1.000014229559978096e+00
1.000009167618722605e+00
1.000004615554838328e+00
1.000002155578800345e+00
9.999954091626324093e-01
9.999907155532158365e-01
9.999812878731092480e-01
9.999715541043000533e-01
9.999651783186412901e-01
9.999623881155021987e-01
9.999576934766177816e-01
9.999422603759847705e-01
9.999304218880470385e-01
9.999272787286738184e-01
9.999253534561909351e-01
9.999167030848687965e-01
9.999069681906049833e-01
9.999054862773441021e-01
9.998961655034069862e-01
9.998850400045197206e-01
9.998739190002459143e-01
9.998621192195965568e-01
9.998550182532031094e-01
9.998522601783954578e-01
9.998487925565350265e-01
9.998450818352184744e-01
9.998255122303322251e-01
9.998178698021646937e-01
9.998094174520568700e-01
9.998051624259870485e-01
9.998007139336626548e-01
9.997920747525258500e-01
9.997668274666002830e-01
9.997617431500004370e-01
9.997549571751984665e-01
9.997318924735076884e-01
9.997222526994234970e-01
9.997073637043100147e-01
9.996991522692617593e-01
9.996972987307206626e-01
9.996832855516173399e-01
9.996627975125363941e-01
9.996530113983506105e-01
9.996245204663829487e-01
9.996084672056892995e-01
9.996070197569033589e-01
9.995946335111055570e-01
9.995917055664168549e-01
9.995711342586699466e-01
9.995391786687120028e-01
9.995348386685917186e-01
9.995156703321093072e-01
9.995121848833525835e-01
9.995059118527385156e-01
9.994816865826726682e-01
9.994694064312015236e-01
9.994587053748770211e-01
9.994523207092502748e-01
9.994469317215036730e-01
9.994345970528818457e-01
9.994182998119803818e-01
9.994121638230508697e-01
9.994048692706026804e-01
9.993926675852183861e-01
9.993694227834191146e-01
9.993564753069928974e-01
9.993202030246799428e-01
9.993104821177400954e-01
9.992927986855228983e-01
9.992863244870847650e-01
9.992717756207719626e-01
9.992418092408724695e-01
9.992336513876564075e-01
9.991839314063352129e-01
9.991652701254282176e-01
9.991517741623812121e-01
9.991334617866423073e-01
9.991107711997934127e-01
9.991028053902153427e-01
9.990865203649034187e-01
9.990708933747839415e-01
9.990518531037402283e-01
9.990183205936812305e-01
9.989822067812600404e-01
9.989509338142749106e-01
9.989287061766568554e-01
9.989044863564976451e-01
9.989019598242437903e-01
9.988940270316397640e-01
9.988844936200594882e-01
9.988737390542773431e-01
9.988149877993065529e-01
9.988070720906025990e-01
9.987631397973144587e-01
9.987338537585275233e-01
9.987218156215597054e-01
9.986976175811691503e-01
9.986826180011699750e-01
9.986686964681653622e-01
9.986391290030746104e-01
9.985556258443774036e-01
9.985456624449202678e-01
9.985366941235689353e-01
9.985195882183492966e-01
9.984966372990585759e-01
9.984674667038685447e-01
9.984509775545156174e-01
9.984223686196120884e-01
9.984200735343728983e-01
9.983839590355757521e-01
9.983629261692290591e-01
9.983546102969267366e-01
9.983034164644304376e-01
9.983006800440352713e-01
9.982771902361399219e-01
9.982281249827977820e-01
9.981443382779424667e-01
9.981393021274077570e-01
9.981081124847727137e-01
9.980756790738227746e-01
9.980583207848874316e-01
9.980335839207391535e-01
9.979747913907692780e-01
9.979485719027125779e-01
9.979261831122134829e-01
9.979235248301134842e-01
9.978795172152737925e-01
9.978583085398410324e-01
9.977844336485561794e-01
9.977707397412455270e-01
9.977242562018016070e-01
9.977013438216802976e-01
9.976837760599864824e-01
9.976491031418829314e-01
9.975871271147441766e-01
9.975774250151850930e-01
9.975394704283095937e-01
9.975350308286199397e-01
9.975036210406537096e-01
9.974315937984757907e-01
9.974218934075231857e-01
9.973992575316211751e-01
9.973288740516109696e-01
9.972111881945691092e-01
9.971960472948883103e-01
9.971337037987527685e-01
9.970683013804316763e-01
9.970229165670099203e-01
9.969879021886842718e-01
9.969732460393093687e-01
9.969416986974652950e-01
9.969054958397823851e-01
9.968777710151148774e-01
9.967562226246031720e-01
9.967406967208397583e-01
9.966800737234907670e-01
9.966621909599508999e-01
9.966298702174426483e-01
9.965769947217362201e-01
9.965512137962204697e-01
9.964943941626064339e-01
9.964761215447688336e-01
9.964184448275380523e-01
9.963615000600392069e-01
9.963263013650367483e-01
9.963191863412005356e-01
9.962682368034919689e-01
9.961628316603982070e-01
9.961408537093098259e-01
9.960273930543155352e-01
9.959957258409912750e-01
9.959298145634803978e-01
9.958772257710523101e-01
9.957792312649098587e-01
9.957339937022219312e-01
9.957211443881303081e-01
9.956714011125097352e-01
9.956594829189295837e-01
9.955311431619066065e-01
9.954712083332158956e-01
9.953090737525376319e-01
9.952864206755681620e-01
9.952431883873474883e-01
9.951871955790487778e-01
9.951428705163518629e-01
9.950271257317362394e-01
9.949991509513070875e-01
9.949858258091109908e-01
9.948946420055376771e-01
9.948713207074514342e-01
9.948428381177116808e-01
9.948195225321376789e-01
9.947404603514571342e-01
9.946835093557322427e-01
9.946581715265371271e-01
9.945872138882492219e-01
9.945241699276011760e-01
9.945157261724579811e-01
9.944532609263050382e-01
9.944337651967044556e-01
9.943420008839062296e-01
9.942885760914114135e-01
9.941523572385105867e-01
9.941305558113655572e-01
9.940982407301800494e-01
9.940723730865829166e-01
9.940000685511484191e-01
9.938944610001632096e-01
9.938436305529483317e-01
9.937269683409873933e-01
9.936995274880792151e-01
9.936737895229144080e-01
9.935318834640944896e-01
9.934356146178457969e-01
9.933906998962680479e-01
9.933259099828725125e-01
9.932465716387017807e-01
9.931712508568781850e-01
9.931407809878870507e-01
9.930303630459490494e-01
9.929937303568806550e-01
9.929031791658365913e-01
9.927191850896112113e-01
9.926540894203478294e-01
9.926142819338665824e-01
9.924477484595589649e-01
9.923802730360176128e-01
9.923490739272931016e-01
9.922157752705154099e-01
9.921297647131712694e-01
9.920318562474974566e-01
9.920250163714593450e-01
9.919705328290484569e-01
9.918772985603727665e-01
9.917966389371475344e-01
9.917536925431532646e-01
9.915430239252999156e-01
9.913712682186367475e-01
9.913608032618065335e-01
9.913429657503501913e-01
9.912431041607012716e-01
9.909429422572366697e-01
9.908866598585082119e-01
9.906712177996087609e-01
9.906372645516851039e-01
9.904583014369326976e-01
9.904510609218535322e-01
9.902987641290177390e-01
9.901979613212469333e-01
9.901724250821815065e-01
9.899114980390546492e-01
9.899043109972999188e-01
9.898658004302630653e-01
9.898002666963938712e-01
9.897209610934306623e-01
9.896415258684845284e-01
9.896407327509783025e-01
9.894288917318566634e-01
9.890773674370397783e-01
9.889974237321426109e-01
9.889368131919007432e-01
9.887984576473644038e-01
9.887329830622512139e-01
9.886726675512296225e-01
9.884663045677734017e-01
9.884305678443751075e-01
9.883899982402456486e-01
9.882207848693900232e-01
9.880497250629985961e-01
9.879617593797914710e-01
9.879550035531358132e-01
9.879279977424003656e-01
9.878541267753830901e-01
9.877413948378129804e-01
9.876943347190829670e-01
9.875675745047464149e-01
9.874709143801546629e-01
9.872827407662618793e-01
9.872533880079084057e-01
9.870284360436599735e-01
9.868794877022390999e-01
9.868657373207561090e-01
9.867905624094113204e-01
9.866748218503655909e-01
9.866424455607926136e-01
9.864609779652399046e-01
9.863846742134486645e-01
9.863222043285158058e-01
9.863080763431187892e-01
9.859981917521538630e-01
9.859957904191282152e-01
9.859281261597161450e-01
9.857071210610177658e-01
9.856142321596925715e-01
9.854303574056886283e-01
9.854162465891735945e-01
9.851992053646074776e-01
9.850648910992750862e-01
9.850014687606845065e-01
9.849833502818758912e-01
9.848930219691931498e-01
9.847986520744720362e-01
9.845558609060395261e-01
9.845038294232132392e-01
9.844298002099843847e-01
9.842764874820330023e-01
9.839897408041646809e-01
9.839237411719883308e-01
9.837336139692305359e-01
9.832981060931494932e-01
9.832378067106877229e-01
9.830978289353106137e-01
9.830322553883075187e-01
9.826591650180984683e-01
9.824714332875625900e-01
9.824216750267115161e-01
9.823687181621882925e-01
9.821289110006915513e-01
9.819562883636350215e-01
9.819480553662750522e-01
9.818542499001716717e-01
9.816746231556270352e-01
9.816302213050058789e-01
9.814812097457517037e-01
9.814701373366765402e-01
9.812964144255464927e-01
9.811841358526262047e-01
9.810454676625337544e-01
9.807454142845370981e-01
9.807079289604834216e-01
9.805932884991539478e-01
9.805325270672033966e-01
9.804814910717069010e-01
9.802035963013074893e-01
9.800653058706022547e-01
9.799545487133266564e-01
9.797360947808261278e-01
9.796812070699443264e-01
9.795641651046357312e-01
9.793491841026659150e-01
9.791757297787784253e-01
9.791360645157670684e-01
9.790463393943760195e-01
9.788514928088402067e-01
9.785693323765001228e-01
9.784168262999993759e-01
9.779389999832149849e-01
9.776103235938107261e-01
9.774735419797062619e-01
9.772692318576713388e-01
9.772321359587945455e-01
9.770341619250789700e-01
9.766468397702048332e-01
9.766174031686386536e-01
9.761968743496886036e-01
9.758614700594100411e-01
9.758010630653488615e-01
9.756487195901845100e-01
9.753727057977191750e-01
9.751306841903739642e-01
9.751064144870598138e-01
9.750425231291061090e-01
9.748879945400621416e-01
9.745801504156126338e-01
9.745075340111754025e-01
9.736236647663217836e-01
9.735641358872088036e-01
9.734622323504049657e-01
9.730423433018917656e-01
9.725354933971946947e-01
9.723571973486390130e-01
9.722900149629047917e-01
9.719563781843856276e-01
9.717857665339678652e-01
9.716466650665863680e-01
9.715354369851464389e-01
9.714320816740692477e-01
9.709464298696471873e-01
9.709013184956550857e-01
9.708602582295724481e-01
9.707258058279770729e-01
9.703916391537952268e-01
9.699107312008448112e-01
9.697889087146731590e-01
9.696691015706316863e-01
9.693619030081399579e-01
9.693310365995979616e-01
9.690638581703755472e-01
9.685685564268754488e-01
9.683211025905078539e-01
9.682050748198944845e-01
9.681208548497005628e-01
9.676293832653689586e-01
9.676153810629688490e-01
9.674967755270066361e-01
9.663721023744766825e-01
9.663268333788544995e-01
9.661094878688339938e-01
9.651666382547189338e-01
9.649203644966826143e-01
9.646141817258314655e-01
9.645741122631251718e-01
9.640011266241272914e-01
9.639496268363481057e-01
9.630901145340973191e-01
9.629238032105169598e-01
9.626977232454657640e-01
9.626325072573644892e-01
9.624569979390499297e-01
9.621443797354405358e-01
9.617591473208478847e-01
9.613338590381823590e-01
9.613044035381514973e-01
9.610248331373177910e-01
9.607833803380444460e-01
9.603798089183561704e-01
9.598381416148754619e-01
9.597870631050597900e-01
9.594673723167819190e-01
9.593166734608463697e-01
9.592870198143482741e-01
9.589689328381486577e-01
9.585200461362322066e-01
9.580638314815584922e-01
9.580044629465062078e-01
9.579117646550623366e-01
9.571017595858393179e-01
9.558822218590178332e-01
9.557973435885557256e-01
9.557339915822400389e-01
9.556369102845794217e-01
9.549862612732544775e-01
9.543968292754061444e-01
9.542530200082921521e-01
9.527572448621511869e-01
9.525441413772404164e-01
9.523218242940761913e-01
9.518850000264976741e-01
9.512956370135180473e-01
9.508789392203239599e-01
9.506740105822959475e-01
9.503826635550794988e-01
9.496552704410450296e-01
9.495332060829857479e-01
9.476843256799124537e-01
9.474750440387273986e-01
9.472925526366441362e-01
9.471213863981319259e-01
9.465897466615552647e-01
9.455448679384093058e-01
9.450649378447731896e-01
9.438576091404210500e-01
9.437686970157742605e-01
9.434559356000520314e-01
9.418715222769119544e-01
9.418018169646988902e-01
9.413206685149158037e-01
9.412109771981126416e-01
9.407035841858945036e-01
9.406719350469067153e-01
9.401774662863054965e-01
9.394268244433048309e-01
9.391850018208998119e-01
9.385904556823781997e-01
9.381234248852874380e-01
9.377315129923290415e-01
9.361891066998325739e-01
9.361390012359878110e-01
9.359388289964863938e-01
9.350776759023553542e-01
9.350265458627191606e-01
9.340933840418474965e-01
9.339498700948011267e-01
9.335830947877059582e-01
9.323557053153703755e-01
9.311669936363161648e-01
9.305576127729777713e-01
9.292912837125407721e-01
9.291286710808250859e-01
9.271570436498340895e-01
9.239011533483255656e-01
9.236746219909985900e-01
9.231165471302485992e-01
9.212710719302109608e-01
9.207011115494078135e-01
9.196571506935219409e-01
9.194445230690447834e-01
9.192112017247973110e-01
9.184338044892598196e-01
9.181543236255190754e-01
9.160968170701672131e-01
9.150490372895008218e-01
9.148018934853422435e-01
9.146987379913397165e-01
9.143601450063405522e-01
9.108393060991278878e-01
9.105282170727126978e-01
9.104445988049780780e-01
9.091596856537859095e-01
9.089673657955436026e-01
9.072842918263546164e-01
9.067699095485263205e-01
9.047411004640349974e-01
9.039909796445504409e-01
9.038502542444128984e-01
9.033633738810997738e-01
9.022345866213924426e-01
9.003167875677807741e-01
8.977104071245095573e-01
8.959241237690922510e-01
8.953491089464981068e-01
8.934419437796501384e-01
8.928722841040449554e-01
8.894341672021038869e-01
8.891555934023617214e-01
8.886718830642290623e-01
8.876583544513892976e-01
8.866959622244694472e-01
8.856176348950872690e-01
8.840114328996891979e-01
8.837114430459845904e-01
8.832748130364885819e-01
8.829274558631734493e-01
8.801877957983341716e-01
8.795000326616039255e-01
8.790717137486470101e-01
8.785315691938258009e-01
8.757663680068070722e-01
8.751715347404858125e-01
8.724503657601389017e-01
8.706903900452350742e-01
8.681919647373820270e-01
8.662801040798101537e-01
8.633372562829364494e-01
8.599760469324907453e-01
8.588020731802399332e-01
8.560934804928114206e-01
8.544452423493757998e-01
8.540732447156098583e-01
8.513640646105634646e-01
8.486890435776700548e-01
8.485396039560884063e-01
8.463837220881939016e-01
8.440251968104890423e-01
8.418770858465016715e-01
8.399458265626114084e-01
8.383024216256604877e-01
8.365298595375171287e-01
8.331554720153182547e-01
8.298451151279673255e-01
8.293882089856012829e-01
8.262723626492174400e-01
8.246813521109525036e-01
8.186535084813287844e-01
8.183140167893486749e-01
8.165252311503212734e-01
8.154508788306620293e-01
8.125683913919227175e-01
8.074380400981120420e-01
8.068531257287563374e-01
8.065052148655204034e-01
8.062069146704144984e-01
8.040080492792012201e-01
7.969224372069992901e-01
7.936547564841437419e-01
7.898131883848927837e-01
7.868072565669620433e-01
7.639447929768236056e-01
7.535569375147237459e-01
7.522650811471714993e-01
7.216840485931769189e-01
6.647498962441195092e-01
