1.734589664698196199e+00
1.661945965005461323e+00
1.570415068704951844e+00
1.465311925339999322e+00
1.464246918999704494e+00
1.457301077458642791e+00
1.439114376898111614e+00
1.423073023604514598e+00
1.414605512301694512e+00
1.407463209206953225e+00
1.406913786902302732e+00
1.403829727457230225e+00
1.396542885880908358e+00
1.390963166061557343e+00
1.377623747923112152e+00
1.372807872730080980e+00
1.371302539174499513e+00
1.350471034195439124e+00
1.341008467945164595e+00
1.339209818445983746e+00
1.334978407448553561e+00
1.333193069647886198e+00
1.317804321349024255e+00
1.313555827924190789e+00
1.304242474821614817e+00
1.304033137208767901e+00
1.302109351553371930e+00
1.297728370739702264e+00
1.295610291174930762e+00
1.293185205960490469e+00
1.289459089090790656e+00
1.281267325950322666e+00
1.278630666795952830e+00
1.278432661176502450e+00
1.277814410443645743e+00
1.276121837970277451e+00
1.273928868837085560e+00
1.266062412491753664e+00
1.263191529564588356e+00
1.258694551850614740e+00
1.256155714662982037e+00
1.253998530428933167e+00
1.247719782359498319e+00
1.245394389996340667e+00
1.244282577398649670e+00
1.240026388832731197e+00
1.238514831678137362e+00
1.232318284710885337e+00
1.231176801990247593e+00
1.229397957734999602e+00
1.226081493814292989e+00
1.224536495370435407e+00
1.223279568271656625e+00
1.222239987696672747e+00
1.221276703444674538e+00
1.220119207242919890e+00
1.217751723759432192e+00
1.214101795135738682e+00
1.213689652596395163e+00
1.211763497765229847e+00
1.211356376834464621e+00
1.209144874287426896e+00
1.208102849450740868e+00
1.207925285172295471e+00
1.207253793716214441e+00
1.206527752477210003e+00
1.205780426548493045e+00
1.202810115961981952e+00
1.201655763056289183e+00
1.201181792894534084e+00
1.199524023641522774e+00
1.197361237150181390e+00
1.195568815775934768e+00
1.193121557074602768e+00
1.190424649312969096e+00
1.189798263416276036e+00
1.188692744896204134e+00
1.188219224410395958e+00
1.187754187631586245e+00
1.184780477804248333e+00
1.183668797181094190e+00
1.182663999325860749e+00
1.181567206025748051e+00
1.181399603308465940e+00
1.180691058263542370e+00
1.180354850054790239e+00
1.177949972380509802e+00
1.177133172999684563e+00
1.176883075760836617e+00
1.176107100509888648e+00
1.175352647679137608e+00
1.175153785612852220e+00
1.174663673730327318e+00
1.172124502706583415e+00
1.171369484224144220e+00
1.169400173119246711e+00
1.168402593724206628e+00
1.167088108812416314e+00
1.166996764444437895e+00
1.166385973162997969e+00
1.165487133145364007e+00
1.163354258400975283e+00
1.162095948932164946e+00
1.161039464402545907e+00
1.160372667873230457e+00
1.160168638247662365e+00
1.160018555725409906e+00
1.159383700611738899e+00
1.157759453705114572e+00
1.156861432885429197e+00
1.155875446709129006e+00
1.154701331960923172e+00
1.153745323010480162e+00
1.151884448037173492e+00
1.151616945026341154e+00
1.151050556933492341e+00
1.150615661405401502e+00
1.149598834808686298e+00
1.148979451728198153e+00
1.148573990017230262e+00
1.147943238484836703e+00
1.147519473346058749e+00
1.145823404144713731e+00
1.145486150273273607e+00
1.144842322818948377e+00
1.144608956514256537e+00
1.142349380283708138e+00
1.142072639244914312e+00
1.141809115992417523e+00
1.140615040896945320e+00
1.140448974777317881e+00
1.139447747630144336e+00
1.138514080884464708e+00
1.138429276602553886e+00
1.137397450806871602e+00
1.136934192860102444e+00
1.136345455878182475e+00
1.136070192372321319e+00
1.135893016986111448e+00
1.134522765100777431e+00
1.133483120219578755e+00
1.133150672830719907e+00
1.132406141962940760e+00
1.130988119499074074e+00
1.130620294703768680e+00
1.129764127072574009e+00
1.129456933847655664e+00
1.128386030395460926e+00
1.128350799783762515e+00
1.127323720758616421e+00
1.127052976702807685e+00
1.126552009557576284e+00
1.126040481212999378e+00
1.125461891212511167e+00
1.125353644893023031e+00
1.124985970670960178e+00
1.124769658870681477e+00
1.123920303696394285e+00
1.122868803981203811e+00
1.122318436196727331e+00
1.121272598466106718e+00
1.121133274963065807e+00
1.120770462064629269e+00
1.120551004179559218e+00
1.119251311982848884e+00
1.118922557435886977e+00
1.118866124596990197e+00
1.117985230656857398e+00
1.117534420278129659e+00
1.117027158203510506e+00
1.116598575071227728e+00
1.115864932016153110e+00
1.115687652984080236e+00
1.115195350381856354e+00
1.114833955218160311e+00
1.114165569429830693e+00
1.113455932257373160e+00
1.113163412858874768e+00
1.111898988437440394e+00
1.110063103220830349e+00
1.110032511712047754e+00
1.109497345484163455e+00
1.109367804679592284e+00
1.108794152964448942e+00
1.108201724235026386e+00
1.108065679838845963e+00
1.107520589611006301e+00
1.107253387028320546e+00
1.106919422845837886e+00
1.106116373219634408e+00
1.106051192141158213e+00
1.105702953866483984e+00
1.105677340496568517e+00
1.105418902609405229e+00
1.105197921912747017e+00
1.103815537777549816e+00
1.103736606376865437e+00
1.103617892313703441e+00
1.103121691561531392e+00
1.102448018427427456e+00
1.102237018301224003e+00
1.101149421335315015e+00
1.100712921528249844e+00
1.100602415425166347e+00
1.100505604817033412e+00
1.100039672817362257e+00
1.099733267920907087e+00
1.099535352533123067e+00
1.098411149403514697e+00
1.097635487792518516e+00
1.097559763118224563e+00
1.097382446807813050e+00
1.096410376837749112e+00
1.096178503233570689e+00
1.096046011140634935e+00
1.095601129369728977e+00
1.094677729751017514e+00
1.093856029308656330e+00
1.093695866883319656e+00
1.093261067373262119e+00
1.092861159559134654e+00
1.092706535728508621e+00
1.092366050222743468e+00
1.092205597333893552e+00
1.091748689566742092e+00
1.091395084925975922e+00
1.090944893262589810e+00
1.090615233791192962e+00
1.090166014675336914e+00
1.090008566106778654e+00
1.089553660471188845e+00
1.089066036251092440e+00
1.088641434086927706e+00
1.088292390990519998e+00
1.087806619871969582e+00
1.087469206266210353e+00
1.087068353387401487e+00
1.086880416545935590e+00
1.086567118054938996e+00
1.086413821260530099e+00
1.086281243594589441e+00
1.086113006242113377e+00
1.085701107776660068e+00
1.085104858957595564e+00
1.084786815005549965e+00
1.084347923741856290e+00
1.083863583837288536e+00
1.083635538770578277e+00
1.083441438276795621e+00
1.082893790415939694e+00
1.082818576788548315e+00
1.082504178205830669e+00
1.082124626865357708e+00
1.081927362018835881e+00
1.081687425821389104e+00
1.081540954625935580e+00
1.081467073361301434e+00
1.081146515176203415e+00
1.080718786995365610e+00
1.080289527871441946e+00
1.079989829034355475e+00
1.079900369934116311e+00
1.079634858136848008e+00
1.079574331218754679e+00
1.078602190432728536e+00
1.078387565634911560e+00
1.078266829243067937e+00
1.077870641026442033e+00
1.077512617937538053e+00
1.077452619121193278e+00
1.077190785009510599e+00
1.076897790605167327e+00
1.076631536535047617e+00
1.076473979865866903e+00
1.076362502500177065e+00
1.076219880146000785e+00
1.075394272946627039e+00
1.075285566745230348e+00
1.075132500635638255e+00
1.074142232402836461e+00
1.073831735786891617e+00
1.073764623816211072e+00
1.073538195171594767e+00
1.073352861814850900e+00
1.073117553005558333e+00
1.073066431785942854e+00
1.072695301570919746e+00
1.072260431849438200e+00
1.072018946787411053e+00
1.071760686422049469e+00
1.071307687313326484e+00
1.071111386029343304e+00
1.071048198079242342e+00
1.070573540404017310e+00
1.070221319426760909e+00
1.069941973679767511e+00
1.069559498554676580e+00
1.069453229030911778e+00
1.069084478364120239e+00
1.068829098478673911e+00
1.068699629781300953e+00
1.068328323022528892e+00
1.068016232468323778e+00
1.067853183015058383e+00
1.067253888322128308e+00
1.066958859114623515e+00
1.066715641572549611e+00
1.066368855460339882e+00
1.066040614163299649e+00
1.065983411746919574e+00
1.065095344648044229e+00
1.064370593791277519e+00
1.064157117603778069e+00
1.064048736663978367e+00
1.063957048933489968e+00
1.063720605209284020e+00
1.063040535667203690e+00
1.062540104710890887e+00
1.062458475555090986e+00
1.062290210445120842e+00
1.062130807170689639e+00
1.061824695416737407e+00
1.061740818266106778e+00
1.061495893651461797e+00
1.061168402075803208e+00
1.060817288873812769e+00
1.060689266456525059e+00
1.060279184023575016e+00
1.060105309637203286e+00
1.060009890506789620e+00
1.059810469743887484e+00
1.059581966849013401e+00
1.059349300556693851e+00
1.059211477965495973e+00
1.058670669792087127e+00
1.058385039909470082e+00
1.058022049563069000e+00
1.058007061831241158e+00
1.057832104521863714e+00
1.057374374308805987e+00
1.057227366421527259e+00
1.057072464658936006e+00
1.056895899862146049e+00
1.056362003631899915e+00
1.056190224407645539e+00
1.055519780492611526e+00
1.055416767705295911e+00
1.055189609191279132e+00
1.055181060174753327e+00
1.054987972321570266e+00
1.054684551382344182e+00
1.054329465219391526e+00
1.053840239776398846e+00
1.053670220083897657e+00
1.053617440963407814e+00
1.053558914071726305e+00
1.053372548191527258e+00
1.053167844973986522e+00
1.053058442541066952e+00
1.052727657889441781e+00
1.052326891607008319e+00
1.052033721422752643e+00
1.051475103668643385e+00
1.051252787824733748e+00
1.050993232224539664e+00
1.050805258311212631e+00
1.050681522493848608e+00
1.050314076120891782e+00
1.050167661786613804e+00
1.049942413430057675e+00
1.049915911576939420e+00
1.049575378981953522e+00
1.049450781203239647e+00
1.049025735671889503e+00
1.048892465629829962e+00
1.048353728571956189e+00
1.048192515201340491e+00
1.047857385961127763e+00
1.047645159374792634e+00
1.047589137833649930e+00
1.047217432893741806e+00
1.046713277413529264e+00
1.046523271041354786e+00
1.046438345583725837e+00
1.046337114093814469e+00
1.046156352037203252e+00
1.046062304905012175e+00
1.045895604578547911e+00
1.045780347106179509e+00
1.045581167935107247e+00
1.045219763288079751e+00
1.045041923365143788e+00
1.044903090264291290e+00
1.044687242160909246e+00
1.044633542492736655e+00
1.044282771499581264e+00
1.044120124618290513e+00
1.044012183578318487e+00
1.043932808031987625e+00
1.043904313761898184e+00
1.043801441502353322e+00
1.043502060580861590e+00
1.042895007228905602e+00
1.042720303332051124e+00
1.042660957661845078e+00
1.042564592917333943e+00
1.042317055946660798e+00
1.042193279265559491e+00
1.041936079169610174e+00
1.041824457516049351e+00
1.041584904693735103e+00
1.041374990695344227e+00
1.041128770907745249e+00
1.040992573557649736e+00
1.040937707709099103e+00
1.040669631398611905e+00
1.040506471913913655e+00
1.040163400799704263e+00
1.040154504357582610e+00
1.039922021234466643e+00
1.039610660471781189e+00
1.039217028045163138e+00
1.039019030869011040e+00
1.038869080864625483e+00
1.038799672987678724e+00
1.038712887589943623e+00
1.038340014647931131e+00
1.038105230406026980e+00
1.037891133506823493e+00
1.037698602731548458e+00
1.037399049992827393e+00
1.037329657782851244e+00
1.037191022725974632e+00
1.036953904144030769e+00
1.036785806907785101e+00
1.036749184930758183e+00
1.036621093197538590e+00
1.036341055612842954e+00
1.036222448237118510e+00
1.036064667827205410e+00
1.035984563845901985e+00
1.035798982517145639e+00
1.035392700834595114e+00
1.035174526049580823e+00
1.035050908742142006e+00
1.034722905775679269e+00
1.034487040545100323e+00
1.033986821388223731e+00
1.033711502863655207e+00
1.033570013318694913e+00
1.033347103686616641e+00
1.033315731966618856e+00
1.033155370972658416e+00
1.033026580843428688e+00
1.032998073730992505e+00
1.032884225592150429e+00
1.032336034159580418e+00
1.032154926255660410e+00
1.032136362633936821e+00
1.031813395027482372e+00
1.031702562287879266e+00
1.031381929978670398e+00
1.031302063888925646e+00
1.031231574550754537e+00
1.031074799826235955e+00
1.030994609051332445e+00
1.030796263914245836e+00
1.030710857011058579e+00
1.030614026459827137e+00
1.030424705693353982e+00
1.030284411572056635e+00
1.030184598958809206e+00
1.030110515323839682e+00
1.030029492621430176e+00
1.029858609878238740e+00
1.029804032721501006e+00
1.029617661107353532e+00
1.029302539127832095e+00
1.028989792054511021e+00
1.028836458666150033e+00
1.028618260418691310e+00
1.028568910119012303e+00
1.028386620679502483e+00
1.028289962891546505e+00
1.028231923210815024e+00
1.028204482258317398e+00
1.027947405030866568e+00
1.027851921149280034e+00
1.027647440618478125e+00
1.027566959823262849e+00
1.027469756577863436e+00
1.027164041503416669e+00
1.027106593495305642e+00
1.026813113315316439e+00
1.026617221212979159e+00
1.026403772979101348e+00
1.026255521400842197e+00
1.026021492324244333e+00
1.025731899911627387e+00
1.025564307006806564e+00
1.025370309800956559e+00
1.025189427294868505e+00
1.025151712804057702e+00
1.024920805951110792e+00
1.024870614062598495e+00
1.024723238446426654e+00
1.024541363231015856e+00
1.024436009947223392e+00
1.024351088004301857e+00
1.024077059037065807e+00
1.024043770026940914e+00
1.023731621986844420e+00
1.023640230155795638e+00
1.023569895618339665e+00
1.023353724517092722e+00
1.023281128958301034e+00
1.023232490992026733e+00
1.023008430240008426e+00
1.022927829746576922e+00
1.022731192185562410e+00
1.022686897067757172e+00
1.022647904948255304e+00
1.022463532129024522e+00
1.022331220945893016e+00
1.022073001699020267e+00
1.022049069621593143e+00
1.021924651089798353e+00
1.021836987939304553e+00
1.021696524819023066e+00
1.021654758284173292e+00
1.021388784196693988e+00
1.021193216225616318e+00
1.021039099088728364e+00
1.020874813856188723e+00
1.020717593796559797e+00
1.020431619127369460e+00
1.020405282714077488e+00
1.020111805261382676e+00
1.019940791472388586e+00
1.019867906017181802e+00
1.019764184620669756e+00
1.019653308578714723e+00
1.019520917129321802e+00
1.019506686682315699e+00
1.019422098004851618e+00
1.019370963985242629e+00
1.019106279053534792e+00
1.018977123348994596e+00
1.018907623717827393e+00
1.018659455648629253e+00
1.018550625210721927e+00
1.018489183477049753e+00
1.018482328289628480e+00
1.018360403379022117e+00
1.018311686766770530e+00
1.018062422804580036e+00
1.018011298343045157e+00
1.017820679656002980e+00
1.017758393381951398e+00
1.017612791504692638e+00
1.017462086733121440e+00
1.017392286757427211e+00
1.017240268705700279e+00
1.017102366314730277e+00
1.017011981661980480e+00
1.016926471509717267e+00
1.016674778024152737e+00
1.016582193911586218e+00
1.016466646102963445e+00
1.016434894555572788e+00
1.016419764151414107e+00
1.016360245283775887e+00
1.016093728357589265e+00
1.016069937991009642e+00
1.015932105603046587e+00
1.015815054039605814e+00
1.015732723684161343e+00
1.015556235067851754e+00
1.015341344648927890e+00
1.015231997875207348e+00
1.015122905948495413e+00
1.015075030475762308e+00
1.015047918909874891e+00
1.014986186064585016e+00
1.014914729885020739e+00
1.014673001823575893e+00
1.014654010728889721e+00
1.014514179974018937e+00
1.014438540304159364e+00
1.014303306942299088e+00
1.014226831300684584e+00
1.014136354768274906e+00
1.014047427823844494e+00
1.014009398331602751e+00
1.013779601111016948e+00
1.013572266025564605e+00
1.013524812049547252e+00
1.013357478391202271e+00
1.013186355297439167e+00
1.013037268895500276e+00
1.012942472348868250e+00
1.012883681941210146e+00
1.012799882372352300e+00
1.012730294700402212e+00
1.012700241884336716e+00
1.012512194112504815e+00
1.012494105547988132e+00
1.012412461143538334e+00
1.012382253241966179e+00
1.012285372636703151e+00
1.012216508258120484e+00
1.012165342290395342e+00
1.011981522843221182e+00
1.011925758319504487e+00
1.011874040376902872e+00
1.011746654312863924e+00
1.011564580387196877e+00
1.011429079912434803e+00
1.011278977316932171e+00
1.011222535226278030e+00
1.011124104666342616e+00
1.010914294012765557e+00
1.010813453840455844e+00
1.010794913025450992e+00
1.010781534794501724e+00
1.010739189803985250e+00
1.010613901755936572e+00
1.010582020382766899e+00
1.010473976351686121e+00
1.010289775112468647e+00
1.010266529461336882e+00
1.010157081714591953e+00
1.010095258325974354e+00
1.010049430749418997e+00
1.010011623828772631e+00
1.009968864974338132e+00
1.009868422889110828e+00
1.009778894430441554e+00
1.009742880373188934e+00
1.009545727027849837e+00
1.009452152938099090e+00
1.009343892681279220e+00
1.009326376919688517e+00
1.009313156509920928e+00
1.009217579390778941e+00
1.009176472060778762e+00
1.009139253709397943e+00
1.009063352550950698e+00
1.008994850722236380e+00
1.008951157884777183e+00
1.008878765651116005e+00
1.008847213177447966e+00
1.008786839152590709e+00
1.008675461054284517e+00
1.008631632567944969e+00
1.008538275845177079e+00
1.008465951188140863e+00
1.008388843604595131e+00
1.008329509558259396e+00
1.008254008813540992e+00
1.008142420055447852e+00
1.008097458742786889e+00
1.008019034525162283e+00
1.007858522063343143e+00
1.007754995024865430e+00
1.007675127119300074e+00
1.007590274045342182e+00
1.007501274635963728e+00
1.007485242336725761e+00
1.007467078171984776e+00
1.007446418874684335e+00
1.007359796826395426e+00
1.007226061858186084e+00
1.007181324739761630e+00
1.007077978855148492e+00
1.007053293957212547e+00
1.006986204058675893e+00
1.006959298766305855e+00
1.006882113881349738e+00
1.006835868498245690e+00
1.006783729979314090e+00
1.006700066953183592e+00
1.006662887037125698e+00
1.006603100855425925e+00
1.006555124289863157e+00
1.006454055805628744e+00
1.006394053690511825e+00
1.006299860647245747e+00
1.006234622890127106e+00
1.006221993269380777e+00
1.006198681145106244e+00
1.006067732856833929e+00
1.006048319209120967e+00
1.006002297137981838e+00
1.005884209168229626e+00
1.005823850422713717e+00
1.005808252205785847e+00
1.005723193385705594e+00
1.005689656395467146e+00
1.005643716038381319e+00
1.005623999514882128e+00
1.005609754008990553e+00
1.005536852123680269e+00
1.005517276408030014e+00
1.005430402693161307e+00
1.005364315486249271e+00
1.005276990838947171e+00
1.005249926716967002e+00
1.005234680480700860e+00
1.005161882875904800e+00
1.005103582579442101e+00
1.005004329026234933e+00
1.004973429937047413e+00
1.004848243435722432e+00
1.004836636949318018e+00
1.004805703417726015e+00
1.004797614554592267e+00
1.004714013215866952e+00
1.004650788574621201e+00
1.004615135207582277e+00
1.004587178571342054e+00
1.004550622171183072e+00
1.004528854925198722e+00
1.004440950346925376e+00
1.004416446197912149e+00
1.004364627365278206e+00
1.004283748488046468e+00
1.004098257737074285e+00
1.004069614722540527e+00
1.004034809241863169e+00
1.004015178823262966e+00
1.003938584728399253e+00
1.003893065834500886e+00
1.003867637566046911e+00
1.003835293109440086e+00
1.003800622303010481e+00
1.003734582471168757e+00
1.003710647635719821e+00
1.003698783423597751e+00
1.003646555363747028e+00
1.003592991896720354e+00
1.003557252417631274e+00
1.003556548435752038e+00
1.003492356907008221e+00
1.003444596833046987e+00
1.003422585001641165e+00
1.003387636725258991e+00
1.003358949317184834e+00
1.003226987584744379e+00
1.003203377275800889e+00
1.003149383096527458e+00
1.003053375250188672e+00
1.003032800801802127e+00
1.003004871993830704e+00
1.002987053546398055e+00
1.002960730333918082e+00
1.002914278248460134e+00
1.002883780132202141e+00
1.002848003048515846e+00
1.002822673711024848e+00
1.002797676841677532e+00
1.002776949858169564e+00
1.002719104634391956e+00
1.002715026920251162e+00
1.002666307564835213e+00
1.002647537042567816e+00
1.002627488591596894e+00
1.002596501550605979e+00
1.002583753174228987e+00
1.002552151654041879e+00
1.002469429753950481e+00
1.002448309238372470e+00
1.002419995617019222e+00
1.002403806634877936e+00
1.002371723762247147e+00
1.002365879928958980e+00
1.002285179702833151e+00
1.002240873379906194e+00
1.002214749367243307e+00
1.002195607269371624e+00
1.002178348647812856e+00
1.002145813133209939e+00
1.002107364769082576e+00
1.002006434016944780e+00
1.001952452620031631e+00
1.001896354151927460e+00
1.001860658081405120e+00
1.001857097224657434e+00
1.001788334868479069e+00
1.001771253833362296e+00
1.001698038930043833e+00
1.001686021687776540e+00
1.001684682373815916e+00
1.001598223487824901e+00
1.001571088269901599e+00
1.001555005511037821e+00
1.001484426710347764e+00
1.001427603605045347e+00
1.001412813025570392e+00
1.001375025038005351e+00
1.001330516840953422e+00
1.001330076840327710e+00
1.001295374939234151e+00
1.001287755102406196e+00
1.001276519655181385e+00
1.001241349201137831e+00
1.001199793937524118e+00
1.001151174097802521e+00
1.001146643892395938e+00
1.001111711631247125e+00
1.001089998997117814e+00
1.001044821957873587e+00
1.000990987574889912e+00
1.000977999947648689e+00
1.000966531800719705e+00
1.000946177359201883e+00
1.000908118154441473e+00
1.000896876931725465e+00
1.000880232028473094e+00
1.000848883340499373e+00
1.000839917752412322e+00
1.000812954775327279e+00
1.000801153632941753e+00
1.000798661565069025e+00
1.000780297458109258e+00
1.000767469567366286e+00
1.000737053778931296e+00
1.000723028343016630e+00
1.000718011004232189e+00
1.000707394392194693e+00
1.000699258806679204e+00
1.000669211862437624e+00
1.000634509408261597e+00
1.000604657774095685e+00
1.000577870746979681e+00
1.000536897083468491e+00
1.000522508260431653e+00
1.000513976790287751e+00
1.000498095285232703e+00
1.000494245112482750e+00
1.000481430866442256e+00
1.000451916311846379e+00
1.000427320893803262e+00
1.000417316169730286e+00
1.000398654995761971e+00
1.000378674199042583e+00
1.000362417656620151e+00
1.000342238030464292e+00
1.000319306712176504e+00
1.000312897392081624e+00
1.000305999111524180e+00
1.000277273647837140e+00
1.000272902995208657e+00
1.000259276995793867e+00
1.000252765379774367e+00
1.000239953768927714e+00
1.000230878672523138e+00
1.000217534878983239e+00
1.000196153864566506e+00
1.000184894510688149e+00
1.000163154156529011e+00
1.000159088582759148e+00
1.000149579394368216e+00
1.000135478703126912e+00
1.000132879537255715e+00
1.000123890452912390e+00
1.000121799564114733e+00
1.000112576126552355e+00
1.000098932138503871e+00
1.000060493413299501e+00
1.000045542496041273e+00
1.000032592534625397e+00
1.000023180733855988e+00
1.000013337497710486e+00
1.000002100336580657e+00
9.999704366264391409e-01
9.999593344074474421e-01
9.999495826703899137e-01
9.999292902724983279e-01
9.999197682536368204e-01
9.999007061343850866e-01
9.998907458479200372e-01
9.998728797583931183e-01
9.998639117833058032e-01
9.998461336093593665e-01
9.998131756386648972e-01
9.997977480262686401e-01
9.997854499119808169e-01
9.997615190887868541e-01
9.997259374723546088e-01
9.997083393556888131e-01
9.996852510311838858e-01
9.996550569137718778e-01
9.996338338712822402e-01
9.996307425242902944e-01
9.996058079178853362e-01
9.995884126907356171e-01
9.995597168307027713e-01
9.995322099094436918e-01
9.994882738383256138e-01
9.994695721462825144e-01
9.994576059513422539e-01
9.994479043263988505e-01
9.994107749707452637e-01
9.993760968358990082e-01
9.993595688639137498e-01
9.993277443063027787e-01
9.993227440066849709e-01
9.992780637068279237e-01
9.992433491245324984e-01
9.992274165397848629e-01
9.991890024595043718e-01
9.991550863991880416e-01
9.991184923538894980e-01
9.990559735821232801e-01
9.989915488732320492e-01
9.989630519859152846e-01
9.989533855577238386e-01
9.989504535850100009e-01
9.989192144106695537e-01
9.988528473482053416e-01
9.988300278026701617e-01
9.988041886449160467e-01
9.987398998776462200e-01
9.986894318884255162e-01
9.986603252218380078e-01
9.986452149753094476e-01
9.985499676854180384e-01
9.985070606130570514e-01
9.984572401883744508e-01
9.984449765168661450e-01
9.984169144759112990e-01
9.984069280331375751e-01
9.983940855479975784e-01
9.983767297483404635e-01
9.983701941133003022e-01
9.983161177563184552e-01
9.983073536705651119e-01
9.982746183909596560e-01
9.982224011560283383e-01
9.981288447389247143e-01
9.980419610825547183e-01
9.980019616497209922e-01
9.979584373516415807e-01
9.979513849098956557e-01
9.979466340023165349e-01
9.979152603868677307e-01
9.979030707713834047e-01
9.978708368907439619e-01
9.978037935723429452e-01
9.977416165416117533e-01
9.977004015453625474e-01
9.976428914756735322e-01
9.976169521853496258e-01
9.975727890408027099e-01
9.975185056702339237e-01
9.974665512047498073e-01
9.974242712206489170e-01
9.974185906060305529e-01
9.973496089494015004e-01
9.972753526818504133e-01
9.972218528420205841e-01
9.972147358860393718e-01
9.971819579690244240e-01
9.971386359245438813e-01
9.971009784913105189e-01
9.970502672261810639e-01
9.969012698259253069e-01
9.968730068692298607e-01
9.968411510296413258e-01
9.968087811421905142e-01
9.967336250247995633e-01
9.966833800140103561e-01
9.966517011944965310e-01
9.966321221290583843e-01
9.965515175111622215e-01
9.965404856488145890e-01
9.964543986192904157e-01
9.964487847173664203e-01
9.963818837860001221e-01
9.962942240699563801e-01
9.961604537814350291e-01
9.960757191668971888e-01
9.959306631915986197e-01
9.959064549892777674e-01
9.958429225175172705e-01
9.957660978929426809e-01
9.957644183906022572e-01
9.956847740333045760e-01
9.956103269805323119e-01
9.955842794795930484e-01
9.955680467605544370e-01
9.954772168270887844e-01
9.954045816535088687e-01
9.953797961813221074e-01
9.952992000073124235e-01
9.952606617827549629e-01
9.952076588620425435e-01
9.951703070351809455e-01
9.950707881635955099e-01
9.950580298450604211e-01
9.948804195204208334e-01
9.946451355864930344e-01
9.946085228933576605e-01
9.945239895214927905e-01
9.943454857234527156e-01
9.943213503712773349e-01
9.942355725122072885e-01
9.942235038276846515e-01
9.941016368334320008e-01
9.940570661843054490e-01
9.939948486360711266e-01
9.939197193152281562e-01
9.937845712297579404e-01
9.937460388821924839e-01
9.936452477754390555e-01
9.935956760663253728e-01
9.935643529845513688e-01
9.934607920151116156e-01
9.934171286793452849e-01
9.932810829924729745e-01
9.932313217272348282e-01
9.931893442118547854e-01
9.930665914404661621e-01
9.930509478890112707e-01
9.930261296431480700e-01
9.928677182605065710e-01
9.927984399992682008e-01
9.927387416174859869e-01
9.926140632158696464e-01
9.925300615030930862e-01
9.924553324751227423e-01
9.922735901187474949e-01
9.919929933035688263e-01
9.919735518086170156e-01
9.918760614635623307e-01
9.918663308918276300e-01
9.917825483048934299e-01
9.917658696946024532e-01
9.916678881959036795e-01
9.915865812646952326e-01
9.914804288880685323e-01
9.913300399936162410e-01
9.911660793419930782e-01
9.911009899745863994e-01
9.910618169739607852e-01
9.909134942444079996e-01
9.908193814000568755e-01
9.906720975513716443e-01
9.905574234401466338e-01
9.905362525188575740e-01
9.903586699006743377e-01
9.902555153107055474e-01
9.901691034112667378e-01
9.899408429699596557e-01
9.898781315275261283e-01
9.897810982760858467e-01
9.896911541169244320e-01
9.896181590320268784e-01
9.895701076416754116e-01
9.895140621895234245e-01
9.894178561575541764e-01
9.893896808168949342e-01
9.891446051683642215e-01
9.890833193127470668e-01
9.890574958856220844e-01
9.890083354552002826e-01
9.886247880530733001e-01
9.884346022543677446e-01
9.883794264217480308e-01
9.882703007079604030e-01
9.880958026561525998e-01
9.879119152630894130e-01
9.878111187418926464e-01
9.876759521587614721e-01
9.875804149561888678e-01
9.874907734697688788e-01
9.873055068324371186e-01
9.871849077950863860e-01
9.871427472108512680e-01
9.870207565061642763e-01
9.869228334686808157e-01
9.868122025770007522e-01
9.866088747389641922e-01
9.864799061592589569e-01
9.864593239601947561e-01
9.864002963640481347e-01
9.860842921718295795e-01
9.859981667533466165e-01
9.858578819546998107e-01
9.858015566889655190e-01
9.856990870276440830e-01
9.856013307044045879e-01
9.854129889550545807e-01
9.854039126021369999e-01
9.851250354373739526e-01
9.848074115091015601e-01
9.846267417348173456e-01
9.845587773962751754e-01
9.842687882555728462e-01
9.842223268352531251e-01
9.841358115659096795e-01
9.840321504123312746e-01
9.837916614339234922e-01
9.837159799726057363e-01
9.835510684791131109e-01
9.833880982171954166e-01
9.833505153238546459e-01
9.827857994493863769e-01
9.826142635114473167e-01
9.822545979306577246e-01
9.822504184568510155e-01
9.820885481144521201e-01
9.818827997559739229e-01
9.817333056097848898e-01
9.813441461812136835e-01
9.812799665833051854e-01
9.812564873961697742e-01
9.811558472229661154e-01
9.809856339378664192e-01
9.807967889412761986e-01
9.807414648773686849e-01
9.803327402767909593e-01
9.800756635214359358e-01
9.799309152038970794e-01
9.799031703577497643e-01
9.795986229461454142e-01
9.793063614045894871e-01
9.791943538795713220e-01
9.787377466082317623e-01
9.786977753078349718e-01
9.786469308142577983e-01
9.786225434303902349e-01
9.782429107410073321e-01
9.778998560435774312e-01
9.777438212816218499e-01
9.775984026032674690e-01
9.772972915543186589e-01
9.772050839002365263e-01
9.770889395745049333e-01
9.765573158028980627e-01
9.764092869755830462e-01
9.761685233037152853e-01
9.760094911426701048e-01
9.758650543307538783e-01
9.756348073743716931e-01
9.755397780628018989e-01
9.754354854683362497e-01
9.753362996392107576e-01
9.751832609835926480e-01
9.750315319019344784e-01
9.748613033093842528e-01
9.747698041686994053e-01
9.745215670895686078e-01
9.743418292852297213e-01
9.741451563809715442e-01
9.741218427802288415e-01
9.739207774912249649e-01
9.736886040636971718e-01
9.734199004451854487e-01
9.732995658999846755e-01
9.731500660822584026e-01
9.729296022264869448e-01
9.727984398381424036e-01
9.724723116923424948e-01
9.722166829559457657e-01
9.720290890101154213e-01
9.719467906770024035e-01
9.717333867635973288e-01
9.715479184094140130e-01
9.712182782549257931e-01
9.711893360813769194e-01
9.707346828783278703e-01
9.705685661386594942e-01
9.702452285578258007e-01
9.701575540660285490e-01
9.699170536018238975e-01
9.695909170240029074e-01
9.695426376694002979e-01
9.692866613604376180e-01
9.690740434112444790e-01
9.686886558244173218e-01
9.684289440333847532e-01
9.681021821273000372e-01
9.678479665791278608e-01
9.677445443026376770e-01
9.676305310951863747e-01
9.673440825787545938e-01
9.672175947679447772e-01
9.670685582820266468e-01
9.663641076502271776e-01
9.663433032601623784e-01
9.656768783228776298e-01
9.650641471110938951e-01
9.647451043240566904e-01
9.644948508016312205e-01
9.641926547978275641e-01
9.639360226157484002e-01
9.636521722576961713e-01
9.635317576230866266e-01
9.633520185441917238e-01
9.632736149685642291e-01
9.630937654854972996e-01
9.629545599312576698e-01
9.627254376398558522e-01
9.618106633663073834e-01
9.617659130659570454e-01
9.617172330840607630e-01
9.608859023548990130e-01
9.606244330137746479e-01
9.601858210518037229e-01
9.600253768917577091e-01
9.598293140988568561e-01
9.596846195819515035e-01
9.589829387714662312e-01
9.588700885860795831e-01
9.588392176105733355e-01
9.582798208806754259e-01
9.580930299652349325e-01
9.579810949532642228e-01
9.575516239489636483e-01
9.574608889416352797e-01
9.570401040887039912e-01
9.570036375374282311e-01
9.568881775895264896e-01
9.566090032128665710e-01
9.565985040516195026e-01
9.563280058689509477e-01
9.558264795783649737e-01
9.555127077004342828e-01
9.546711696333949337e-01
9.546526583658531129e-01
9.544156797679663740e-01
9.535238286845802991e-01
9.534330312639999194e-01
9.533559080582758583e-01
9.529617148828775086e-01
9.520561877990976196e-01
9.513599618794275070e-01
9.512211011818070272e-01
9.506322376542635233e-01
9.502554325647134537e-01
9.500965341986585821e-01
9.499840025979570113e-01
9.492095933761124371e-01
9.491302889319517266e-01
9.476681374324867901e-01
9.472742487182299609e-01
9.470680200923935477e-01
9.469853126778214891e-01
9.468670413166381250e-01
9.462043024226463039e-01
9.460066769773846085e-01
9.449182025410770569e-01
9.444125738735259512e-01
9.441772318274778142e-01
9.439828194279806794e-01
9.437329212461889050e-01
9.433482941607026495e-01
9.433171147971944892e-01
9.421387710540768401e-01
9.418726187328240185e-01
9.413746892612425698e-01
9.410665166712915974e-01
9.408879123331839178e-01
9.401026131161435151e-01
9.396691331117440482e-01
9.391154592220437580e-01
9.389268805709706234e-01
9.379682428073654599e-01
9.375321943226304633e-01
9.374090456392136783e-01
9.373385663271001089e-01
9.369271803827867728e-01
9.367720137180509665e-01
9.365560186981939372e-01
9.362524453189149387e-01
9.356223086942907496e-01
9.346243405282954608e-01
9.345000359265183132e-01
9.343689193251898395e-01
9.340440682011120765e-01
9.336016917803595661e-01
9.335208731326546383e-01
9.328661430627389617e-01
9.326568852153738209e-01
9.321553555499524357e-01
9.317750688557273619e-01
9.307851972561771436e-01
9.305917026485450716e-01
9.305598780476435072e-01
9.289575564237203542e-01
9.285552655117604859e-01
9.283220314246808380e-01
9.282290509149957458e-01
9.271007441606035071e-01
9.270228959833206606e-01
9.261172223737237363e-01
9.260263204859143782e-01
9.258213187205535100e-01
9.250665034621307070e-01
9.241830290469368325e-01
9.220141991173642637e-01
9.212513043216377095e-01
9.206866575907154404e-01
9.206224626356144247e-01
9.196386812072575578e-01
9.188779651071373733e-01
9.182614714829621105e-01
9.164774341959048831e-01
9.163461797708171153e-01
9.158137070795910883e-01
9.141227497395287838e-01
9.134937851643466500e-01
9.128186156137204632e-01
9.124281955280338918e-01
9.104457733023589849e-01
9.101108152120036543e-01
9.096621645780691434e-01
9.095681833177804432e-01
9.095052001775227879e-01
9.092996870956331357e-01
9.090200952933474854e-01
9.084792768590026490e-01
9.073403601525137363e-01
9.064188379047886102e-01
9.044640256938656364e-01
9.036237499433131815e-01
9.033960345101871292e-01
9.017859220841368817e-01
9.009356920768429866e-01
9.008216869619967149e-01
8.988822003309978603e-01
8.979594838313468275e-01
8.978048585448348273e-01
8.973604037186946325e-01
8.956181498198889646e-01
8.949866172766265393e-01
8.948232438716375858e-01
8.942763647480405087e-01
8.934423650049074794e-01
8.923126391836122551e-01
8.916109039269650705e-01
8.902496225061568014e-01
8.877605242716538614e-01
8.870558308091699429e-01
8.844091192674977675e-01
8.840882412915197497e-01
8.831203907700631017e-01
8.814717889741026102e-01
8.814534800162698858e-01
8.790011054588364736e-01
8.789613827687489112e-01
8.786310017535282624e-01
8.760878903395641348e-01
8.746168236696530984e-01
8.707985687212468351e-01
8.693092902905189545e-01
8.691935174381063556e-01
8.687407765929657799e-01
8.667596706627097580e-01
8.653498890129370791e-01
8.638640564358190943e-01
8.636598260322793097e-01
8.616253910477675859e-01
8.593645947055401635e-01
8.590438506897675186e-01
8.577328063447295925e-01
8.576402012648615125e-01
8.562332737372690961e-01
8.522483837373394655e-01
8.513414766607430018e-01
8.497937979715500800e-01
8.488243249661574508e-01
8.465396317524933600e-01
8.450688335754960034e-01
8.402971903887348493e-01
8.346155210514070166e-01
8.331140460080554977e-01
8.326705904698894489e-01
8.286841868087063689e-01
8.271231461391025386e-01
8.251338744167573402e-01
8.247225858414146682e-01
8.244844025011450750e-01
8.232254787327245582e-01
8.224190847034941187e-01
8.198506587179953398e-01
8.176284974821762530e-01
8.074840113209673653e-01
8.061794164392461770e-01
8.039042929143072058e-01
7.922694915723460518e-01
7.873527756922285015e-01
7.790994722258305361e-01
7.776754595115207280e-01
7.648430402473892498e-01
7.570563351882539926e-01
7.515879125994309184e-01
7.447794733685665358e-01
7.425855857107692692e-01
7.411385480903669443e-01
7.355482792933039082e-01
7.312694499192845532e-01
7.223267588221049529e-01
7.210784244527844722e-01
7.205558514236839462e-01
7.200388388179226329e-01
7.111957798350200255e-01
6.958449471498882044e-01
6.857214382644100104e-01
6.836448673010460109e-01
6.748533002167692585e-01
6.548098546365477279e-01
6.417390913668433727e-01
5.665500840962471862e-01
