3.975740089606208727e+00
3.355007711887786126e+00
3.004399917037860135e+00
2.935248318996393824e+00
2.895924243761594408e+00
2.883976610078977210e+00
2.877419854635655305e+00
2.866407104271278872e+00
2.796457783895377247e+00
2.675081913808088796e+00
2.633972055361100129e+00
2.629080164420431132e+00
2.582746380908448103e+00
2.568210174078141339e+00
2.540243738663614081e+00
2.523599251673191990e+00
2.425880121647633114e+00
2.421038343753635136e+00
2.414481840526373269e+00
2.377762390428835193e+00
2.341685864039376508e+00
2.296632311351883171e+00
2.286888432532521609e+00
2.257127970031191033e+00
2.244381388744246308e+00
2.226398490542156328e+00
2.214359546428886549e+00
2.206737733970639326e+00
2.193653086339285352e+00
2.165664336590615857e+00
2.163484019256955548e+00
2.138745382150075702e+00
2.133877191862740830e+00
2.114363771860492847e+00
2.104995990086154123e+00
2.075815793987054736e+00
2.067557067127366643e+00
2.028659062181690231e+00
2.021539270533533106e+00
2.013231241755821355e+00
2.008314495573137126e+00
2.008256497360013437e+00
1.992716420019501333e+00
1.984995499559986776e+00
1.970961684573558026e+00
1.956238769519741405e+00
1.935006432870865378e+00
1.924526880998026712e+00
1.922813762126161619e+00
1.922182366404324050e+00
1.909438322152029688e+00
1.900975934961265157e+00
1.895521024169986024e+00
1.883088418052049740e+00
1.873801194742129361e+00
1.866322805022625042e+00
1.862133439059920237e+00
1.852367412257490908e+00
1.849765839308348925e+00
1.839686916154931851e+00
1.838138735410279834e+00
1.828048047219142269e+00
1.827264902186345630e+00
1.816708724983437939e+00
1.806265300553592912e+00
1.797031135369533850e+00
1.789587262263434786e+00
1.789116151557113898e+00
1.785041676525521037e+00
1.782267235614704459e+00
1.770765385318349594e+00
1.763118315403798819e+00
1.756140469909220458e+00
1.748695803648237845e+00
1.742959201712167339e+00
1.734561360251992035e+00
1.730118109168815810e+00
1.723033694263811144e+00
1.718830919344827679e+00
1.716628267448156553e+00
1.711142082794186114e+00
1.704293523466466009e+00
1.702846921377814349e+00
1.698898589711516749e+00
1.690240818014423718e+00
1.689760263322533040e+00
1.684430691820134385e+00
1.683165784929089082e+00
1.676646437113589405e+00
1.674487262863799231e+00
1.666289078880033525e+00
1.663904922812156295e+00
1.644806866227749076e+00
1.642943464621136052e+00
1.642539729352554101e+00
1.636349685864374459e+00
1.634313381163744472e+00
1.630902546174100243e+00
1.627657800535841748e+00
1.624429092331019175e+00
1.623482471617250011e+00
1.615792643878021462e+00
1.612472947820953406e+00
1.608526475639741715e+00
1.606906314771116007e+00
1.606422910220898004e+00
1.600815181761127803e+00
1.598826854186466750e+00
1.589252623008727605e+00
1.586183581278592047e+00
1.583723793780561495e+00
1.581368578519454005e+00
1.579604381957158354e+00
1.578544658363156827e+00
1.573585945298449751e+00
1.571490554968278719e+00
1.570819473220376405e+00
1.566068054382897978e+00
1.563786566431740743e+00
1.561370559775220102e+00
1.556907307468969437e+00
1.551591923244860061e+00
1.548711034677800136e+00
1.546401537042279450e+00
1.540239960320500368e+00
1.538531069471710699e+00
1.535587410906574579e+00
1.534526789091426924e+00
1.528690673229914587e+00
1.528171448690796241e+00
1.527470350826399148e+00
1.526588625106651831e+00
1.517966228642917859e+00
1.515347884869616912e+00
1.506431904135572042e+00
1.503324431058803423e+00
1.502818757525759219e+00
1.501151462731849628e+00
1.498326467965132913e+00
1.492276309820587121e+00
1.491384138412815252e+00
1.490535770814289007e+00
1.488924106426088301e+00
1.487025179814217335e+00
1.482802544484220553e+00
1.482061816551059286e+00
1.477995695026569800e+00
1.475886318456042456e+00
1.474324041806182706e+00
1.470172424411720247e+00
1.469444653902123310e+00
1.464764499633227857e+00
1.461925596908840275e+00
1.458241287307497469e+00
1.456972332845239970e+00
1.454256684500604635e+00
1.454100608584519838e+00
1.448812081403002106e+00
1.447901626694414468e+00
1.446370314378560229e+00
1.445320952131664338e+00
1.444782545567600884e+00
1.443265777615641232e+00
1.440455192709824361e+00
1.439720207388388573e+00
1.439175212584034469e+00
1.436801986183708912e+00
1.436604437425285985e+00
1.435538880975639975e+00
1.434607525065055844e+00
1.432903562872964054e+00
1.431015901616299546e+00
1.429877274093026562e+00
1.429040887727748066e+00
1.423321891142659279e+00
1.421472061190482750e+00
1.419651136951463055e+00
1.417246281171345768e+00
1.415839455055578400e+00
1.414672961292923192e+00
1.413579421359992594e+00
1.412399378022042962e+00
1.409141883735105294e+00
1.407997555611907980e+00
1.406888449717782708e+00
1.406149686743926930e+00
1.404628281562241288e+00
1.403443544365690965e+00
1.402087678473578958e+00
1.400289268880247739e+00
1.398774048846402440e+00
1.397841061584166322e+00
1.395650694030326600e+00
1.390627764475054207e+00
1.388929511822681873e+00
1.388265851590422040e+00
1.387346055996724115e+00
1.384867957379098069e+00
1.383034491472971306e+00
1.380629367062970125e+00
1.379145848907935346e+00
1.378419125142315016e+00
1.375858125268200727e+00
1.373426382399828727e+00
1.372028364255974742e+00
1.370752049592660615e+00
1.369474345851590336e+00
1.367202184271661958e+00
1.366706006610963309e+00
1.366236851598136681e+00
1.364223798674083943e+00
1.363738811576020726e+00
1.362751684158845844e+00
1.361087806465201666e+00
1.359634848695567166e+00
1.357182092292122944e+00
1.356239536745942775e+00
1.354904483865893905e+00
1.351218313548357974e+00
1.350336562757587844e+00
1.350186714816042910e+00
1.348321280045494008e+00
1.345981395487933607e+00
1.345496069318235177e+00
1.344505512499012401e+00
1.343749898865664649e+00
1.341697546815518338e+00
1.340831394820761080e+00
1.340446189663741627e+00
1.338393572774537077e+00
1.337828205097787659e+00
1.336050013823728122e+00
1.334540302477689400e+00
1.332941365314173288e+00
1.331183909280180266e+00
1.330853632893633343e+00
1.330249449394063754e+00
1.329431491431201984e+00
1.322091246825489286e+00
1.321577998821293898e+00
1.319810873307416532e+00
1.318399084963133294e+00
1.317357627712514079e+00
1.315820479204141247e+00
1.314155246756165463e+00
1.313412135352336252e+00
1.313269425874281637e+00
1.312217089740115972e+00
1.311213924659345498e+00
1.310947035905366542e+00
1.309979318705011053e+00
1.307800074505069965e+00
1.306380711883619927e+00
1.305476415426461978e+00
1.304735119683267053e+00
1.301948751822429973e+00
1.301307175644719205e+00
1.300662558221242993e+00
1.300082085941093313e+00
1.298741785333961118e+00
1.297619547466000833e+00
1.296294832812588504e+00
1.294686075526681357e+00
1.294335204362254244e+00
1.291928733543459495e+00
1.291616403914533473e+00
1.291379077186928015e+00
1.288783081735262570e+00
1.287405581241493513e+00
1.286833391633384283e+00
1.286086875902061832e+00
1.285055604376789118e+00
1.284293062070738234e+00
1.283143395661514141e+00
1.282311668774833047e+00
1.281358702196573329e+00
1.280830831389727198e+00
1.277252245611782300e+00
1.276113454779071565e+00
1.274305548416460043e+00
1.272793456976900162e+00
1.271757839993496120e+00
1.270918777668472721e+00
1.269391423958178278e+00
1.268598731741044983e+00
1.267882701420379954e+00
1.267059599413747462e+00
1.266258576874638608e+00
1.265700015616092688e+00
1.265499172210217571e+00
1.263686941238809647e+00
1.263176306977459529e+00
1.262515044868281588e+00
1.261046038178155415e+00
1.260642838631387042e+00
1.259806968390772441e+00
1.258607331206698099e+00
1.258019637672007418e+00
1.257329495788805707e+00
1.256435169373357308e+00
1.256034542261888598e+00
1.255872940918927094e+00
1.254946485178387583e+00
1.254503337810148444e+00
1.251438087663179655e+00
1.250794167708643823e+00
1.249173456349279121e+00
1.248968235672613947e+00
1.248442321851210179e+00
1.248408125830661408e+00
1.248072722735366735e+00
1.247377996880749240e+00
1.247027983965417697e+00
1.246212842900112694e+00
1.244948537502147623e+00
1.244358329052661860e+00
1.243596230267264069e+00
1.242382456007787850e+00
1.241520248772598256e+00
1.240856952784610057e+00
1.240199612859027578e+00
1.239285808589598581e+00
1.238382309496357525e+00
1.236483529576717588e+00
1.236173018163405191e+00
1.235958638314531566e+00
1.235288452550088456e+00
1.234503624083493234e+00
1.232878472957032345e+00
1.232022668125020148e+00
1.231611866555517354e+00
1.231084673761330128e+00
1.230540134878871594e+00
1.229318214007166565e+00
1.228099355890399869e+00
1.227693322871855397e+00
1.226841027206240664e+00
1.226242046043177769e+00
1.224285170903409270e+00
1.223727866608948167e+00
1.222569069123414787e+00
1.222369646624390072e+00
1.219744230661130135e+00
1.219377465328215449e+00
1.218648197902765240e+00
1.218372912670941499e+00
1.217760579443680102e+00
1.216447357216167369e+00
1.216123100805239998e+00
1.215564465139185479e+00
1.213707182879590007e+00
1.212056602117144610e+00
1.211958435108364984e+00
1.210667416574160882e+00
1.210301979410562057e+00
1.208502148479940752e+00
1.208155191043806864e+00
1.207681733540965752e+00
1.206862494820412746e+00
1.205715169768259987e+00
1.205438340469616287e+00
1.204394038568737724e+00
1.204306373193749780e+00
1.204193523877106653e+00
1.203193007621830679e+00
1.202603363438546680e+00
1.201508460978447212e+00
1.200606908079670188e+00
1.200546088929169253e+00
1.200025321748198648e+00
1.199155969282714507e+00
1.198429380439881564e+00
1.197674176791433620e+00
1.197122474808575143e+00
1.196835571618026117e+00
1.196377109034910013e+00
1.194865955135086866e+00
1.194646641495973771e+00
1.194309420551148859e+00
1.193200318727555498e+00
1.191750136994520037e+00
1.189829020193581499e+00
1.188287438065095847e+00
1.188116200213311657e+00
1.187281264158680072e+00
1.186796370332337203e+00
1.186301397153421977e+00
1.185924101886088211e+00
1.185145368563867541e+00
1.184724622833171592e+00
1.183476701675102660e+00
1.182425858912213634e+00
1.181102607413435202e+00
1.180611041854674248e+00
1.179801681293642046e+00
1.178826499579474607e+00
1.177486447529071167e+00
1.176726422273671524e+00
1.176048623339662536e+00
1.175569841623498535e+00
1.175137853328067417e+00
1.174813397204770737e+00
1.174475087734106804e+00
1.173554527531874170e+00
1.172845476091511907e+00
1.172454456008150236e+00
1.171258719214388400e+00
1.170845565312486514e+00
1.170206128210899976e+00
1.169860103873438639e+00
1.169200020856307587e+00
1.168614495947260190e+00
1.168045911177877816e+00
1.166908872034217559e+00
1.166710542688171204e+00
1.166066662951111166e+00
1.165291918457940890e+00
1.165149318316749616e+00
1.164776116602327605e+00
1.164112086569197402e+00
1.163930822135630816e+00
1.162903293040625341e+00
1.162357981643904026e+00
1.161917960973396724e+00
1.161604105480526616e+00
1.161204435460722717e+00
1.160571082243900154e+00
1.159917003763997867e+00
1.158896815777272549e+00
1.157733029021437154e+00
1.157681256656563518e+00
1.156750978962400644e+00
1.156633539764983176e+00
1.155992330751000940e+00
1.155636282909832779e+00
1.154734815842211715e+00
1.153852652844406190e+00
1.153491256086501382e+00
1.152474756240875475e+00
1.152323032661301649e+00
1.151965385076727300e+00
1.151369425945145020e+00
1.150744870878122939e+00
1.150356939631377307e+00
1.149717741348256439e+00
1.149328048177105321e+00
1.148467771792773595e+00
1.147951160262032699e+00
1.147340102918704030e+00
1.146234216415643603e+00
1.144807495130340635e+00
1.144532610816926921e+00
1.143883532136490633e+00
1.143349511768177562e+00
1.142434638309317796e+00
1.141721526339143145e+00
1.140945379378956570e+00
1.140449819668500675e+00
1.139074349568778732e+00
1.138581858514098766e+00
1.138269332525422950e+00
1.138170104814268502e+00
1.137294306914026665e+00
1.135770613571864152e+00
1.135486567547163261e+00
1.135029583349514759e+00
1.134818612199456345e+00
1.133702876953026184e+00
1.132882783375573910e+00
1.132436972854872437e+00
1.132250123487182014e+00
1.131686175249496662e+00
1.131359836877334324e+00
1.130524860094595407e+00
1.130375317334285645e+00
1.129746821396084400e+00
1.128906453641365104e+00
1.128165305792314888e+00
1.127780786661681356e+00
1.127189276422280617e+00
1.127079116708253448e+00
1.126281416760451570e+00
1.126079447544471979e+00
1.124191284824193060e+00
1.123976012476746167e+00
1.123614552485779017e+00
1.123452221819561281e+00
1.122970873051484686e+00
1.122102230804176592e+00
1.121971950150451702e+00
1.121323030856662628e+00
1.120552682612302453e+00
1.120054542808049280e+00
1.119838190243594100e+00
1.119036208637230967e+00
1.118621851576461657e+00
1.117912386729664309e+00
1.117354778934682713e+00
1.115584571667302516e+00
1.115461234724503647e+00
1.114713024111658290e+00
1.114005858142558480e+00
1.113225984056685380e+00
1.113055278992273189e+00
1.112126608931123473e+00
1.110949895617189487e+00
1.110406297736687531e+00
1.109329192155854571e+00
1.108810490728795672e+00
1.108747890858619467e+00
1.107991762488471643e+00
1.107726209711811238e+00
1.107569985980853877e+00
1.106863174973096164e+00
1.106330327989993645e+00
1.105953927339718756e+00
1.105456783637515095e+00
1.104397567837254623e+00
1.103835109241589896e+00
1.103316806083562751e+00
1.102711903719199471e+00
1.102193379297394804e+00
1.101663122052793264e+00
1.101543066827817885e+00
1.101179200076371822e+00
1.100684544054387981e+00
1.100326532128170332e+00
1.099975019873564053e+00
1.099366751270693499e+00
1.098949126214604055e+00
1.098507335702270327e+00
1.098320391224001824e+00
1.097655998063320704e+00
1.097434962350848586e+00
1.096661183421600905e+00
1.096434718374262651e+00
1.095569423225248862e+00
1.095309114052672284e+00
1.095051029791354713e+00
1.094510453287962592e+00
1.093513981805951829e+00
1.092159054615052360e+00
1.091485175870431368e+00
1.091461478190238976e+00
1.090917758066768606e+00
1.090725235945399163e+00
1.090658080794516538e+00
1.090354754308534124e+00
1.089379811896432404e+00
1.088701608581202240e+00
1.088306786307388307e+00
1.087407192641189679e+00
1.087127754387127165e+00
1.086712885911829352e+00
1.086007184284012661e+00
1.085395291641375604e+00
1.084911734350613610e+00
1.084273995634578602e+00
1.084125545341096508e+00
1.083542918929669030e+00
1.083276949756221796e+00
1.083087283611187779e+00
1.082345385789162506e+00
1.081731624355843246e+00
1.081673575375671215e+00
1.080740614478059802e+00
1.080471179841411722e+00
1.080039717926209120e+00
1.079260192049778855e+00
1.078526686992340444e+00
1.078452215797694347e+00
1.078172309917636795e+00
1.077349320784848352e+00
1.076903557755306329e+00
1.076534430584437096e+00
1.076167930252786897e+00
1.075895488153099988e+00
1.075598802650692631e+00
1.075278929858463073e+00
1.074608310332810790e+00
1.074211340638216328e+00
1.073493839530430982e+00
1.072926660219723605e+00
1.072653937219825604e+00
1.072237727957692233e+00
1.072141659197310082e+00
1.072025440046676437e+00
1.071504269731126113e+00
1.071350313223014661e+00
1.071070879905649642e+00
1.070564999606115730e+00
1.070260696512297383e+00
1.070113385006064899e+00
1.069682973955209837e+00
1.069338409887237828e+00
1.069017619669108132e+00
1.067542409629872679e+00
1.067446709623741441e+00
1.066957508589298609e+00
1.066853336100511473e+00
1.066592163316023578e+00
1.066125129565384855e+00
1.065961054135254438e+00
1.065794609594662656e+00
1.065280093224014957e+00
1.065016225364056268e+00
1.064336073796430249e+00
1.064049679530459480e+00
1.063764187652185056e+00
1.063035266536096035e+00
1.062728230422373521e+00
1.062651335459832813e+00
1.062492639523015203e+00
1.062007570029467551e+00
1.061774083476594743e+00
1.061402848828626233e+00
1.060968701441181938e+00
1.060680200605202517e+00
1.060584241644701775e+00
1.060046957387950961e+00
1.059668617855430206e+00
1.059242634461219579e+00
1.058899582418094454e+00
1.058461860957353728e+00
1.058223201238673417e+00
1.058173459091968915e+00
1.057925601911182234e+00
1.057257677147835695e+00
1.056753567055103149e+00
1.056437821632610463e+00
1.056204934717414723e+00
1.056079226177668140e+00
1.055269143057858461e+00
1.055063970332164258e+00
1.054563844549485152e+00
1.054246806942909842e+00
1.053557822030608992e+00
1.052884632502257389e+00
1.052444772736238265e+00
1.052127245795059673e+00
1.051316496129060640e+00
1.050968753721630344e+00
1.050862114198607866e+00
1.050560153609989555e+00
1.050360530092034228e+00
1.050021439231290987e+00
1.049779926788311890e+00
1.049721032287315836e+00
1.049352360734383538e+00
1.048302010772891757e+00
1.047897466216772155e+00
1.047413232314120979e+00
1.047345756057534993e+00
1.047050731247266997e+00
1.046854185585976094e+00
1.045868034273231384e+00
1.045794605728406879e+00
1.045490339767887855e+00
1.045187284250497450e+00
1.044918332864713140e+00
1.044559564977223687e+00
1.044462978657774821e+00
1.044239137302260811e+00
1.043793474809831201e+00
1.043291360449165817e+00
1.043146223485257762e+00
1.042730984192234978e+00
1.042493714759492152e+00
1.041934728218831596e+00
1.041504702978763852e+00
1.041333682250481507e+00
1.041056816860320255e+00
1.040612760892014155e+00
1.040250043330290586e+00
1.040157932200450830e+00
1.039657586228855513e+00
1.039322400684011383e+00
1.039068630689470973e+00
1.038860134241274658e+00
1.038650507044779570e+00
1.038420423127149883e+00
1.038348049429123954e+00
1.037845903849892837e+00
1.037560145888801078e+00
1.037407894065568881e+00
1.037120791093951500e+00
1.036868651752397286e+00
1.036611797883110864e+00
1.036023385301911848e+00
1.035963903249517815e+00
1.035804968966374195e+00
1.035425029721661394e+00
1.034848721497745538e+00
1.034655036821892526e+00
1.034512382549187093e+00
1.034001848324441974e+00
1.033898463373987386e+00
1.033444732703502567e+00
1.032985078099578180e+00
1.032700702762404665e+00
1.032568720300911069e+00
1.032246768215456578e+00
1.031819415593313138e+00
1.031589453716312388e+00
1.031122399562392156e+00
1.031074059633841467e+00
1.030556014766144113e+00
1.029920683020477234e+00
1.029872801159795070e+00
1.029416496545323190e+00
1.029267571312358243e+00
1.029192841084401566e+00
1.028672272238428498e+00
1.028563842456752697e+00
1.028268527759602202e+00
1.028026177938732744e+00
1.027443377155265125e+00
1.027299214672120042e+00
1.026948809249303984e+00
1.026456193407824902e+00
1.026255879329696530e+00
1.025854825064056453e+00
1.025766750477092426e+00
1.025597156199441695e+00
1.025210043589596332e+00
1.025057432369380406e+00
1.024913721079881546e+00
1.024497871951509875e+00
1.024262507387042387e+00
1.024126165054225046e+00
1.023788187364503166e+00
1.023280018307696881e+00
1.022757297815979127e+00
1.022599037207196915e+00
1.022483573676469693e+00
1.022269835318426967e+00
1.021777637322046406e+00
1.021644975630511043e+00
1.021267046407461576e+00
1.020806052621100246e+00
1.020561965108318203e+00
1.020273594427653974e+00
1.020000272585963375e+00
1.019806906621896214e+00
1.019735444076316444e+00
1.019624557888884286e+00
1.019162978485000037e+00
1.018576036340474333e+00
1.018290051491909987e+00
1.018205010505512043e+00
1.017808166740834297e+00
1.017646762550421524e+00
1.017537721251976501e+00
1.017331618218945355e+00
1.017174571301739716e+00
1.017048415155352936e+00
1.016649851936990423e+00
1.016422986227643932e+00
1.016335430346846813e+00
1.015692420459693102e+00
1.015385856529192443e+00
1.015329653310538260e+00
1.015125006098685168e+00
1.014648294479629564e+00
1.014108234167789391e+00
1.013780874378225061e+00
1.013638826398875592e+00
1.013361280414952548e+00
1.013047266118453749e+00
1.012968499023410462e+00
1.012707531074783063e+00
1.012402616661358001e+00
1.012322611944050932e+00
1.012143476965349898e+00
1.011901520713523794e+00
1.011678819693835774e+00
1.011641606311406427e+00
1.011450055226829070e+00
1.011394843940791821e+00
1.011325116116007505e+00
1.011003918444663530e+00
1.010915823643119715e+00
1.010697921394867693e+00
1.010581472817498438e+00
1.010304895903563427e+00
1.010071662146890814e+00
1.009907857209591864e+00
1.009835217515650418e+00
1.009575041224465952e+00
1.009341403039826446e+00
1.009208648115117901e+00
1.008844683229216610e+00
1.008610351202507305e+00
1.008489357980096646e+00
1.008080674266060406e+00
1.007877193533816884e+00
1.007808865975709844e+00
1.007387721886182419e+00
1.007096972890247244e+00
1.006947536376993746e+00
1.006847358934205960e+00
1.006738212654198161e+00
1.006570430308345143e+00
1.006440524475614273e+00
1.006225183082030128e+00
1.006141470614178912e+00
1.005879935989434593e+00
1.005811312538235525e+00
1.005558706848397987e+00
1.005531671563544949e+00
1.005259579968079242e+00
1.005204665882960091e+00
1.005083832172563696e+00
1.004980311105251767e+00
1.004848723051827042e+00
1.004678780669958416e+00
1.004548370682784686e+00
1.004272585359683889e+00
1.004064682664554953e+00
1.004030075508029141e+00
1.003874374835977523e+00
1.003811066850217815e+00
1.003687630939452458e+00
1.003470328453239580e+00
1.003376593396205330e+00
1.003109285590253252e+00
1.002951278198121798e+00
1.002595366238117069e+00
1.002403655521148407e+00
1.002347511249576328e+00
1.002228874835908945e+00
1.002134179171702888e+00
1.001904690970615075e+00
1.001769391699166567e+00
1.001659566408505730e+00
1.001481673397812688e+00
1.001258867314166467e+00
1.001070222999627335e+00
1.001001757440218798e+00
1.000908004536091633e+00
1.000775684964743339e+00
1.000605014061145992e+00
1.000554315477636846e+00
1.000409302779921017e+00
1.000258156146638600e+00
1.000103443848168627e+00
9.998695701308029093e-01
9.998023069995912726e-01
9.995530169216905181e-01
9.993369775642790831e-01
9.992277339466011377e-01
9.991466384732647921e-01
9.991012651570194691e-01
9.989802217168700649e-01
9.988968663727680886e-01
9.987415463744286903e-01
9.986013767825161480e-01
9.985460537788283242e-01
9.983971687734012335e-01
9.983818526937695559e-01
9.978737604410954365e-01
9.978072884729161096e-01
9.976411149208150864e-01
9.974894066877398879e-01
9.971756926927081155e-01
9.967300440502858683e-01
9.966019840495912163e-01
9.964276397435855026e-01
9.963335985824401941e-01
9.962314415866641015e-01
9.960573123886194979e-01
9.959438632524422186e-01
9.957160948315074700e-01
9.955775649440272712e-01
9.952689300686861085e-01
9.950319197205137467e-01
9.946655529201655632e-01
9.945189113045722618e-01
9.944984055565487813e-01
9.943123518999765764e-01
9.942345407078437836e-01
9.941568129678262089e-01
9.940145461911602531e-01
9.936932323917280208e-01
9.934891820111955152e-01
9.933896517142560834e-01
9.932937530904117907e-01
9.927993266903319958e-01
9.925946915745367249e-01
9.924954361086361088e-01
9.922946686100300173e-01
9.919065661162127512e-01
9.918305976700096949e-01
9.916440887089458256e-01
9.911140164218625870e-01
9.908966653314894568e-01
9.906569049265944171e-01
9.901073218524616415e-01
9.898856740391561715e-01
9.898007415348278881e-01
9.894328733584046853e-01
9.891549417508749276e-01
9.890692118914286013e-01
9.887456233049272125e-01
9.884419429612437691e-01
9.883629728349592192e-01
9.878790976721449901e-01
9.876448686508579877e-01
9.872718503744419838e-01
9.867375455674990414e-01
9.865957813078828353e-01
9.862608816889449903e-01
9.861794882354849578e-01
9.858844442678750264e-01
9.856514886630703964e-01
9.854614673365402755e-01
9.851149794431010021e-01
9.849072253313808645e-01
9.845041049829788005e-01
9.842557568313078376e-01
9.839154755160277599e-01
9.837242717637239009e-01
9.834836435104596930e-01
9.833231364537813324e-01
9.832352354787542437e-01
9.828677546896202877e-01
9.828034780283093630e-01
9.826265327197304389e-01
9.824034958075607005e-01
9.821117790581181950e-01
9.815227303709290751e-01
9.813719779102914043e-01
9.807910310959325750e-01
9.799319058892381751e-01
9.796387800558202796e-01
9.794117644379789489e-01
9.793650639191373575e-01
9.788630887473005471e-01
9.785852912225883049e-01
9.780497829549665845e-01
9.777527345271290748e-01
9.772723805638813266e-01
9.771139477090560188e-01
9.769942436939702546e-01
9.769385280174778252e-01
9.764950380197706670e-01
9.762621645996196751e-01
9.758824058008571667e-01
9.752268154145196100e-01
9.743129537078004665e-01
9.740677556088106481e-01
9.739769765333522455e-01
9.733238825565331265e-01
9.731607573367456743e-01
9.727680859536543823e-01
9.725457353371544933e-01
9.721710101741518617e-01
9.717734208228799853e-01
9.717189314043501724e-01
9.708725939858514620e-01
9.706598172055662666e-01
9.703657996143819631e-01
9.700997206937447270e-01
9.690953989398329860e-01
9.686866877373037088e-01
9.684331854588267285e-01
9.683255448428498280e-01
9.674860842259667137e-01
9.669984257754986601e-01
9.668238679412233250e-01
9.666175348755291497e-01
9.659646958795771177e-01
9.659158110031902389e-01
9.653726219942466713e-01
9.643218521845989821e-01
9.637494476049549563e-01
9.631561785599325187e-01
9.624398716739713810e-01
9.619656396754520111e-01
9.618510768577838155e-01
9.616012748878118854e-01
9.613870538236589658e-01
9.604948447771973763e-01
9.603725257117411429e-01
9.601746381358901017e-01
9.594591430816080679e-01
9.589150706607608710e-01
9.588467915201996927e-01
9.584615128117603966e-01
9.575008372471018880e-01
9.573665211399169372e-01
9.566450157509185370e-01
9.560729547636883652e-01
9.559072876546540476e-01
9.554505530958309345e-01
9.552279735363722324e-01
9.550405904432522908e-01
9.546086333978059946e-01
9.543734019167374738e-01
9.540374848895619708e-01
9.538946932850540517e-01
9.535036438683882620e-01
9.533875670547387049e-01
9.532875836151107896e-01
9.516101764368114502e-01
9.513199963725955666e-01
9.505417028005235247e-01
9.502265351468984766e-01
9.498671783410693736e-01
9.497077986653270631e-01
9.493174718080750196e-01
9.489846762341530573e-01
9.483049976487883947e-01
9.478754953198380573e-01
9.471057349916736090e-01
9.468350696792031673e-01
9.464939170977586524e-01
9.463384147153053316e-01
9.459700509754528364e-01
9.452116783054969051e-01
9.449353896146621690e-01
9.440769329540792398e-01
9.439364585840016586e-01
9.436926188908287827e-01
9.429573667143165139e-01
9.425756410334508173e-01
9.423152377362339349e-01
9.419906394902488600e-01
9.412724185462882920e-01
9.404166742413441193e-01
9.398690576888062420e-01
9.397783287757578430e-01
9.392561212740556664e-01
9.380498148843484651e-01
9.374130835052985056e-01
9.366223948972988156e-01
9.363461830642654249e-01
9.354481846866775641e-01
9.351523671978684282e-01
9.350346546225291045e-01
9.348398916541553749e-01
9.345663374566538506e-01
9.342728020623730645e-01
9.333680316427040990e-01
9.319573528425558750e-01
9.317556675348622752e-01
9.312974240540682347e-01
9.310351107315854025e-01
9.306679470015651878e-01
9.291889470833853970e-01
9.288089969648414268e-01
9.280510509603092650e-01
9.275781668486523523e-01
9.273578778832285430e-01
9.264395679568633302e-01
9.260597434283867058e-01
9.257980283738979077e-01
9.254503109943905681e-01
9.248416459732184958e-01
9.247401332038789334e-01
9.235239818846664450e-01
9.232808515873994759e-01
9.229199920226103249e-01
9.224195900696876560e-01
9.220138302930060981e-01
9.209769109213200577e-01
9.208222770580741789e-01
9.194175116747285159e-01
9.186113659572747725e-01
9.174935541137265727e-01
9.173955826774994327e-01
9.170302619736281358e-01
9.165703810624671322e-01
9.162527211791615667e-01
9.148333937806163441e-01
9.136868581048213089e-01
9.134889596215409746e-01
9.123919559291918668e-01
9.114569516258359538e-01
9.107510274442350839e-01
9.099395818474760311e-01
9.092522835501164469e-01
9.084750161550599890e-01
9.080746437938577165e-01
9.078190812335431570e-01
9.071913198765989561e-01
9.058695628555614165e-01
9.056243038689328895e-01
9.050733532488232091e-01
9.048154479902674741e-01
9.038937171082856992e-01
9.026792092063886663e-01
9.025861458131246851e-01
9.017754783744896807e-01
9.015949532706942771e-01
9.007398523169871662e-01
9.002457333522645433e-01
8.997502021905849912e-01
8.990728045646343425e-01
8.981101710796479676e-01
8.957094444275751632e-01
8.948435786621959931e-01
8.939390222705929645e-01
8.937385922058094234e-01
8.919405323056666113e-01
8.910451834309484065e-01
8.901801075069136759e-01
8.896673632139309174e-01
8.885802850426796073e-01
8.879699921217572012e-01
8.876241166999598864e-01
8.862315229217079260e-01
8.862141588218128696e-01
8.840873319573748779e-01
8.839537554709496758e-01
8.826420738882363448e-01
8.820008782086345978e-01
8.810473020525264598e-01
8.806204786502314086e-01
8.804523583417001031e-01
8.793769720837371073e-01
8.787093135652586096e-01
8.779777641583211834e-01
8.763144466281307388e-01
8.761275796063531240e-01
8.748736529392097117e-01
8.741960073040657697e-01
8.736809255567621335e-01
8.722942791715424526e-01
8.721629705843579883e-01
8.715942539090795194e-01
8.711897161360242503e-01
8.699619665631573850e-01
8.696240834698880651e-01
8.683408030504282671e-01
8.671623146576828978e-01
8.658166437673111560e-01
8.640988004308890469e-01
8.639810227208781779e-01
8.617204224251464595e-01
8.614481793194515014e-01
8.606810477628457079e-01
8.603217682242132458e-01
8.580819217603957716e-01
8.578121156849302098e-01
8.565759033261176603e-01
8.554010974500284581e-01
8.542544235023185051e-01
8.537765798878902412e-01
8.535783060142958512e-01
8.518034510613775590e-01
8.513356550606860917e-01
8.506583864654168048e-01
8.503604883958409966e-01
8.498081900449138137e-01
8.484067558502315087e-01
8.467635140234203162e-01
8.464444928398171530e-01
8.452764755886197356e-01
8.449863075821844038e-01
8.447710826070988777e-01
8.434608901322139252e-01
8.413793808669303154e-01
8.400895087582823662e-01
8.397031129342453770e-01
8.393494502389076128e-01
8.384626503409815523e-01
8.373828452369251885e-01
8.369617207019061089e-01
8.365780830199005536e-01
8.352513483177516074e-01
8.345330669893187281e-01
8.338133798708688982e-01
8.326323060846849700e-01
8.317597623017752850e-01
8.314610867059255561e-01
8.288850256811166606e-01
8.280738822156084034e-01
8.275542469248516886e-01
8.272374579492839386e-01
8.266939800623638313e-01
8.248382646812808527e-01
8.233915673116458667e-01
8.229991260269350350e-01
8.225323567416920056e-01
8.215626354508549500e-01
8.210612268671547698e-01
8.200092955196081057e-01
8.170176923423695392e-01
8.167303519117283805e-01
8.165668015498656063e-01
8.161732602639550915e-01
8.156769189350555616e-01
8.145626176547978714e-01
8.140004853144083841e-01
8.122776415764780822e-01
8.119314938143525895e-01
8.114818672217112283e-01
8.111395789258896150e-01
8.084428391491249588e-01
8.072665660364478635e-01
8.069963449146273504e-01
8.051570187904411036e-01
8.048641026609968385e-01
8.036976611646643454e-01
8.033038164371705259e-01
8.030396523998764025e-01
8.015783425575431220e-01
8.012963949959077681e-01
7.993368565187576325e-01
7.986852930014377572e-01
7.971110675485587604e-01
7.957761743422425704e-01
7.953046780480625966e-01
7.942438226516141953e-01
7.918554232682121219e-01
7.916669032566278075e-01
7.893082338913491869e-01
7.880147837461926041e-01
7.857241938211324550e-01
7.848997956225242101e-01
7.833533816298696717e-01
7.830724856781410281e-01
7.825598938077842348e-01
7.824703169945889103e-01
7.795031656693742761e-01
7.791359918814846353e-01
7.787597220888152760e-01
7.768045153725107177e-01
7.764765295375345433e-01
7.726139265472958817e-01
7.717360402063728753e-01
7.709584527056628778e-01
7.700898860869760387e-01
7.699358205272450739e-01
7.692261998688393332e-01
7.687147052071150455e-01
7.683699601234391663e-01
7.659826166919526669e-01
7.628868823369916452e-01
7.615765465035155835e-01
7.614281081941600693e-01
7.596607936572293829e-01
7.567507943125636460e-01
7.548658302057578151e-01
7.542875205564832930e-01
7.523284295765214624e-01
7.519664956713513204e-01
7.485693286647625566e-01
7.474341964006743222e-01
7.461153693685377286e-01
7.453588001502350346e-01
7.446665481585176272e-01
7.436217159786416842e-01
7.429413822152329816e-01
7.400819444800522673e-01
7.386410126009864685e-01
7.371162019665887799e-01
7.353732772076588819e-01
7.349523090953153925e-01
7.342010637153886243e-01
7.328118184943351876e-01
7.319658752707406402e-01
7.315359004926871300e-01
7.309984474967470280e-01
7.298878740770941009e-01
7.281311579771075904e-01
7.268170004413236907e-01
7.240650350590266404e-01
7.218586361864400835e-01
7.215125178032668618e-01
7.196871635505193154e-01
7.170152385314542132e-01
7.163294734043451628e-01
7.128645206401954537e-01
7.108528435121314049e-01
7.099407118580401965e-01
7.077567229736435594e-01
7.069494624130691074e-01
7.060621209036272994e-01
7.046082762664543919e-01
7.015898790196618551e-01
6.995164369359037071e-01
6.986347982875333873e-01
6.981447122111202885e-01
6.957140152467403693e-01
6.942206962230726974e-01
6.938433213790772269e-01
6.925985521748972973e-01
6.915439686264840402e-01
6.899443569661204423e-01
6.891092770041166160e-01
6.873905821680654782e-01
6.839433037855269237e-01
6.834157878345447079e-01
6.813231468055551687e-01
6.806811836962489703e-01
6.779509891832916635e-01
6.767717391010632522e-01
6.751622473964788984e-01
6.720701909758628467e-01
6.703470529794706145e-01
6.692057015976743406e-01
6.665837939920985500e-01
6.653793535624727973e-01
6.652623861728413912e-01
6.604224726820424607e-01
6.601826583712236962e-01
6.583165318558126256e-01
6.567554666730879287e-01
6.562008318478170787e-01
6.534976961968028686e-01
6.493261683105365778e-01
6.477906946056589677e-01
6.409963830299565402e-01
6.394201759584299261e-01
6.383633087483114865e-01
6.361827071592937033e-01
6.359114646476067279e-01
6.355102493263402597e-01
6.271305019716708617e-01
6.262310279628954257e-01
6.250657526126371932e-01
6.246494591241694705e-01
6.217886997140719130e-01
6.206367344067516001e-01
6.181633019353004466e-01
6.180903407715846454e-01
6.176844964211509748e-01
6.143006379726503319e-01
6.135049793204937485e-01
6.133569134234001519e-01
6.114901100029640491e-01
6.079774982474663858e-01
6.046541294333985794e-01
6.031018253072948365e-01
6.026700548241507027e-01
5.997880024426093248e-01
5.993240997899705880e-01
5.963283027234657085e-01
5.944243068635384208e-01
5.933919861695643450e-01
5.931295852199163221e-01
5.914575347930336457e-01
5.832330441393643872e-01
5.803227414309372056e-01
5.780854074428839473e-01
5.751902269140238833e-01
5.706512001279505641e-01
5.645710485303258030e-01
5.622526244220026337e-01
5.530313925233929506e-01
5.506728996197388648e-01
5.501626186970272059e-01
5.495261846930474814e-01
5.450871409768266451e-01
5.433099854439510379e-01
5.421388059221455835e-01
5.385886645881315937e-01
5.346820594900689727e-01
5.320535466624283227e-01
5.314686228981555516e-01
5.308294299240946534e-01
5.251142573777228817e-01
5.249702587201289239e-01
5.216239222145327981e-01
5.194448381278066185e-01
5.189855633420803471e-01
5.129776113619201050e-01
5.111864090259601312e-01
5.104893859063475148e-01
5.098984285973650055e-01
5.067550426305231781e-01
5.058189978345954962e-01
5.043622707633645952e-01
5.018393746211382567e-01
4.855261195059054069e-01
4.854986808822487343e-01
4.798846510236475238e-01
4.792894779755943468e-01
4.705765798245775677e-01
4.662017463753017066e-01
4.596868926646364151e-01
4.556605800702009379e-01
4.556011787972315541e-01
4.523649960724985264e-01
4.475878644163675535e-01
4.442240830565299947e-01
4.436735393873947331e-01
4.397506949903928208e-01
4.303103857248390951e-01
4.165497774989084245e-01
4.113312186602794407e-01
4.097158345017430925e-01
4.044286383624991488e-01
4.024558008981504731e-01
3.996349263884749758e-01
3.991198638566410550e-01
3.870207645105343541e-01
3.760631257963267249e-01
3.687937820409778467e-01
3.672175219565685378e-01
3.613307122046342523e-01
3.483589014320753185e-01
3.430676391138157699e-01
3.309973342689473963e-01
3.257057750467418078e-01
3.161486196822805295e-01
3.136806916732254868e-01
2.997120880902288120e-01
2.986076393963898457e-01
2.928995971216662442e-01
2.788719951742226755e-01
2.657726303051119454e-01
2.447318495610321110e-01
2.056720511524852135e-01
