1.003561747673018431e+03
4.246503538791877190e+02
4.044892077351773878e+02
1.801526842143510692e+02
1.511592439284607963e+02
1.128407337838250584e+02
7.846065373197671988e+01
6.789585649426554426e+01
5.755812584971458534e+01
5.704466592352901699e+01
3.577599512399916648e+01
3.465380610357731683e+01
3.353716621698334421e+01
2.967473611639877262e+01
2.186986184817422441e+01
2.067811722632894700e+01
1.822195172204177283e+01
1.742517650558471942e+01
1.640152870917674122e+01
1.438823395740084976e+01
1.375755577106179750e+01
1.203142687496835883e+01
1.129246125569162373e+01
1.060098700034995822e+01
1.005717035969343165e+01
9.512376334237922393e+00
8.907345673031120015e+00
7.972929553875471420e+00
7.218900418842436828e+00
6.969501627010728839e+00
6.597988092036557894e+00
6.346694058030667662e+00
6.250644921126802700e+00
6.026650565168969464e+00
5.418283911078412451e+00
5.290590333563627290e+00
5.072189277653127881e+00
4.973914307663815038e+00
4.591090619493745528e+00
4.482974383914714700e+00
4.363807006903506647e+00
4.222013823258200738e+00
4.029080173187111313e+00
3.972017326665917114e+00
3.881457484808647607e+00
3.455192762022968544e+00
3.401230296214542204e+00
3.327649448327211434e+00
3.242185120543880306e+00
3.189430211669707305e+00
3.174041084529040546e+00
3.110316091843178476e+00
2.937122356342436902e+00
2.881151988347435022e+00
2.775869394889710406e+00
2.750962509073382911e+00
2.708737582174460812e+00
2.563142154367901604e+00
2.534649660945861971e+00
2.518340440182984086e+00
2.474471458095034215e+00
2.438141520229055725e+00
2.380115888105392763e+00
2.340444464741715080e+00
2.324579680665699755e+00
2.253710519680103275e+00
2.190829316159347950e+00
2.103297495214907720e+00
2.084775320818290201e+00
2.047433510905201981e+00
2.039879662874303001e+00
2.027621267881086986e+00
1.996171092702871519e+00
1.985012734233623011e+00
1.938431767240320402e+00
1.904993874417262312e+00
1.876785125676176058e+00
1.869677378932491196e+00
1.816057146413633028e+00
1.799557705774418315e+00
1.770275273249722225e+00
1.764067306157543147e+00
1.755994032052424991e+00
1.737473923914079732e+00
1.730806826758605643e+00
1.712395834871770273e+00
1.682987916938662121e+00
1.667655626621235898e+00
1.665181341588426234e+00
1.629064270707316187e+00
1.609096468662648105e+00
1.603933758322093839e+00
1.570398109882745308e+00
1.565119357446805637e+00
1.553888083288690325e+00
1.548094112063609362e+00
1.542825245806353829e+00
1.522303462264556373e+00
1.518008399638806516e+00
1.508184327131099733e+00
1.501218888526558493e+00
1.487459213389468182e+00
1.464894303711010481e+00
1.459609429501570466e+00
1.439446916888593275e+00
1.429289166092654773e+00
1.425130254091393045e+00
1.422867578473990147e+00
1.419785860063017102e+00
1.400093630583068682e+00
1.393609152812407492e+00
1.391661174744249330e+00
1.388721436543254750e+00
1.376837928423527480e+00
1.372498962426994762e+00
1.368828643062946826e+00
1.359810458509894460e+00
1.348014840787338020e+00
1.346376152975609086e+00
1.325340920047701543e+00
1.319116358780724862e+00
1.315759946201207287e+00
1.310875533259004078e+00
1.306028256913932761e+00
1.304536645215933266e+00
1.302388235494020829e+00
1.297991173473148629e+00
1.292113681135521164e+00
1.288486896363679302e+00
1.278407226174306910e+00
1.275300953455287711e+00
1.269244516587222371e+00
1.263313478085362318e+00
1.256689200562021824e+00
1.255482850911558756e+00
1.246358191401301774e+00
1.242824221371132021e+00
1.240998977467048681e+00
1.239048207276810087e+00
1.231687324251280025e+00
1.231115731252623524e+00
1.224624326426727805e+00
1.222144497425945220e+00
1.220972617955447648e+00
1.220295789872227088e+00
1.216453218278204851e+00
1.210965771902086541e+00
1.207552246398119644e+00
1.202727169144468311e+00
1.196753733441894729e+00
1.194476616731224183e+00
1.192175720856449628e+00
1.190143640576377893e+00
1.184968221087932427e+00
1.182370352975976591e+00
1.179022751728121099e+00
1.177974406589433753e+00
1.176657744665082994e+00
1.173342242975794258e+00
1.171130101030338988e+00
1.169300872789598600e+00
1.167739133829649445e+00
1.164596434158642113e+00
1.162222656733903792e+00
1.161254584660572631e+00
1.159428105755264449e+00
1.155627729997317221e+00
1.152947539408983868e+00
1.151196198203212173e+00
1.149101101655980672e+00
1.146752169025825996e+00
1.145185204720066574e+00
1.140319191469783000e+00
1.139921480759870986e+00
1.139297703942373730e+00
1.137276757767501367e+00
1.136454369904428718e+00
1.135222200819469895e+00
1.131255933411269732e+00
1.130816454988827768e+00
1.128665776314015767e+00
1.126595842528520297e+00
1.125075751251536582e+00
1.122409890110185104e+00
1.120831706907693626e+00
1.119391419556507117e+00
1.118277657878283815e+00
1.116060396440335722e+00
1.114414584750907711e+00
1.113086057948305729e+00
1.112454786130463891e+00
1.111039165144507734e+00
1.108826662596413160e+00
1.108483435434256981e+00
1.107777282103605598e+00
1.107012987969275164e+00
1.105512196511160505e+00
1.102618740503223060e+00
1.101804015368045064e+00
1.100578031185632799e+00
1.099310145146173978e+00
1.098921187995849147e+00
1.097424296820165734e+00
1.096649335499647382e+00
1.094867684753567438e+00
1.093781905952561972e+00
1.092892428329180987e+00
1.092355346989160703e+00
1.090787687660737415e+00
1.089158431540114602e+00
1.087968557709921846e+00
1.087685774414331341e+00
1.087318470379765145e+00
1.086196626374563268e+00
1.085315204362943264e+00
1.084057108357581845e+00
1.083383173993605064e+00
1.082402901863220412e+00
1.080826894977927832e+00
1.079510732084083768e+00
1.078692630004367770e+00
1.078110426299904834e+00
1.077272540336768003e+00
1.076087094526277488e+00
1.075297754121621319e+00
1.074496716794586471e+00
1.073580922029883977e+00
1.072724325561964953e+00
1.072673099308996347e+00
1.071559858291246226e+00
1.071378180061471230e+00
1.069335058117460990e+00
1.068905821762027530e+00
1.068067231745433388e+00
1.067592642495651223e+00
1.067010163943294510e+00
1.066461435669585844e+00
1.066051673031744862e+00
1.064684303516489017e+00
1.063626461314157945e+00
1.063299501727020591e+00
1.063005335032731313e+00
1.061934018772113797e+00
1.061476225723279265e+00
1.060985901212023963e+00
1.060746684304521459e+00
1.060240678655640201e+00
1.059384630758465784e+00
1.059025365450094958e+00
1.058071514457922913e+00
1.057567892317967662e+00
1.057216403986548814e+00
1.056931811670208665e+00
1.056214469421293378e+00
1.055425673867708802e+00
1.054935463146695174e+00
1.054356741626098160e+00
1.053910588269245885e+00
1.053204364407906102e+00
1.052830584077890874e+00
1.052604479196499687e+00
1.051560772769164265e+00
1.051108520255639833e+00
1.050748619656802108e+00
1.050505985757311134e+00
1.049880431448736440e+00
1.049721136903840835e+00
1.049383628563604010e+00
1.049055213262462205e+00
1.048651593016191486e+00
1.047762527014969525e+00
1.047688681954707102e+00
1.046980492883916147e+00
1.046075241470393324e+00
1.045941004225593662e+00
1.045569774257982365e+00
1.045465836830160811e+00
1.045038353664513142e+00
1.044240960142728047e+00
1.043931616233157778e+00
1.043265953627060760e+00
1.043117208012168673e+00
1.042591309656876852e+00
1.042388906313170605e+00
1.041798477099952658e+00
1.041705878713276023e+00
1.041152885415666196e+00
1.040259549171017817e+00
1.040076944385189606e+00
1.039807551092624127e+00
1.039317542041953146e+00
1.039222490082301498e+00
1.038947203788988194e+00
1.038701602785502498e+00
1.037997051245373781e+00
1.037694289204596831e+00
1.037534801220668212e+00
1.037256639236963096e+00
1.037038179875571009e+00
1.036697979712794870e+00
1.036407373801671028e+00
1.035858596633714823e+00
1.035662341595634084e+00
1.035289757557316337e+00
1.034921927583385415e+00
1.034859391459049816e+00
1.034692434536380157e+00
1.034434794683966485e+00
1.034172958762457517e+00
1.033936360412568423e+00
1.033670909200882448e+00
1.033455084606405006e+00
1.033227657284095269e+00
1.032778511947549660e+00
1.032505067106386454e+00
1.032098330129222807e+00
1.031820281100097381e+00
1.031626536801823590e+00
1.031468906756162651e+00
1.031325829897279611e+00
1.030997433584363465e+00
1.030867218233111560e+00
1.030622488767779510e+00
1.030438386923522298e+00
1.029880650722606372e+00
1.029850482928176048e+00
1.029732657277095953e+00
1.029522229812040557e+00
1.029259787152838168e+00
1.028753618440865880e+00
1.028492593247119169e+00
1.028272399259341663e+00
1.028039711777509746e+00
1.027958007088418002e+00
1.027818076045482476e+00
1.027481001967128105e+00
1.027461335679601184e+00
1.027378999984360997e+00
1.027219850819948599e+00
1.027071413526107646e+00
1.026770345327234102e+00
1.026315896389848659e+00
1.026174499252872074e+00
1.026020446596173086e+00
1.025865394688065368e+00
1.025769912099796066e+00
1.025287991709157298e+00
1.025052637053108118e+00
1.024961637468372100e+00
1.024928559520671856e+00
1.024650272816070240e+00
1.024305997421959269e+00
1.024172191192895598e+00
1.024069543449585229e+00
1.023903836857067873e+00
1.023694642614727091e+00
1.023636835049303917e+00
1.023501850031491633e+00
1.023363880392910819e+00
1.023197241173505967e+00
1.023008949275268087e+00
1.022890476957452943e+00
1.022843996140170519e+00
1.022526577471657871e+00
1.022491671397930180e+00
1.022327422836783350e+00
1.022095027671215517e+00
1.021964934683924353e+00
1.021838423205973401e+00
1.021680795045825541e+00
1.021273115194993419e+00
1.021162335400348287e+00
1.020948781199150224e+00
1.020881572584453778e+00
1.020799203732376759e+00
1.020654159256015214e+00
1.020574397039839987e+00
1.020448926497025344e+00
1.020120302875649809e+00
1.020065523755877779e+00
1.019905408863772234e+00
1.019684551711427023e+00
1.019663594664249828e+00
1.019560291050287670e+00
1.019452667624098696e+00
1.019360481241034400e+00
1.019248328386386016e+00
1.019158832775673540e+00
1.019023130079824702e+00
1.018909760867376724e+00
1.018666165299554116e+00
1.018505453481952649e+00
1.018412408410010794e+00
1.018220190110057599e+00
1.018159090982450499e+00
1.018082626293868032e+00
1.017973293411225333e+00
1.017865940178884099e+00
1.017734477584511410e+00
1.017605505058640336e+00
1.017418502532443148e+00
1.017282136081065991e+00
1.017247688240072723e+00
1.017064019685866461e+00
1.016963448373837453e+00
1.016903667225307561e+00
1.016852192347538431e+00
1.016687141477029988e+00
1.016546572625577349e+00
1.016450508273523790e+00
1.016340732765197430e+00
1.016233944549510326e+00
1.015970564618084993e+00
1.015956142316881472e+00
1.015884501817321262e+00
1.015817615066775037e+00
1.015690290999690326e+00
1.015578459438839065e+00
1.015420801534020478e+00
1.015331545726495088e+00
1.015223747464507609e+00
1.015172595140808376e+00
1.015003572007459276e+00
1.014992556040035465e+00
1.014904736271818653e+00
1.014850209466822362e+00
1.014751825467116841e+00
1.014625523463190904e+00
1.014475086206305443e+00
1.014397225893395982e+00
1.014314094770083274e+00
1.014244808568516731e+00
1.014143980797194589e+00
1.014040049303266189e+00
1.013891100963439929e+00
1.013846919669389557e+00
1.013721742308586693e+00
1.013695594103060094e+00
1.013516343625444849e+00
1.013492109040594613e+00
1.013425654539668264e+00
1.013262360300642984e+00
1.013249841986189503e+00
1.013237245028943079e+00
1.012961673389209283e+00
1.012932657530707825e+00
1.012814083630235507e+00
1.012791545843266361e+00
1.012649408829851883e+00
1.012518213802983569e+00
1.012496430695548622e+00
1.012386017621496492e+00
1.012328023136997546e+00
1.012268696448385574e+00
1.012196341980485581e+00
1.012115023714194928e+00
1.012035374215064065e+00
1.011981021232650324e+00
1.011916554677672053e+00
1.011798698561194643e+00
1.011736100348379574e+00
1.011682806590615158e+00
1.011606475087182933e+00
1.011574097877944389e+00
1.011489966661789142e+00
1.011430104741134706e+00
1.011401489495608041e+00
1.011298645581185207e+00
1.011246955958044813e+00
1.011206794662229846e+00
1.011068804576031877e+00
1.011034589509810511e+00
1.010918679506291662e+00
1.010881769428888299e+00
1.010814219505739242e+00
1.010793971044457562e+00
1.010743588789392300e+00
1.010649612323046176e+00
1.010616531162434883e+00
1.010554828129219151e+00
1.010412494232737934e+00
1.010365640855012570e+00
1.010345033988702346e+00
1.010274078416811827e+00
1.010258345303160166e+00
1.010137100972898994e+00
1.010118184928209928e+00
1.010017493234700803e+00
1.009948389004777791e+00
1.009897501519102958e+00
1.009850823241178253e+00
1.009787467636278135e+00
1.009737828186918041e+00
1.009702555079933894e+00
1.009683188769374906e+00
1.009644739101163591e+00
1.009611525399695120e+00
1.009470096831991404e+00
1.009459375981088813e+00
1.009332859234284729e+00
1.009306597758001134e+00
1.009298266269385680e+00
1.009285521442429001e+00
1.009225466449418240e+00
1.009184335368019658e+00
1.009135210098673019e+00
1.009062315555380840e+00
1.009027661089162642e+00
1.008942902868425140e+00
1.008919327209725214e+00
1.008847020613944823e+00
1.008818911359371517e+00
1.008785185910169080e+00
1.008765697780487969e+00
1.008662944783088156e+00
1.008620983461697929e+00
1.008598501385484347e+00
1.008535116060389925e+00
1.008497042585857040e+00
1.008445029606071630e+00
1.008298917399209405e+00
1.008268226802278678e+00
1.008257402836840289e+00
1.008238168131502466e+00
1.008217327768815785e+00
1.008163736193883553e+00
1.008133242501676463e+00
1.008044430343740361e+00
1.008015814868090221e+00
1.007991764000604196e+00
1.007960202138659778e+00
1.007890276366646631e+00
1.007865730459698961e+00
1.007827960227185127e+00
1.007807157058671965e+00
1.007767581292265513e+00
1.007752481632050667e+00
1.007703593703759504e+00
1.007663381383842260e+00
1.007626105600484934e+00
1.007612948330579128e+00
1.007543507878452038e+00
1.007511161789863330e+00
1.007458088906956650e+00
1.007438888904255592e+00
1.007377532182588187e+00
1.007358100005312229e+00
1.007294580851366694e+00
1.007265922572108563e+00
1.007252918919612661e+00
1.007195819471133680e+00
1.007162251518873841e+00
1.007132499006432980e+00
1.007118221012447856e+00
1.007071252518802584e+00
1.007042377496403907e+00
1.007032364116837941e+00
1.006953641931422450e+00
1.006928709054580429e+00
1.006860202963122841e+00
1.006808077974352678e+00
1.006788366462658901e+00
1.006763757966367523e+00
1.006707937437772982e+00
1.006700651723874351e+00
1.006658310820282454e+00
1.006630109000101969e+00
1.006596162746741241e+00
1.006503253402891485e+00
1.006479596158688761e+00
1.006435333245901731e+00
1.006406794203315691e+00
1.006371178608905348e+00
1.006346694182175705e+00
1.006316675593299736e+00
1.006293958814669987e+00
1.006270302468836864e+00
1.006216880627519794e+00
1.006210056406763531e+00
1.006138841743843715e+00
1.006125090869098404e+00
1.006106809513119815e+00
1.006101446664722676e+00
1.006054401667962894e+00
1.006019475008127495e+00
1.006001942059271625e+00
1.005977841750409274e+00
1.005902812819868375e+00
1.005871562620158866e+00
1.005818041718046674e+00
1.005805582997340686e+00
1.005784879298340595e+00
1.005751257195617532e+00
1.005740182494751167e+00
1.005728464385318599e+00
1.005694880861477403e+00
1.005675375761899026e+00
1.005659928462717234e+00
1.005572044585339553e+00
1.005535171849372134e+00
1.005509191599122998e+00
1.005466889241317663e+00
1.005432319535452645e+00
1.005411771200076965e+00
1.005368428384402657e+00
1.005343075510734652e+00
1.005330328560422704e+00
1.005298124426904138e+00
1.005223119882952654e+00
1.005210979551703687e+00
1.005180902133572030e+00
1.005170280452343246e+00
1.005158950521311434e+00
1.005128008103789883e+00
1.005124063339587037e+00
1.005091132092293060e+00
1.005068575759055616e+00
1.005037099877660767e+00
1.005017063386508536e+00
1.004983958129026966e+00
1.004970191345384789e+00
1.004937975783385840e+00
1.004907996126020775e+00
1.004880443583036076e+00
1.004849099771512710e+00
1.004828945261645012e+00
1.004779807609412101e+00
1.004764223046070271e+00
1.004719076742885742e+00
1.004700245149128479e+00
1.004676604239742366e+00
1.004658930541463713e+00
1.004632461262813914e+00
1.004619410249915745e+00
1.004586579847185801e+00
1.004576977858290920e+00
1.004555545047661091e+00
1.004525163600173521e+00
1.004495261053169441e+00
1.004485971899846009e+00
1.004459536610660120e+00
1.004431572115619620e+00
1.004398962618295865e+00
1.004387287237725301e+00
1.004364435119696752e+00
1.004325678474615291e+00
1.004313117009492329e+00
1.004301039322775813e+00
1.004280103650023737e+00
1.004243441571064821e+00
1.004225631583413270e+00
1.004207177418189545e+00
1.004187014517952337e+00
1.004167068234993021e+00
1.004146457571013729e+00
1.004139941582457229e+00
1.004097980672382651e+00
1.004082567147395633e+00
1.004044173413713104e+00
1.004037635383324245e+00
1.004034269427210191e+00
1.003945898115567337e+00
1.003928795796005691e+00
1.003922207950387557e+00
1.003898733345098382e+00
1.003875204291733825e+00
1.003873205675549274e+00
1.003851724547817792e+00
1.003819418400017094e+00
1.003807881416092895e+00
1.003785864817041240e+00
1.003762701353525078e+00
1.003751468320006168e+00
1.003739952357611154e+00
1.003716302774878555e+00
1.003701231357258639e+00
1.003679869333223840e+00
1.003662222888800581e+00
1.003651744308127869e+00
1.003620075904031683e+00
1.003592709492728829e+00
1.003586586658666624e+00
1.003582934020875284e+00
1.003577204388489408e+00
1.003539899747283082e+00
1.003516197340568405e+00
1.003502354053799506e+00
1.003488544623596601e+00
1.003481385463115938e+00
1.003462349857495939e+00
1.003444354941654515e+00
1.003428949529202141e+00
1.003421648314213321e+00
1.003395044321059970e+00
1.003380692615071013e+00
1.003369866015626499e+00
1.003342302113703344e+00
1.003322882481181733e+00
1.003312148875599163e+00
1.003297590928990735e+00
1.003285262887561702e+00
1.003261778875212507e+00
1.003247114408359231e+00
1.003232095711786620e+00
1.003213639051321771e+00
1.003199832996418905e+00
1.003170061323056972e+00
1.003161254939716196e+00
1.003156685477871068e+00
1.003136239433314980e+00
1.003136102272540686e+00
1.003115643546885094e+00
1.003112914775889930e+00
1.003080519886590638e+00
1.003074729677243759e+00
1.003072709979007104e+00
1.003057205810225394e+00
1.003047463981626031e+00
1.003036896740272743e+00
1.003027020065988983e+00
1.003014664689916957e+00
1.002992997519162488e+00
1.002972576835614582e+00
1.002961290954034412e+00
1.002937875410283342e+00
1.002925997101131284e+00
1.002906243380972784e+00
1.002905207076165928e+00
1.002879640955884444e+00
1.002863988947567231e+00
1.002829553623278303e+00
1.002817522014271878e+00
1.002806031499911876e+00
1.002794871844569391e+00
1.002779729274668075e+00
1.002773056758269776e+00
1.002768550909201695e+00
1.002756704610930694e+00
1.002748607878903186e+00
1.002721750935099632e+00
1.002702147717491110e+00
1.002689810267835213e+00
1.002672113993849257e+00
1.002663701417857878e+00
1.002649426442155933e+00
1.002646627837569415e+00
1.002628428369438662e+00
1.002622859442178660e+00
1.002604107818548584e+00
1.002597993142591237e+00
1.002594670444651559e+00
1.002582854470858376e+00
1.002572609347841315e+00
1.002551546667144855e+00
1.002546273238822838e+00
1.002522995213108059e+00
1.002516049816297272e+00
1.002501737417336614e+00
1.002494002351454361e+00
1.002486400858493498e+00
1.002474649797933326e+00
1.002441447833305910e+00
1.002437227747400739e+00
1.002432898510679404e+00
1.002400106540115576e+00
1.002389806113345383e+00
1.002381481503923810e+00
1.002372002936599671e+00
1.002367220097533984e+00
1.002352972029894485e+00
1.002349010733554424e+00
1.002328829868379900e+00
1.002316455613297297e+00
1.002306049300291990e+00
1.002302775914413191e+00
1.002289204240136566e+00
1.002277414472187766e+00
1.002265284492547259e+00
1.002249572210268225e+00
1.002238353835358309e+00
1.002213786596939826e+00
1.002206244633047749e+00
1.002197923904619037e+00
1.002184005482947615e+00
1.002173876333501079e+00
1.002164389810114686e+00
1.002146285378131996e+00
1.002135042521315134e+00
1.002131427950894826e+00
1.002123111858932658e+00
1.002117897028088622e+00
1.002098944699546523e+00
1.002091533652632371e+00
1.002076519652453479e+00
1.002066908426610725e+00
1.002055423926075495e+00
1.002044341618780754e+00
1.002032336137113289e+00
1.002022129857889299e+00
1.002013537561949219e+00
1.002004003007324506e+00
1.001991818924933053e+00
1.001984061151636629e+00
1.001976735615971448e+00
1.001959833315386295e+00
1.001953518036122093e+00
1.001943775527972091e+00
1.001925231283714135e+00
1.001918664276973958e+00
1.001911157914757267e+00
1.001906017167681684e+00
1.001897370798022102e+00
1.001891700902738602e+00
1.001880213769009043e+00
1.001866970103167720e+00
1.001854133507007916e+00
1.001847245985529877e+00
1.001840440148995537e+00
1.001839878600201184e+00
1.001822431314179918e+00
1.001800026143093936e+00
1.001797344331613271e+00
1.001789970306169897e+00
1.001784077247300342e+00
1.001778234173506199e+00
1.001767620565628736e+00
1.001762689254202643e+00
1.001751401558826915e+00
1.001739053847206629e+00
1.001733024465718325e+00
1.001730470701756470e+00
1.001717282760835603e+00
1.001713768956358219e+00
1.001709846049770647e+00
1.001698719394487735e+00
1.001686482151442847e+00
1.001679070379553060e+00
1.001671636885933303e+00
1.001669647921458406e+00
1.001658113470408118e+00
1.001650972602337486e+00
1.001646605123529765e+00
1.001632365437256755e+00
1.001624121427522107e+00
1.001620711582404288e+00
1.001608733982176425e+00
1.001599534577077621e+00
1.001593853354485475e+00
1.001590742923944788e+00
1.001582093142284080e+00
1.001576155799210444e+00
1.001572370554304925e+00
1.001558717792226494e+00
1.001554760779109321e+00
1.001538880015895749e+00
1.001533344351005939e+00
1.001513418837318703e+00
1.001506660661851678e+00
1.001500841106563566e+00
1.001474871474146822e+00
1.001471138378300374e+00
1.001465416028800348e+00
1.001459218127728645e+00
1.001454280283822218e+00
1.001449105426005293e+00
1.001447818819523716e+00
1.001442199621315199e+00
1.001432937409327595e+00
1.001417600044756551e+00
1.001411065890504881e+00
1.001406511948212286e+00
1.001399870889251309e+00
1.001392703598372513e+00
1.001392059520353817e+00
1.001389697987390859e+00
1.001382058630172045e+00
1.001379464414638765e+00
1.001371979874457363e+00
1.001364338474991511e+00
1.001347182845367723e+00
1.001343226047380019e+00
1.001336032071151738e+00
1.001329450156179579e+00
1.001322782577776849e+00
1.001318437059803168e+00
1.001313256818588293e+00
1.001303232500216689e+00
1.001300692968924322e+00
1.001293347567002501e+00
1.001285566247311687e+00
1.001281237753106623e+00
1.001264058808100543e+00
1.001254407344780439e+00
1.001251113848514285e+00
1.001244436170247720e+00
1.001241101614916307e+00
1.001234142295952090e+00
1.001227430450575495e+00
1.001224745183165066e+00
1.001213984567795867e+00
1.001203238461854328e+00
1.001196682866673404e+00
1.001192579532646620e+00
1.001184740103705284e+00
1.001179625411535490e+00
1.001177834635924802e+00
1.001166783133109695e+00
1.001162707498636228e+00
1.001151087746734891e+00
1.001143822052575905e+00
1.001140775770015701e+00
1.001136348368394824e+00
1.001132459315242418e+00
1.001124653677008869e+00
1.001118789083642158e+00
1.001105116418652408e+00
1.001096196632157653e+00
1.001094658911754420e+00
1.001088141360829464e+00
1.001075312468153955e+00
1.001072480645348595e+00
1.001070791368679158e+00
1.001059736497037056e+00
1.001054815286665844e+00
1.001045342190717280e+00
1.001043719936415499e+00
1.001036042414536364e+00
1.001032288324555042e+00
1.001013151270365276e+00
1.001011673134184043e+00
1.001009274164138985e+00
1.001006934282602012e+00
1.000999796429474786e+00
1.000992180569617140e+00
1.000988461427348319e+00
1.000983589575042076e+00
1.000979165414339400e+00
1.000972537799869277e+00
1.000970963842514161e+00
1.000968059568507762e+00
1.000959183489761539e+00
1.000950767042234180e+00
1.000940767097521888e+00
1.000930891631825137e+00
1.000929720222011987e+00
1.000924353313672910e+00
1.000921769870359190e+00
1.000916908358691737e+00
1.000915653545615847e+00
1.000911646896143870e+00
1.000903412807552240e+00
1.000898250359815833e+00
1.000892058538964680e+00
1.000890547797259833e+00
1.000887044417272165e+00
1.000884364420083106e+00
1.000877930737317900e+00
1.000873066838095404e+00
1.000863721424958719e+00
1.000861626094683432e+00
1.000854969409348261e+00
1.000844357758678305e+00
1.000843067388498486e+00
1.000838639955647036e+00
1.000837254864374248e+00
1.000828343760353567e+00
1.000825425145395853e+00
1.000816498603193994e+00
1.000813702613167822e+00
1.000808900469823737e+00
1.000802264133658692e+00
1.000796654964359211e+00
1.000791559067145453e+00
1.000789003214218154e+00
1.000787352012020293e+00
1.000782534208336516e+00
1.000777455724997766e+00
1.000769549422895643e+00
1.000765758128233429e+00
1.000759903990834143e+00
1.000751383322780796e+00
1.000749490644418094e+00
1.000744810347539815e+00
1.000741841352413175e+00
1.000737375345514657e+00
1.000733877942986183e+00
1.000731135187090448e+00
1.000727301502172040e+00
1.000724944417334505e+00
1.000721966376271865e+00
1.000718649372589697e+00
1.000714999196684163e+00
1.000708505478251631e+00
1.000702175144229322e+00
1.000693960406541017e+00
1.000692949931241804e+00
1.000687078340855907e+00
1.000685206337643907e+00
1.000682048617411724e+00
1.000680372648232508e+00
1.000677693562631809e+00
1.000674052050724017e+00
1.000671952525948871e+00
1.000670302526251332e+00
1.000667249786103552e+00
1.000663783315866251e+00
1.000661163712167845e+00
1.000659460113505927e+00
1.000653619830492280e+00
1.000653534319641214e+00
1.000650898497199570e+00
1.000649343597140861e+00
1.000642255699872196e+00
1.000635799835508211e+00
1.000633149587163651e+00
1.000628892733678166e+00
1.000622724047738776e+00
1.000620303107278009e+00
1.000612486376342147e+00
1.000607127456518919e+00
1.000606846487141599e+00
1.000606177171596611e+00
1.000600521419900080e+00
1.000598612467968218e+00
1.000597046356663355e+00
1.000592810411004008e+00
1.000587373413199366e+00
1.000585548236087918e+00
1.000580940759325133e+00
1.000579907493747589e+00
1.000578377950889886e+00
1.000574041796466140e+00
1.000570591067287296e+00
1.000569399268808501e+00
1.000566850422543563e+00
1.000565282707382986e+00
1.000556215316049880e+00
1.000553905735885651e+00
1.000552473805997655e+00
1.000549586835853377e+00
1.000548067587495815e+00
1.000545658848462915e+00
1.000542445468232788e+00
1.000538541385348923e+00
1.000536759789414365e+00
1.000536113314802300e+00
1.000528873753898651e+00
1.000522833794301736e+00
1.000521467945229892e+00
1.000517173374531499e+00
1.000512929764559411e+00
1.000505997012912429e+00
1.000504867639659512e+00
1.000501093842230960e+00
1.000496635352874808e+00
1.000494131754985139e+00
1.000490399001218389e+00
1.000484512544427496e+00
1.000477955472915514e+00
1.000474953858921268e+00
1.000472571972700342e+00
1.000467060187416601e+00
1.000464344098157543e+00
1.000459028981803167e+00
1.000458013873154695e+00
1.000457767114883545e+00
1.000449064103930308e+00
1.000444749126163657e+00
1.000441770166968558e+00
1.000440368414006409e+00
1.000435847352671104e+00
1.000434617217989430e+00
1.000434286495749614e+00
1.000432535703591697e+00
1.000426470585729755e+00
1.000424820341321741e+00
1.000418627436626018e+00
1.000413848981686948e+00
1.000413253630605626e+00
1.000412220938801111e+00
1.000409306440130042e+00
1.000407707511209887e+00
1.000405319270355919e+00
1.000403902151667745e+00
1.000401772425364211e+00
1.000401197498060002e+00
1.000392808654044341e+00
1.000389036371894580e+00
1.000386779508492419e+00
1.000385635747303326e+00
1.000382181442111884e+00
1.000378277684579098e+00
1.000377366516636890e+00
1.000374047958870083e+00
1.000373739703801945e+00
1.000368978729363256e+00
1.000367501944349646e+00
1.000366467006206905e+00
1.000361806602017678e+00
1.000361696361967256e+00
1.000359101560260644e+00
1.000355916048877303e+00
1.000352916235878187e+00
1.000349026409842468e+00
1.000348155755866664e+00
1.000345749042100385e+00
1.000344920117421710e+00
1.000342113446579306e+00
1.000340548736492252e+00
1.000338822085558910e+00
1.000336340031145799e+00
1.000332941841661105e+00
1.000328894217439313e+00
1.000323555460986391e+00
1.000321536072406703e+00
1.000317083712471744e+00
1.000315351462035096e+00
1.000313071312760815e+00
1.000312464454295780e+00
1.000311139578006658e+00
1.000305599023197045e+00
1.000304848985087425e+00
1.000301827472464877e+00
1.000299631409380163e+00
1.000297051692201400e+00
1.000293341701909533e+00
1.000292732931666650e+00
1.000291031410908360e+00
1.000286990793135544e+00
1.000286108732941326e+00
1.000282640838320969e+00
1.000281710204490748e+00
1.000276064772233964e+00
1.000275477466981755e+00
1.000275130070201746e+00
1.000274381338485119e+00
1.000269014434646664e+00
1.000265104669984417e+00
1.000263010865111157e+00
1.000261666810273509e+00
1.000260495882965062e+00
1.000258304936040066e+00
1.000249799231552661e+00
1.000248649281741953e+00
1.000247563407781204e+00
1.000247399845099361e+00
1.000246895037299577e+00
1.000243655433707746e+00
1.000243253946095257e+00
1.000243034779458640e+00
1.000238175269275276e+00
1.000236108770190091e+00
1.000235015361532254e+00
1.000234264743458779e+00
1.000231225664505175e+00
1.000227653768447356e+00
1.000226568792477400e+00
1.000223916366594024e+00
1.000218801579447758e+00
1.000214263201886666e+00
1.000210483735470390e+00
1.000209835907233336e+00
1.000208737305259277e+00
1.000208080435997848e+00
1.000207607725653425e+00
1.000207064305711047e+00
1.000206117147289131e+00
1.000202963947791845e+00
1.000201723452867508e+00
1.000200228635366173e+00
1.000200087812683769e+00
1.000198156805228944e+00
1.000198087949408343e+00
1.000196943078368372e+00
1.000195922202308907e+00
1.000195152825850364e+00
1.000191668306767534e+00
1.000188446295797284e+00
1.000187557764079749e+00
1.000186146114724783e+00
1.000185560029241527e+00
1.000182376286893771e+00
1.000181050611613109e+00
1.000177597799059459e+00
1.000176765517280186e+00
1.000176597810874979e+00
1.000172953345974447e+00
1.000170977124202887e+00
1.000169868847257337e+00
1.000168955140562588e+00
1.000166450442388832e+00
1.000165026559985737e+00
1.000162779832013404e+00
1.000161989766891635e+00
1.000161025164511219e+00
1.000160703299482368e+00
1.000159151643679634e+00
1.000157942786776610e+00
1.000156475125895339e+00
1.000154188002144506e+00
1.000152235180783000e+00
1.000150670448044954e+00
1.000148960098063089e+00
1.000148519762899868e+00
1.000146678730946093e+00
1.000146116270851815e+00
1.000145952415915085e+00
1.000141099084849383e+00
1.000139272804585922e+00
1.000138738940915983e+00
1.000137173766433518e+00
1.000137078626833098e+00
1.000134828059551895e+00
1.000133763167321277e+00
1.000130706798923130e+00
1.000128927427062608e+00
1.000127560245744673e+00
1.000126833369811674e+00
1.000126687673624559e+00
1.000124027800989301e+00
1.000123840226355032e+00
1.000123229549627402e+00
1.000122855832579649e+00
1.000121451637541403e+00
1.000119741198870926e+00
1.000118068304840735e+00
1.000116419809473189e+00
1.000114920284522535e+00
1.000113608868330672e+00
1.000110087115487323e+00
1.000109468452286654e+00
1.000108874405312154e+00
1.000105894447127497e+00
1.000103535844171665e+00
1.000100082135098933e+00
1.000096658423876184e+00
1.000095621117134126e+00
1.000095087235616242e+00
1.000094933905821604e+00
1.000093921266111963e+00
1.000093216970521670e+00
1.000092713301588443e+00
1.000092193800995899e+00
1.000092113890038270e+00
1.000091495719757528e+00
1.000091216039897590e+00
1.000090735848399470e+00
1.000090232560255199e+00
1.000087803181368473e+00
1.000086612350150395e+00
1.000085624904209158e+00
1.000084835514086556e+00
1.000084149361657238e+00
1.000083604346698296e+00
1.000078239911899036e+00
1.000077512840702010e+00
1.000076055311228451e+00
1.000075797235590924e+00
1.000074473198903746e+00
1.000073582271773009e+00
1.000072398023794218e+00
1.000071323029210202e+00
1.000070043834234701e+00
1.000069487231873389e+00
1.000068656683430701e+00
1.000066607729096280e+00
1.000066577048553285e+00
1.000065562089857751e+00
1.000064848612707946e+00
1.000063689988611948e+00
1.000060200414911948e+00
1.000060072053096549e+00
1.000058728281505438e+00
1.000058527706299882e+00
1.000057585812009542e+00
1.000057305591146140e+00
1.000056339654983528e+00
1.000055383920328556e+00
1.000054799021639518e+00
1.000052932528930016e+00
1.000052820187202762e+00
1.000050094396550682e+00
1.000049798390802991e+00
1.000049054396598081e+00
1.000045803679104228e+00
1.000045788846015915e+00
1.000045253754097363e+00
1.000044053490826590e+00
1.000042800027893586e+00
1.000040338778680260e+00
1.000039663939653600e+00
1.000036968435866536e+00
1.000036554157494040e+00
1.000035653091416510e+00
1.000035342687431106e+00
1.000034503643189243e+00
1.000034250787467771e+00
1.000031039766068552e+00
1.000030681784946029e+00
1.000029050172755340e+00
1.000026017444893833e+00
1.000025662602439303e+00
1.000025609923414160e+00
1.000025124539660304e+00
1.000024164523301229e+00
1.000023732818050348e+00
1.000021768307304271e+00
1.000021431639792624e+00
1.000019900985041899e+00
1.000018995862263393e+00
1.000017021044099952e+00
1.000016584781601603e+00
1.000016210842482378e+00
1.000015896424172102e+00
1.000014766041838588e+00
1.000013829501896101e+00
1.000013664628139010e+00
1.000013425025190417e+00
1.000011149187371107e+00
1.000010946914480892e+00
1.000010042223720141e+00
1.000009700687343628e+00
1.000009474552567612e+00
1.000008588682904653e+00
1.000008271954548000e+00
1.000007271061792657e+00
1.000006490989378216e+00
1.000005953061077202e+00
1.000004461681570422e+00
1.000003318815426034e+00
1.000002826285810942e+00
1.000001186365960582e+00
9.999980722718732062e-01
9.999974697188497297e-01
9.999970371884490117e-01
9.999950977539432406e-01
9.999939716185609617e-01
9.999921770665310961e-01
9.999900821808899165e-01
9.999900239543313418e-01
9.999895728153395114e-01
9.999884976149716609e-01
9.999795720046397163e-01
9.999793348821096606e-01
9.999771806495317827e-01
9.999722710985916585e-01
9.999701517248281712e-01
9.999697166342840227e-01
9.999658222705085642e-01
9.999651248493950373e-01
9.999630653522694201e-01
9.999562082840570687e-01
9.999520672487933748e-01
9.999516387893909730e-01
9.999477760097741363e-01
9.999470812853007429e-01
9.999423554032171868e-01
9.999326926446928665e-01
9.999293147344837651e-01
9.999244023947849724e-01
9.999239519468153814e-01
9.999040556222611453e-01
9.999023028517275424e-01
9.998866219503832475e-01
9.998849627922502536e-01
9.998627527519793334e-01
9.998604777355776241e-01
9.998551124214225538e-01
9.998230238342046272e-01
9.998211615810304043e-01
9.998202855314952675e-01
9.998189242386298359e-01
9.998144206819749025e-01
9.998067233098183459e-01
9.998031758667620394e-01
9.997712852832998376e-01
9.997578915134991417e-01
9.997519647347571370e-01
9.997485606770035726e-01
9.997328763394387474e-01
9.997274979790324867e-01
9.997048457094894758e-01
9.996952229261484302e-01
9.996879930983473272e-01
9.996856793331905244e-01
9.996442052723683025e-01
9.996340018962833751e-01
9.995859626087446603e-01
9.995840808664515631e-01
9.995784755063071847e-01
9.995668556080739009e-01
9.995653255345740007e-01
9.995534910459275002e-01
9.995361133598584802e-01
9.994759286553502875e-01
9.994309435364807648e-01
9.994132434184488378e-01
9.994089919283419832e-01
9.993407531967555268e-01
9.992974431413845782e-01
9.992872744553223940e-01
9.992568516894781983e-01
9.992492468841119857e-01
9.992013489255500147e-01
9.990964719640168523e-01
9.990746851731419076e-01
9.990235548512064190e-01
9.990156184875049750e-01
9.986787051889700617e-01
9.984919346601339729e-01
9.984857502443876820e-01
9.983665516394761852e-01
9.982784620102700401e-01
9.980720437660428601e-01
9.978370860608026804e-01
9.972039822862711622e-01
