3.278318455085607275e+04
1.398027531217752221e+04
1.339674380168544667e+04
5.978791228073276216e+03
4.909703371833717938e+03
3.610976261814518239e+03
2.590128109975177722e+03
2.188307940940720528e+03
1.842785070683082949e+03
1.837837240745224562e+03
1.157655205501019736e+03
1.103725569872020969e+03
1.051232301327720279e+03
9.457172966302027817e+02
6.770211337312580326e+02
6.390502371994112991e+02
5.759892111435241304e+02
5.432789307638757919e+02
5.059955359066270262e+02
4.455545749034822052e+02
4.151777640895365380e+02
3.639741587267359364e+02
3.359178921214709135e+02
3.164872480351879176e+02
2.973164267577337228e+02
2.846059533715707062e+02
2.613475920649822228e+02
2.308665145768604532e+02
2.059222825710042173e+02
1.966519674612738129e+02
1.857376096468758817e+02
1.769634531589522908e+02
1.738051124450884970e+02
1.656419673118655567e+02
1.442790501981774582e+02
1.400200713662121927e+02
1.356406259904742626e+02
1.316746361305605433e+02
1.190017196669977011e+02
1.178968525123596862e+02
1.105397608840784329e+02
1.074377916190556590e+02
1.017853291642433646e+02
9.787828546759742210e+01
9.577273964208755785e+01
8.143566769454619703e+01
8.050913321282989443e+01
7.790370697171553616e+01
7.443039284843263204e+01
7.329355529551541792e+01
7.206817632563040377e+01
7.075025591428020277e+01
6.490615071490829280e+01
6.183698096006898481e+01
5.886128994845535800e+01
5.792773602255111598e+01
5.689487988844659583e+01
5.231522886606926193e+01
5.163865648102800066e+01
5.075617993575487930e+01
4.964478033148233038e+01
4.802203023008701166e+01
4.710700961450944391e+01
4.515882146912457529e+01
4.430849480742256219e+01
4.205565559108696760e+01
3.969609545496175684e+01
3.722747463640141774e+01
3.669465281461127404e+01
3.606169122130420135e+01
3.491350772593951746e+01
3.456846865818358339e+01
3.361095378947758405e+01
3.301133828681754778e+01
3.204505379704652057e+01
3.038681097033861178e+01
2.992452034115207127e+01
2.922350035781396116e+01
2.804597049678925558e+01
2.740697571879731953e+01
2.626504731099576162e+01
2.592418179108333476e+01
2.560794962163260990e+01
2.534441471492784714e+01
2.462046966585538499e+01
2.424587957322671627e+01
2.377700768596496061e+01
2.297815817805050642e+01
2.262487008269304312e+01
2.173563520438339225e+01
2.099567675486677487e+01
2.079688978770572305e+01
1.964879286534727854e+01
1.943258476292234249e+01
1.910811234692972249e+01
1.891996922717464713e+01
1.862255704448411464e+01
1.821932249231993239e+01
1.790361445934983919e+01
1.768947674342361154e+01
1.739077923225745437e+01
1.692294133840897530e+01
1.632490690074857653e+01
1.589527393977937209e+01
1.562315701760175202e+01
1.505367370737701549e+01
1.484551104192900084e+01
1.476102580233192185e+01
1.461233462313602516e+01
1.433162870522977528e+01
1.408958829741324514e+01
1.384778629079530532e+01
1.351670508013225813e+01
1.330408228331427800e+01
1.303746071740575729e+01
1.291184960250036795e+01
1.270360547783534955e+01
1.248765453540721282e+01
1.234810014300803260e+01
1.189653159726539755e+01
1.173067768820166634e+01
1.125312439372680196e+01
1.100434944659516390e+01
1.099387803749107206e+01
1.089462573869047191e+01
1.080983917587552057e+01
1.066267969753737788e+01
1.056596452782004114e+01
1.039271349041590398e+01
1.017243064483555059e+01
9.934945663205061450e+00
9.853369869046971985e+00
9.530945652445820926e+00
9.308833057122051002e+00
9.225082725022668129e+00
9.089506099117153681e+00
8.990915800507924160e+00
8.873671343751475149e+00
8.712590973944084993e+00
8.661678141747566784e+00
8.565192540169537239e+00
8.483661031887628212e+00
8.293968577405031795e+00
8.171065795279238486e+00
8.101805104522354029e+00
7.985895789627774022e+00
7.955967704647528116e+00
7.748878910912886830e+00
7.659239713254714310e+00
7.491092471536762609e+00
7.381017770448179860e+00
7.194545371224567276e+00
7.119049284715922354e+00
7.011619649627734319e+00
6.995842667753416677e+00
6.930370947474868260e+00
6.801546159791183932e+00
6.724292382592342854e+00
6.703324193868320791e+00
6.628035076501955558e+00
6.544996540094735415e+00
6.486544939937742171e+00
6.435218075256647019e+00
6.270216415223455186e+00
6.219328972303093117e+00
6.137801821002620173e+00
6.046271234696036778e+00
5.953912544563219278e+00
5.844574441914017093e+00
5.810263091606891805e+00
5.762170558108039131e+00
5.694396949312086065e+00
5.653108150982258273e+00
5.575517030023318554e+00
5.544468525968114569e+00
5.514277197478905101e+00
5.463363054636053207e+00
5.435546193622636579e+00
5.352380039873732898e+00
5.299923898703668534e+00
5.154019564085173144e+00
5.109239277899138010e+00
5.053096819031977383e+00
5.029848191239465471e+00
4.931277043140200433e+00
4.901153237560275322e+00
4.875226590319239328e+00
4.797839736505763675e+00
4.722542636530170590e+00
4.701499711506897938e+00
4.643237068313426974e+00
4.599017070308652144e+00
4.576694392282537827e+00
4.542863076403579115e+00
4.504334477629821976e+00
4.491763386320045015e+00
4.438599367581561594e+00
4.356356008785806644e+00
4.320732569227895503e+00
4.307917881139018412e+00
4.239463279827746511e+00
4.179043919846132660e+00
4.149366511002420488e+00
4.123085885311966514e+00
4.056653660777572057e+00
4.034105011893787562e+00
4.013657140761589304e+00
3.980734759498366859e+00
3.939199292646697881e+00
3.929426357084382815e+00
3.891655772061583196e+00
3.850118875625264447e+00
3.844991512058207661e+00
3.801808010379223113e+00
3.789608521563232468e+00
3.752111953626125818e+00
3.702352182032071948e+00
3.686004188528414716e+00
3.637645829417264220e+00
3.615315032974087295e+00
3.600543993892039829e+00
3.572216423069997759e+00
3.521410001126529021e+00
3.482482212049983428e+00
3.452499837880171452e+00
3.419668951403421975e+00
3.416401326476758982e+00
3.354748678340846890e+00
3.352708227021320653e+00
3.312685445291154718e+00
3.289730309982289658e+00
3.273910357289889550e+00
3.259466591361201981e+00
3.223906718750738420e+00
3.219030173232835690e+00
3.169357539618577135e+00
3.162186437718637944e+00
3.121704856963873453e+00
3.109852955188401769e+00
3.093460591712213326e+00
3.070161096012559376e+00
3.061730960031712634e+00
3.015634884148783446e+00
2.987510015653036088e+00
2.976594534310676110e+00
2.974537387796439170e+00
2.955785194374920266e+00
2.938793619666665080e+00
2.910235403126657960e+00
2.892236581892459135e+00
2.861477741224600191e+00
2.853864736712546701e+00
2.841291493026548487e+00
2.822780965674053455e+00
2.795867299717985865e+00
2.769246998860869446e+00
2.766875092335770780e+00
2.755799993638347711e+00
2.731350118540833982e+00
2.710327327091831773e+00
2.706040052060026735e+00
2.700692729696868355e+00
2.661509778037058016e+00
2.651880630229110469e+00
2.641756390638895446e+00
2.617343580532772940e+00
2.604876102676323857e+00
2.581174889273606166e+00
2.569734348692462422e+00
2.565669779068573852e+00
2.549172659471834468e+00
2.535499397314977532e+00
2.529790124047518685e+00
2.509978660214932766e+00
2.487325586931976584e+00
2.481697553120207900e+00
2.462566339927040104e+00
2.446665115283612746e+00
2.428040952972154720e+00
2.416179856645721102e+00
2.412860277236334561e+00
2.402364982582349651e+00
2.385573400787924125e+00
2.364287316743113099e+00
2.354842609091373884e+00
2.351125270095828501e+00
2.336046875346566853e+00
2.304489292459027450e+00
2.297610626231354924e+00
2.284996554321656159e+00
2.277506163899714053e+00
2.268706723821569682e+00
2.266704698148236385e+00
2.253997447865622838e+00
2.246681177909433114e+00
2.227755428088797007e+00
2.214785474709312751e+00
2.205808713333123894e+00
2.192994735167840048e+00
2.183640374390437788e+00
2.179544629824692326e+00
2.165682427848020897e+00
2.161899598280230261e+00
2.140703981175191117e+00
2.134658490345385129e+00
2.126856408245421104e+00
2.118286040259316660e+00
2.114688514666773322e+00
2.113006956911744449e+00
2.096362174417332636e+00
2.085130494216045349e+00
2.072896369239907166e+00
2.071323389105338642e+00
2.061265353239187359e+00
2.040729696145651584e+00
2.036925346577023621e+00
2.033867787485542866e+00
2.029463529587491877e+00
2.021157191252144436e+00
2.008893789739197189e+00
2.001322901412375455e+00
1.993879768270278463e+00
1.990363332317275358e+00
1.977108211354285272e+00
1.975459190794121245e+00
1.967634671857947160e+00
1.962557338010148644e+00
1.952587400828772912e+00
1.947983328700064076e+00
1.927523386701289976e+00
1.926146703137413985e+00
1.919850975396658388e+00
1.911880014146041917e+00
1.906301766299915545e+00
1.896380870664504892e+00
1.890321821546550485e+00
1.881009882928050381e+00
1.873369043094587738e+00
1.867521038011692891e+00
1.861141982476119283e+00
1.855037033488291964e+00
1.848224143662867469e+00
1.843730135718562035e+00
1.841036285948169260e+00
1.836950847095248474e+00
1.830776014271292773e+00
1.821388338810762786e+00
1.814373614967860204e+00
1.806082965616555125e+00
1.798367041306298431e+00
1.793990058277393329e+00
1.788280632653503011e+00
1.786619665597503515e+00
1.782141931734948281e+00
1.770874640805049527e+00
1.767713888222853580e+00
1.761250497826141403e+00
1.759806069528290662e+00
1.753560760318045197e+00
1.747080788103501314e+00
1.740965728942109214e+00
1.731392392774715683e+00
1.729873811856114107e+00
1.725737868952492926e+00
1.719084330117478965e+00
1.712871899745058046e+00
1.710913609269324898e+00
1.705027382147137560e+00
1.697787297974048926e+00
1.693032708987812329e+00
1.686278265444249413e+00
1.678927858048972599e+00
1.677208028715876154e+00
1.676199608280346753e+00
1.670379755716723036e+00
1.664084286332947249e+00
1.659572923191657168e+00
1.658063652650779263e+00
1.652956432041210899e+00
1.646241094883246658e+00
1.645369391423704197e+00
1.642697984433065139e+00
1.638638826001770576e+00
1.632605096002951450e+00
1.628727664101640826e+00
1.626463405818090235e+00
1.617775401185658213e+00
1.611538732773236449e+00
1.608104069174045359e+00
1.604743133175860592e+00
1.602857012970586359e+00
1.595230792336852721e+00
1.593148091735318683e+00
1.586218204511312235e+00
1.582582897517478715e+00
1.580490918652917687e+00
1.578326237074014537e+00
1.570804612086790675e+00
1.567658203911306281e+00
1.564723934095604063e+00
1.560980506046201421e+00
1.554146968128153006e+00
1.550182104694284524e+00
1.548389392509027740e+00
1.544040132031441193e+00
1.542128955769426213e+00
1.541278672386746873e+00
1.538641361231031457e+00
1.532777562097962454e+00
1.530617587997781692e+00
1.527577548563214815e+00
1.523274002779733793e+00
1.519752741759608394e+00
1.513198079466552937e+00
1.511490367656413980e+00
1.508318782373485378e+00
1.507719555935826961e+00
1.503893877512531674e+00
1.500614767882967993e+00
1.497654478066658079e+00
1.495558977237705145e+00
1.487657336432729682e+00
1.483911297850262656e+00
1.480708481780480312e+00
1.478645290396296552e+00
1.475664123060192345e+00
1.474114290783224535e+00
1.470104595486574350e+00
1.465956559596245379e+00
1.461645025401706377e+00
1.461031040731233022e+00
1.451910022460576766e+00
1.449085504105979361e+00
1.447835315563036351e+00
1.446545857108398669e+00
1.440533954969199337e+00
1.439033903826029359e+00
1.434940168322764498e+00
1.434206656621958231e+00
1.431481178664012255e+00
1.426710297676609063e+00
1.423974869513620733e+00
1.422226332712994701e+00
1.420110808823194182e+00
1.418591434131603268e+00
1.416511865506312029e+00
1.412040015034444984e+00
1.410405047865946004e+00
1.409433999539057902e+00
1.405921342517778561e+00
1.402800537363199762e+00
1.399744849746616726e+00
1.397467706536381638e+00
1.396147080497361914e+00
1.392017742720021767e+00
1.390514301033674682e+00
1.389646068123297828e+00
1.385729496535542227e+00
1.382283268891811412e+00
1.380100435848599094e+00
1.378379131261129320e+00
1.376019189605804494e+00
1.373383970968760304e+00
1.371205433412506336e+00
1.368939718257885074e+00
1.366041289847843565e+00
1.364709691892820986e+00
1.361720551715333238e+00
1.360840637212080706e+00
1.357856677503970655e+00
1.355593380865913966e+00
1.354224311695308991e+00
1.349983638518432061e+00
1.349179280672479608e+00
1.346471324222722643e+00
1.345789972485790464e+00
1.342763994669964100e+00
1.341679295429659247e+00
1.339858810957415880e+00
1.338793610289888081e+00
1.338152793383023953e+00
1.333139994146263385e+00
1.330738619493478048e+00
1.328409275569200965e+00
1.327679430795535964e+00
1.326200942196413823e+00
1.323973215512319390e+00
1.321872240058765691e+00
1.319614294711313196e+00
1.318970159490888694e+00
1.317724419454369578e+00
1.315460055594727562e+00
1.314814521424123583e+00
1.313480366842037839e+00
1.312331929634878769e+00
1.311080733914648855e+00
1.307752889183302569e+00
1.305771409062250532e+00
1.304531949547288239e+00
1.303078336409759341e+00
1.300183658423512467e+00
1.299699167603844963e+00
1.298510082544606314e+00
1.296774964129686847e+00
1.295580224953910120e+00
1.293904342127884410e+00
1.290506926837908130e+00
1.289954507269664763e+00
1.289872133214872374e+00
1.285394298346243858e+00
1.284954890272535177e+00
1.282285669843256981e+00
1.282174810109210750e+00
1.281673342471138177e+00
1.277691575278534941e+00
1.276101879512473669e+00
1.274796377909194645e+00
1.272228744854186022e+00
1.271034448028564690e+00
1.269980845392181479e+00
1.268444931085072724e+00
1.267846428362978894e+00
1.267219601158640963e+00
1.266591039773768079e+00
1.263550041407563995e+00
1.262600528946820955e+00
1.260056497098898998e+00
1.258498637995872027e+00
1.257297264760740552e+00
1.256434561472637990e+00
1.255082400294302403e+00
1.254614308180650672e+00
1.252904497123104033e+00
1.252248698984334441e+00
1.251188325089242159e+00
1.248438115910031732e+00
1.247749025558309466e+00
1.247492051347098840e+00
1.246054669436988727e+00
1.245836843614289702e+00
1.243855705316658122e+00
1.242124189073717577e+00
1.241075839376629908e+00
1.240495033835590011e+00
1.240029566766725377e+00
1.238683652930828050e+00
1.235491050066527707e+00
1.234549681679467881e+00
1.231674387828171513e+00
1.231190294391016016e+00
1.229870535399698372e+00
1.228632686393305251e+00
1.226613651693815310e+00
1.225915098876834364e+00
1.224234630259113832e+00
1.223611215554538001e+00
1.223063521372045770e+00
1.222174787239409532e+00
1.220216216054797576e+00
1.219436724914450876e+00
1.217098073702478578e+00
1.216289702883600388e+00
1.214482303580476819e+00
1.213482724532018997e+00
1.212101600874896157e+00
1.211666378262723720e+00
1.210978050809897510e+00
1.209939703041547965e+00
1.208797948884287488e+00
1.206764112802757971e+00
1.206547061138526944e+00
1.204321780689918686e+00
1.203768946324881295e+00
1.202856446748426844e+00
1.202086100256246848e+00
1.200905854560108565e+00
1.199892360466972896e+00
1.197897382131425825e+00
1.196966281918872665e+00
1.196318418876546552e+00
1.195040664441763489e+00
1.194321486608405092e+00
1.192160828016212148e+00
1.191679598062622247e+00
1.190081573501752032e+00
1.189186542486966980e+00
1.188671833013213552e+00
1.187998455274213550e+00
1.186543008761373974e+00
1.185521007924966730e+00
1.184269192521423042e+00
1.182638749074479856e+00
1.182319519079916059e+00
1.181758328390149160e+00
1.181139629097793131e+00
1.180352461371622752e+00
1.178340263911014540e+00
1.178167863878930133e+00
1.176734998161140799e+00
1.175277841002280832e+00
1.174232553281231217e+00
1.173576104947733345e+00
1.171707313783274307e+00
1.170757869491859449e+00
1.169713476146824194e+00
1.169509451665875943e+00
1.168259962293825449e+00
1.167594698108329165e+00
1.166189204436835825e+00
1.165879032276836647e+00
1.164866222588256228e+00
1.163623354475653571e+00
1.162807160543844587e+00
1.161994532410985270e+00
1.161100497668889231e+00
1.159983725642685037e+00
1.159316857630577458e+00
1.159111244051284295e+00
1.158376284214606367e+00
1.157167508599175942e+00
1.156874101600321003e+00
1.155940018174366202e+00
1.155169882134804649e+00
1.154737422101596245e+00
1.154237557794908442e+00
1.153897164102905215e+00
1.153077705328656943e+00
1.152126554554682381e+00
1.150532377355288238e+00
1.150051093256468038e+00
1.149257771554998753e+00
1.148341442472744278e+00
1.147149560061152762e+00
1.146594159607506880e+00
1.145057253063268332e+00
1.144897235249620282e+00
1.143720109061705736e+00
1.143061097656670411e+00
1.141879650412700009e+00
1.140862772385381474e+00
1.140261071764820056e+00
1.139627505270991659e+00
1.139309787951062303e+00
1.137819612985674356e+00
1.137221061669033473e+00
1.136755858921374873e+00
1.136434909690900330e+00
1.135826148936907698e+00
1.135323020239560110e+00
1.134354777892705668e+00
1.133611154448863401e+00
1.132888325997087886e+00
1.131219401357285159e+00
1.130559475691392146e+00
1.130397072473144249e+00
1.129436968144877040e+00
1.128873692372445392e+00
1.128330020942259537e+00
1.127076326849203891e+00
1.126734184537673045e+00
1.126313883319796094e+00
1.125644718191296745e+00
1.124508247247410164e+00
1.124107979858633533e+00
1.123598558510986889e+00
1.123485769407708501e+00
1.122981230951053400e+00
1.122339819622667489e+00
1.121835790646011910e+00
1.121623989170337010e+00
1.120688582438012615e+00
1.120468598682591077e+00
1.120104046525098873e+00
1.118841623959928588e+00
1.118347562335912260e+00
1.117983937346526124e+00
1.117466046552445968e+00
1.116731195595970894e+00
1.116130149555839779e+00
1.115274698868395475e+00
1.114693490330216807e+00
1.114035460062910765e+00
1.112848484813946603e+00
1.111914464381213552e+00
1.111298428083434153e+00
1.110913783329102511e+00
1.110767924644148641e+00
1.110085602085247203e+00
1.109758884586667715e+00
1.109288188585553003e+00
1.108993745269305276e+00
1.108441377000310091e+00
1.108026013941052268e+00
1.107025267524605949e+00
1.106278331593368192e+00
1.105605562396734909e+00
1.105377118520225244e+00
1.104755371117311924e+00
1.103785299136773812e+00
1.103274211728652254e+00
1.102899915690064958e+00
1.102268779242604246e+00
1.101866389824769144e+00
1.100992577823734608e+00
1.100540763726755022e+00
1.099892833784783530e+00
1.099430696249179995e+00
1.098575274630588572e+00
1.098431628422592343e+00
1.097988044880188196e+00
1.097454743237961328e+00
1.096860937081809650e+00
1.096505762560577191e+00
1.096228066675846602e+00
1.095844139160951691e+00
1.095668059428369423e+00
1.095525071436027398e+00
1.094856530376850490e+00
1.094178638459105013e+00
1.093897973356368070e+00
1.093616795966843469e+00
1.093155535756169083e+00
1.092959004578377691e+00
1.092705764281370895e+00
1.092374204807465388e+00
1.091712431404783468e+00
1.091204809424793032e+00
1.090992461615773124e+00
1.090800570993034180e+00
1.090567516854011654e+00
1.090287156181092953e+00
1.089239343347713218e+00
1.088944090523902286e+00
1.088521897463184951e+00
1.087991640550644457e+00
1.087731594454900197e+00
1.087431785023694975e+00
1.086883275085516631e+00
1.086430436622943363e+00
1.085891639803377995e+00
1.085314237594163123e+00
1.084794284316458635e+00
1.084491232781077619e+00
1.084179853789963621e+00
1.083594859292660306e+00
1.083343041179844368e+00
1.082861064741379664e+00
1.082433592505369635e+00
1.082114090852340782e+00
1.081881736881448175e+00
1.081232595895972537e+00
1.081055000167530533e+00
1.080717044064508414e+00
1.080416997551499003e+00
1.079565996305733133e+00
1.079487809085402761e+00
1.079145111431250692e+00
1.079040485901917590e+00
1.078483488412391056e+00
1.078178521235673148e+00
1.077827731427172253e+00
1.077461114050156876e+00
1.077079970512496931e+00
1.076409867719509972e+00
1.075750485499507692e+00
1.075282526528468230e+00
1.074939239978677907e+00
1.074388760139827870e+00
1.074034116417979634e+00
1.073781613078183428e+00
1.073487301880145184e+00
1.072844647422542597e+00
1.072781689836646457e+00
1.072322531977841775e+00
1.071785994215409099e+00
1.071604858679263916e+00
1.071033327646430999e+00
1.070743089247876645e+00
1.070355891606167287e+00
1.070129407247411457e+00
1.069765428620378378e+00
1.069198436467047264e+00
1.068743054318717967e+00
1.068371286296744715e+00
1.068235718122158229e+00
1.067593223297279126e+00
1.067566376996280653e+00
1.067223884417959345e+00
1.066903227502678631e+00
1.066550039885389323e+00
1.066082931090151842e+00
1.065801338923421326e+00
1.065490236460427731e+00
1.064966147675221686e+00
1.064870907396786137e+00
1.064338793939334060e+00
1.064304878686374245e+00
1.064129007934628168e+00
1.063825201743875404e+00
1.063620020713939684e+00
1.062624556124800668e+00
1.062533103247649269e+00
1.062033801668640143e+00
1.061513540922373711e+00
1.061387321751131152e+00
1.060618782195419607e+00
1.060332630770586704e+00
1.060074836462196135e+00
1.059714117703450587e+00
1.059281308463696725e+00
1.059124230566688363e+00
1.058558325559627145e+00
1.058493035157204609e+00
1.058292734833070625e+00
1.058136901229416837e+00
1.057888963291217399e+00
1.057746948973672385e+00
1.057313877891375542e+00
1.057185047672740907e+00
1.057093416397823393e+00
1.056294476707688501e+00
1.055987704693198248e+00
1.055466395636931232e+00
1.055192866786019978e+00
1.055090709406803162e+00
1.054599501824365682e+00
1.054465110814329254e+00
1.054326277130259726e+00
1.053833519318499112e+00
1.053661829200329469e+00
1.053459176650405782e+00
1.053237634191698024e+00
1.052721215107372377e+00
1.052579771828708433e+00
1.052407207719267435e+00
1.052195129941780882e+00
1.051795894128772169e+00
1.051626050667467283e+00
1.051205144618354348e+00
1.050866541081432626e+00
1.050828640768435518e+00
1.050424174607226702e+00
1.050267170008827966e+00
1.049607447758191814e+00
1.049439941455022396e+00
1.049145585439014150e+00
1.048836099005276301e+00
1.048759326187640673e+00
1.048549740300741551e+00
1.048391509891565265e+00
1.047731926517447398e+00
1.047484772231886963e+00
1.047417522333203843e+00
1.047238357793301100e+00
1.047117721986562833e+00
1.046807367907169883e+00
1.046491953023846122e+00
1.046237247684492333e+00
1.046134602895637533e+00
1.046009703248172329e+00
1.045882772286025331e+00
1.045724316537828047e+00
1.045582964863807307e+00
1.045143286459454535e+00
1.044914757877386302e+00
1.044760222168712005e+00
1.044670193345373699e+00
1.044548756846885196e+00
1.044465244094555656e+00
1.044164511316895583e+00
1.043846868854267917e+00
1.043646893355608229e+00
1.043495048462976138e+00
1.043373337401412249e+00
1.042860190464608205e+00
1.042484376456565665e+00
1.042296989841424271e+00
1.042050140656337165e+00
1.041999383036671833e+00
1.041791999835805171e+00
1.041526668635979203e+00
1.041459934657071651e+00
1.041013590737002836e+00
1.040883517502811717e+00
1.040656018763372215e+00
1.040553244952510115e+00
1.040399731150482676e+00
1.040289159573356992e+00
1.040016283044050915e+00
1.039659870445083234e+00
1.039433461508559420e+00
1.039238235323533655e+00
1.039054773088095018e+00
1.038951061425034350e+00
1.038773547733932157e+00
1.038557976334559374e+00
1.038375970329203701e+00
1.038201625680337692e+00
1.038125242362483824e+00
1.037545699302527824e+00
1.037507765992341069e+00
1.037458950948201730e+00
1.037346387187215946e+00
1.037105833525299392e+00
1.037006107554155898e+00
1.036782572342221487e+00
1.036685488732493887e+00
1.036439272403606227e+00
1.036176848373489445e+00
1.036063070260288876e+00
1.035828056009212350e+00
1.035704205995886307e+00
1.035568340618767236e+00
1.035408165223320909e+00
1.035094796513059912e+00
1.035023949886769490e+00
1.034705616343507106e+00
1.034624082618368357e+00
1.034257965293091219e+00
1.034042253297637215e+00
1.033818502058109434e+00
1.033670862177734850e+00
1.033439888168346865e+00
1.033379216249649568e+00
1.033271110049953645e+00
1.033163385378600418e+00
1.033072311175922797e+00
1.032662145083685701e+00
1.032504747636274756e+00
1.032413288967836795e+00
1.032304497404184840e+00
1.032234724330431952e+00
1.032004978411175999e+00
1.031833825718819986e+00
1.031752878843221755e+00
1.031580887257255386e+00
1.031483722510312173e+00
1.031421786312883393e+00
1.031115113662003591e+00
1.030990740792899540e+00
1.030943848074562519e+00
1.030840266379185355e+00
1.030384942965647088e+00
1.030252012327497191e+00
1.030088808560688074e+00
1.029763641625147885e+00
1.029742912304629554e+00
1.029563885174988203e+00
1.029386771061719719e+00
1.029298536376567874e+00
1.029146568929775851e+00
1.029026199999992564e+00
1.028937628827448547e+00
1.028737220944278441e+00
1.028684018498586816e+00
1.028502441390465538e+00
1.028396879479405834e+00
1.028120269461129110e+00
1.027871712621133859e+00
1.027784878517100209e+00
1.027715424078940565e+00
1.027488452633972704e+00
1.027295208155486028e+00
1.027028802306388933e+00
1.026754830047145184e+00
1.026637104073580442e+00
1.026626620339577300e+00
1.026516448285442751e+00
1.026315514193215650e+00
1.026150271882400489e+00
1.026090269399682731e+00
1.025669818750388540e+00
1.025454805504915301e+00
1.025428239650647333e+00
1.025107095414780733e+00
1.025035878239029419e+00
1.025027127426205942e+00
1.024909102852490594e+00
1.024758576610520056e+00
1.024619056855257559e+00
1.024441044616402730e+00
1.024394316231276747e+00
1.024314712487581769e+00
1.024168569706582321e+00
1.023855097757545352e+00
1.023700284253455273e+00
1.023645142330899871e+00
1.023537017322069698e+00
1.023384255707239232e+00
1.023248765439630725e+00
1.023163974740509241e+00
1.023008289396257320e+00
1.022897737057541390e+00
1.022738173434796227e+00
1.022532568926746377e+00
1.022405633939140523e+00
1.022223353657216505e+00
1.022156163478467272e+00
1.022110051477090442e+00
1.021933068535726852e+00
1.021902618910884630e+00
1.021838945694333534e+00
1.021697193262946834e+00
1.021661450636131896e+00
1.021528761481244940e+00
1.021517904724901671e+00
1.021502992114060149e+00
1.021299194417382372e+00
1.021242398891953673e+00
1.021078301888197037e+00
1.020947512881456243e+00
1.020941492237402271e+00
1.020821236943151744e+00
1.020771037465763698e+00
1.020622861360086953e+00
1.020466335272637526e+00
1.020354879197715947e+00
1.020318826647124810e+00
1.020241697498402544e+00
1.020097671457077970e+00
1.020049303787462058e+00
1.019983619664423857e+00
1.019959327627975698e+00
1.019729343133845667e+00
1.019609190080004169e+00
1.019560629484764780e+00
1.019361129744442929e+00
1.019354905944241940e+00
1.019254343161458243e+00
1.019205354016335052e+00
1.019158188431929180e+00
1.019090856002773604e+00
1.018966100917387596e+00
1.018740318968848424e+00
1.018643271919058568e+00
1.018613359736411095e+00
1.018549587892124242e+00
1.018415956892950502e+00
1.018356233465874894e+00
1.018284937847421912e+00
1.018254983314317741e+00
1.018120963712948912e+00
1.018029237062407777e+00
1.017998005965550679e+00
1.017894279737640906e+00
1.017838421806705806e+00
1.017739748347294304e+00
1.017584164967354710e+00
1.017513778512816103e+00
1.017453869705749581e+00
1.017372158062809451e+00
1.017271216875505147e+00
1.017194558780330826e+00
1.017125616444060077e+00
1.017076800911953738e+00
1.016987991140219760e+00
1.016886734542869819e+00
1.016788178478686078e+00
1.016626867215059571e+00
1.016566555454552212e+00
1.016455586872284655e+00
1.016380428638021138e+00
1.016249106993994289e+00
1.016135294595180483e+00
1.016085053340466837e+00
1.015876363824504081e+00
1.015854192750523355e+00
1.015841298870595155e+00
1.015715248563996864e+00
1.015628031250011887e+00
1.015484253321099706e+00
1.015446772930384212e+00
1.015380918238937502e+00
1.015319573550087950e+00
1.015244592979104743e+00
1.015208635222978328e+00
1.015053365288541398e+00
1.015013559248679531e+00
1.014962953372887222e+00
1.014900872884317629e+00
1.014783925520109875e+00
1.014743018515518846e+00
1.014677229337313857e+00
1.014631200711988646e+00
1.014533891642567021e+00
1.014448580224169616e+00
1.014411862040216050e+00
1.014377252092428128e+00
1.014350875511706329e+00
1.014294079169253626e+00
1.014150256621379365e+00
1.014050917291596132e+00
1.014017489741375400e+00
1.013919079549864266e+00
1.013867384519140602e+00
1.013829429193925824e+00
1.013799409852520039e+00
1.013723389339760139e+00
1.013647918784167379e+00
1.013585766144398992e+00
1.013527997627815536e+00
1.013255231928489764e+00
1.013092284165253210e+00
1.013018203939508588e+00
1.012944330114667446e+00
1.012762156438315353e+00
1.012688633819762707e+00
1.012665655813672627e+00
1.012592337203455539e+00
1.012517290969610295e+00
1.012478112571915556e+00
1.012438583897483868e+00
1.012339068738334236e+00
1.012306856021592871e+00
1.012237055117521711e+00
1.012138402373014223e+00
1.012054258492274927e+00
1.011975621404198833e+00
1.011933464438141472e+00
1.011788376903899556e+00
1.011691924212831717e+00
1.011665694418441452e+00
1.011590908237562925e+00
1.011544128036114154e+00
1.011532169032794304e+00
1.011484970080629653e+00
1.011336941926267663e+00
1.011286466244581961e+00
1.011232646133465751e+00
1.011197524319120911e+00
1.011110513115478726e+00
1.011080166798811852e+00
1.011063006159785171e+00
1.010955973520883955e+00
1.010896461570059524e+00
1.010800697594849584e+00
1.010626507696997134e+00
1.010621602837108890e+00
1.010518575226996507e+00
1.010471712860298910e+00
1.010432752805184409e+00
1.010309697602880252e+00
1.010287359001167840e+00
1.010265937400844916e+00
1.010152115810649232e+00
1.010124331104957474e+00
1.010104567728734803e+00
1.009957486531684934e+00
1.009934288149335391e+00
1.009885612548867995e+00
1.009846696961991697e+00
1.009664253221735697e+00
1.009601166620124557e+00
1.009597859834087119e+00
1.009482217586125330e+00
1.009453071070372854e+00
1.009409652833339832e+00
1.009295549103579548e+00
1.009231614594958470e+00
1.009220478437131474e+00
1.009197961626590923e+00
1.009155287629766251e+00
1.009085407218165420e+00
1.009054284647531219e+00
1.009030967626506126e+00
1.008929658738458190e+00
1.008880175027291770e+00
1.008855997848135067e+00
1.008744557181716406e+00
1.008688175864728365e+00
1.008650931869096157e+00
1.008628462041887053e+00
1.008587459072455061e+00
1.008537008618902053e+00
1.008524315296760454e+00
1.008499210848943672e+00
1.008472442938580960e+00
1.008446118009801218e+00
1.008238410093117210e+00
1.008222440667603470e+00
1.008175530391366426e+00
1.008043450698021148e+00
1.008027504755470538e+00
1.007972203438002090e+00
1.007815092105585952e+00
1.007800580327581130e+00
1.007710264577504455e+00
1.007616638865854064e+00
1.007507338402466202e+00
1.007506711447511361e+00
1.007340506251710455e+00
1.007298265591519693e+00
1.007282690352973464e+00
1.007255064988787696e+00
1.007204987294588516e+00
1.007201775990795412e+00
1.007163892186820453e+00
1.007018854929160545e+00
1.006997768551156192e+00
1.006816613606595912e+00
1.006746661043291358e+00
1.006686820529821835e+00
1.006676196189762340e+00
1.006666012506150842e+00
1.006613451453414632e+00
1.006569749003295211e+00
1.006471938744291528e+00
1.006396889349130630e+00
1.006347287408316804e+00
1.006325755302568181e+00
1.006320044842698325e+00
1.006258677434290760e+00
1.006149682677787816e+00
1.006128232173278958e+00
1.006126333268532180e+00
1.006064153200054934e+00
1.006031576913946513e+00
1.005907237915581343e+00
1.005894688195733577e+00
1.005820628093132996e+00
1.005813847637619274e+00
1.005798088067260565e+00
1.005731668224457698e+00
1.005701695904282600e+00
1.005672283380917520e+00
1.005574971818717023e+00
1.005524149190404337e+00
1.005489501417083931e+00
1.005467247002223008e+00
1.005401085190246846e+00
1.005362903537032393e+00
1.005355476148928284e+00
1.005348595152337765e+00
1.005300803082146421e+00
1.005284584403087988e+00
1.005275672997292480e+00
1.005206439249570760e+00
1.005043193947152913e+00
1.005029485405742884e+00
1.004995998759829590e+00
1.004919999812574627e+00
1.004886112628119887e+00
1.004882620191198672e+00
1.004846056064742088e+00
1.004748229583367181e+00
1.004675151011742873e+00
1.004664778596717989e+00
1.004536924774683371e+00
1.004469061804322827e+00
1.004416410569783036e+00
1.004382184315296023e+00
1.004374505430011499e+00
1.004373177605666800e+00
1.004337575229039770e+00
1.004326618168670082e+00
1.004239477430085792e+00
1.004164311228243012e+00
1.004150922467764273e+00
1.004029008046813054e+00
1.004020750950849639e+00
1.003953547637083776e+00
1.003849998028911283e+00
1.003825155266731217e+00
1.003797926280566744e+00
1.003750025056971529e+00
1.003722204763721093e+00
1.003697439533026259e+00
1.003672375309081710e+00
1.003638930727337453e+00
1.003631727345274838e+00
1.003630960247325010e+00
1.003565528430733877e+00
1.003539489337339941e+00
1.003491478453010677e+00
1.003452786916466666e+00
1.003434009364134738e+00
1.003302194119525481e+00
1.003293362642907693e+00
1.003265102345375137e+00
1.003162029597506555e+00
1.003151416091219827e+00
1.003139824869414776e+00
1.003128236419835284e+00
1.003072002070506175e+00
1.003053335989571027e+00
1.003040645494163607e+00
1.003021589170847161e+00
1.003002621045754106e+00
1.002973491381096816e+00
1.002943798637689898e+00
1.002843966788478092e+00
1.002837837891355166e+00
1.002775049878921410e+00
1.002758815870985920e+00
1.002758234147123950e+00
1.002744980743108805e+00
1.002703518907390734e+00
1.002683048409352073e+00
1.002623662531599402e+00
1.002569888771499551e+00
1.002568139157441918e+00
1.002558552609000175e+00
1.002524563901226351e+00
1.002491112193298006e+00
1.002463678971596606e+00
1.002451406862052252e+00
1.002445420889287231e+00
1.002335087293817484e+00
1.002316449548224853e+00
1.002303866370830354e+00
1.002293812382846872e+00
1.002246906702050078e+00
1.002231256661018532e+00
1.002224453244366265e+00
1.002216591904738996e+00
1.002153599204254508e+00
1.002115200409384510e+00
1.002098801653636295e+00
1.002049875298432591e+00
1.002034033112097600e+00
1.002001136887050281e+00
1.001972960926287515e+00
1.001963674454857900e+00
1.001888843609425983e+00
1.001880966005881612e+00
1.001855813226579350e+00
1.001815653931861005e+00
1.001771376118550272e+00
1.001768385299139030e+00
1.001705839988836555e+00
1.001696979944357802e+00
1.001680828657912858e+00
1.001648472338775075e+00
1.001624838244620674e+00
1.001614599071495748e+00
1.001584296567720633e+00
1.001533594595555021e+00
1.001512303901035406e+00
1.001487695286956470e+00
1.001481935674744639e+00
1.001450930451182941e+00
1.001425228359462460e+00
1.001391775331767153e+00
1.001389550340761936e+00
1.001360217923991991e+00
1.001316117071111345e+00
1.001301706588975993e+00
1.001265481184992368e+00
1.001258640116483356e+00
1.001197236949393554e+00
1.001173936847863599e+00
1.001148820865813249e+00
1.001128854822132430e+00
1.001114982563931166e+00
1.001104126921977366e+00
1.001095671898241113e+00
1.001050146647542549e+00
1.000985098288135644e+00
1.000984557267220243e+00
1.000974356425381240e+00
1.000928263666440943e+00
1.000920910993843060e+00
1.000884580033354121e+00
1.000830162726461969e+00
1.000794693807580682e+00
1.000765164021092835e+00
1.000752382317291911e+00
1.000700028811495335e+00
1.000691971169154870e+00
1.000659634667271369e+00
1.000653066992697848e+00
1.000615409969197067e+00
1.000609124890145196e+00
1.000603229211712630e+00
1.000597991518488383e+00
1.000550676355034918e+00
1.000544449834924965e+00
1.000540558342232211e+00
1.000508986226632979e+00
1.000488915538793266e+00
1.000440357234652522e+00
1.000429153308938224e+00
1.000413299838426973e+00
1.000399714441922105e+00
1.000383276186348480e+00
1.000375720730219520e+00
1.000368892867013360e+00
1.000350543122517477e+00
1.000339671322535207e+00
1.000322588665088608e+00
1.000292612586342500e+00
1.000286768358906953e+00
1.000275236649854405e+00
1.000255299002103637e+00
1.000243627290940740e+00
1.000199555951315933e+00
1.000184676755934365e+00
1.000176998236272485e+00
1.000146157214633291e+00
1.000139498823556794e+00
1.000130454480777642e+00
1.000111141157693728e+00
1.000100425379489844e+00
1.000092597086972512e+00
1.000077191774378482e+00
1.000059113474931927e+00
1.000044165159067910e+00
1.000034577296136762e+00
1.000023473137273911e+00
9.999790453733550244e-01
9.999234033538592081e-01
9.998565207594459769e-01
9.997539376166819647e-01
9.995075983291157318e-01
9.992834714250675709e-01
9.961313929128041700e-01
