5.366469775644860929e+05
2.293390190919004672e+05
2.196183382206588867e+05
9.781689655798210879e+04
8.059015121574609657e+04
5.890555935603894613e+04
4.247415818642748491e+04
3.588629034352851158e+04
3.017573439728773519e+04
3.005606452660037758e+04
1.903534254839980713e+04
1.800627420933527901e+04
1.716183783900207345e+04
1.540977782109501823e+04
1.106392883757906020e+04
1.053950448417153711e+04
9.412138127481168340e+03
8.849599050826103849e+03
8.230899931077510701e+03
7.294833375634862023e+03
6.763544406289504877e+03
5.963278868204197352e+03
5.460228359255727810e+03
5.134403497027537014e+03
4.863675253781693755e+03
4.674395575617034410e+03
4.230172911169927829e+03
3.770547560560828970e+03
3.360208137051632093e+03
3.201833073542436523e+03
3.031717551708662540e+03
2.878505936926751474e+03
2.812922736214504312e+03
2.678484451524549968e+03
2.346612788779106268e+03
2.263962932682249175e+03
2.211704870686651702e+03
2.142851889782039507e+03
1.930267855812853895e+03
1.900695184123634590e+03
1.789164627515044913e+03
1.745127649279909292e+03
1.647516769911153006e+03
1.581185031047491975e+03
1.551079192674854085e+03
1.327610069654547488e+03
1.304369383875005269e+03
1.257769178784160658e+03
1.200121930656868699e+03
1.179410444230484700e+03
1.165075565721612065e+03
1.137741390558269131e+03
1.042194007663673119e+03
9.924486673369088976e+02
9.499850701058937830e+02
9.314526297013088652e+02
9.175402526488161357e+02
8.395654317425122599e+02
8.239558098999603999e+02
8.099546479305278126e+02
7.939397121992473103e+02
7.737313605303299937e+02
7.591931524888339027e+02
7.218903233031008995e+02
7.072446285574466174e+02
6.699278152214560578e+02
6.304567573543897652e+02
5.920853931558727936e+02
5.786292848491758605e+02
5.756366229410878077e+02
5.535810850377326915e+02
5.506767566667369920e+02
5.355137710221868019e+02
5.256014504471044120e+02
5.052582284428601724e+02
4.816750286845817755e+02
4.744345975992326885e+02
4.612693583576635774e+02
4.425203943190822997e+02
4.301859978819851449e+02
4.142091172225937044e+02
4.072718807146728182e+02
4.008482270556613116e+02
3.985636367887001938e+02
3.848023731147245030e+02
3.819472095146878701e+02
3.742386305490020959e+02
3.586345556741065366e+02
3.515706379240027104e+02
3.394847996842466387e+02
3.279240471522788312e+02
3.229781276219366646e+02
3.060774070144415191e+02
3.032887312375428905e+02
2.953286618610774212e+02
2.914197235023073063e+02
2.890717407392484688e+02
2.801651169798427645e+02
2.777747934175296791e+02
2.723733904177312866e+02
2.683504802505331668e+02
2.620878041057486598e+02
2.527451596608743785e+02
2.421681597232287686e+02
2.399959282255080950e+02
2.291489808907766417e+02
2.262638293424173241e+02
2.239470941007137128e+02
2.228257193733560086e+02
2.206251437081201914e+02
2.139674079307012846e+02
2.111053775246178361e+02
2.044834260345988071e+02
2.019065729718114426e+02
1.973558167673172079e+02
1.937067887102661246e+02
1.925393594050354409e+02
1.872630560167578153e+02
1.856563507737130578e+02
1.792566675945810459e+02
1.759123953351830494e+02
1.686911870334573962e+02
1.658291237458285252e+02
1.643651267635703448e+02
1.616944876494954144e+02
1.606691995268423057e+02
1.580404290560651077e+02
1.563536724580656028e+02
1.522399825992504532e+02
1.502293579693793788e+02
1.474056884099828437e+02
1.451470793537088753e+02
1.395722426315728057e+02
1.362106558750781460e+02
1.345132649711797228e+02
1.321742760635479783e+02
1.307265974973192613e+02
1.292985443752053527e+02
1.270925833153877704e+02
1.260909648882358027e+02
1.243646124985431385e+02
1.212945403236337398e+02
1.198558863605931606e+02
1.174760540655663874e+02
1.156203992147925703e+02
1.151002908482998492e+02
1.147415033992398747e+02
1.105422109408532663e+02
1.098588010067580711e+02
1.073146612176522439e+02
1.046565964885279385e+02
1.016229381804606788e+02
1.008774602263150655e+02
9.887051898717338361e+01
9.830417517973113206e+01
9.790961931934711515e+01
9.602309068219678068e+01
9.362526339803251574e+01
9.356642145218579287e+01
9.256056647096117729e+01
9.138786048123068895e+01
8.973146508697962531e+01
8.938989393671216988e+01
8.642565714085239392e+01
8.574406413654388359e+01
8.411745284438219983e+01
8.283908928852652309e+01
8.192814218895668432e+01
7.959375508452097847e+01
7.891720530803269185e+01
7.792902083359199139e+01
7.726586049976977222e+01
7.662912971785979721e+01
7.544359417983861249e+01
7.454788488336180308e+01
7.447292054057649580e+01
7.332234783086903462e+01
7.329245860147028679e+01
7.176661813565097248e+01
7.086604770581342905e+01
6.838228913721127356e+01
6.781405807211025660e+01
6.669927897521993998e+01
6.625465476963591982e+01
6.508780583497994598e+01
6.452929089651117067e+01
6.426179635635604370e+01
6.235901548267958105e+01
6.192816547465916699e+01
6.099577801769503083e+01
6.013337295145174721e+01
5.961112937180951832e+01
5.932962632555424420e+01
5.848268305665099120e+01
5.802165980788954158e+01
5.744437600680893041e+01
5.679180583368592750e+01
5.579309922645118291e+01
5.505998633710047585e+01
5.438196621350418525e+01
5.348025502936723541e+01
5.261916215357652504e+01
5.214924517054856778e+01
5.168362247239491580e+01
5.105551316306210197e+01
5.024353738804396130e+01
4.986868362694880830e+01
4.912566268070469278e+01
4.901652274212211324e+01
4.862596784177218723e+01
4.775364389564622059e+01
4.754967344275426200e+01
4.710484048857772166e+01
4.659219604097074807e+01
4.583762006703140912e+01
4.517064392304939702e+01
4.487316132038210981e+01
4.440046142994136602e+01
4.415243309186241305e+01
4.344421505015592544e+01
4.323131736559537330e+01
4.284247074975664304e+01
4.208613665434371853e+01
4.144179741299173969e+01
4.096359985436300377e+01
4.053270344750384169e+01
4.009431538697377562e+01
3.916757110733998104e+01
3.879784617441008265e+01
3.854835239253316104e+01
3.815287269711740947e+01
3.791534277315841450e+01
3.746711050321993497e+01
3.719103519438658623e+01
3.682513844088396837e+01
3.614726501420273763e+01
3.593621766688333707e+01
3.542181814997822897e+01
3.529551652390480854e+01
3.502255093510210315e+01
3.483578096856084727e+01
3.424200905277459128e+01
3.364071492654872486e+01
3.341248795014220718e+01
3.301972498361879360e+01
3.275390378534957847e+01
3.254674450247306083e+01
3.228704349720977262e+01
3.208471459716817265e+01
3.175491352744581519e+01
3.127393554678209853e+01
3.118575183360065495e+01
3.097348781245038651e+01
3.058053117448506697e+01
3.007866517214768010e+01
2.970861466068166479e+01
2.959347556784534206e+01
2.936761411238756381e+01
2.887285936121782015e+01
2.864621834637869568e+01
2.858824536303076513e+01
2.847485917980286274e+01
2.791222396617926549e+01
2.784401468735685015e+01
2.747774323074011349e+01
2.721398492482716236e+01
2.698089716536084737e+01
2.678787851447703616e+01
2.651826108462208254e+01
2.642464071740736742e+01
2.610750067494056736e+01
2.587535176833474537e+01
2.570119747379561304e+01
2.539691969189009058e+01
2.503555075380121053e+01
2.482543587251368322e+01
2.463670544948899277e+01
2.429570680801505134e+01
2.404373879357664379e+01
2.386008020546542951e+01
2.372923238280243652e+01
2.359096921735827834e+01
2.342102804344565214e+01
2.305502223589140698e+01
2.295166307222282853e+01
2.276116791570823494e+01
2.260941966463380837e+01
2.232879183687450464e+01
2.219885109767623277e+01
2.180330522964476714e+01
2.174233533074628610e+01
2.152252251731998811e+01
2.132060617654378376e+01
2.126509164174044741e+01
2.117797344306914908e+01
2.096902932554068144e+01
2.060240407957638098e+01
2.057206651387531338e+01
2.034573255712653861e+01
2.019861938987512673e+01
2.015762079539535279e+01
1.983165991923176819e+01
1.977825727880128781e+01
1.967061758759421508e+01
1.939897962742228188e+01
1.926964020642813580e+01
1.917242041802977681e+01
1.908795299329255002e+01
1.903069240876289570e+01
1.875986800159201451e+01
1.846381843753108143e+01
1.833616594707162051e+01
1.826479177737157755e+01
1.820260949104863357e+01
1.792215513901869883e+01
1.787976729042839708e+01
1.776517506134527125e+01
1.763970803865761638e+01
1.743577573675035808e+01
1.733327280313692498e+01
1.719384069652461022e+01
1.716373999413735518e+01
1.698045716371954938e+01
1.683362449650698522e+01
1.664770678564927309e+01
1.651359196698230392e+01
1.642184407844362326e+01
1.640577456402484557e+01
1.631163235272548206e+01
1.606009235767074728e+01
1.597546791744311889e+01
1.597107955506729127e+01
1.572866317062318231e+01
1.566942624571690956e+01
1.555038151597193341e+01
1.540407461500989328e+01
1.515217373496688325e+01
1.513598686086885436e+01
1.503221601207925140e+01
1.491640871780147215e+01
1.483911295726223578e+01
1.478483601013077120e+01
1.466043442223856097e+01
1.455164838518748383e+01
1.450824023206055990e+01
1.444640566859177966e+01
1.433925912062579222e+01
1.422421779714986023e+01
1.402244259115247260e+01
1.393177831712241677e+01
1.390659337715332811e+01
1.377769715961125918e+01
1.372873386678893048e+01
1.361414769108623446e+01
1.348786233402447188e+01
1.344316663021949232e+01
1.334713809881169233e+01
1.329028897687113187e+01
1.317231745149596733e+01
1.304524151031717771e+01
1.298188117169159739e+01
1.283528493477050603e+01
1.277818745371111042e+01
1.271911006983664194e+01
1.268220936977617797e+01
1.254906320092431926e+01
1.252255508764614511e+01
1.236672565965405646e+01
1.224881306688816984e+01
1.210877934932428523e+01
1.202668928829377215e+01
1.199542902481555373e+01
1.191501694551975987e+01
1.188304924905787452e+01
1.181563061950812354e+01
1.170335174166820913e+01
1.165722000352277377e+01
1.159835739511868624e+01
1.151067246923833309e+01
1.142691657942806316e+01
1.136138107381027851e+01
1.133337835464729082e+01
1.123377900893438053e+01
1.118067529568840968e+01
1.116517826266521318e+01
1.112709006787696708e+01
1.097963012052530551e+01
1.084619373797447395e+01
1.083503889717755975e+01
1.080777616999513491e+01
1.075590494621677706e+01
1.062342921617697478e+01
1.058383777716678864e+01
1.045371294839335441e+01
1.042814621135912390e+01
1.037696177390227881e+01
1.028323995624127640e+01
1.021717136040714102e+01
1.012947990271095122e+01
1.012199844291759199e+01
9.992198822746956921e+00
9.949057533632934991e+00
9.886380041352621717e+00
9.867578956946879032e+00
9.821862242000904075e+00
9.764178881918379460e+00
9.755307943125670178e+00
9.733872123778358088e+00
9.666185931810211684e+00
9.604270669827910112e+00
9.512194351250645497e+00
9.472982281217721123e+00
9.417036161930333549e+00
9.329906870869850266e+00
9.203589776511924114e+00
9.160519785821103156e+00
9.149831638181556315e+00
9.097408057636975798e+00
9.021294691939717225e+00
8.996393900986092262e+00
8.921384239823794360e+00
8.909321459343193084e+00
8.876903849255253220e+00
8.753946880460905078e+00
8.750321385427520582e+00
8.653776428519625696e+00
8.632056273366906396e+00
8.571133947929656216e+00
8.495417501214239664e+00
8.449870899665853585e+00
8.404090514585311311e+00
8.351436465710980528e+00
8.280604726099333845e+00
8.222089101830681201e+00
8.198791846225129021e+00
8.161369701119944864e+00
8.094700646112309883e+00
7.999866556577028831e+00
7.984085825663266967e+00
7.927421693672903835e+00
7.886296543203088483e+00
7.838129527932133023e+00
7.801622758923797640e+00
7.780045369022372093e+00
7.722827827173463611e+00
7.673293826097442150e+00
7.649216436009904641e+00
7.640208783399502934e+00
7.604644999633710434e+00
7.514902835812748094e+00
7.481036154588839082e+00
7.461244286883007781e+00
7.405075970736620050e+00
7.355380018134921372e+00
7.331497549657858492e+00
7.308123411533803626e+00
7.287804400587612363e+00
7.212735624580493443e+00
7.181556247936203619e+00
7.090479066200670033e+00
7.083902408472499523e+00
7.068135736431190530e+00
7.020445144623283618e+00
7.003000449227412716e+00
6.958607310836192106e+00
6.918553937353372874e+00
6.859213806388472001e+00
6.816636250865120594e+00
6.794912407550336653e+00
6.769378047494485351e+00
6.740184157053290548e+00
6.701793478639877399e+00
6.663308510138646668e+00
6.622586307695358165e+00
6.602016329613783263e+00
6.565917726431793611e+00
6.495691750147693178e+00
6.485351610407612988e+00
6.460271868699708264e+00
6.430070667068963353e+00
6.408203211602995886e+00
6.371570133816137016e+00
6.337904373834193805e+00
6.320000526418541043e+00
6.296426034368916014e+00
6.287693176603210254e+00
6.270514030507862380e+00
6.218496416602503629e+00
6.178375324125800816e+00
6.152181179461200244e+00
6.119387862317835491e+00
6.085378670786644406e+00
6.062835534389870773e+00
6.044021485175314012e+00
6.022515561659715466e+00
5.981347111297457886e+00
5.971077502072651200e+00
5.948872275828603229e+00
5.935611914433170710e+00
5.914590174689251079e+00
5.853609813035369314e+00
5.839571888910294994e+00
5.825241053003277436e+00
5.779969121584275449e+00
5.735195216939700913e+00
5.725154617696893489e+00
5.702847474450708276e+00
5.679052006116378060e+00
5.644995382314064614e+00
5.622246075485536565e+00
5.603341788436202897e+00
5.568452625375035936e+00
5.550829563080338147e+00
5.515929194922854606e+00
5.482275115280350164e+00
5.462508022061149937e+00
5.447423912404024904e+00
5.401095045253994087e+00
5.376859419737496815e+00
5.368122377686018964e+00
5.319023001956391106e+00
5.300056340625756590e+00
5.273575460888540789e+00
5.256492023915940948e+00
5.234552327772742153e+00
5.217940042364640263e+00
5.207430671267492706e+00
5.183969747542881201e+00
5.159341063896272672e+00
5.140748393832695662e+00
5.110708977194996727e+00
5.073079841846274363e+00
5.066306631973267471e+00
5.050413515408714638e+00
5.022904201286549686e+00
5.008605095858087886e+00
4.991067290475769802e+00
4.982634292634165796e+00
4.960170363032125884e+00
4.934394068745088902e+00
4.925121805833366118e+00
4.893418847401746596e+00
4.870886113187900435e+00
4.861260278548929392e+00
4.846300199836320211e+00
4.839521856761077601e+00
4.783839406058882027e+00
4.761162172884028543e+00
4.751630156782154835e+00
4.717029068978479067e+00
4.703041064293208784e+00
4.660104774741984812e+00
4.646016098945374928e+00
4.636227689655989970e+00
4.623893362459812195e+00
4.603316681172981539e+00
4.574968554543905164e+00
4.544802586834473246e+00
4.540334190974336437e+00
4.512019282857953506e+00
4.491673580108511921e+00
4.480203924145578220e+00
4.458578498223651820e+00
4.438407980857467017e+00
4.427733268176720749e+00
4.415636228907317218e+00
4.396033161269859768e+00
4.372228725787137726e+00
4.350355449610690428e+00
4.335978753003042030e+00
4.324539212025139356e+00
4.303511878193318374e+00
4.274628011978000686e+00
4.251303129622435506e+00
4.227235482123107957e+00
4.215913676133907551e+00
4.212800911102259072e+00
4.193843746638798109e+00
4.161194801218814909e+00
4.155215374124800576e+00
4.138797328025647815e+00
4.112107258494496875e+00
4.076457062039557044e+00
4.072131808073744530e+00
4.061881743048902038e+00
4.050419250483127342e+00
4.027554097433195146e+00
4.002852244163748630e+00
3.982866800395872264e+00
3.969021539721302005e+00
3.947623907159190537e+00
3.936709255585756129e+00
3.930763873141075671e+00
3.910986451891963256e+00
3.899253746610356952e+00
3.879000972475938891e+00
3.869280396431970637e+00
3.851215862627559883e+00
3.821555410288729249e+00
3.800629275954959141e+00
3.788038828893277810e+00
3.778720036983910013e+00
3.763846646267245966e+00
3.758787820232987187e+00
3.736272020019351991e+00
3.720214149132522241e+00
3.705417262041022841e+00
3.689702407291495234e+00
3.676393998314271272e+00
3.642196992491750773e+00
3.628460991959701953e+00
3.610901085282680167e+00
3.608129324639799407e+00
3.584567323156441887e+00
3.572680036080216226e+00
3.560488377143501193e+00
3.555088297239718198e+00
3.541493667710324811e+00
3.529000635813530184e+00
3.515876385315196195e+00
3.505525013612683427e+00
3.500548683524065119e+00
3.492808518772019699e+00
3.478880560443917247e+00
3.474521436431497357e+00
3.466291745898196552e+00
3.443373580326131389e+00
3.415739710740192336e+00
3.409929231373696190e+00
3.401786345199958372e+00
3.384304366973373668e+00
3.366280679629281458e+00
3.360419373161809276e+00
3.342729009161962139e+00
3.334724609713815902e+00
3.301168848409303802e+00
3.290427852057494995e+00
3.289023528532184937e+00
3.273082597253513804e+00
3.263488547230528614e+00
3.254250957513037168e+00
3.241883528442351281e+00
3.225111807609446046e+00
3.203946128274679506e+00
3.200816313482363729e+00
3.186910380193257453e+00
3.178948176212700538e+00
3.173661219002360756e+00
3.146490334755802643e+00
3.143377929573259788e+00
3.129038549539565839e+00
3.118339771290697726e+00
3.113176203959956201e+00
3.102866426559789836e+00
3.094145174184424807e+00
3.089564710724915120e+00
3.061526078711840793e+00
3.055051597215760140e+00
3.045168634842685407e+00
3.033067292973642193e+00
3.027426520179712810e+00
3.004278425854518542e+00
3.002238436470725969e+00
2.996124213851655060e+00
2.988218752075546103e+00
2.978817632796387560e+00
2.972712859291187115e+00
2.966212341881599546e+00
2.954694819370771164e+00
2.946676585109290425e+00
2.927901746450586984e+00
2.922535717477846795e+00
2.910922106210585891e+00
2.895470970571179414e+00
2.889832436268735538e+00
2.879125918786610061e+00
2.870697918012582228e+00
2.859639319436604765e+00
2.854832824180311146e+00
2.838590860110364655e+00
2.828139737142985499e+00
2.807715734549828479e+00
2.801174009325754444e+00
2.792574747494750653e+00
2.783729777336845235e+00
2.772420936528839253e+00
2.767226648527639998e+00
2.754220596724469505e+00
2.748294745008180051e+00
2.735870752144349272e+00
2.732920701770802374e+00
2.718426848114440020e+00
2.709194106415930836e+00
2.699595313473610592e+00
2.691668666793987086e+00
2.687561964084875576e+00
2.671604632789543299e+00
2.666189946260366206e+00
2.656405008271785384e+00
2.652987354075341919e+00
2.639568610975924212e+00
2.629908859730821113e+00
2.619177454885291301e+00
2.615824084576660269e+00
2.608957932021885640e+00
2.595466264843732329e+00
2.586581114025263695e+00
2.580817474961455638e+00
2.575129695955325815e+00
2.566121169107804523e+00
2.555855409032348202e+00
2.552871299753615819e+00
2.550497172621773778e+00
2.543795033126926342e+00
2.533473116471703257e+00
2.529610767063793286e+00
2.521954030465526575e+00
2.513919332473330215e+00
2.509703841036547978e+00
2.497292731130252186e+00
2.491202107178510872e+00
2.483895512726762345e+00
2.476659275908604130e+00
2.475057316321054302e+00
2.470006581653566791e+00
2.462023273650629562e+00
2.452890485617748695e+00
2.450765947582288273e+00
2.446495446184764333e+00
2.435470286647412497e+00
2.433553872489902403e+00
2.427143882581846768e+00
2.421449699791667687e+00
2.410109766278555998e+00
2.404933506842382496e+00
2.404306915525045163e+00
2.399083989657357918e+00
2.387579807609411908e+00
2.382544322633064926e+00
2.374205619889466323e+00
2.364007325989482045e+00
2.359019429874851248e+00
2.352452778108434117e+00
2.347345184830091025e+00
2.333781253788101751e+00
2.329036200175942373e+00
2.320729108544695052e+00
2.319778348966202053e+00
2.310676034125226597e+00
2.299961932567175626e+00
2.291624346906669718e+00
2.289020836635968337e+00
2.280188558061810866e+00
2.278052444424736311e+00
2.270724590011422794e+00
2.263156225969478630e+00
2.259615161664204841e+00
2.256818772993397726e+00
2.245627175668309494e+00
2.239216664886104269e+00
2.229626318677409014e+00
2.225384588696919685e+00
2.214083638708693957e+00
2.212938761468621784e+00
2.205215707883401155e+00
2.203368001862696879e+00
2.192489972921185526e+00
2.186847711691918938e+00
2.179871067489662639e+00
2.175472575261111707e+00
2.172556501381968985e+00
2.159573950691020983e+00
2.155757691086476857e+00
2.149904036222757497e+00
2.143860393510315543e+00
2.134998017801573500e+00
2.132789700530188348e+00
2.131472002496491935e+00
2.122217165421897533e+00
2.114058466297201289e+00
2.111120238630879165e+00
2.109047092318558470e+00
2.104274675748855294e+00
2.099473968873013074e+00
2.087234427992441965e+00
2.077396780836385126e+00
2.075513123095791279e+00
2.069476962783869833e+00
2.064409423901811813e+00
2.058701692552326268e+00
2.051325903877300849e+00
2.047275275666333272e+00
2.043685132532652826e+00
2.035576368724812291e+00
2.032162031779613187e+00
2.026308098891458354e+00
2.018888947230666808e+00
2.014985681027789077e+00
2.006068647836644292e+00
2.002382798603130620e+00
1.999117945870337865e+00
1.993270803912231104e+00
1.987079238972659478e+00
1.977034711107866993e+00
1.965165674327540968e+00
1.958344782125977401e+00
1.955538061704922947e+00
1.950940112638997359e+00
1.947235887843267177e+00
1.942221164271261014e+00
1.937835355441116958e+00
1.937237371726720836e+00
1.930804398027797131e+00
1.928623888728832281e+00
1.925243082397287919e+00
1.922987470313459513e+00
1.918512438254781127e+00
1.906737249954896907e+00
1.902321284537364710e+00
1.899504336433758711e+00
1.894966370428284419e+00
1.889328303121341701e+00
1.886915785086942687e+00
1.883278780208393677e+00
1.878340830362362990e+00
1.874273459148588783e+00
1.869458133403722577e+00
1.864371015754320071e+00
1.861696043534976974e+00
1.855787232429563449e+00
1.853632342421775325e+00
1.846532734369603634e+00
1.844210820984473864e+00
1.836416266117649965e+00
1.829538817272134965e+00
1.829496403687066897e+00
1.825420182621324106e+00
1.822014852764963999e+00
1.817273242224183072e+00
1.815213783881697518e+00
1.807540468405230083e+00
1.803969371133411936e+00
1.790819279000605668e+00
1.787628579648954164e+00
1.785035845201506932e+00
1.779524000596588218e+00
1.774937232392476361e+00
1.772061678818775965e+00
1.766490525166788617e+00
1.765132728364023018e+00
1.754954174482785456e+00
1.751716523701424721e+00
1.747954109387080956e+00
1.746047168450773013e+00
1.743470844902609507e+00
1.740449740104388798e+00
1.736028684368678521e+00
1.735116419713982117e+00
1.729250241194009607e+00
1.724601914669831704e+00
1.721094742837039338e+00
1.719901695657225060e+00
1.718185368236197386e+00
1.716879835447507663e+00
1.715883658552434188e+00
1.712268679780495573e+00
1.706531587684328999e+00
1.705775485334429575e+00
1.700365839419468061e+00
1.695403372787963159e+00
1.689855437653047021e+00
1.686132128875239999e+00
1.680428965206180347e+00
1.678510778374877832e+00
1.675249756332986895e+00
1.673511704942038492e+00
1.669662992080318764e+00
1.665814826382703728e+00
1.663989376168148127e+00
1.662233832859608462e+00
1.660059675089100351e+00
1.657165587877892587e+00
1.655522705485040325e+00
1.652108781188491582e+00
1.651065564799564900e+00
1.648800569141519512e+00
1.645633963810728906e+00
1.644046207782447810e+00
1.641720940288878605e+00
1.640126983289805107e+00
1.632709125050899823e+00
1.630221129844221961e+00
1.622257280040766414e+00
1.619024230683952403e+00
1.614214538264074683e+00
1.614130308127377900e+00
1.609704064276403557e+00
1.608595589742100262e+00
1.604729328016569312e+00
1.602527295760886705e+00
1.601855624349877161e+00
1.595452853522332681e+00
1.590250052927848046e+00
1.588314508339432773e+00
1.584623515843349928e+00
1.579835950748265105e+00
1.579049389592623864e+00
1.575230053886143011e+00
1.572428459172895643e+00
1.569804830351543279e+00
1.566983931387835316e+00
1.564453837414488735e+00
1.561873557440233151e+00
1.557438951995842480e+00
1.554824807445312818e+00
1.553256918475937276e+00
1.550822641017004289e+00
1.550369800939120912e+00
1.546755580961319598e+00
1.543551761804834221e+00
1.538667845593727046e+00
1.537383312087730047e+00
1.533887170579860459e+00
1.531740898518971550e+00
1.526654310606595066e+00
1.525989109135156063e+00
1.523847964839086133e+00
1.519905636215128419e+00
1.519080477926758377e+00
1.517000778672249028e+00
1.515381595252328850e+00
1.512694239938406904e+00
1.508980799602890999e+00
1.508807134978172648e+00
1.505308325101217592e+00
1.504502081375619582e+00
1.500438353742248099e+00
1.497363866453894854e+00
1.492829272577613553e+00
1.491265403734962192e+00
1.486656988559436954e+00
1.486091685425134257e+00
1.482690798801858945e+00
1.480021596561110542e+00
1.477364645911782182e+00
1.474927995204224906e+00
1.472704412080489078e+00
1.471477882947802795e+00
1.468458588964227651e+00
1.466239265530262958e+00
1.465236116024010604e+00
1.462689726802242296e+00
1.459311936313353986e+00
1.455622462666523509e+00
1.452930022017304257e+00
1.450914920923379370e+00
1.449245666869039884e+00
1.444092087798272805e+00
1.441585171097415907e+00
1.437316102935362494e+00
1.433417431525190411e+00
1.431582815420052279e+00
1.429846863294895964e+00
1.425752595580592308e+00
1.424742688353154874e+00
1.421762470861177574e+00
1.420404412502384472e+00
1.417287525753598398e+00
1.415104625909431091e+00
1.410595999937700684e+00
1.406439442782163818e+00
1.405289543049020651e+00
1.404200957921893034e+00
1.401879171138312508e+00
1.400684058699753765e+00
1.398907156785393457e+00
1.396596588226429958e+00
1.394361107836070479e+00
1.392641836680982514e+00
1.391094524497421325e+00
1.388948302822557102e+00
1.386460644647883766e+00
1.384894929796032015e+00
1.380130291354027650e+00
1.378416590785215057e+00
1.377109986126430652e+00
1.375620790030397611e+00
1.374134571284481687e+00
1.370671313383136525e+00
1.369477123692879106e+00
1.367772299004137437e+00
1.365952119269525866e+00
1.363121811104418768e+00
1.361847307627196191e+00
1.360065041064449254e+00
1.359729923963053366e+00
1.358134503000690607e+00
1.356221219249097887e+00
1.354351879424972038e+00
1.353976115072819120e+00
1.352100153026858820e+00
1.349068671290059696e+00
1.346763118263219594e+00
1.345114398675558709e+00
1.344002978170098395e+00
1.340980805794355080e+00
1.340008327092961027e+00
1.338749574591583835e+00
1.337091900622763285e+00
1.334810493072553506e+00
1.334084483149168054e+00
1.331873664122688483e+00
1.331078368880484142e+00
1.329666651209220785e+00
1.326620930991147418e+00
1.325994630285942888e+00
1.324276924493165142e+00
1.322278073472790139e+00
1.318978782895456670e+00
1.316250090589835775e+00
1.314370799304737991e+00
1.312844697742718836e+00
1.312088402592749947e+00
1.311578325495540209e+00
1.310336848578026903e+00
1.309550683722536135e+00
1.308264107065561621e+00
1.306588767711686749e+00
1.305721528945410714e+00
1.303143198202292519e+00
1.301273436348356682e+00
1.299870258047278515e+00
1.297726462694053895e+00
1.296392729169573821e+00
1.295650607168970403e+00
1.295215849631836003e+00
1.294219674905214390e+00
1.291253984892682727e+00
1.289439144965565776e+00
1.288433193540792443e+00
1.287151982170127829e+00
1.286781409267182097e+00
1.285824115059273298e+00
1.284290521260081031e+00
1.281823118514340498e+00
1.279557395221460947e+00
1.277599596846570984e+00
1.277154516552306829e+00
1.275371960230498702e+00
1.273766306364771728e+00
1.273350501478238250e+00
1.271060554366188811e+00
1.269134283951325104e+00
1.267536903897716227e+00
1.267033077323583168e+00
1.264720873893813380e+00
1.263352606306521908e+00
1.262776043884787702e+00
1.262268377112190310e+00
1.260806351802394421e+00
1.259265374992167619e+00
1.257429393238636894e+00
1.257121679091558475e+00
1.255905076795349018e+00
1.253655139508133676e+00
1.252594725596967828e+00
1.251027535946556357e+00
1.250115989390192528e+00
1.248276168165210587e+00
1.247937258265260141e+00
1.245534396466503990e+00
1.243714902484869711e+00
1.242879625915509934e+00
1.241522855286127047e+00
1.240752638021095589e+00
1.239904784912883473e+00
1.238569141157635833e+00
1.237587507271477261e+00
1.236641076807441175e+00
1.236380475598344963e+00
1.235431409856540652e+00
1.233144145390475011e+00
1.232196777449791725e+00
1.231183663149999052e+00
1.229653956299709749e+00
1.227441136040067882e+00
1.227067802129821583e+00
1.225877841550343517e+00
1.224729580605130819e+00
1.223166918462950781e+00
1.222070884410374925e+00
1.221888877432062204e+00
1.221128989550847033e+00
1.219069824612958985e+00
1.217771960060850533e+00
1.215975411062485412e+00
1.215703715471743385e+00
1.214217522561713336e+00
1.211894962407057186e+00
1.210121996748114048e+00
1.209396610221801893e+00
1.206139854680855938e+00
1.203485763548554743e+00
1.201728352142393597e+00
1.200893231886102530e+00
1.200032476040392204e+00
1.198614715368599759e+00
1.197012361706299099e+00
1.196397242430750518e+00
1.195599625794328658e+00
1.193666169485873674e+00
1.193250581526392962e+00
1.192353831644658246e+00
1.190899728262723833e+00
1.189675519868333975e+00
1.188803899926726526e+00
1.188126152752681630e+00
1.186753092004117383e+00
1.186195727516234699e+00
1.185754319225746478e+00
1.184280012098481771e+00
1.182789139548609203e+00
1.181592670352349161e+00
1.179603961599308581e+00
1.178860607365583402e+00
1.178069007180937433e+00
1.177641008397850131e+00
1.176559928861162119e+00
1.176207242202826686e+00
1.173318036783375096e+00
1.172991151130776233e+00
1.172084746654252552e+00
1.170820221620540336e+00
1.170611935986420882e+00
1.170057605397812228e+00
1.169019776518622766e+00
1.166585681795356155e+00
1.166195228061593703e+00
1.165191891458115192e+00
1.164367962408508372e+00
1.163348482932412331e+00
1.162873797219645011e+00
1.162564284607903398e+00
1.161051213374223012e+00
1.160705520469909269e+00
1.158475482862139749e+00
1.157957068674771328e+00
1.156662726662280649e+00
1.155804839638885806e+00
1.155288517331446219e+00
1.153694157957645183e+00
1.153393130549414058e+00
1.153038693132917070e+00
1.150813900186051342e+00
1.150622381684834883e+00
1.150195055796582322e+00
1.149791531290013769e+00
1.148954221339907766e+00
1.148494962784694096e+00
1.147613144304396204e+00
1.147381643961929543e+00
1.147013013680063365e+00
1.146212381685842718e+00
1.144119254498705329e+00
1.142867132470551050e+00
1.142682360868819913e+00
1.141769350782241066e+00
1.141342782942322387e+00
1.140635074659092973e+00
1.138605300107921270e+00
1.138102563518531785e+00
1.136240886458015797e+00
1.134336698046418457e+00
1.133560861667904929e+00
1.133325576182248051e+00
1.129944711874649066e+00
1.129633510433117882e+00
1.128329851160814190e+00
1.127869810263316674e+00
1.127591714709309301e+00
1.127267983404988794e+00
1.124785366572622181e+00
1.123251075231324281e+00
1.122162392493025074e+00
1.121111500938488437e+00
1.120396361688083209e+00
1.117406916985311582e+00
1.117002250414730558e+00
1.115955238203539146e+00
1.115662795445268918e+00
1.115563028976876092e+00
1.114969059114294003e+00
1.113959061229930825e+00
1.112975641660201243e+00
1.112572320481227450e+00
1.112246134611400761e+00
1.111607725286983150e+00
1.110177460120571169e+00
1.109187150465242633e+00
1.109075863711265431e+00
1.108856550868758450e+00
1.107599488150870837e+00
1.107226260169223764e+00
1.106583415744888832e+00
1.106283769119541738e+00
1.105933321233797839e+00
1.104646867962618018e+00
1.103591480523200330e+00
1.101794918527521983e+00
1.100046236143242595e+00
1.099569361654702204e+00
1.099242600737044606e+00
1.099017706100365643e+00
1.097742622516884037e+00
1.096583041023042604e+00
1.095871813038901799e+00
1.095065791768799146e+00
1.094389978905763172e+00
1.093481535280228734e+00
1.091360564094827623e+00
1.089882104823784115e+00
1.089106290129078003e+00
1.088621956377707756e+00
1.088344393133942267e+00
1.087692393670662172e+00
1.087538735999321826e+00
1.086358702249058616e+00
1.086015579036433865e+00
1.084859571943667111e+00
1.084539890987399557e+00
1.083389946172635510e+00
1.083336002350378191e+00
1.082221682296274246e+00
1.081547220477638183e+00
1.080020706411356723e+00
1.079907500640178375e+00
1.078830898124173432e+00
1.078306954995406519e+00
1.078222954000802147e+00
1.077587994852614584e+00
1.076224009243867075e+00
1.076124261334933996e+00
1.075664122027621961e+00
1.074002253915739669e+00
1.073637527174921669e+00
1.073434757726921429e+00
1.072536173158145090e+00
1.071963992562512180e+00
1.071221451774044819e+00
1.070637506626158419e+00
1.069815361502007178e+00
1.069205011012765327e+00
1.068185946177046874e+00
1.068041154799476811e+00
1.066145753064328572e+00
1.065486520131860404e+00
1.064757985746584978e+00
1.064202573971485766e+00
1.064108136713485253e+00
1.062683117434344071e+00
1.061418761842830127e+00
1.060571617826471913e+00
1.059912024205734271e+00
1.059499879160672009e+00
1.059315782540261708e+00
1.058714211258606763e+00
1.058635862674250028e+00
1.058480083916379710e+00
1.057598122768582005e+00
1.056716324189734157e+00
1.055371740327697871e+00
1.054996106562566149e+00
1.054557335951117336e+00
1.053080694461397515e+00
1.053014155699788956e+00
1.052152299472584041e+00
1.051978338429516713e+00
1.051788358995046080e+00
1.051392725560331920e+00
1.051217916890919035e+00
1.050938120842122681e+00
1.050809750232408968e+00
1.049866742639531392e+00
1.049797935193023335e+00
1.049249185124267125e+00
1.048548091186333853e+00
1.048241447265787052e+00
1.047721943144741985e+00
1.047681196700742667e+00
1.047467516731785953e+00
1.047367533619909974e+00
1.046940659943730534e+00
1.046512814257519519e+00
1.046326504885058295e+00
1.045789561814740143e+00
1.045576057832930728e+00
1.045416622471183610e+00
1.045028334073007326e+00
1.044487870842017108e+00
1.043559665149686344e+00
1.042881777662064469e+00
1.042471803922752516e+00
1.042349427024121367e+00
1.042231616461766874e+00
1.042132331047623817e+00
1.041551738942798844e+00
1.039432111738723075e+00
1.038258232463136643e+00
1.037477533420458231e+00
1.036358586028110595e+00
1.036069470371061341e+00
1.036056153336985197e+00
1.035760194587777239e+00
1.035521194707694770e+00
1.035247288728837534e+00
1.034936498942113703e+00
1.033965584253089487e+00
1.033534236980651944e+00
1.033375025823489946e+00
1.033359634802191174e+00
1.033153536661385319e+00
1.032802440788169296e+00
1.032576813985782938e+00
1.032224891123405763e+00
1.031800291502602551e+00
1.031675009921275699e+00
1.031523217379898938e+00
1.030870442695670741e+00
1.030801453789808697e+00
1.030401725796351364e+00
1.029972611545207251e+00
1.029460151168172244e+00
1.029067111539069934e+00
1.028986888219590501e+00
1.028368448634029653e+00
1.028280805572425072e+00
1.027075113971108511e+00
1.025937856903682555e+00
1.025623619572660905e+00
1.025102256483489960e+00
1.025038314282660679e+00
1.024455342795135948e+00
1.023675199493603527e+00
1.023661272235364184e+00
1.023271322580032949e+00
1.021929201757402872e+00
1.021366234634467851e+00
1.021322291174403096e+00
1.021094391860524864e+00
1.020208601096983969e+00
1.019843480556189563e+00
1.019415143393467060e+00
1.018992705725862979e+00
1.018634471542494646e+00
1.017931118921739708e+00
1.017390205350107601e+00
1.016625164727093189e+00
1.015713217620995312e+00
1.015440226115172040e+00
1.014743234934735394e+00
1.014633509431671854e+00
1.014629410860139025e+00
1.014202973087765747e+00
1.013208989309595021e+00
1.013164111095620656e+00
1.012803445994051588e+00
1.012473058070929799e+00
1.012091253186608864e+00
1.011834161306850222e+00
1.011560194674061774e+00
1.011402630773621025e+00
1.011364358501059435e+00
1.010871373125045380e+00
1.010658802674476942e+00
1.010548343421971751e+00
1.010275614837110592e+00
1.010061570648139728e+00
1.009896733355183818e+00
1.009849445288987901e+00
1.009653242581667110e+00
1.009494630671430304e+00
1.009311531645805227e+00
1.008805470059991549e+00
1.008090776465929705e+00
1.007970354912899991e+00
1.007956864895163562e+00
1.007570496320085107e+00
1.007416132263663222e+00
1.007091616185130656e+00
1.006960192333727244e+00
1.006865329795795461e+00
1.006512928315163258e+00
1.005873191637918440e+00
1.005443715718407516e+00
1.005181896996619084e+00
1.005043273035110429e+00
1.004596229139417041e+00
1.004480574164018813e+00
1.003957007491938391e+00
1.003572500379859012e+00
1.003404245871164502e+00
1.003384506112481533e+00
1.002855622045070616e+00
1.002387569420501112e+00
1.002291929328592346e+00
1.002002147313891145e+00
1.001662292081703542e+00
1.001554566997121087e+00
1.001430876838753425e+00
1.001197529659837437e+00
1.001000865878436397e+00
1.000955855835106378e+00
1.000865429478522417e+00
1.000543149726815795e+00
1.000378718158645652e+00
1.000301987132378390e+00
