7.381762950905542311e+03
3.138903989481215376e+03
3.021667629714331269e+03
1.345048304568082813e+03
1.109216625457758255e+03
8.188514604274320163e+02
5.813992418848295074e+02
4.954426220155706915e+02
4.196210982578139124e+02
4.140590565690658309e+02
2.612834742044956897e+02
2.487568364202951727e+02
2.387086878914316799e+02
2.158583453721981016e+02
1.547159518142283900e+02
1.452560833051672091e+02
1.298169042021453095e+02
1.232643590158494646e+02
1.158189782114762352e+02
1.007355777852164351e+02
9.451819241441219788e+01
8.321070546352055430e+01
7.678364135733035312e+01
7.212817774769784762e+01
6.813435335200013299e+01
6.442229111873113823e+01
5.982489715025466381e+01
5.306123978227799398e+01
4.751375140492529425e+01
4.512496513347819160e+01
4.249878211474482725e+01
4.033049870785116298e+01
4.028295975241473315e+01
3.835928561532497838e+01
3.337841773506897169e+01
3.245542562288501642e+01
3.146716428792205988e+01
3.059094807132027327e+01
2.765895583185952233e+01
2.740501622341818688e+01
2.579360812030242300e+01
2.500924726224235428e+01
2.362304016080934588e+01
2.290158648678939457e+01
2.230261157209334399e+01
1.911494860796407735e+01
1.899200867171317597e+01
1.843791787627044343e+01
1.774792746795645115e+01
1.726327075463561656e+01
1.704837873408283144e+01
1.672001176038423509e+01
1.550279954687272976e+01
1.477899816597189364e+01
1.406802033552767384e+01
1.391383262393743614e+01
1.371034782920902018e+01
1.256845159026592817e+01
1.250512671964643552e+01
1.237555969895805141e+01
1.200653681868571887e+01
1.153335928386561093e+01
1.133433762139582157e+01
1.097822745796941568e+01
1.077646278660728818e+01
1.029091229872564028e+01
9.744843264959596851e+00
9.174383176592268541e+00
9.054264582206535295e+00
8.912574031349192794e+00
8.685639990908143204e+00
8.559913702917526734e+00
8.361511648717526057e+00
8.162245805814295707e+00
8.098125256163914543e+00
7.620560723341420761e+00
7.509436566958900272e+00
7.402006500303275338e+00
7.130229610132096774e+00
6.991443280823586903e+00
6.715889222003224468e+00
6.653846340954288507e+00
6.619349629960472825e+00
6.474094595764999127e+00
6.402942005544593584e+00
6.236004287761666376e+00
6.099381247624705793e+00
5.984319975733829011e+00
5.901062577931883268e+00
5.678191358466051497e+00
5.538074106612379310e+00
5.488262861790917491e+00
5.201567545530647152e+00
5.168673241188606049e+00
5.116444253076057436e+00
5.084973990774916963e+00
4.962075057554815594e+00
4.882573813829152343e+00
4.815916931184613503e+00
4.771747750072771410e+00
4.732992789770178454e+00
4.601289055220498803e+00
4.473941586546731131e+00
4.385354025899578900e+00
4.302813172464437841e+00
4.175993741456400343e+00
4.125641543005420964e+00
4.111372862713935206e+00
4.079777607052127664e+00
3.999784364896212807e+00
3.962739580385141291e+00
3.904739597713076105e+00
3.842608464775577826e+00
3.787353937346634059e+00
3.755716603460450553e+00
3.705376126439536844e+00
3.629949877925211954e+00
3.596023294210185739e+00
3.555230378505932265e+00
3.449070001329086921e+00
3.412830941777164284e+00
3.326053384080852382e+00
3.273341251235696525e+00
3.267141843945728485e+00
3.242217116161346002e+00
3.224091420085561488e+00
3.193778977190250945e+00
3.175542427865487127e+00
3.132291623888123322e+00
3.076555779116878053e+00
3.035337839054117914e+00
2.992459649797375221e+00
2.928051083225743145e+00
2.887952607649931114e+00
2.880825967000766763e+00
2.835937718320223233e+00
2.812770220075783367e+00
2.783078826443671439e+00
2.745532046666805392e+00
2.739702189987258230e+00
2.713079585696670293e+00
2.693947319275601604e+00
2.650401301606949644e+00
2.627552832554226558e+00
2.608230969394109700e+00
2.581870471489882135e+00
2.573527554773678006e+00
2.534483399382671642e+00
2.503078593935335050e+00
2.463312365202450227e+00
2.438787005660184359e+00
2.411197641475024689e+00
2.394024300356327739e+00
2.362944624026671381e+00
2.359495405596224060e+00
2.339954887545688145e+00
2.311827672991330740e+00
2.304373573338287962e+00
2.299045276022080309e+00
2.269721994681421773e+00
2.261640928737539635e+00
2.249706250051057399e+00
2.216975592237196313e+00
2.204391683999182838e+00
2.186371578980167651e+00
2.174706273336447726e+00
2.145437713790891987e+00
2.122620056071846228e+00
2.104144039114177467e+00
2.098058225525529785e+00
2.083284954029938962e+00
2.065251460914943493e+00
2.058726796320624608e+00
2.036170011782704847e+00
2.033562615724232803e+00
2.022829676880995464e+00
2.010232426462142286e+00
1.997683160470142383e+00
1.986490513420361426e+00
1.972516373290773339e+00
1.944050111275122728e+00
1.932756227874775856e+00
1.923340374163931665e+00
1.912205243651168285e+00
1.894205302318197282e+00
1.881871812960139723e+00
1.871764748160440028e+00
1.861632412769172795e+00
1.839995728735946967e+00
1.837459196975183007e+00
1.826664299614102926e+00
1.815311391593807056e+00
1.811866417090676196e+00
1.805930203237440246e+00
1.794240226731231402e+00
1.788783527510766858e+00
1.780564836156825814e+00
1.760613509367990881e+00
1.756896192899282561e+00
1.749085422707276294e+00
1.737720479236269044e+00
1.724200942810787618e+00
1.714972600944181025e+00
1.713312051130969405e+00
1.699413621388102147e+00
1.690258839436250105e+00
1.684947648637146633e+00
1.682187681492722131e+00
1.663670260866952910e+00
1.662051921406711763e+00
1.655037842542708137e+00
1.648920258347089662e+00
1.642225325344084830e+00
1.634536270149174131e+00
1.631680891154798196e+00
1.628437084051518546e+00
1.615923519374581563e+00
1.610916962940901254e+00
1.601778695043042822e+00
1.593154064576204121e+00
1.587699844551456518e+00
1.578106988197032656e+00
1.575456627014831579e+00
1.562660809637801407e+00
1.554039379844955215e+00
1.552829745831135977e+00
1.546625362525162029e+00
1.539868971504084305e+00
1.536662446653549896e+00
1.525509152707466454e+00
1.520644232559327680e+00
1.517505554950909330e+00
1.507661545283021765e+00
1.504311790977173713e+00
1.500939668587335740e+00
1.495797022849301161e+00
1.489643242089425001e+00
1.482922162805907940e+00
1.478739431289310069e+00
1.475787669664196500e+00
1.469192528598556757e+00
1.468722253259328481e+00
1.458295377936834170e+00
1.452861626073119972e+00
1.451015729008007460e+00
1.447652586514930118e+00
1.446026085479524825e+00
1.440845282918759462e+00
1.431737327210258481e+00
1.430726657026442084e+00
1.421561359968535498e+00
1.419618595229902525e+00
1.414964094496026892e+00
1.413219793891045128e+00
1.409736730921868686e+00
1.401421362273181925e+00
1.399202061394433372e+00
1.396429265144881304e+00
1.394965820553834890e+00
1.390595559991976371e+00
1.389308353045320077e+00
1.386953073376851808e+00
1.378035515524688837e+00
1.374996833760847803e+00
1.372951916817000129e+00
1.366715901823059465e+00
1.365367386981554798e+00
1.359182206171200891e+00
1.356839808663193425e+00
1.356599174919213668e+00
1.352472919931210438e+00
1.348566054059808561e+00
1.346260248688224248e+00
1.345285241991465597e+00
1.340350615005050594e+00
1.337696872513983504e+00
1.334949460749876415e+00
1.330077358053556091e+00
1.326308145935183758e+00
1.323643349331993235e+00
1.321015295955365376e+00
1.316625266126277172e+00
1.313335186854333259e+00
1.310257563768967293e+00
1.307538451067063789e+00
1.304746357487116093e+00
1.302719113312285293e+00
1.296090562545680225e+00
1.294991880328337341e+00
1.293439527423620783e+00
1.290418045108987055e+00
1.288615376484667729e+00
1.286936805446285526e+00
1.283768468908770277e+00
1.281968400983025891e+00
1.281570026158714182e+00
1.277169957698212510e+00
1.275629885013625398e+00
1.272128605443617166e+00
1.270732936828561810e+00
1.267686754641277780e+00
1.265582030345934861e+00
1.261816156858307281e+00
1.260870801720502143e+00
1.257105944003680253e+00
1.255731346204223442e+00
1.255034001941589539e+00
1.254350809994858817e+00
1.252850795526236016e+00
1.249447653101990685e+00
1.248448305506831391e+00
1.245454619996861467e+00
1.243914000858951319e+00
1.240893178519557827e+00
1.238514909409178744e+00
1.235829111260304813e+00
1.234397695076058232e+00
1.233457335636814367e+00
1.231313273769262473e+00
1.230595704110711619e+00
1.228696809053308803e+00
1.226821551484382544e+00
1.226398773691786737e+00
1.222407209337725842e+00
1.220950830381182683e+00
1.219383238990812135e+00
1.218192581192460322e+00
1.216692893709966139e+00
1.215626413757684876e+00
1.213284433573591503e+00
1.209857789618219215e+00
1.208155068244241237e+00
1.207711383493970336e+00
1.206702125619101507e+00
1.203983519016896153e+00
1.203258383526496722e+00
1.200654229563135278e+00
1.200036663164018247e+00
1.197288227871945443e+00
1.196842443368223430e+00
1.194475830169883457e+00
1.193789277259588388e+00
1.192417546767971404e+00
1.191342310030964802e+00
1.190853777228450650e+00
1.188420813054467340e+00
1.186928589598496231e+00
1.185073647423655840e+00
1.183842830489013398e+00
1.181423707869433182e+00
1.180080336618419157e+00
1.179444147043060775e+00
1.177938485246426525e+00
1.177291955915796162e+00
1.175279854359480236e+00
1.174903601891123195e+00
1.174472102390379025e+00
1.173263702672035613e+00
1.172053445740730782e+00
1.169916439689260512e+00
1.169710390316643256e+00
1.166892155656324315e+00
1.166273115608674749e+00
1.165506601648100826e+00
1.163198529376715085e+00
1.162478822745881324e+00
1.162304562645734451e+00
1.160854729429143806e+00
1.158970934138434217e+00
1.158030555797126659e+00
1.157596284219519545e+00
1.154564384414304756e+00
1.154010399901796990e+00
1.153128340444097066e+00
1.152516952778065651e+00
1.151217375094467421e+00
1.150658391937343872e+00
1.149998562407196445e+00
1.149036142688688145e+00
1.147800540811118264e+00
1.147053051571946591e+00
1.146282563607499139e+00
1.146132354711113521e+00
1.144215031593055931e+00
1.143728625279041733e+00
1.143262102906879241e+00
1.140434003943709973e+00
1.139411488982883691e+00
1.138656275786243954e+00
1.138067113007661169e+00
1.136808137727311152e+00
1.135952673927867584e+00
1.134881017260532365e+00
1.133454091784521500e+00
1.132833943119956777e+00
1.131451436264046650e+00
1.130861602928664889e+00
1.130533210460430205e+00
1.129493700968122738e+00
1.129167122976638016e+00
1.128243542691028223e+00
1.127203341460499608e+00
1.126053681126629291e+00
1.124607194917045083e+00
1.124224798138860004e+00
1.123997683323034957e+00
1.123035951834640667e+00
1.122045018362215263e+00
1.121265222284167695e+00
1.121013088379585687e+00
1.119973401855328232e+00
1.119703912096788878e+00
1.118656212659868698e+00
1.117548655724295070e+00
1.117323399732331524e+00
1.115926856105821763e+00
1.115693924267341375e+00
1.115263343662568518e+00
1.114525958645093295e+00
1.113912737761534766e+00
1.113027327198908178e+00
1.110899853672619786e+00
1.110373259429924042e+00
1.109700428653195514e+00
1.109497861899074733e+00
1.108445687254436596e+00
1.107583141788143433e+00
1.107229468343964296e+00
1.106470021611480892e+00
1.105462462699829951e+00
1.105327235224059290e+00
1.104166091512219117e+00
1.103074538014695571e+00
1.102120074960433627e+00
1.101959878883715938e+00
1.100523974618843326e+00
1.100446857297920689e+00
1.099629892949278709e+00
1.098612757611468149e+00
1.098258247485490946e+00
1.097709560982062404e+00
1.097381490262943293e+00
1.096715077867284949e+00
1.095919799083294066e+00
1.094757476530060281e+00
1.094374859978324954e+00
1.094142277613010972e+00
1.093421807204554952e+00
1.092919437705634156e+00
1.092163808413636916e+00
1.091471428123453435e+00
1.091442184397163562e+00
1.090608208976351357e+00
1.089846343378503501e+00
1.089595018914266467e+00
1.088814645083870047e+00
1.088366866716589998e+00
1.087624181246080290e+00
1.087317663239248722e+00
1.087096458223341999e+00
1.086490640283023890e+00
1.085635452221024755e+00
1.085066772554761139e+00
1.084416188296534411e+00
1.083894010942669128e+00
1.083230373259131518e+00
1.083028200564859711e+00
1.082602607624711943e+00
1.082418869455452626e+00
1.081324205190861143e+00
1.081021989834687780e+00
1.080467432534011563e+00
1.080032304928865372e+00
1.079554218745700567e+00
1.079347796540870208e+00
1.078450117974369959e+00
1.078060399311866258e+00
1.077900730490064740e+00
1.077412717039432755e+00
1.076764682178235288e+00
1.076544209075699365e+00
1.076302072496286177e+00
1.075648254055214359e+00
1.075122333039536526e+00
1.074633355817027347e+00
1.074170184002840367e+00
1.073557992736925870e+00
1.073393057694851160e+00
1.073309232611447728e+00
1.073152203606176469e+00
1.072672241145062211e+00
1.072198190466707057e+00
1.071840284691296663e+00
1.071293962095002383e+00
1.071014882682204128e+00
1.070563176950358963e+00
1.070049355163360527e+00
1.069948178446793019e+00
1.069677796552554794e+00
1.069004300077733838e+00
1.068776284211729655e+00
1.068396832322451528e+00
1.068173187233006249e+00
1.067503574655917387e+00
1.067271154830464974e+00
1.066755039899913049e+00
1.066637801825387477e+00
1.066176624111877747e+00
1.065953448373726076e+00
1.065230170951801281e+00
1.065070562266133392e+00
1.064727014239714942e+00
1.064149547959806208e+00
1.063947434016841331e+00
1.063252900204861850e+00
1.062951723319484287e+00
1.062653720775127208e+00
1.062471485172912899e+00
1.061997888743369201e+00
1.061764397577762864e+00
1.061424148087946939e+00
1.061249205869303047e+00
1.061109849924139370e+00
1.060777895958571637e+00
1.060412831345872275e+00
1.059797221397491995e+00
1.059721441442461831e+00
1.059301017046462512e+00
1.059261776330624460e+00
1.058975540263399129e+00
1.058509595794943969e+00
1.057953185819390463e+00
1.057576288738052206e+00
1.057319893175852510e+00
1.057069883857471471e+00
1.057001289126342281e+00
1.056872439470113445e+00
1.056487562060521856e+00
1.056152301094947399e+00
1.055755437787752271e+00
1.055543217402179934e+00
1.055345215321831009e+00
1.055105393206885456e+00
1.054481810394378494e+00
1.054210433645155431e+00
1.054085366138994395e+00
1.053708835658152543e+00
1.053682766511993885e+00
1.052818435032217392e+00
1.052664221057848293e+00
1.052467699563306436e+00
1.052293665649348897e+00
1.051781798919835031e+00
1.051385800346261723e+00
1.051234628974396568e+00
1.051050336880792191e+00
1.050870259485083613e+00
1.050568506571056160e+00
1.050249415012152188e+00
1.049783598112788097e+00
1.049630892449759489e+00
1.049181357460093666e+00
1.048950400846134556e+00
1.048762439570552818e+00
1.048404675400644859e+00
1.048146707797580790e+00
1.047952777537818791e+00
1.047592477426750879e+00
1.047539122218777541e+00
1.047248771334770678e+00
1.047076234221995916e+00
1.046836576985008982e+00
1.046744618239319413e+00
1.045929676516753393e+00
1.045819221332743520e+00
1.045321168777089360e+00
1.045228876812211105e+00
1.045044043237669973e+00
1.044660769569551784e+00
1.044509264757533362e+00
1.044128943204039262e+00
1.043963819066526577e+00
1.043822278332397158e+00
1.043648343272896906e+00
1.043329385018999300e+00
1.043219805752972684e+00
1.043142562468651002e+00
1.042859456426811438e+00
1.042580329507712067e+00
1.042507540825332368e+00
1.042156153283402276e+00
1.042079521986198243e+00
1.041920921559031932e+00
1.041434410937855048e+00
1.041288836615919200e+00
1.041105719993348222e+00
1.040733609966786988e+00
1.040634268560238773e+00
1.040295155906700408e+00
1.040006761308972516e+00
1.039959545796486307e+00
1.039554069506573475e+00
1.039472259294212497e+00
1.039219041977051505e+00
1.039079082933144882e+00
1.038982009654199734e+00
1.038820821309374809e+00
1.038620381255305869e+00
1.038316164345393533e+00
1.037868033289715664e+00
1.037679200411096403e+00
1.037528271492878629e+00
1.037500001066429922e+00
1.037227336082792384e+00
1.037028787678131669e+00
1.036920851076799321e+00
1.036835535469953440e+00
1.036560140323781631e+00
1.036428049638148829e+00
1.036257698284223983e+00
1.035944333603139311e+00
1.035724708979392616e+00
1.035598659506440367e+00
1.035309576113620178e+00
1.035097526327690032e+00
1.035004803345295210e+00
1.034863674343099671e+00
1.034665112787402252e+00
1.034445171181425094e+00
1.034273755218927171e+00
1.034198280968668504e+00
1.034068862275332901e+00
1.033929412791993130e+00
1.033627491882106897e+00
1.033454289859383035e+00
1.033303851018646746e+00
1.033193321682027266e+00
1.033010756813039333e+00
1.032798281280308483e+00
1.032585057772380743e+00
1.032250441347492664e+00
1.032125423163324340e+00
1.031983982458307914e+00
1.031963490223731128e+00
1.031542364786476096e+00
1.031370258949542373e+00
1.031301304442192590e+00
1.031199205607128189e+00
1.031076574544829372e+00
1.030989103798480189e+00
1.030742631429565348e+00
1.030498266038517130e+00
1.030346160613055062e+00
1.030158843025781312e+00
1.030017273730646998e+00
1.029797106216017166e+00
1.029734824491399969e+00
1.029567910795734287e+00
1.029333678250167861e+00
1.029073168134670979e+00
1.028882876729340534e+00
1.028729647792290480e+00
1.028725912342860704e+00
1.028546319403575993e+00
1.028462382330765701e+00
1.028370230740756064e+00
1.028207826793810842e+00
1.028122932857460370e+00
1.027947193504916923e+00
1.027701314659648979e+00
1.027630497777455965e+00
1.027557725135870959e+00
1.027401506879561666e+00
1.027339857798765355e+00
1.027143809749021308e+00
1.026913565835543940e+00
1.026768208083254308e+00
1.026708264625148637e+00
1.026539078337732835e+00
1.026349673177246569e+00
1.026208864802121923e+00
1.026141100334386991e+00
1.025909791518466063e+00
1.025863393121374312e+00
1.025610297239875512e+00
1.025374271022068795e+00
1.025335164035370505e+00
1.025237967368993086e+00
1.025130543125577276e+00
1.024998756940065148e+00
1.024809820185013765e+00
1.024675688410336072e+00
1.024514880853442556e+00
1.024493979428112933e+00
1.024410221934643594e+00
1.024258404444378989e+00
1.024234656119535458e+00
1.024111602266660315e+00
1.023911418203147905e+00
1.023762832359382591e+00
1.023660410428775869e+00
1.023372294312889341e+00
1.023307865926239790e+00
1.023264712391654285e+00
1.023082744917846121e+00
1.022991676426320717e+00
1.022855308102115224e+00
1.022808268046084379e+00
1.022694781862134583e+00
1.022654086491142200e+00
1.022578357096144419e+00
1.022403800455649270e+00
1.022307018956124969e+00
1.022229681241097810e+00
1.022198391051472255e+00
1.021985148107142916e+00
1.021939924418795886e+00
1.021909402833286462e+00
1.021778922646554566e+00
1.021695805363138199e+00
1.021582221330505247e+00
1.021457956997124716e+00
1.021423054064848568e+00
1.021320996311883667e+00
1.021277371320203464e+00
1.021186513220182057e+00
1.021108524812919249e+00
1.021057023670869590e+00
1.020922048797418880e+00
1.020871491820388721e+00
1.020767329681317115e+00
1.020715178686732560e+00
1.020535126914306367e+00
1.020466211023499437e+00
1.020387660218557535e+00
1.020136784032710242e+00
1.020080593084225162e+00
1.019929329917046434e+00
1.019823534650717844e+00
1.019741479122292960e+00
1.019702525312342178e+00
1.019527026933501057e+00
1.019477020910089848e+00
1.019345033983173332e+00
1.019303266457669332e+00
1.019245797321380209e+00
1.019181228279228968e+00
1.019148188983503678e+00
1.019061928603320233e+00
1.018842708234865890e+00
1.018763490877254707e+00
1.018667743255558644e+00
1.018583268259309227e+00
1.018510623812223903e+00
1.018401285391756339e+00
1.018378616411213633e+00
1.018286789765452172e+00
1.018248901375363058e+00
1.018090215019434197e+00
1.017966901264738100e+00
1.017897404125737149e+00
1.017865292907971675e+00
1.017796633376065740e+00
1.017699451079382866e+00
1.017643906356255679e+00
1.017579160797651872e+00
1.017461527763104279e+00
1.017204793884818104e+00
1.017095845407846255e+00
1.017057956669706886e+00
1.016899610409404131e+00
1.016816853483759386e+00
1.016771441878005389e+00
1.016666343928396943e+00
1.016600119571635874e+00
1.016551006419645020e+00
1.016395208392189886e+00
1.016318101077705149e+00
1.016242728508219173e+00
1.016191859953140986e+00
1.016146423723972791e+00
1.016021454047333794e+00
1.015913473019292468e+00
1.015843148965733578e+00
1.015821558216460252e+00
1.015707999311232790e+00
1.015651685648784719e+00
1.015481714346370579e+00
1.015298067756540634e+00
1.015266528932507129e+00
1.015148458973009760e+00
1.015101920641046762e+00
1.015026970460113365e+00
1.014959174259870700e+00
1.014903923006972519e+00
1.014866757057666602e+00
1.014757415923649653e+00
1.014745703085683015e+00
1.014711439712710828e+00
1.014650553949639322e+00
1.014527742282873124e+00
1.014475978716620652e+00
1.014367541884854562e+00
1.014348782986302266e+00
1.014208487937547032e+00
1.014114046522618828e+00
1.014071683691177617e+00
1.013919731819555636e+00
1.013855389292508624e+00
1.013773612334246677e+00
1.013717922299365526e+00
1.013623527395141277e+00
1.013586438417575897e+00
1.013516757143619884e+00
1.013503569007764948e+00
1.013400519517434928e+00
1.013358011006896486e+00
1.013302410022507205e+00
1.013187276894611966e+00
1.013094418438834854e+00
1.013065244921661279e+00
1.013024055631219333e+00
1.013012063013622566e+00
1.012936907340824533e+00
1.012881391011915433e+00
1.012746431652685075e+00
1.012665739704030399e+00
1.012621602603411608e+00
1.012568905294880750e+00
1.012507835594694816e+00
1.012385391321224848e+00
1.012347618736181287e+00
1.012219624719304711e+00
1.012182693996589444e+00
1.012166026897558302e+00
1.012126862508367253e+00
1.012103740635067251e+00
1.011997625259092759e+00
1.011911798081045921e+00
1.011880167129100450e+00
1.011817492834329979e+00
1.011731175182570164e+00
1.011674926987356393e+00
1.011652369725145384e+00
1.011618529044739923e+00
1.011544638845474520e+00
1.011465125796814801e+00
1.011433988884480106e+00
1.011387231198887626e+00
1.011319604969940000e+00
1.011236727616071418e+00
1.011132662659402159e+00
1.011030185850867014e+00
1.010975705620687393e+00
1.010890015812268228e+00
1.010881012559214920e+00
1.010812140103461543e+00
1.010789561073249354e+00
1.010727391365030980e+00
1.010684761409424981e+00
1.010672709916745182e+00
1.010616276273831993e+00
1.010593780624603033e+00
1.010536468259892073e+00
1.010508440887191384e+00
1.010453249469205783e+00
1.010441107561791174e+00
1.010292582012814133e+00
1.010262566196559186e+00
1.010222957568977842e+00
1.010077646425943332e+00
1.010020452649600387e+00
1.009987624483693613e+00
1.009955737910752438e+00
1.009877555977144903e+00
1.009837523156046135e+00
1.009777475659156654e+00
1.009719678430885503e+00
1.009645574245653155e+00
1.009588183771448211e+00
1.009542383630623430e+00
1.009501731218225729e+00
1.009455694226929712e+00
1.009380944677434666e+00
1.009323526099568324e+00
1.009304171068453160e+00
1.009268709101604156e+00
1.009240576543269263e+00
1.009214739653340409e+00
1.009187205255129616e+00
1.009158608917896549e+00
1.009099183742726114e+00
1.009028864808404036e+00
1.009007300629374493e+00
1.008965315173748545e+00
1.008906628228117830e+00
1.008872464188597773e+00
1.008811474567610222e+00
1.008767434506480098e+00
1.008748660684278597e+00
1.008723661141704753e+00
1.008663349124210962e+00
1.008608935829339082e+00
1.008510485332409612e+00
1.008491790295230617e+00
1.008441371203199433e+00
1.008418122520783999e+00
1.008374048960116731e+00
1.008323018449084563e+00
1.008303831248811511e+00
1.008244562170119485e+00
1.008175683645043286e+00
1.008136360542833510e+00
1.008065236604202664e+00
1.008024537630312967e+00
1.008019599197717664e+00
1.007958727930584164e+00
1.007946801039820928e+00
1.007874657450978484e+00
1.007844653997287176e+00
1.007816274087127040e+00
1.007711485133947926e+00
1.007655214333361915e+00
1.007643007756463538e+00
1.007613269971965764e+00
1.007554659373043782e+00
1.007550915489269450e+00
1.007483493418033227e+00
1.007443186758759879e+00
1.007417242198591634e+00
1.007396548170789163e+00
1.007346091448379832e+00
1.007322609227625065e+00
1.007313986206180845e+00
1.007283624066951377e+00
1.007246197162482648e+00
1.007202376793224330e+00
1.007171563334603004e+00
1.007133188866533580e+00
1.007093664162844737e+00
1.007022955565398226e+00
1.007002373467497325e+00
1.006976877275732818e+00
1.006905605725649799e+00
1.006866902378362294e+00
1.006845432293891562e+00
1.006811567356801884e+00
1.006767102532174052e+00
1.006707211856880058e+00
1.006662787424939642e+00
1.006609410689380146e+00
1.006588774140552811e+00
1.006556621721193867e+00
1.006503381452678259e+00
1.006496334361561829e+00
1.006465701317175832e+00
1.006457443393956375e+00
1.006421177946040801e+00
1.006406366948197517e+00
1.006366208669079221e+00
1.006324259583877279e+00
1.006297138498284616e+00
1.006238003899009970e+00
1.006192843505057999e+00
1.006120181710200567e+00
1.006095601628590019e+00
1.006065559378053420e+00
1.006051669106409641e+00
1.006005794798911612e+00
1.005975215318005933e+00
1.005955000992672765e+00
1.005925300677685597e+00
1.005864459319852688e+00
1.005825527021252386e+00
1.005786812034491495e+00
1.005757264889544089e+00
1.005720098550561437e+00
1.005719328216624353e+00
1.005710094399954180e+00
1.005680979574156808e+00
1.005626410800433357e+00
1.005591664461357393e+00
1.005556858808223097e+00
1.005542621698559236e+00
1.005520351862045025e+00
1.005471090109894439e+00
1.005461172826140004e+00
1.005447027532260895e+00
1.005440229464944046e+00
1.005370276261390527e+00
1.005342357161514544e+00
1.005339532287338411e+00
1.005320606906629610e+00
1.005313786650292585e+00
1.005293293386206654e+00
1.005264391716572892e+00
1.005235347845310656e+00
1.005209411236968942e+00
1.005153905498515909e+00
1.005122246205073955e+00
1.005114031355021753e+00
1.005085046281668504e+00
1.005041936382812695e+00
1.005028127629134405e+00
1.005008289113242137e+00
1.004984935254900735e+00
1.004959771017257308e+00
1.004926488209309632e+00
1.004878778138344364e+00
1.004863455462943422e+00
1.004862231864174893e+00
1.004814231533012414e+00
1.004802547874037888e+00
1.004788269030827408e+00
1.004753493149999510e+00
1.004715865668788011e+00
1.004691729465612360e+00
1.004684087697558459e+00
1.004669656014913315e+00
1.004622402763732936e+00
1.004598321774137437e+00
1.004535384825514077e+00
1.004509637915562248e+00
1.004490879092758027e+00
1.004452003868823384e+00
1.004443100572991909e+00
1.004429863342131579e+00
1.004387890175588938e+00
1.004372666726777830e+00
1.004356611232236851e+00
1.004348251911017620e+00
1.004318295568006780e+00
1.004295985092942711e+00
1.004275346655638446e+00
1.004273235916837370e+00
1.004248137886680992e+00
1.004227231755576044e+00
1.004174669305109013e+00
1.004142046608211158e+00
1.004125392874234191e+00
1.004119383574279656e+00
1.004079706433515184e+00
1.004077700950860352e+00
1.004070135598732927e+00
1.004041373773759682e+00
1.004015730779977300e+00
1.004000000317318397e+00
1.003981928707960325e+00
1.003969729580710402e+00
1.003953691708673324e+00
1.003927100142959494e+00
1.003888708120858064e+00
1.003876287032314796e+00
1.003861656479826392e+00
1.003826572737961387e+00
1.003812562982507428e+00
1.003787508621100999e+00
1.003783315789982922e+00
1.003774508041081370e+00
1.003731855929900885e+00
1.003726564599915827e+00
1.003704881868498600e+00
1.003689431745142580e+00
1.003675224482462713e+00
1.003650225620861702e+00
1.003597907791442978e+00
1.003568644354973616e+00
1.003554889899371139e+00
1.003550267685420661e+00
1.003541675553215384e+00
1.003511544403730360e+00
1.003507792292767986e+00
1.003500505343899674e+00
1.003477239406035615e+00
1.003454983839898951e+00
1.003433723603498251e+00
1.003397546401085583e+00
1.003363608389980399e+00
1.003340607863678624e+00
1.003333914877804434e+00
1.003323901801344009e+00
1.003301065229322830e+00
1.003271922462612320e+00
1.003267958029308904e+00
1.003252214799686071e+00
1.003246026301902516e+00
1.003226667878245548e+00
1.003199350402716572e+00
1.003177551223517483e+00
1.003169808572945465e+00
1.003142010377298776e+00
1.003129547776653752e+00
1.003108831959140579e+00
1.003084973254899426e+00
1.003061023785994932e+00
1.003041216923129531e+00
1.003022517234893662e+00
1.003012172894989229e+00
1.002991310355243915e+00
1.002962401960858729e+00
1.002958296872406230e+00
1.002953209825634406e+00
1.002930303359858000e+00
1.002908923490230197e+00
1.002862258526584949e+00
1.002858632113192261e+00
1.002848849484883065e+00
1.002827250223964350e+00
1.002804893310010215e+00
1.002793971979277998e+00
1.002771792559976616e+00
1.002767566967079249e+00
1.002747763776686174e+00
1.002720807201239683e+00
1.002707399755143447e+00
1.002670446380796276e+00
1.002649400353936793e+00
1.002644178275776676e+00
1.002635458065711083e+00
1.002577248874052751e+00
1.002575349618036959e+00
1.002569452022653795e+00
1.002555184873523242e+00
1.002543877080860124e+00
1.002499929575450199e+00
1.002493954981729551e+00
1.002462349649898332e+00
1.002444898541434037e+00
1.002431549167396740e+00
1.002412904484100586e+00
1.002399709877741518e+00
1.002389728654777157e+00
1.002369154786161287e+00
1.002349771334122064e+00
1.002343299869112858e+00
1.002335396072967066e+00
1.002328491397950438e+00
1.002309001849229997e+00
1.002304840629125726e+00
1.002256528719257966e+00
1.002247140320367214e+00
1.002220757303620147e+00
1.002214304143768331e+00
1.002208302483982738e+00
1.002184899352504877e+00
1.002180259630070180e+00
1.002169286594596809e+00
1.002157110250251781e+00
1.002149677827578911e+00
1.002119353784099332e+00
1.002100047189488752e+00
1.002090977317797726e+00
1.002080909499607042e+00
1.002072966438687596e+00
1.002069140494465938e+00
1.002056687892236342e+00
1.002042345226377140e+00
1.002006065528181722e+00
1.002003655706011687e+00
1.002000872314382507e+00
1.001990295397029218e+00
1.001986888107148532e+00
1.001972397236245982e+00
1.001963568991284026e+00
1.001953986466644242e+00
1.001942003217388466e+00
1.001922084493120257e+00
1.001904056910228658e+00
1.001894894798139646e+00
1.001882837907438484e+00
1.001869779780828473e+00
1.001852155504109998e+00
1.001842453019111456e+00
1.001836616330719298e+00
1.001815172910193841e+00
1.001805452497014581e+00
1.001802950132510972e+00
1.001796800499145101e+00
1.001792067322753832e+00
1.001787655392719190e+00
1.001766580270555318e+00
1.001763550485137877e+00
1.001746410160910594e+00
1.001740498483248309e+00
1.001683576131027209e+00
1.001652131614994889e+00
1.001639377666760700e+00
1.001627331931162823e+00
1.001626259305688604e+00
1.001610801524013938e+00
1.001605434025950370e+00
1.001592981459742626e+00
1.001578872547620902e+00
1.001555241227972903e+00
1.001545858306574610e+00
1.001542993906747281e+00
1.001530420115347653e+00
1.001514168039459696e+00
1.001508966329623496e+00
1.001500304978943268e+00
1.001498048875635982e+00
1.001494498622365725e+00
1.001487665289661377e+00
1.001457134015122152e+00
1.001433686409141322e+00
1.001424079331887818e+00
1.001410312156711502e+00
1.001396019852063723e+00
1.001381677014260285e+00
1.001374654512310780e+00
1.001356123854005631e+00
1.001332051727011230e+00
1.001328305330031032e+00
1.001325279487830677e+00
1.001306392243809018e+00
1.001296065460834495e+00
1.001291365774693132e+00
1.001285640216058370e+00
1.001268601370149058e+00
1.001261164647591961e+00
1.001244490788092856e+00
1.001227246838803042e+00
1.001223210945412445e+00
1.001197550242250323e+00
1.001196968316480973e+00
1.001193679135178316e+00
1.001187795499723032e+00
1.001170468799134072e+00
1.001163587192818616e+00
1.001158260208132145e+00
1.001158123822021517e+00
1.001152819468341448e+00
1.001150911076095218e+00
1.001123692169238577e+00
1.001116137362556113e+00
1.001106790021891513e+00
1.001091150983488776e+00
1.001087121605556574e+00
1.001064481169378073e+00
1.001035118733201168e+00
1.001010253228576063e+00
1.001004276604651633e+00
1.000996344965993323e+00
1.000989674999581691e+00
1.000979859204787825e+00
1.000969406643968496e+00
1.000961705132368262e+00
1.000954069684501624e+00
1.000950319251486587e+00
1.000919067999555878e+00
1.000911688197095639e+00
1.000901946096589556e+00
1.000876211732738552e+00
1.000868619682014682e+00
1.000864873172707448e+00
1.000861615222031542e+00
1.000837199121375143e+00
1.000816870625212296e+00
1.000816261878118008e+00
1.000811793486249268e+00
1.000805616584158120e+00
1.000794215378661312e+00
1.000792402038205742e+00
1.000788271326745305e+00
1.000787861701775583e+00
1.000782056831861500e+00
1.000773329120098420e+00
1.000769958820558525e+00
1.000753447740468260e+00
1.000749640668528562e+00
1.000747025771472787e+00
1.000746111938883631e+00
1.000743318329393450e+00
1.000738989257351275e+00
1.000730309501930870e+00
1.000726571886332961e+00
1.000719351563087667e+00
1.000710101718368605e+00
1.000683605974368451e+00
1.000672076179873748e+00
1.000668585549029821e+00
1.000660520514617291e+00
1.000657889221300501e+00
1.000645008397156088e+00
1.000625902562994662e+00
1.000623347152238329e+00
1.000621756796179485e+00
1.000619711291072411e+00
1.000612342434845869e+00
1.000608148409662723e+00
1.000596293322922881e+00
1.000590075026899006e+00
1.000583736757243436e+00
1.000581093822041856e+00
1.000573878392654548e+00
1.000572071905161842e+00
1.000567518666274136e+00
1.000560312034807442e+00
1.000553708270805142e+00
1.000549313165539411e+00
1.000544343910617640e+00
1.000541296487984955e+00
1.000529298071627382e+00
1.000527691790859430e+00
1.000525681819154578e+00
1.000518623284916586e+00
1.000512253287620279e+00
1.000503832426237416e+00
1.000501917333165292e+00
1.000491790056735386e+00
1.000482560540478127e+00
1.000459248941959922e+00
1.000456727261096246e+00
1.000439179713449978e+00
1.000423827748776251e+00
1.000412978236387529e+00
1.000408163484590940e+00
1.000406706741456819e+00
1.000403725791726428e+00
1.000398507896995026e+00
1.000393089325081863e+00
1.000387790228048246e+00
1.000386993855969298e+00
1.000373837192192861e+00
1.000371217619782982e+00
1.000349333781284766e+00
1.000347628736028005e+00
1.000335730375185195e+00
1.000331780838318307e+00
1.000323604753023732e+00
1.000312712651283187e+00
1.000312632627320397e+00
1.000311138341222872e+00
1.000290421325657819e+00
1.000285924880374822e+00
1.000285468449196413e+00
1.000283230205175178e+00
1.000282583951124682e+00
1.000274729182471622e+00
1.000269825747126973e+00
1.000267065967765712e+00
1.000266220610893209e+00
1.000250937868379930e+00
1.000243921483853438e+00
1.000243205363253507e+00
1.000235070971676743e+00
1.000234052421923758e+00
1.000227860051531303e+00
1.000205785792221080e+00
1.000188082489599228e+00
1.000186580042998319e+00
1.000166545587249711e+00
1.000164296324199453e+00
1.000162138318898331e+00
1.000160009024926522e+00
1.000153704769659146e+00
1.000132207843538845e+00
1.000122952259112186e+00
1.000122664187336419e+00
1.000122589366753578e+00
1.000122279607767561e+00
1.000114696579233575e+00
1.000114091108905034e+00
1.000113968886254145e+00
1.000109103109221298e+00
1.000108566857390580e+00
1.000102841257092257e+00
1.000096039865126185e+00
1.000090458509937941e+00
1.000088273598412014e+00
1.000086476599798546e+00
1.000085302041806568e+00
1.000078429329051666e+00
1.000074360093368142e+00
1.000072740468570753e+00
1.000069974269678363e+00
1.000066042495502794e+00
1.000062240764111765e+00
1.000060534153474956e+00
1.000056559142054269e+00
1.000053556635811525e+00
1.000051095308500670e+00
1.000041942663314254e+00
1.000040536958812565e+00
1.000033139286446326e+00
1.000028686255917565e+00
1.000017507226775404e+00
1.000010464645473718e+00
9.999990008126422580e-01
9.999871924293483039e-01
9.999729933288696859e-01
9.999716562416510746e-01
9.999634000750533547e-01
9.999583822185861282e-01
9.999393011322150748e-01
9.999247899971880349e-01
9.999224591233242254e-01
9.999184393399142001e-01
9.998675459511665586e-01
9.998508764353931655e-01
9.998502481163001887e-01
9.998213665675780293e-01
9.997747789144233455e-01
9.997515288366348729e-01
9.997355064114307188e-01
9.997293685656223339e-01
9.996803436526662257e-01
9.996589355339593475e-01
9.995713317621505167e-01
9.995060745115815770e-01
9.994703233872564985e-01
9.993466425013201038e-01
9.992436362695702456e-01
9.989979131670417845e-01
9.983509347523541466e-01
9.979436453421587361e-01
