1.817046795202251486e-01
1.258988092464757014e-01
7.989178501044037761e-02
5.396189419491083383e-02
3.683934718397734870e-02
2.906478658122986850e-02
2.311620895837951037e-02
1.707697727577947924e-02
1.443628179014928847e-02
1.100685906524568464e-02
8.388913738575334150e-03
7.208636420073136035e-03
5.373847113130049771e-03
4.270887112091475112e-03
3.304479364169170437e-03
2.475034768391552731e-03
1.746190017209376831e-03
1.230635140871803694e-03
9.369758146362943416e-04
6.248139194508544247e-04
4.383917812778467772e-04
3.378772729362104613e-04
2.657192306449152031e-04
2.087322414617995227e-04
1.618483024259012701e-04
1.310369492447005133e-04
9.171895609235190079e-05
7.340877132319209727e-05
5.238944852824036261e-05
3.728488683978211597e-05
2.586698870425346397e-05
1.657232675553977713e-05
1.175697399074192477e-05
8.847247505196457887e-06
5.985494157533244082e-06
4.327419939529144736e-06
3.690524448619870388e-06
2.564340543402921671e-06
1.906224682725427414e-06
1.117124379859095004e-06
7.915165568852202468e-07
5.312592723356641884e-07
3.497211730328365069e-07
2.442207803551444734e-07
1.986747485797256376e-07
1.275133690304498023e-07
7.191481853953618508e-08
5.273676761682162737e-08
3.653084372035708311e-08
2.454113069882246687e-08
1.590199721723633117e-08
1.035754814168646913e-08
7.214389019126775744e-09
4.691919683407753638e-09
3.316928866409284413e-09
2.076530729475922155e-09
1.428292725639634239e-09
8.784756154846489034e-10
5.343936817247863555e-10
3.282057500762534241e-10
2.298533544310671306e-10
1.414267126051234973e-10
1.134256453712622103e-10
7.736031426696227268e-11
5.726515128783810133e-11
4.165593407350259723e-11
3.321324291383009998e-11
2.363545087226467237e-11
1.686383168844259595e-11
1.141935484374112838e-11
8.572678446409513594e-12
4.871130778768202003e-12
3.216680630487531874e-12
2.261074426983307597e-12
1.325886543516093015e-12
7.982324936622812404e-13
4.601511919905779470e-13
2.648131181872698396e-13
1.916282109091676903e-13
1.291760091771894848e-13
