9.953452886652092158e-01
9.909139592028850529e-01
9.857204479196304270e-01
9.794685176975509444e-01
9.715182723453068547e-01
9.615266533801353210e-01
9.510984398479235269e-01
9.403684815696864430e-01
9.281758053081813342e-01
9.123709366073553539e-01
8.961652889407202283e-01
8.782310296204064448e-01
8.567927306726472736e-01
8.369669393186848216e-01
8.145532250723702683e-01
7.921884934570796455e-01
7.705365169241046308e-01
7.492362136481107715e-01
7.252316113950436627e-01
7.022220869478542626e-01
6.745493685776130510e-01
6.456160627490830084e-01
6.143755221906846975e-01
5.885563258046594415e-01
5.606185472751284982e-01
5.352491411355095874e-01
5.098535085405070388e-01
4.877985223952367444e-01
4.673209800380747070e-01
4.484554419686210269e-01
4.300482802764676316e-01
4.109805136673161385e-01
3.931085644726168837e-01
3.772859876978351679e-01
3.641438778160316914e-01
3.523925652309756740e-01
3.424771162791622747e-01
3.306405847772931339e-01
3.177623421143657700e-01
3.062214222477055436e-01
2.946138089754102851e-01
2.827755651964941608e-01
2.710650727158299689e-01
2.597955465024056609e-01
2.505765716266439846e-01
2.400414116776364293e-01
2.301392733554814274e-01
2.202156600513577311e-01
2.105496327878204899e-01
2.014611039957271144e-01
1.910181955121487696e-01
1.822080444280153588e-01
1.736120692054616832e-01
1.662720379544907201e-01
1.575081980144119043e-01
1.495518665913008471e-01
1.416619582653209919e-01
1.352093544384767032e-01
1.293820927828324696e-01
1.250423753307544350e-01
1.198189154805637119e-01
1.139243584482585864e-01
1.083067090304370150e-01
1.037366190156797235e-01
1.006155029934007183e-01
9.633746040642482411e-02
9.145047135647015046e-02
8.696558834756343281e-02
8.242301144680466707e-02
7.842924300905423918e-02
7.414032540388916515e-02
7.036524755212612836e-02
6.678209627050986363e-02
6.321188667321527010e-02
6.003739324173239245e-02
5.685976105995283608e-02
5.446334024165243315e-02
5.226898326430583913e-02
5.010749818934778083e-02
4.766788753429418435e-02
4.537204379715616825e-02
4.314243821377757027e-02
4.122041421863642530e-02
3.945261208905807143e-02
3.797325142418953026e-02
3.680292278526291899e-02
3.576961593635291647e-02
3.464064169961531686e-02
3.363571609565804005e-02
3.281428224428323270e-02
3.161076786734465932e-02
3.024836412549714720e-02
2.890747771560041313e-02
2.772780820099782217e-02
2.656168423021989036e-02
2.526929413999589799e-02
2.414696397342341871e-02
2.326965906968382278e-02
2.221644619320626082e-02
2.109511969125730385e-02
2.003730877624635212e-02
1.914111140602218694e-02
1.822295388149209813e-02
1.728431151545097369e-02
1.643536422834978097e-02
1.570373362432340644e-02
1.507234421178256858e-02
1.445163912026009231e-02
1.386675698828785525e-02
1.325798278896783873e-02
1.267397009298662676e-02
1.219032935121759122e-02
1.164899330569978651e-02
1.098506408470028596e-02
1.042880895449638939e-02
9.999161141633305244e-03
9.573280874026609752e-03
9.200439220021896028e-03
8.866283386242075626e-03
8.453032859737761098e-03
8.125808063237748360e-03
7.793598261835372500e-03
7.490315870705871112e-03
7.222443197591164182e-03
6.949686597842371152e-03
6.698541548729487760e-03
6.439922837389420660e-03
6.205907003646856344e-03
5.996024507366582747e-03
5.768055668405889028e-03
5.527294567008039783e-03
5.296939606943001574e-03
5.110494775925064799e-03
4.956140481682609102e-03
4.787847702822241834e-03
4.616505495416265217e-03
4.452624707276035126e-03
4.297340533618635577e-03
4.164254274218143030e-03
4.037330505383766519e-03
3.914527739416739753e-03
3.774289858606959952e-03
3.625919268667047828e-03
3.485095761992231152e-03
3.367460894292549373e-03
3.231786028597313266e-03
3.130143617185076211e-03
3.027575574635176913e-03
2.881904751630745727e-03
2.732828293500727274e-03
2.637661639220670231e-03
2.505635777761813267e-03
2.369116751592167513e-03
2.232434257240181567e-03
2.107247590025475986e-03
1.980663513859691905e-03
1.868750581443874136e-03
1.785926918379193836e-03
1.697151553219183829e-03
1.610900658452977001e-03
1.534035900496853733e-03
1.458412566622461050e-03
1.387355316809281989e-03
1.315608382012490012e-03
1.243289485539009675e-03
1.177889992916024463e-03
1.126083252554485950e-03
1.061890389189335503e-03
9.984099612871447354e-04
9.405724876417831610e-04
9.075636571971960886e-04
8.511767310765294301e-04
7.964172800009912531e-04
7.482940586525409828e-04
7.109479036472258085e-04
6.821156060299686779e-04
6.452829842030821574e-04
6.209268702306196047e-04
5.948641174714068038e-04
5.689811416491535401e-04
5.448376131559940242e-04
5.273777456179074659e-04
5.086686379213224175e-04
4.883142854661102778e-04
4.716057457756994914e-04
4.522878679128644630e-04
4.354649827521208283e-04
4.223056535802833622e-04
4.066194347584130178e-04
3.908485775075432609e-04
3.760430252394390696e-04
3.645131126925355448e-04
3.523725586405835469e-04
3.374279667637648610e-04
3.224370480048529305e-04
3.104932737108863231e-04
2.989889733629401392e-04
2.904545611782720859e-04
2.778998791503165281e-04
2.657550136598259348e-04
2.577267521133373815e-04
2.486406081886153598e-04
2.381772061464667114e-04
2.307821311353977750e-04
2.216058415729837625e-04
2.117662578003200234e-04
2.046258497953161199e-04
1.972466267260378084e-04
1.881652940176135175e-04
1.797947354368598419e-04
1.725567238939235159e-04
1.640607358277504542e-04
1.568045039428283020e-04
1.487835834468089749e-04
1.405125997026053096e-04
1.325692380856272469e-04
1.260923603798886218e-04
1.187993172467769430e-04
1.120041056821367820e-04
1.069152495314164059e-04
1.021277836214530115e-04
9.697632222941115088e-05
9.279535925506971188e-05
8.949302075001278371e-05
8.706076517151535175e-05
8.373152994321820272e-05
8.044134091161717103e-05
7.778409470751574133e-05
7.487122351929993366e-05
7.246300895047348744e-05
6.974761965732634056e-05
6.667729012768153511e-05
6.408704497996008944e-05
6.104743314090614451e-05
5.844725330077064229e-05
5.597103402455517643e-05
5.382304257211061423e-05
5.175435398491180333e-05
4.960104707432238098e-05
4.757455231196942971e-05
4.582729686779421594e-05
4.433696751661480906e-05
4.260551039079758101e-05
4.098138796199991412e-05
3.906992234937158378e-05
3.685944172965556021e-05
3.500321999426130292e-05
3.325159942583333491e-05
3.190985073185366536e-05
3.044065059643938281e-05
2.852259514016794041e-05
2.672682829262212049e-05
2.534530906824169122e-05
2.404053904257196536e-05
2.265058296367416173e-05
2.130273853303915081e-05
2.021795567473133349e-05
1.929957868958664648e-05
1.855972266235979311e-05
1.789507291905101987e-05
1.717247447810164594e-05
1.660456255457617015e-05
1.614551739871375956e-05
1.556119187098292724e-05
1.503904472147774971e-05
1.457079163447988508e-05
1.415751763381569727e-05
1.378426017639002718e-05
1.337375742724827850e-05
1.299936295531277791e-05
1.266192570875168958e-05
1.223969724781858510e-05
1.184619106681127605e-05
1.151506496550787666e-05
1.120714131673101842e-05
1.092121237237573209e-05
1.063698852006424389e-05
1.037528083243411829e-05
1.007146121846111010e-05
9.688034886375437990e-06
9.387027075753006506e-06
9.081356859715260336e-06
8.629921468253920683e-06
8.211214158240615115e-06
7.833289382462462044e-06
7.467075669433739934e-06
7.142463842997733378e-06
6.721129625926520328e-06
6.352611643923496256e-06
5.998880820179696932e-06
5.669689242077245009e-06
5.332355800322382159e-06
5.039265049653861081e-06
4.757801586134413154e-06
4.510804645352723883e-06
4.309891374912749432e-06
4.091041633461880315e-06
3.873906982381927582e-06
3.682624010715305101e-06
3.544917829301700769e-06
3.403027263496818888e-06
3.264532429468587143e-06
3.166973017821988063e-06
3.037987058796647010e-06
2.897923664390220140e-06
2.750175643065908267e-06
2.608195748285049566e-06
2.497779654838244695e-06
2.406963395641927607e-06
2.310275227275989760e-06
2.230171373242677132e-06
2.130077111893582306e-06
2.034006961315474537e-06
1.908863484584405029e-06
1.797939563464468208e-06
1.716688264156430472e-06
1.608676937478935757e-06
1.500096922408161564e-06
1.409448257557201396e-06
1.348265310617511605e-06
1.270337954184428899e-06
1.193206219349688100e-06
1.130232180345933811e-06
1.076836601040563036e-06
1.032301278613905157e-06
9.755510300670831578e-07
9.063230325799907947e-07
8.777683474958643538e-07
8.291458681504270986e-07
7.809895602962800012e-07
7.440147847831456389e-07
7.095993929712051908e-07
6.786860415492182109e-07
6.437102248154227400e-07
6.075894916767905576e-07
5.800629837208212682e-07
5.445096971586024289e-07
5.136765688822865337e-07
4.926827978749711876e-07
4.687917962661764586e-07
4.449169121483962661e-07
4.273518167030088069e-07
4.094952666926021523e-07
3.876836124278297387e-07
3.679736954003979687e-07
3.551973149083298117e-07
3.425874713398380196e-07
3.306665724263813920e-07
3.162178583458959831e-07
3.034866707855266196e-07
2.952482574410741733e-07
2.803086962025368882e-07
2.708326991434706993e-07
2.603783563472042826e-07
2.515973583730926035e-07
2.404944023030421687e-07
2.294808703026370306e-07
2.187372192642936642e-07
2.097948139383513743e-07
1.999505618335146825e-07
1.885339182009119597e-07
1.782534440818360591e-07
1.710839682628630051e-07
1.640673252910463146e-07
1.575492015794586717e-07
1.523650110787216953e-07
1.454495243057388345e-07
1.393442765424488219e-07
1.346387362519991979e-07
1.302699958326275336e-07
1.246157625470995261e-07
1.201772240641390785e-07
1.154243147022672371e-07
1.097084637071769591e-07
1.050081120103050084e-07
1.020047724605565884e-07
9.894837109846194486e-08
9.587787426116899011e-08
9.278607096495189485e-08
8.918344884636356206e-08
8.570982527073317542e-08
8.243510496040735769e-08
7.861773900267420458e-08
7.537638755624390310e-08
7.109784700880948012e-08
6.795459322321308157e-08
6.418810075901985563e-08
6.023213980714921733e-08
5.721466679639296922e-08
5.449571130613833133e-08
5.161335756186692927e-08
4.849414418169083391e-08
4.663848054957646759e-08
4.356496294832677304e-08
4.081273343113013565e-08
3.925154196691076308e-08
3.725310416347849324e-08
3.589972650648850831e-08
3.404872349569480837e-08
3.198644906593522858e-08
3.065326203299219872e-08
2.944940119860027147e-08
2.828719374901713258e-08
2.690302783909315961e-08
2.619624631691353988e-08
2.519526482209224053e-08
2.423927835686146790e-08
2.312089250621674490e-08
2.219413149463192603e-08
2.117246333119342729e-08
1.995266777411417025e-08
1.899087492690793976e-08
1.801625110832897717e-08
1.680022222560971649e-08
1.576152307027437230e-08
1.488392407830901825e-08
1.396904813963888339e-08
1.313315805867866066e-08
1.209303200025408649e-08
1.131906602182735895e-08
1.057509649923238273e-08
1.001724418542569441e-08
9.602868202168650219e-09
9.093957539508859131e-09
8.641132017820646909e-09
8.193631736361953643e-09
7.769891672936846999e-09
7.468904899690306925e-09
7.175773557238302494e-09
6.942006619888904201e-09
6.733998381247723300e-09
6.447820251293714458e-09
6.175611701467924292e-09
6.016993615703927802e-09
5.784158150403756618e-09
5.563294915007497774e-09
5.349218206466395626e-09
5.177776587236067170e-09
4.890227044753864081e-09
4.702149556722214152e-09
4.442568777518055985e-09
4.216442579618424360e-09
4.077505414128740030e-09
3.863594345975936341e-09
3.690637146289533615e-09
3.494948727762632099e-09
3.273926647494252223e-09
3.096569419577376975e-09
2.942498059283020695e-09
2.790393661985407267e-09
2.653895277376109242e-09
2.519189795705064642e-09
2.409103392880415659e-09
2.305809678508519058e-09
2.238610883643506616e-09
2.145849350495328766e-09
2.048813875109776871e-09
1.956721388819831672e-09
1.883537034872323036e-09
1.809765433925556780e-09
1.736357998788836328e-09
1.663971882840148718e-09
1.579588391707166145e-09
1.510702910065519220e-09
1.445539138073248250e-09
1.392911396124772705e-09
1.332777233729026660e-09
1.286761585009586133e-09
1.238976662344444309e-09
1.197040482376051807e-09
1.166200370301012637e-09
1.130941041154272751e-09
1.097341507778510887e-09
1.064767620008902305e-09
1.032680553409429999e-09
1.007540367017047963e-09
9.811641043387000541e-10
9.516314105342844626e-10
9.177468888257509058e-10
8.907588040472904743e-10
8.591681657925090641e-10
8.354602975822806476e-10
8.125633442039722971e-10
7.808071208509846035e-10
7.562288385883214544e-10
7.245191161882161883e-10
6.901446899437294496e-10
6.624659296721817614e-10
6.333995375051893817e-10
6.030189543704053836e-10
5.638425478168123607e-10
5.281575556907936569e-10
4.887964660163085089e-10
4.520995214123027959e-10
4.214749631900332122e-10
3.974667333259167800e-10
3.706888632807134193e-10
3.467060226027669018e-10
3.305667676947293802e-10
3.117214241489403109e-10
2.911272025769711249e-10
2.736412709551686864e-10
2.615450501809568385e-10
2.506236100245041523e-10
2.404161978989340108e-10
2.297979045686219984e-10
2.240204173610370605e-10
2.151027643755009446e-10
2.066380621143684238e-10
1.998307912611478930e-10
1.924490393871153692e-10
1.831214500138834061e-10
1.748170109144199813e-10
1.658698418559963508e-10
1.589123613401772868e-10
1.534206007278682831e-10
1.476004123198202250e-10
1.415466958666915700e-10
1.346818495441448637e-10
1.309509938189083109e-10
1.250502170672303836e-10
1.204091098674636592e-10
1.149178694942699812e-10
1.117931211145808334e-10
1.074272070251530835e-10
1.029291688141151766e-10
9.903635238786208330e-11
9.572664162907149713e-11
9.250191716598996395e-11
8.783031028136076137e-11
8.512660014599504803e-11
8.187585393672743329e-11
7.824584774151287828e-11
7.407808928891258401e-11
7.085766962285200209e-11
6.704522631966069148e-11
6.344716275644372082e-11
5.929255679884900293e-11
5.519627950007124908e-11
5.144039467122959582e-11
4.817434336649869408e-11
4.520389929092101592e-11
4.276045803084668524e-11
4.021733715211714973e-11
3.823809378806793265e-11
3.651180992273147863e-11
3.514004959607892849e-11
3.393993722535276637e-11
3.300999198614302466e-11
3.204046461508906362e-11
3.083517084421384844e-11
3.009428316886984637e-11
2.915557790064017565e-11
2.838752617394823270e-11
2.774570193124388632e-11
2.707953541323561855e-11
2.663643218932384791e-11
2.594228144276560441e-11
2.544274868107613844e-11
2.481053211771267342e-11
2.421514603283105780e-11
2.371819151819699079e-11
2.332407517048252530e-11
2.262956035510859007e-11
2.205473835128881610e-11
2.149129086705293123e-11
2.097609908675476250e-11
2.045030271561733935e-11
1.994200891236203405e-11
1.917351355858714691e-11
1.837501516842384409e-11
1.762672271150724856e-11
1.703558365539901602e-11
1.634736678534240379e-11
1.558998640872215411e-11
1.465369844373374170e-11
1.372019121743561286e-11
1.273493173029084140e-11
1.176357780370443203e-11
1.104549540638042121e-11
1.030875360538579289e-11
9.631891414315794806e-12
9.138600703561946605e-12
8.456026671975978300e-12
7.871673545465472775e-12
7.372093730759029004e-12
6.899970336334770224e-12
6.421997819813897704e-12
6.084408583282914404e-12
5.768899193199436505e-12
5.472367857962968073e-12
5.144480366661548604e-12
4.938417605786142624e-12
4.700479805632990582e-12
4.485783880280876644e-12
4.249995743354934048e-12
4.029971178369276185e-12
3.774371595219448909e-12
3.534436150259333069e-12
3.355074249372166876e-12
3.189160118829970333e-12
3.054114616836140988e-12
2.870828849673824205e-12
2.713023649242590307e-12
2.525794855077106016e-12
2.336501820460206852e-12
2.191296833932164389e-12
2.061595508534208422e-12
1.927630789547560789e-12
1.830287705764300343e-12
1.701514092704272683e-12
1.588370151813753751e-12
1.465639265301979189e-12
1.369284646358589643e-12
1.272718307980816549e-12
1.201810269542979097e-12
1.127616404272314695e-12
1.063231749128190514e-12
1.003532345209416410e-12
9.495375486625295374e-13
8.906252102112853284e-13
8.302043068647989595e-13
7.714823550676295344e-13
7.164072139960627466e-13
6.760184650519427659e-13
6.375940151882835819e-13
