9.707971002365703983e-01
8.478085974479180331e-01
8.143696282380576967e-01
6.277719378300682385e-01
5.398811516518410292e-01
5.024964835089595905e-01
4.205315312939700290e-01
2.712338478492324345e-01
2.004675242174297489e-01
1.732287811175781955e-01
1.454070422702626320e-01
1.031162673703085036e-01
9.384668485352785916e-02
8.363442326587150477e-02
6.044375990018416994e-02
4.263401609039273177e-02
3.196315943389265585e-02
2.892661549516700042e-02
2.417438484421976022e-02
2.097929280587064460e-02
1.738524465014593123e-02
1.282207075162396064e-02
1.275141825450784583e-02
7.910383692747335188e-03
6.988769970891386095e-03
6.206276006400040374e-03
3.476767804824711615e-03
2.277742262577800783e-03
2.227782682736217587e-03
2.173811998023154456e-03
1.813806279487525626e-03
1.605100049148645803e-03
1.465445506622168811e-03
1.184264495473425285e-03
9.681136787643279933e-04
6.551497765980361480e-04
4.284204016985220420e-04
3.758122027383674346e-04
3.521174662437968157e-04
2.363705755792097434e-04
1.579825800773046376e-04
1.504057080205359114e-04
1.036068974270950091e-04
9.502479613825623559e-05
7.254576675259649134e-05
4.454150651381195790e-05
4.313461182231400720e-05
4.039301152744648226e-05
3.508747291059698554e-05
2.812838622367683228e-05
1.991615654711260120e-05
1.347082571566983456e-05
1.171813087574335523e-05
7.553933737685328100e-06
5.164078224960449838e-06
4.882212069960497327e-06
4.847654268522925000e-06
3.986182330336277280e-06
2.163591756263789013e-06
2.108165471491656244e-06
1.619311378453740815e-06
1.327877266283856343e-06
8.679954752634853615e-07
7.340515786317141995e-07
7.185521357393007336e-07
4.560137521501826175e-07
3.022387484030857178e-07
2.326477334874366411e-07
1.633561687862579075e-07
1.535788290924620802e-07
1.168155018116485380e-07
1.072798285818065132e-07
7.397373822496328232e-08
7.094839728243625933e-08
6.478296872299671962e-08
5.942488576407918334e-08
3.401204341584726285e-08
2.595490786275043101e-08
2.400551015579633766e-08
1.333523448512379884e-08
1.262983649587715193e-08
7.478338226970446685e-09
7.428635796325147152e-09
5.780454004558873869e-09
2.836060816619493326e-09
2.642125334604386248e-09
2.446167601324226517e-09
1.325400119805589923e-09
1.064518194971001823e-09
1.046605647974109803e-09
9.816547071363198568e-10
9.673670531989775350e-10
5.417542802167680099e-10
5.341806857038335708e-10
5.050295841250033585e-10
2.117708644736047838e-10
1.829749188280899665e-10
1.489541874695047496e-10
1.319892686481722321e-10
1.287259769149842914e-10
6.772934305594101998e-11
6.563126907558691087e-11
3.860960748632913359e-11
3.166577425774862157e-11
2.489638486274507423e-11
2.357099259928202036e-11
1.107077907203284022e-11
9.662262754169405130e-12
9.238360599646964091e-12
5.353341298908573381e-12
3.946219690405836966e-12
3.739520679698952334e-12
3.274656962379139912e-12
2.691729963081016288e-12
1.720283897456682802e-12
1.444446452795981481e-12
1.302727226768506957e-12
1.196987731984958087e-12
1.173325235773210072e-12
6.289018340869007523e-13
5.301971988430528117e-13
4.420263855521559321e-13
3.131249679681731322e-13
2.064931965057627246e-13
