6.059305423872463764e-02
2.358329273697454265e-02
7.011902703173562325e-03
2.696808267799871445e-03
1.304704341599024955e-03
4.140501180254477134e-04
1.885240243152359137e-04
8.865059664188979752e-05
2.491005616683998836e-05
1.080615802632004798e-05
3.419103806549647355e-06
1.584657551777896755e-06
5.940745095878377120e-07
2.160102569268761147e-07
9.554214872736859628e-08
3.536525489648568302e-08
1.546798667212358058e-08
6.689034456098526152e-09
2.085267661675846513e-09
8.825000905605945601e-10
3.230696291289859059e-10
1.275752783558195616e-10
4.462439817618971849e-11
1.517296853710474588e-11
5.313167553501484076e-12
1.726060637977698200e-12
5.673070483599647378e-13
2.157595695544425464e-13
6.722310369809213933e-14
