9.652112112858484139e-01
9.439003685663506227e-01
9.244590069176071845e-01
9.052897457928752445e-01
8.814119893888470170e-01
8.540289850298219410e-01
8.273279860357668491e-01
7.994865535553040692e-01
7.736433513718264932e-01
7.442563769743534285e-01
7.114360660861552832e-01
6.793156041514859522e-01
6.457396103361200401e-01
6.166455788000592131e-01
5.880926280731596512e-01
5.616591977579272754e-01
5.316335423825944151e-01
5.015170208479868830e-01
4.753545494589104248e-01
4.515514318086915058e-01
4.319710506661969540e-01
4.135939726534570982e-01
3.930211613234038670e-01
3.753566310465350497e-01
3.592717933890864357e-01
3.424207623390101429e-01
3.262331469720931021e-01
3.103860455102983029e-01
2.975568367803644865e-01
2.868890246603848504e-01
2.741451723813404517e-01
2.596890813482634064e-01
2.464578237064546373e-01
2.329198203228675379e-01
2.186398635604437646e-01
2.070695744023348106e-01
1.946404809650175982e-01
1.828883535914174741e-01
1.722667640631748154e-01
1.620726483590302913e-01
1.544276234237416390e-01
1.425443316421777518e-01
1.311130717520543054e-01
1.211232299672145019e-01
1.125716247038050094e-01
1.042047841110239070e-01
9.617520825997437350e-02
8.928745733990511857e-02
8.334669041205036710e-02
7.876982999075460290e-02
7.321989020520157376e-02
6.844222235597691162e-02
6.547857617653013440e-02
6.156355426742763509e-02
5.707021061950421498e-02
5.363751565289151535e-02
5.014969263216504519e-02
4.700511595569888817e-02
4.460051061946717493e-02
4.161426013037744509e-02
3.887573390656971078e-02
3.639785067496047188e-02
3.432901415096952652e-02
3.232468889841656062e-02
3.032426022213242575e-02
2.852026199410745422e-02
2.662874818621721595e-02
2.494021615826346253e-02
2.393813184009953299e-02
2.204355641510892180e-02
2.085970834435227003e-02
1.964278428772970805e-02
1.839975385208848443e-02
1.719435452769865758e-02
1.631397215293974023e-02
1.562339615546443766e-02
1.455312007779401354e-02
1.364558835289197275e-02
1.273260853996290715e-02
1.188915132322423789e-02
1.101111655157398055e-02
1.035091713108878854e-02
9.888234090719349653e-03
9.401918628493577054e-03
8.838352252998385103e-03
8.350605349426998281e-03
7.907788687923050785e-03
7.500387448067010430e-03
6.994348756272357297e-03
6.547677354469550078e-03
6.154576257827830410e-03
5.922255752831659392e-03
5.585913315320562705e-03
5.226580356908181596e-03
5.078956400405034571e-03
4.764992455964560392e-03
4.564430541085244715e-03
4.358768192791882996e-03
4.183976885668361408e-03
3.973880253266229984e-03
3.745303621170117253e-03
3.537909611366096309e-03
3.365267665552343617e-03
3.196880701917698912e-03
2.997540602421238255e-03
2.860372488008940464e-03
2.719478760847224199e-03
2.583025976896837807e-03
2.491302921581018889e-03
2.357183739517361518e-03
2.220274003434005196e-03
2.122479088067461342e-03
2.032111883266968753e-03
1.925763983760911532e-03
1.846128783422095257e-03
1.780799324696311949e-03
1.711356356739831283e-03
1.650042056831428020e-03
1.572431363258002240e-03
1.507934931442506078e-03
1.442182807208509422e-03
1.359912157993634031e-03
1.283008393627687281e-03
1.222848709174294063e-03
1.154022387811388462e-03
1.101574504731954061e-03
1.059039386364580854e-03
9.919011132097684934e-04
9.464496979510040979e-04
8.937244216456033440e-04
8.447182738199241446e-04
8.020421091796738631e-04
7.488777290027735182e-04
7.039283835740907163e-04
6.406602677854420771e-04
5.858817983009024979e-04
5.546879911924501626e-04
5.185588457094605962e-04
4.870240418913000715e-04
4.482346510006329494e-04
4.142779176971823018e-04
3.838230295828397461e-04
3.499617087551778983e-04
3.191212268218694562e-04
2.972675509336952424e-04
2.728835462897376447e-04
2.561080746420487352e-04
2.368465874848480976e-04
2.201777011399107817e-04
2.029092905963572309e-04
1.923870501062795581e-04
1.749135394857600850e-04
1.634032948583785520e-04
1.513206076877155316e-04
1.404132625517008517e-04
1.342126790555145724e-04
1.249294566134659466e-04
1.187792042483556509e-04
1.103806790499611688e-04
1.044787700644455035e-04
9.915310867087140519e-05
9.252807870233930210e-05
8.498273971189097711e-05
7.766909123619765150e-05
7.021188782851225561e-05
6.467333778571103227e-05
5.986738965348271230e-05
5.547135781132982537e-05
5.277823418053227434e-05
4.866448322065658374e-05
4.572648857945827214e-05
4.273683746773271331e-05
3.892978473966583329e-05
3.593091949115667297e-05
3.330840940007173234e-05
3.065342011415688172e-05
2.842852274431791786e-05
2.690974152979040056e-05
2.525457741627376001e-05
2.357115187426250003e-05
2.222598832798200342e-05
2.057612956384344323e-05
1.937287700938564942e-05
1.770112146015949815e-05
1.670667453554663622e-05
1.569970438477336864e-05
1.435199401266708065e-05
1.325942614109380499e-05
1.218693566049244412e-05
1.152530544372961550e-05
1.062042941415468279e-05
9.703712495221625384e-06
9.104294478494307991e-06
8.323450627336872370e-06
7.727497611584349435e-06
7.102260082348559561e-06
6.575158460907187363e-06
6.053430365529803296e-06
5.459062404186218877e-06
5.169968090200873570e-06
4.773052403994540681e-06
4.406083360540180688e-06
4.042289870550083656e-06
3.729691262421503830e-06
3.371049369678949676e-06
3.036624897834364582e-06
2.816636544926202428e-06
2.640691754612922703e-06
2.438596297502851538e-06
2.291463402851481153e-06
2.158913186084707494e-06
2.002384289743727282e-06
1.876130218512023637e-06
1.761292472390535536e-06
1.653044331995257438e-06
1.560608174965183816e-06
1.449258446833526659e-06
1.341970522252013510e-06
1.234976698814546267e-06
1.141567018789948651e-06
1.086241038676232007e-06
1.033766810636708784e-06
9.711862382200184641e-07
9.066794829354133611e-07
8.434602647998430626e-07
7.697092190751413523e-07
7.303278002425169305e-07
6.623568916712423844e-07
6.285473880961362821e-07
5.793008537094342745e-07
5.272106748562768069e-07
4.972654753174501630e-07
4.559336182302296718e-07
4.207692587251779770e-07
3.942722022463560287e-07
3.728783193336375210e-07
3.495367690346607182e-07
3.351673480972642817e-07
3.083675211813051872e-07
2.891237814758577514e-07
2.697573097736869687e-07
2.537043343921130982e-07
2.414211395256134341e-07
2.282814783222087569e-07
2.130532515374403199e-07
1.985097500114882435e-07
1.861897860184847665e-07
1.754036894551573996e-07
1.582958081929145282e-07
1.457542555578081158e-07
1.372686430490213289e-07
1.272686734286267603e-07
1.191897273665102294e-07
1.062363298959212420e-07
9.718537679810077418e-08
9.059367445457818338e-08
8.384326335590912898e-08
7.706429801508020742e-08
7.189491805489667175e-08
6.656522175971636576e-08
6.144920109350851762e-08
5.727918252747292455e-08
5.379826002726994107e-08
5.101544182292083307e-08
4.675954038732725774e-08
4.442569935215467267e-08
4.169814193452307551e-08
3.809462056863006811e-08
3.600583640867306721e-08
3.350267402708201330e-08
3.076700967680744209e-08
2.895993534456777686e-08
2.633056947636932206e-08
2.394616268677377780e-08
2.268182450687381086e-08
2.105280312205707387e-08
1.977019072185458221e-08
1.847421076682189967e-08
1.687491542755262526e-08
1.517193201977393780e-08
1.436099337966061298e-08
1.295677470436090029e-08
1.199776025828828503e-08
1.136405989411421880e-08
1.077165551191442811e-08
1.005457109328296451e-08
9.265783395223470861e-09
8.465483721667126316e-09
7.937354627773145670e-09
7.373098131719520981e-09
6.863773019125227942e-09
6.442419566532370485e-09
5.905597787197941635e-09
5.595704262946401600e-09
5.222926944819556147e-09
4.763443165823018011e-09
4.322479940754815430e-09
3.932724556652225616e-09
3.665911333321350334e-09
3.314558258516154905e-09
3.046714224809923636e-09
2.690289303737281423e-09
2.429268180766846872e-09
2.270775424649207674e-09
2.074220280172008801e-09
1.939145630784415004e-09
1.777823915426297388e-09
1.667896499521121073e-09
1.535666455448826090e-09
1.397321699753726425e-09
1.304896895077551113e-09
1.210489064303786166e-09
1.105117175623661647e-09
1.002320569984764950e-09
9.360966476673819719e-10
8.496101443218977551e-10
7.915015550541464219e-10
7.158990309985945626e-10
6.619396889909112614e-10
6.290070218828848036e-10
5.763711991080714280e-10
5.391112510152962675e-10
5.002093939129928228e-10
4.656909356006335237e-10
4.308905226785813656e-10
3.965896896910314841e-10
3.744584465694288717e-10
3.504527862434242177e-10
3.330931048209388809e-10
3.168652437889589107e-10
2.981879552608560287e-10
2.790203254724554610e-10
2.586693151453753858e-10
2.414279447430381099e-10
2.258506140560834463e-10
2.016617504167608575e-10
1.821768552609197116e-10
1.669959869818324854e-10
1.539843963527923234e-10
1.398268071675676332e-10
1.280724601866908661e-10
1.162343540399987726e-10
1.053124441204659685e-10
9.467194081747838152e-11
8.868584800553078833e-11
8.108615449565007804e-11
7.745699174452940883e-11
6.986433963577538310e-11
6.429444933253407145e-11
6.093651177587501354e-11
5.723678200162895565e-11
5.319329258038379962e-11
5.083188314822722622e-11
4.805642920034865035e-11
4.416788968870101107e-11
4.213045343292574740e-11
3.814796723474560033e-11
3.458066830991042481e-11
3.250192389610847705e-11
2.964905156021476216e-11
2.727849272372912098e-11
2.460588940357972905e-11
2.301715265787877683e-11
2.105097041488093615e-11
1.919995463325434914e-11
1.710915657658545140e-11
1.635375992546011148e-11
1.478470923943614656e-11
1.362964122347534252e-11
1.268055395426786420e-11
1.173370852793823161e-11
1.101114973422676497e-11
1.025753008043962883e-11
9.680161282409623163e-12
9.054905929294278571e-12
8.440155540566912782e-12
8.027344581973652600e-12
7.436099216914471220e-12
6.868830053139296185e-12
6.173760614254311633e-12
5.876057428562223857e-12
5.353170347756063470e-12
4.931325019794557360e-12
4.420332911441524333e-12
4.131664071785887662e-12
3.791849029982618634e-12
3.487322638567637771e-12
3.116633659190691004e-12
2.911757586004597529e-12
2.637350876144335681e-12
2.403703616991528538e-12
2.239654528277253075e-12
2.007353832249668687e-12
1.869927292166450103e-12
1.669338476520195763e-12
1.534193482912126281e-12
1.316106129396967926e-12
1.179557009724043021e-12
1.097361925654450702e-12
9.860855692019445048e-13
9.021982183431512505e-13
8.364035545713613304e-13
7.797674708165705793e-13
7.265469873927918055e-13
6.653000203460060292e-13
6.091570829249730198e-13
5.672959598111772302e-13
