1.124967655674769251e-01
6.524658555595212739e-02
3.655960899180894785e-02
2.032424398636138024e-02
1.239207887644047483e-02
7.446812594944345227e-03
4.586777960717795463e-03
2.469851966387923582e-03
1.534819956281500150e-03
9.978282779202695633e-04
5.381253962446079552e-04
3.009529619136972422e-04
1.806085878266099954e-04
1.086826550064603396e-04
6.513488295764966612e-05
3.527334754823987465e-05
2.133274829286344523e-05
1.279807109919247702e-05
7.329415822691983229e-06
4.818415131841684189e-06
2.892876584595076695e-06
1.748932716142408245e-06
9.007944730325915857e-07
4.592092915717141153e-07
2.453071266329984894e-07
1.435827564041033099e-07
9.412164173402080101e-08
5.030969948013214112e-08
2.611651040080335878e-08
1.370006657780591862e-08
6.683434531516859886e-09
3.640422516129330110e-09
1.937423197657990195e-09
1.045813778146327141e-09
5.646829330002722606e-10
2.836451105379623192e-10
1.579782801463226887e-10
7.617470126102025432e-11
4.257148694853294534e-11
2.133758554037518288e-11
1.172261489346167350e-11
7.172032845868598887e-12
3.169804065878056186e-12
1.746635854023350908e-12
1.047986903724150980e-12
5.623686526459792083e-13
3.003477508279238748e-13
1.901725563348997328e-13
1.049584653477879538e-13
