9.594636762520701856e-01
9.382912479237338621e-01
9.128379362276390907e-01
8.873291921533307258e-01
8.575658646798917095e-01
8.238241103993726444e-01
7.914450638220504874e-01
7.527216162082078776e-01
7.140985704368683074e-01
6.739996898650669754e-01
6.324202121725068793e-01
5.873857123616387232e-01
5.468661638213809795e-01
5.136386394620574558e-01
4.806965487914198198e-01
4.526516322653070801e-01
4.216242583020041734e-01
3.873040024200344877e-01
3.582499488081988814e-01
3.312414781677560094e-01
3.055976419360563745e-01
2.807091312589056198e-01
2.609929017594927458e-01
2.411451939051912075e-01
2.242233210945983601e-01
2.066480612844458775e-01
1.919145548847773497e-01
1.774324585764805451e-01
1.643306848537772757e-01
1.540925744607386516e-01
1.456247208933416359e-01
1.350127566198167928e-01
1.241490634947912258e-01
1.146702269348167796e-01
1.042083236766440796e-01
9.484609867089371926e-02
8.623177875423522487e-02
7.789583459316892777e-02
7.032287146507072706e-02
6.340876261638550559e-02
5.630315615917478450e-02
5.112310501554030717e-02
4.723700761311876856e-02
4.288176012355288114e-02
3.930411281174050336e-02
3.625255164290148296e-02
3.310736809764790178e-02
3.066766468676785859e-02
2.849821996933303916e-02
2.644856719760370692e-02
2.452689811921963947e-02
2.291325225514369637e-02
2.077923056554474221e-02
1.948998059804173816e-02
1.810178720570679647e-02
1.672697459009974894e-02
1.532121939090070294e-02
1.407447754496416771e-02
1.281968723457251567e-02
1.176620475826183586e-02
1.074489021218329003e-02
9.925780482978258448e-03
9.221407460939322343e-03
8.539388138479941243e-03
7.976329624167140600e-03
7.446899547486527347e-03
6.899613542262718856e-03
6.370004500057853923e-03
5.780222449229328006e-03
5.371095600545551865e-03
5.029325943213606466e-03
4.636897491455904685e-03
4.298260281105806095e-03
4.014299872721087924e-03
3.689328085347967807e-03
3.461124323062152869e-03
3.195726459983539835e-03
2.890748076436667601e-03
2.603250490038331623e-03
2.364303480011318778e-03
2.161106347121051832e-03
2.000518160819039683e-03
1.866946244198381538e-03
1.757337126286501964e-03
1.642270795783781680e-03
1.530136746801749647e-03
1.432591968386987121e-03
1.357211897877277397e-03
1.295001092588133175e-03
1.226068459868801105e-03
1.155516532881310787e-03
1.074275044176637578e-03
1.009545992657638310e-03
9.763091969498425768e-04
9.205365280203679995e-04
8.624427259711900037e-04
8.177580353615733965e-04
7.620227237061610827e-04
7.135927420582455607e-04
6.717161646569499035e-04
6.179022365840550072e-04
5.637079224386700328e-04
5.301632343192393040e-04
4.852991279658892040e-04
4.464438377574675453e-04
4.133384048952138930e-04
3.735155828197527905e-04
3.339943956418332067e-04
3.072978936060812168e-04
2.753275171297629091e-04
2.524459141500407259e-04
2.297215414257665843e-04
2.053941123251548390e-04
1.902156946986967691e-04
1.691167188540183288e-04
1.571756141193242536e-04
1.422180731401460386e-04
1.261393614994595915e-04
1.161919741060363925e-04
1.046486880909347402e-04
9.630165249124340724e-05
8.751363972176683895e-05
7.703532376743473409e-05
6.987896925003823218e-05
6.228334255688381901e-05
5.449250847424204016e-05
4.902024940969630038e-05
4.470032237693015936e-05
3.988696874541905165e-05
3.760930432995655175e-05
3.368120214273180498e-05
2.998349771777936881e-05
2.769702183986924070e-05
2.514818612611898686e-05
2.252396010501581607e-05
2.081753875527182752e-05
1.936340901380545417e-05
1.809022908049624575e-05
1.630959427311412283e-05
1.458845494754589866e-05
1.320021920994587064e-05
1.200903167886143469e-05
1.087960864635478082e-05
9.950597985918028564e-06
8.867332008431809626e-06
8.153590691010539169e-06
7.469834426671506738e-06
6.789788158969800435e-06
6.178641763300304943e-06
5.412520719441066722e-06
5.009036206001216413e-06
4.417360081854077489e-06
3.772064981678356691e-06
3.486533395029396814e-06
3.073782157736061125e-06
2.735399303628758283e-06
2.472079910739503156e-06
2.226178193132771094e-06
2.026260146096421189e-06
1.853921003701998890e-06
1.686004058515599264e-06
1.560472218633542047e-06
1.406347578825408188e-06
1.273567136622476230e-06
1.164636553119235314e-06
1.047046083406281128e-06
9.392234778098582350e-07
8.560003334638008103e-07
7.588378880229189639e-07
6.703249013744440171e-07
5.743151773890194139e-07
4.970363614743747047e-07
4.436746294601428251e-07
3.907190656071799945e-07
3.445444342199685577e-07
2.934208071779446340e-07
2.658192373444893773e-07
2.472991191223773396e-07
2.325774031020288356e-07
2.162147843405088774e-07
2.011759413325219198e-07
1.852114053389076396e-07
1.759179585495112817e-07
1.615411672578173746e-07
1.471873482493354752e-07
1.356967973301552371e-07
1.252810181355617017e-07
1.158895372128691888e-07
1.071261458603193463e-07
9.768585586323165378e-08
8.716723055432475384e-08
7.997730281928060002e-08
7.157679192585454034e-08
6.539724282290082400e-08
5.868526997224026113e-08
5.261493534835202797e-08
4.781687950914304264e-08
4.204097972755502819e-08
3.729001394350620078e-08
3.322259344465587992e-08
3.000099162574336522e-08
2.725234263410899254e-08
2.488366244682205028e-08
2.293491731885065042e-08
2.149610113931867402e-08
1.953568078958396093e-08
1.753880422286881379e-08
1.625948364665119207e-08
1.475336542939639308e-08
1.380028534604572790e-08
1.234655793257162232e-08
1.121312031639512293e-08
1.049078844025984142e-08
9.532499836609574051e-09
8.584480373448122968e-09
7.568045955779584653e-09
6.962062641107164727e-09
6.232958363613382257e-09
5.612648325431264192e-09
5.151039009117538042e-09
4.629886526552740177e-09
4.372913883859512102e-09
3.894617423883916989e-09
3.570486565134763897e-09
3.295205196246268812e-09
2.986810350560397552e-09
2.816235165793574390e-09
2.535864451575007039e-09
2.264110236775494654e-09
1.940105003644134151e-09
1.709451033527297031e-09
1.532473802915158139e-09
1.333399368135202841e-09
1.211605914271208610e-09
1.095012249345704912e-09
9.962817750218342014e-10
9.223759262688856682e-10
8.294540418835128682e-10
7.515966825635887104e-10
6.979001760695765782e-10
6.517412174071467642e-10
5.871395276485712699e-10
5.322434406531192038e-10
4.942988702448501874e-10
4.324680865653236655e-10
3.912797039947557286e-10
3.594997018589584631e-10
3.296996755873838571e-10
2.916854553355834229e-10
2.641354706489657007e-10
2.386842458846564670e-10
2.185848559235593556e-10
1.945691888894723821e-10
1.781711644277564110e-10
1.603496251500160840e-10
1.445582741881905833e-10
1.223588973556791148e-10
1.076010839393308524e-10
9.792970261623197935e-11
8.744324002428971289e-11
7.723145303520954354e-11
6.783272496269820246e-11
6.265794689947516100e-11
5.608738442448942458e-11
4.884463194703146483e-11
4.591458735945484872e-11
4.131183451213656182e-11
3.854912963447421284e-11
3.399877432100322626e-11
3.197956396329025048e-11
2.916487305925226683e-11
2.638748785906701533e-11
2.406148938111229598e-11
2.171232822832962575e-11
1.923377482087776309e-11
1.793386896923358947e-11
1.571818546411783028e-11
1.483541917823155245e-11
1.303102408268215062e-11
1.172811028563979476e-11
1.078997061992483888e-11
9.737453191568200769e-12
8.887949298125094883e-12
7.882617207200621560e-12
7.266413104539927584e-12
6.523135753685019736e-12
5.944487163943585493e-12
5.475836477446816211e-12
5.029098897006578179e-12
4.687727682326172007e-12
4.365348257064951200e-12
3.995716859943476813e-12
3.770676541189068279e-12
3.400934094256102329e-12
3.063050083161295121e-12
2.801690318153146711e-12
2.530492329584103874e-12
2.296578782528047561e-12
2.066301853057652180e-12
1.876313388638289022e-12
1.699894842210376469e-12
1.514990214116865176e-12
1.265045558381392211e-12
1.114632795198477732e-12
9.475635354242396047e-13
8.031472060113842110e-13
