9.992662222161412533e-01
9.957945334949839244e-01
9.940117763784113158e-01
9.855257039293319199e-01
9.825888648237054435e-01
9.782537088526063185e-01
9.691703984993081944e-01
9.546736338438568392e-01
9.415662464938369114e-01
9.349368100294618289e-01
9.266897253339335672e-01
9.102433513345169480e-01
9.081225959705165884e-01
8.912114478360969594e-01
8.645360453666064426e-01
8.399985929000775009e-01
8.359508692916287620e-01
8.086351908777477115e-01
7.813405022925834498e-01
7.748206798220881319e-01
7.601371474870705081e-01
7.586334540604572352e-01
7.329834869819714660e-01
7.099189774599319325e-01
6.787756653455317979e-01
6.734094097225353792e-01
6.492596973658987247e-01
6.416558345078260395e-01
6.192613624236494863e-01
6.135123645494043876e-01
6.119948748451504716e-01
5.957050648266993820e-01
5.885839003595704222e-01
5.812111351598682196e-01
5.649619448349189055e-01
5.384795089002794022e-01
5.213298695110906156e-01
5.181439598077014486e-01
5.132842273975433134e-01
4.845554089815852228e-01
4.620210441633490484e-01
4.606300423334057093e-01
4.517945923511134110e-01
4.410744348496176137e-01
4.341257306237802926e-01
4.300650623263949091e-01
4.217966420317087461e-01
4.206462594376226272e-01
4.185339313170470810e-01
3.981632856742403637e-01
3.929760836648711342e-01
3.656041420407302178e-01
3.441452734790849677e-01
3.433157969819999322e-01
3.413879320031213416e-01
3.359593772628173269e-01
3.234521311790797826e-01
3.121551132413949436e-01
3.093060628927820077e-01
3.003574458093691835e-01
2.986086075524850836e-01
2.886867811105402470e-01
2.834775307855966764e-01
2.826044028496091376e-01
2.741049768677120135e-01
2.649241635793514460e-01
2.626644489084752343e-01
2.476198575486484033e-01
2.463682957447047295e-01
2.405724795640259706e-01
2.292205010258374087e-01
2.276163318832562510e-01
2.271667395729018157e-01
2.170868343457564853e-01
2.097195643669666487e-01
2.060373011133582732e-01
2.015341537737665167e-01
1.937739642771715010e-01
1.906025891367085778e-01
1.903060249515068636e-01
1.891883411644222079e-01
1.758203108882685217e-01
1.754874773492378637e-01
1.675702871597974097e-01
1.638881662452500165e-01
1.624238621952833472e-01
1.577711098077876906e-01
1.532071615280916344e-01
1.529974229611351655e-01
1.490885696287921613e-01
1.433280364827889397e-01
1.400093460416413638e-01
1.327702483210974893e-01
1.320385085280841864e-01
1.300551974502942576e-01
1.287117660654870654e-01
1.284869301188028001e-01
1.231150701610149445e-01
1.188025924054235544e-01
1.174123009792170103e-01
1.115946201561800188e-01
1.109726553406531618e-01
1.101380674118695446e-01
1.084678999991539189e-01
1.079784448980044276e-01
1.072392539089620234e-01
1.047436882654795565e-01
1.035604243603027441e-01
1.003044763351145369e-01
9.997414022421964586e-02
9.879428383987816364e-02
9.729715680358966279e-02
9.327036878379985074e-02
9.249248632744237753e-02
9.229504377825348271e-02
8.967161188220391932e-02
8.743516791828662149e-02
8.495704616310728596e-02
8.363406415425558849e-02
8.339698694820885105e-02
8.310611688542741959e-02
8.247635801790113852e-02
7.940096045735416108e-02
7.890427338997946238e-02
7.831165374978150961e-02
7.580986568427230954e-02
7.355883593373374607e-02
7.293858788058076026e-02
7.100448296479572319e-02
7.089951966834172337e-02
6.916210910755107855e-02
6.650984713803897996e-02
6.623114729538917556e-02
6.611286294866185187e-02
6.158039702398861170e-02
6.049256055953730615e-02
6.011618815435072760e-02
5.866513138735688498e-02
5.855078087563809347e-02
5.774895557657180184e-02
5.535992717512648598e-02
5.417789143743877156e-02
5.091148794140586131e-02
5.044534008677713927e-02
5.039178858397252991e-02
4.862481191545246079e-02
4.709364297665909194e-02
4.701193339869887133e-02
4.629616771173206830e-02
4.571975147906446463e-02
4.506171134468169720e-02
4.295922450810368831e-02
4.086189988802306494e-02
4.073746327544787438e-02
3.957223297737366696e-02
3.853190475164702117e-02
3.827188383678048478e-02
3.822224510339169296e-02
3.685131504204881836e-02
3.668045936904301002e-02
3.578981292433455752e-02
3.421316854522167550e-02
3.414683580112412575e-02
3.322239436765427045e-02
3.242439488664303898e-02
3.137079549338168960e-02
3.093218364807316309e-02
3.048137118546618424e-02
3.002386023712240795e-02
2.970998521622374502e-02
2.860814410203936856e-02
2.852158436945523984e-02
2.847289090905286493e-02
2.839364238749945285e-02
2.718850818231766456e-02
2.605171736660194873e-02
2.565422586665749502e-02
2.397274186021410014e-02
2.359136938904825634e-02
2.356181445213885103e-02
2.218465611385518968e-02
2.179967550951748476e-02
2.157683104586110429e-02
2.142292867637374254e-02
2.115538449747344715e-02
2.081140879534403715e-02
2.032050074300547141e-02
1.953551892555500588e-02
1.953152105839092018e-02
1.794283144023024745e-02
1.759371343626282488e-02
1.726851627485661428e-02
1.719583393177504665e-02
1.688187837827547638e-02
1.663112518237920209e-02
1.634126139207223161e-02
1.631019433003002769e-02
1.623823581354231008e-02
1.552921078977282862e-02
1.513107445921627568e-02
1.496888185600662134e-02
1.472917459586221660e-02
1.465687162150511313e-02
1.414809435880569864e-02
1.386138723504998227e-02
1.381357276971796437e-02
1.338543149672430550e-02
1.336427748826060288e-02
1.285424987055735525e-02
1.228963098347858954e-02
1.181242954018823024e-02
1.169062114140886205e-02
1.138171494301774660e-02
1.136838292690669355e-02
1.122733096600450446e-02
1.107375037949609800e-02
1.082583772620075539e-02
1.077162536360888601e-02
1.040863494469986515e-02
1.026213960541025490e-02
9.986097312872905737e-03
9.769488233791031456e-03
9.744022010842814246e-03
9.696168206179286986e-03
9.311005124043680511e-03
8.706419564768438576e-03
8.358198454991820972e-03
7.824795340952197739e-03
7.772466232397880898e-03
7.707925782649480834e-03
7.672972138270729194e-03
7.585681208354665486e-03
7.474240160685844889e-03
7.047874119043740990e-03
6.929028685681806743e-03
6.817402568082449321e-03
6.762310773685335959e-03
6.472605727544797176e-03
6.416701060258404518e-03
6.367700371941377446e-03
6.337579915647484352e-03
6.275173925222522070e-03
5.710217583678465873e-03
5.703452827554498367e-03
5.533737952168325466e-03
5.040565510930290587e-03
5.006466919873809283e-03
4.990276560698241395e-03
4.967671894475481423e-03
4.853826344481130574e-03
4.769571714329772644e-03
4.628659983498605718e-03
4.580205210311827368e-03
4.445611416521925811e-03
4.423126314953089964e-03
4.340033979455593105e-03
4.336942844835410711e-03
4.320216652485039943e-03
4.118662965635965650e-03
4.060897632398664629e-03
3.981013787021271330e-03
3.753385282249850803e-03
3.624253603628706071e-03
3.553679917105582141e-03
3.547195881497126977e-03
3.453008575195227418e-03
3.442746973379689351e-03
3.427781478954955094e-03
3.356029456314327860e-03
3.349212537884467284e-03
3.328568324077131081e-03
3.183576024373275994e-03
3.074139584938362108e-03
3.068133399525666688e-03
2.942691335259695756e-03
2.928602610063962657e-03
2.854328031478903845e-03
2.791381430503941854e-03
2.687179566404956834e-03
2.683993444168178335e-03
2.663821055651156237e-03
2.630602256566757537e-03
2.620570223295434677e-03
2.472960687092897510e-03
2.439151427201483036e-03
2.403353346323526280e-03
2.390705276119997440e-03
2.328538220754377240e-03
2.283219921437851328e-03
2.282308419174265430e-03
2.129999694040859114e-03
2.103388697130637811e-03
2.090526031607678817e-03
2.008048686852742341e-03
2.004282608222374834e-03
1.976039058044662140e-03
1.913633352970309752e-03
1.911384456505062397e-03
1.763942115979937140e-03
1.744383329125613440e-03
1.724329095274646168e-03
1.679014866567536202e-03
1.610501281755663148e-03
1.585366693611040293e-03
1.567914801421707322e-03
1.563479152312459517e-03
1.557333211184326258e-03
1.551414986433281504e-03
1.500625444474743475e-03
1.462815137574736664e-03
1.453271578190108325e-03
1.355001813720572903e-03
1.350219632828444536e-03
1.339193833280540296e-03
1.320347930400469485e-03
1.303770154455221719e-03
1.300869887549207593e-03
1.205758040848533023e-03
1.184661092335207236e-03
1.181522659324193286e-03
1.169172258647944865e-03
1.167180806469316108e-03
1.117608838407789127e-03
1.106129547264200286e-03
1.077801926061938047e-03
1.037701429705376347e-03
9.944458541117746301e-04
9.813192364145580972e-04
9.625163749636959009e-04
9.615676940022957128e-04
9.544963234523110409e-04
9.523295124314217538e-04
9.363526970964441499e-04
9.101405304137454065e-04
8.733867062424134848e-04
8.296685392732651345e-04
8.083259669503908883e-04
8.064316783377100360e-04
8.048882280639083845e-04
7.864194752818751697e-04
7.740894383936190899e-04
7.574300352593578423e-04
7.474412254911543419e-04
7.408884003467625622e-04
7.334823285779109008e-04
7.054675914499349129e-04
7.021874956682742789e-04
6.859406083375344356e-04
6.502888713569542067e-04
6.306158205117635192e-04
6.284687665409830057e-04
6.265172404092791188e-04
6.229012121418068659e-04
6.170634759970805615e-04
6.135454477092362833e-04
6.113746099413918051e-04
5.697727304472560315e-04
5.605765185257101293e-04
5.592261790115383557e-04
5.491437062673994738e-04
5.289313080112910143e-04
5.156646895666092047e-04
5.112525085405804316e-04
5.040630972543445670e-04
4.820012219937683338e-04
4.805701199228504467e-04
4.718602914281582968e-04
4.708261771966236746e-04
4.662218138484343984e-04
4.272125821809831113e-04
4.183430435682995783e-04
4.148407271269203937e-04
3.918445012457427452e-04
3.897485562942830275e-04
3.884447577976860347e-04
3.850328512817354203e-04
3.828365298511116131e-04
3.634206974842002112e-04
3.508399213893206685e-04
3.410128900039312511e-04
3.407255583864352900e-04
3.394122909679005802e-04
3.376183841690072939e-04
3.204025725007045170e-04
3.036348428196662176e-04
2.966146966073164842e-04
2.924146571937651833e-04
2.906726226699825897e-04
2.808899363749319520e-04
2.798145130882327366e-04
2.772234849663751080e-04
2.759952756924919639e-04
2.638098286913166798e-04
2.608578882217023787e-04
2.570737678565087605e-04
2.524435233464746996e-04
2.510487915465554865e-04
2.497512698563172386e-04
2.469765826599093494e-04
2.292005557380092555e-04
2.137819498781071245e-04
2.125344983490205873e-04
2.095263593162748127e-04
2.081313860618571145e-04
2.019330425638483125e-04
2.014664612628623498e-04
1.971317435052518524e-04
1.930609302655588648e-04
1.818307229512608806e-04
1.815910110318479510e-04
1.786932376843788299e-04
1.696776486403387557e-04
1.689790269280464993e-04
1.665780459936948722e-04
1.656925353557043190e-04
1.626234181241515179e-04
1.625258947617794051e-04
1.591714202638444206e-04
1.548752118323494422e-04
1.539625234895598610e-04
1.530132648735327684e-04
1.510579056048756902e-04
1.507902484763323488e-04
1.438294533459048917e-04
1.382917930396598957e-04
1.365910387634020550e-04
1.333953770301379784e-04
1.318764644547061225e-04
1.291780684297240747e-04
1.268633244590475283e-04
1.257007776312630046e-04
1.236684496650553629e-04
1.216944592608616444e-04
1.194107199778705457e-04
1.185732666010534127e-04
1.168155440685433497e-04
1.131266095169624291e-04
1.130394992795132135e-04
1.126870209457059584e-04
1.117007117054806054e-04
1.072849248253209372e-04
1.065709556570445111e-04
1.041364338619688062e-04
9.997169924464833059e-05
9.791936961522599442e-05
9.526219137973696537e-05
9.508049357603449970e-05
9.433099727904677850e-05
8.716770644723290692e-05
8.659701519235624124e-05
8.341255214435867014e-05
8.071650070105180488e-05
7.980561689606398897e-05
7.921024455773420720e-05
7.707892435912676765e-05
7.596567781915496576e-05
7.200063684544530417e-05
7.143316195160648199e-05
6.934454244407791529e-05
6.838348992234780674e-05
6.785676383356765366e-05
6.683690076394202756e-05
6.315693163664297003e-05
6.202581219331376012e-05
6.116351706401943248e-05
6.025782089964249464e-05
5.937365643601806673e-05
5.904539796287778164e-05
5.761109897764477304e-05
5.510422642905376297e-05
5.499274693451760546e-05
5.415247861909926121e-05
5.247678088551556907e-05
5.055682446655598204e-05
4.920697074312708655e-05
4.875902421263082054e-05
4.852335138998212374e-05
4.785550092351805335e-05
4.651565553634878666e-05
4.639132064605209224e-05
4.612981473540903287e-05
4.462377673746007291e-05
4.441267329449916828e-05
4.410450964679532983e-05
4.232389174532997757e-05
4.159197877882751386e-05
4.152151269889662732e-05
4.074806725402781697e-05
4.052143421958735660e-05
3.902180963390102387e-05
3.898170684104507102e-05
3.881724636706287030e-05
3.756890652345126573e-05
3.688036517289157207e-05
3.682098406113032873e-05
3.508817249777963733e-05
3.392174551818521999e-05
3.357158696185982757e-05
2.966535211956647725e-05
2.901346078444896236e-05
2.892141777202882736e-05
2.886788504333896675e-05
2.868242246991410452e-05
2.843276983045485071e-05
2.760130155147724518e-05
2.739198060618593878e-05
2.655395398368552647e-05
2.558842109546270494e-05
2.467252130014394845e-05
2.456102411783123759e-05
2.376339594839353098e-05
2.364037413993945542e-05
2.344294752230016376e-05
2.326809920181633224e-05
2.318251745635453514e-05
2.309558979183361205e-05
2.113305237017290141e-05
2.044495253151077928e-05
2.017193597524792622e-05
1.977771696562947168e-05
1.949539168102076622e-05
1.900657114898487846e-05
1.889436808167195255e-05
1.853996071730185804e-05
1.828865762972212380e-05
1.817385637348669476e-05
1.809057734695649909e-05
1.804298788847418766e-05
1.773721422984314764e-05
1.759381394948483456e-05
1.590695431570180311e-05
1.560499722259156354e-05
1.557179828370728559e-05
1.545552631121856576e-05
1.543451235051228161e-05
1.425288837474598437e-05
1.409390182012995783e-05
1.398706072860119618e-05
1.367219758012988514e-05
1.360140387994723960e-05
1.297762351760914769e-05
1.259712227812751041e-05
1.257090599780767370e-05
1.216968412826821272e-05
1.200624265911962665e-05
1.172850838618257473e-05
1.151596824299102870e-05
1.139185313468844527e-05
1.093122958126109547e-05
1.078609737159925786e-05
1.071938953994848852e-05
1.067762898197286567e-05
1.065425246490812873e-05
1.062455970438017913e-05
9.998011950526238036e-06
9.957052117014225683e-06
9.240723674001274365e-06
9.144656681611253458e-06
9.054130303268449913e-06
8.883735062114372834e-06
8.798085772244473342e-06
8.454132234575972998e-06
8.431912466434925810e-06
8.421376375519175206e-06
7.472094583177670604e-06
7.469152218124206041e-06
7.418112876345487674e-06
7.280619676000077104e-06
7.042802726255906946e-06
7.001877956235311588e-06
6.805106914999716310e-06
6.746456227685447271e-06
6.735288834539934019e-06
6.661498901229837961e-06
6.417781959901340549e-06
6.192469651217040890e-06
5.997706521924425100e-06
5.930790660762982327e-06
5.674485551726625778e-06
5.576694504794086482e-06
5.538184283326532501e-06
5.535755389836062457e-06
5.297417633885925525e-06
5.102674635784423524e-06
5.041477779985646395e-06
4.708990998611848210e-06
4.684286406776937806e-06
4.673384642766946823e-06
4.645371415675866849e-06
4.635501177622001974e-06
4.622204022510523654e-06
4.615373805868457428e-06
4.317750515688065764e-06
4.261763501152968282e-06
4.235428340017990162e-06
4.100095248084375124e-06
4.095896541148091093e-06
4.093208797115194449e-06
3.996752413307722480e-06
3.973852098252566443e-06
3.966886010520397508e-06
3.911754661374620794e-06
3.741046537979717260e-06
3.719822747731149078e-06
3.687208129898208755e-06
3.570061387364080737e-06
3.388328873037090986e-06
3.303271992932367108e-06
3.199607811903954298e-06
3.158675743717465839e-06
3.151715343496640513e-06
3.108589392338963351e-06
2.954335063718879464e-06
2.935426626565579262e-06
2.860994556226759569e-06
2.820544899929261489e-06
2.751892663156232718e-06
2.733509403377280838e-06
2.687190588866227169e-06
2.659656275390345838e-06
2.574199451544787957e-06
2.515994919673317947e-06
2.500800907899130828e-06
2.390983136187333493e-06
2.388003547405501034e-06
2.288489977492534567e-06
2.269806676582571824e-06
2.254875852156428212e-06
2.238675840133939920e-06
2.147076629130135581e-06
2.083371085324888664e-06
2.033633694786508988e-06
2.012302315489446785e-06
1.864347473425760297e-06
1.817675882240669323e-06
1.813565804583565181e-06
1.809877887296545562e-06
1.804332618124908327e-06
1.732195733960027347e-06
1.712966204685280955e-06
1.695622680617991446e-06
1.682142998282416107e-06
1.542809909202251480e-06
1.542283601533411749e-06
1.524090212591974610e-06
1.463917316265296437e-06
1.449397311479101669e-06
1.434823418768979752e-06
1.429048020987629530e-06
1.423428427813330452e-06
1.360211629747617175e-06
1.339773190248738653e-06
1.314755698692436001e-06
1.262789823935140084e-06
1.232181058066140077e-06
1.183523321412539326e-06
1.181477836758720552e-06
1.163034821552326174e-06
1.153486481068585562e-06
1.139283302705604315e-06
1.133194985555040496e-06
1.130111623143527308e-06
1.112113576399350437e-06
9.877873514593098151e-07
9.552830955430236827e-07
9.447933843112778038e-07
9.364065459514431708e-07
9.199002266177735781e-07
9.170458627726404727e-07
9.157464560577717097e-07
8.503321720266815998e-07
8.439730888809242024e-07
8.408999530713301341e-07
8.267694163629353903e-07
8.169683074863545547e-07
7.363698232983161783e-07
7.356761846254975234e-07
7.148811856396741634e-07
7.053117097939494581e-07
6.989213707177112467e-07
6.946792095687644791e-07
6.891311525038282473e-07
6.572564814474480566e-07
6.556813986418847384e-07
6.540409854568620681e-07
6.510425013317996451e-07
6.450908212957612752e-07
6.290902742325639254e-07
6.198043874296945302e-07
6.132780368314636006e-07
6.105158472289412661e-07
6.024890295086504468e-07
5.866334824621933059e-07
5.855450093720055938e-07
5.840576865350133002e-07
5.785357185013107548e-07
5.759920181653580096e-07
5.158898785852742795e-07
5.049725594642301907e-07
4.951752108455743626e-07
4.944011154892580902e-07
4.899364657524719822e-07
4.882005326668557664e-07
4.846467576068394742e-07
4.733337344095728916e-07
4.675518273776538064e-07
4.332993089182300104e-07
4.238839685582879409e-07
4.202841682200156241e-07
4.194275530201643689e-07
4.182223121376567948e-07
4.079717580507859160e-07
4.016626970948265569e-07
3.978689352962437414e-07
3.853267966945580645e-07
3.752448838272704992e-07
3.737933635559593764e-07
3.731198109667859302e-07
3.645602859561804001e-07
3.469847678219731946e-07
3.413414068847243015e-07
3.335546128478425719e-07
3.293421173426120815e-07
3.178183136495702357e-07
3.158748624575855055e-07
3.115051928782709309e-07
3.104694981840415508e-07
3.082127525117298817e-07
2.979132721633190261e-07
2.977370236284666486e-07
2.841765659360759370e-07
2.757429181899962695e-07
2.722119421043221434e-07
2.630254521063690339e-07
2.624356369424839367e-07
2.521208757808034491e-07
2.504213952102743076e-07
2.435537560442476247e-07
2.408610576501892900e-07
2.398865147443314927e-07
2.391312520579600690e-07
2.379912294003026492e-07
2.367816827129992149e-07
2.268903001885259943e-07
2.223268341253419069e-07
2.187640129456471731e-07
2.151242955975684557e-07
2.073075830090127898e-07
2.047789896924720892e-07
2.037062906350220871e-07
1.952525757622830938e-07
1.941461504410835515e-07
1.937778225199692462e-07
1.932197344765462620e-07
1.858188596983120629e-07
1.714283201664483146e-07
1.709457302848500077e-07
1.661117367097995484e-07
1.642443537996739140e-07
1.598507633817961375e-07
1.561830562859645245e-07
1.556570130954292957e-07
1.545924317773803036e-07
1.466970449540309241e-07
1.462313526172313608e-07
1.457402443727395402e-07
1.420695842221022303e-07
1.349866251623045417e-07
1.327005479146174574e-07
1.231663692757014102e-07
1.225325152544377293e-07
1.169882748768264078e-07
1.163774784862128174e-07
1.149831234214155416e-07
1.123346134988946557e-07
1.116225343562628352e-07
1.112533286059574136e-07
1.080891382734673600e-07
1.073617698494880206e-07
1.040250822838898815e-07
1.027387751199234628e-07
9.893997003384094643e-08
9.869925458407994396e-08
9.329938394025169600e-08
9.160940171160222117e-08
8.951815078466286347e-08
8.926465756885683090e-08
8.653149852946814801e-08
8.600971754197533463e-08
8.438747304916647254e-08
7.970372020171776001e-08
7.869309373098259947e-08
7.844739135378304679e-08
7.830667105094441150e-08
7.649609023867902948e-08
7.600327574008405338e-08
7.372501483943419276e-08
7.218676032743434945e-08
7.106954050876077035e-08
7.088716006473648100e-08
7.035339577108066580e-08
6.549614053779507309e-08
6.540724571503124010e-08
6.459384536343564198e-08
6.303756752825816180e-08
6.131145135131719216e-08
6.118772547363360000e-08
6.082553756855410335e-08
5.703322781963701799e-08
5.414183947349364195e-08
5.406239456323422525e-08
5.383530492228698357e-08
5.336930650250238653e-08
5.332482456966116222e-08
5.023276702520497981e-08
4.976010175424762743e-08
4.971993619575557154e-08
4.691642537560353336e-08
4.688646554219890508e-08
4.630342739268468104e-08
4.100502431993441257e-08
3.912515440790801626e-08
3.899038432443500345e-08
3.887007839232353412e-08
3.855429036464160448e-08
3.790503670369643629e-08
3.785837722244595791e-08
3.767862753855777503e-08
3.633669348520894819e-08
3.590148129370842578e-08
3.552906830136426598e-08
3.447335377746518210e-08
3.356529081230561179e-08
3.236205791359598967e-08
3.196935908748894642e-08
3.031703908072649683e-08
3.020065850830465404e-08
2.950917285170996372e-08
2.938213834900615730e-08
2.865629120318069689e-08
2.843696195125267115e-08
2.793886607510398932e-08
2.782219267935770729e-08
2.772965961151441518e-08
2.754246332627455159e-08
2.710153069390869925e-08
2.647576089249489090e-08
2.563184723290272527e-08
2.373529337060102298e-08
2.318608951922508732e-08
2.272127630542229051e-08
2.224790384831424402e-08
2.220450186925298958e-08
2.217090364205892751e-08
2.126959959048270402e-08
2.085772425296979629e-08
2.048683132709634004e-08
2.034336125871538579e-08
2.033129989436405438e-08
2.018298667336098606e-08
1.939758480720086470e-08
1.933796341414157481e-08
1.838306699812784353e-08
1.753159730856501197e-08
1.743632103585703664e-08
1.698726474136227170e-08
1.687802220608587990e-08
1.679990338853562134e-08
1.652666804317361648e-08
1.638398824527011845e-08
1.581731625869697797e-08
1.477695775957025255e-08
1.473385004995806273e-08
1.446216076470505926e-08
1.438757122153852103e-08
1.410929015119133181e-08
1.402615599327643222e-08
1.401747248501475214e-08
1.381492344322983229e-08
1.361676418405988521e-08
1.299272206189462479e-08
1.217805324655778998e-08
1.206179600500024251e-08
1.179197594398970939e-08
1.173467747859140468e-08
1.139228168026083271e-08
1.119771450826369353e-08
1.106074032278409657e-08
1.091958010923366133e-08
1.080763190986818532e-08
1.079277202448424128e-08
1.034432461427810262e-08
1.030944876615418536e-08
1.024300110492780756e-08
1.014456008212922733e-08
9.311725635114551026e-09
9.239974571007707178e-09
8.929669321003654332e-09
8.915645427288234804e-09
8.880680069151218068e-09
8.778628885927680376e-09
8.770413043169625836e-09
8.665986213737577595e-09
8.610862467453289380e-09
8.486653598873759435e-09
8.215533562520260300e-09
8.116411609002292829e-09
7.897844910377965963e-09
7.752932849562476985e-09
7.611863145003307136e-09
7.586877488551973552e-09
7.222915424357661480e-09
7.105591346899146055e-09
7.061664137955334875e-09
6.690483577422324538e-09
6.682414780729269807e-09
6.448165382781485977e-09
6.025641235339951905e-09
5.971983258438880987e-09
5.831855263286819266e-09
5.761033274483794339e-09
5.731307951848569067e-09
5.724564598930678959e-09
5.647925465702605887e-09
5.526277567062713696e-09
5.473038652294464537e-09
5.399891448261528258e-09
5.023416359120630005e-09
4.965127046262571435e-09
4.897701436572395521e-09
4.894767724938948428e-09
4.805472084791491792e-09
4.483063555377052748e-09
4.471471012462902376e-09
4.174932686152059565e-09
4.090010590166094522e-09
4.057967701473271009e-09
4.024930585082892697e-09
4.006670499335441373e-09
3.955792713540988894e-09
3.904129961315151483e-09
3.736230464487928811e-09
3.730074662881027681e-09
3.667284262287930837e-09
3.525877996336993624e-09
3.488950111075176708e-09
3.452461473031377911e-09
3.450244041736132655e-09
3.202766953929532206e-09
3.166032451915219280e-09
3.141161824885485219e-09
2.885961996547392012e-09
2.860095117979652975e-09
2.839163022848434652e-09
2.829624840850874010e-09
2.768451842172420117e-09
2.705944822542004430e-09
2.630389958149399976e-09
2.609355732670756484e-09
2.530808659791607248e-09
2.376574849308159876e-09
2.332801071650171203e-09
2.310744468181457157e-09
2.308973088348165038e-09
2.291674904633833654e-09
2.255045094153863460e-09
2.049412625427770527e-09
1.938611943068731450e-09
1.924803716501651604e-09
1.920368712838018528e-09
1.905364522973921095e-09
1.879034296148174333e-09
1.877897630831437581e-09
1.873151184122069473e-09
1.840104256989106243e-09
1.827159269857979273e-09
1.772266113502490297e-09
1.739005458940886852e-09
1.728568515948857289e-09
1.724537972968898226e-09
1.720256306758784292e-09
1.610494189221461681e-09
1.603637402050044575e-09
1.568298636099727186e-09
1.519575534622705244e-09
1.491335509235279586e-09
1.472482453650265761e-09
1.471273520122784201e-09
1.448938425886559646e-09
1.387700153633328721e-09
1.385676028770828854e-09
1.365779885162053385e-09
1.319607081201277362e-09
1.297673614147163969e-09
1.291448693103026080e-09
1.290496417207529879e-09
1.244157411833001026e-09
1.217671070690952449e-09
1.143509138071421173e-09
1.125850040732962639e-09
1.106788765030375354e-09
1.090006646688740183e-09
1.083554488265637165e-09
1.078853905399425227e-09
1.059030205197734419e-09
1.008474251335843174e-09
1.004500198932192606e-09
9.934481892371265994e-10
9.834986792001313180e-10
9.748814224270442485e-10
9.728865829656687334e-10
9.284943751070566254e-10
9.142305649454479451e-10
8.551342123164816284e-10
8.463627622340379753e-10
8.433909205535268120e-10
8.303305100521013803e-10
8.181969226819823390e-10
8.097303892349787379e-10
8.091703751890447094e-10
8.040167115593590215e-10
7.907817015526700778e-10
7.543635233233601699e-10
7.445571391380136328e-10
7.155108609321301335e-10
7.146640828292088156e-10
6.574529995471507342e-10
6.551671461857904183e-10
6.450713962172684808e-10
6.418528305975983953e-10
6.364707800457701117e-10
6.344564993317477906e-10
6.338888009084844018e-10
6.009737635382429877e-10
5.901852075874647425e-10
5.892284800178419679e-10
5.841105210831232214e-10
5.775617865288063848e-10
5.438819209974000719e-10
5.403436757158888899e-10
5.272841177997510762e-10
5.189298325274675810e-10
5.137111328881300039e-10
5.111353059140614886e-10
5.109743916610682722e-10
5.041939290360153202e-10
5.030453273247548125e-10
4.898298215461165538e-10
4.604604619291556001e-10
4.444928911297651764e-10
4.235730496624420229e-10
4.118407107624438608e-10
3.939550601468864621e-10
3.936934673380165823e-10
3.609587106495350506e-10
3.538164754506125195e-10
3.527603202236300969e-10
3.520461108953148385e-10
3.475563050680733125e-10
3.466556654008568366e-10
3.433826500344891138e-10
3.408946263979559916e-10
3.400065225318653395e-10
3.348464599311399389e-10
3.111224993773814917e-10
3.105947817333597171e-10
3.034724943565511287e-10
3.032684793088493214e-10
2.995390723598214091e-10
2.920694629536501359e-10
2.746674792191243241e-10
2.667160891821770127e-10
2.604193433978292645e-10
2.547482411383937643e-10
2.518479201409121329e-10
2.509295545559014775e-10
2.492845735343850558e-10
2.484620210586379395e-10
2.395344678534073295e-10
2.250894626058730743e-10
2.220771652254000046e-10
2.173276833174130868e-10
2.135572242535535638e-10
2.091164684286732217e-10
2.049116509428787291e-10
1.996135886838461610e-10
1.954886645836993460e-10
1.920904220785442667e-10
1.914918851239086816e-10
1.908541305450929581e-10
1.901653013648866575e-10
1.896714286462067809e-10
1.867711779751473455e-10
1.751138893831133724e-10
1.740389511705312670e-10
1.661215515142114908e-10
1.646907049986865037e-10
1.639287891699387139e-10
1.634968294244433061e-10
1.634321297256761996e-10
1.608178751058135010e-10
1.603572949853798655e-10
1.599426119572830760e-10
1.576061759050732975e-10
1.560215873296462467e-10
1.499510097011370965e-10
1.483766225539323902e-10
1.418589760410522681e-10
1.405048256761125328e-10
1.385826826472720977e-10
1.299534531204997141e-10
1.288341083131401833e-10
1.253600635835826800e-10
1.251683203423590489e-10
1.215329171962764561e-10
1.210486122350202987e-10
1.177781613381292015e-10
1.157683920940540614e-10
1.141477510328053001e-10
1.127769115561404133e-10
1.118355849189513984e-10
1.000681448108737529e-10
9.971659331319731810e-11
9.949006983587874446e-11
9.895756574674331758e-11
9.789909604205080005e-11
9.770786854983121974e-11
9.028851003523198605e-11
8.821055721775602326e-11
8.731594790504981379e-11
8.724900141517842286e-11
8.145709888086547520e-11
8.048515476957723346e-11
7.875651688162394719e-11
7.145914860047516124e-11
7.130880446775005213e-11
7.104830750973963649e-11
6.956281339678191085e-11
6.834495431151957607e-11
6.647529038460758547e-11
6.645948257350510867e-11
6.585140548997151856e-11
6.563458445280465821e-11
6.493592869292068097e-11
6.368367136788559139e-11
5.946503538643120005e-11
5.443127214514047444e-11
5.423524017913079896e-11
5.396708842178880481e-11
5.389536082007328879e-11
5.325782684975452412e-11
5.170350925628985033e-11
5.071341716712291189e-11
5.006939370362697725e-11
4.964975488880243197e-11
4.940211529450709588e-11
4.734450968252199395e-11
4.713173074699385963e-11
4.689593586725586548e-11
4.646342557946736775e-11
4.611831077205388281e-11
4.603730081049285978e-11
4.563035547534200775e-11
4.447758102157037325e-11
4.095121479441234477e-11
4.078923190976572799e-11
4.073291458858980620e-11
4.061054425897079795e-11
3.874471357382848410e-11
3.705898575955846312e-11
3.697214607521706533e-11
3.602249335492610151e-11
3.597191188770610068e-11
3.324008511962574576e-11
3.318610267062344923e-11
3.252191182227837116e-11
3.095817670217652523e-11
2.992043747333021299e-11
2.981166130467937785e-11
2.892612780313599155e-11
2.868386404794199486e-11
2.828792269369878976e-11
2.775285792523351592e-11
2.754293552340927999e-11
2.746897539220959332e-11
2.647202381233046019e-11
2.574212651779425712e-11
2.556342556928568217e-11
2.513026009166966080e-11
2.469575365195373169e-11
2.463305159763031541e-11
2.448448740815001481e-11
2.448000195832543252e-11
2.303892113567473550e-11
2.270922620917040295e-11
2.251448900694427974e-11
2.247134801703549757e-11
2.242765805070506228e-11
2.169100000638644862e-11
2.103457072987403102e-11
2.099214062185718281e-11
2.059506513200017974e-11
2.044799014443428867e-11
2.001474438828930934e-11
1.983868622374982919e-11
1.945141462253660086e-11
1.827039153629553349e-11
1.824416636456583564e-11
1.813102168266578544e-11
1.809898800273440855e-11
1.780816082749874622e-11
1.652742697283090490e-11
1.629332894900918970e-11
1.620742369212180637e-11
1.605925538503094921e-11
1.561181439619065436e-11
1.525361955908562212e-11
1.520296893129837329e-11
1.483864411567968977e-11
1.474530461655938161e-11
1.456017017736236467e-11
1.422462824720385159e-11
1.389732426627428260e-11
1.373810037855153430e-11
1.334190028240182546e-11
1.333429531110895197e-11
1.327241999063967357e-11
1.268692548618005376e-11
1.264449577982651413e-11
1.234531753036782575e-11
1.226751526535508811e-11
1.207363269659014025e-11
1.204562447225531929e-11
1.187691634738560900e-11
1.183927628590746315e-11
1.146697264308543800e-11
1.125024302050620446e-11
1.078907874973855801e-11
1.013903150608517510e-11
1.010231198989778327e-11
9.851001260316846858e-12
9.739526340394106354e-12
9.704561562505499956e-12
9.494645557664898696e-12
9.236403447639447943e-12
9.039745612407276627e-12
8.847097813601434693e-12
8.767052658299896949e-12
8.383723280449297064e-12
8.304770945004641040e-12
8.238512637348506505e-12
8.002651757153663758e-12
7.690658312733584519e-12
7.245612222079797511e-12
7.218494236265939315e-12
7.034799071831714223e-12
6.875729680711893812e-12
6.751984877610651948e-12
6.486437253447294593e-12
6.386833030290864382e-12
6.385816204373139284e-12
5.665101439724219788e-12
5.506516132922045275e-12
5.290936929374253776e-12
5.166435874539340358e-12
5.088241047921203372e-12
5.000776969631933759e-12
4.976815412183406283e-12
4.958180983567670153e-12
4.886212403209839440e-12
4.765246685026997169e-12
4.609846894983536134e-12
4.534699394826250741e-12
4.476099644089001352e-12
4.460564229182066187e-12
4.365704259637169000e-12
4.154814273500292659e-12
4.144566157374457109e-12
4.102786484830605487e-12
4.071106969177881461e-12
3.945361482552533916e-12
3.835704203784664630e-12
3.661465189368462666e-12
3.622606894285059511e-12
3.510710783110232604e-12
3.494229968219677796e-12
3.458711121249904552e-12
3.438355242235879193e-12
3.431951740276550397e-12
3.408030956393895011e-12
3.395877693750184124e-12
3.390592072313144888e-12
3.215281251646550591e-12
3.012283721855232072e-12
2.929313933590316715e-12
2.921463005306222739e-12
2.882757586686063110e-12
2.803845633153973997e-12
2.731126831798360045e-12
2.714359204459313416e-12
2.685048129632526351e-12
2.670674767026458622e-12
2.646614649607309764e-12
2.489211281619072182e-12
2.476555753694892680e-12
2.376496305810620389e-12
2.361291878460004616e-12
2.329256140757193202e-12
2.192592418384286440e-12
2.169892077610923450e-12
2.164289636395279342e-12
2.115101064188805090e-12
2.092879731575929266e-12
2.068404695366897410e-12
2.053480043611897669e-12
2.020934609574668281e-12
1.988328985468494187e-12
1.966431098071916270e-12
1.925146225027084887e-12
1.917874552455605593e-12
1.915055454007855584e-12
1.802679649533483411e-12
1.795139491024433291e-12
1.749327039649268965e-12
1.658061373204359003e-12
1.618270411833287343e-12
1.612992721009562115e-12
1.568666193789484993e-12
1.557680128079594182e-12
1.502050895716113963e-12
1.480092095534980035e-12
1.447940129262557076e-12
1.441392548314159098e-12
1.423071396408164195e-12
1.419308061218371115e-12
1.336482600521928210e-12
1.321727532190103945e-12
1.318463566033884865e-12
1.298958262967153439e-12
1.233279260097550998e-12
1.207093584580624265e-12
1.199508122034791899e-12
1.136901266759200487e-12
1.098177752771115218e-12
1.052876234594705916e-12
1.050332501536459975e-12
1.034610218364834835e-12
1.032477072074514999e-12
1.023526135076469023e-12
1.003608405163601755e-12
9.822663318232045762e-13
9.771390760578833107e-13
9.211475359495565302e-13
9.177759544485503113e-13
8.958222374506303763e-13
8.731885985409945996e-13
8.585044868232575023e-13
8.477720726310773262e-13
8.396600559640482574e-13
8.143173206512699677e-13
7.615002531101456671e-13
7.596181608075111184e-13
7.588432636847109449e-13
7.580986667040863997e-13
7.436429399954716614e-13
7.385533090637417000e-13
7.209991223803381419e-13
7.145834231495912431e-13
6.483707798445743369e-13
6.359257914081623164e-13
6.335830377485584328e-13
6.287414409413381489e-13
5.989928659788256927e-13
5.889598466641999670e-13
5.760478847000804102e-13
5.722584285627646682e-13
5.453999628463648744e-13
5.351987125538893684e-13
5.314621808456414477e-13
5.293614272810678639e-13
5.146781413456856738e-13
4.961747545283231300e-13
4.945285152487485029e-13
4.928531270868259833e-13
4.883516784643066131e-13
4.775049724408008058e-13
4.768827231609395440e-13
4.592293282554271258e-13
4.564757295661433533e-13
3.838398292828913089e-13
3.686565562873410124e-13
3.645336167986498668e-13
3.590678816408487893e-13
3.560277572661613587e-13
3.509975449602246742e-13
3.504931961045317279e-13
3.464798383901136495e-13
3.378252324247918136e-13
3.344252925138121274e-13
3.278110160286029226e-13
3.268439331781922848e-13
3.145800280772256996e-13
3.102784246329717896e-13
2.982226171871553365e-13
2.963259944377715181e-13
2.895330235461128006e-13
2.849434166731315889e-13
2.830031734866827335e-13
2.747710304409261197e-13
2.674118967805597969e-13
2.667107635345233159e-13
2.650024098978170819e-13
2.646336065462039827e-13
2.592559065400973073e-13
2.562258230028165094e-13
2.512844958710305710e-13
2.400391703791407284e-13
2.386642031577516547e-13
2.309327673043615147e-13
2.295666429050108527e-13
2.294346766725307597e-13
2.230060137645439011e-13
2.222190628983563296e-13
2.173828198506810766e-13
2.122339392706810213e-13
2.097284576951522317e-13
1.854785195435240819e-13
