1.104432101248598447e-01
4.939024760553075571e-02
2.289276953601750153e-02
1.522031167017828639e-02
8.787652271745327592e-03
4.019693755449476810e-03
2.112954287478170830e-03
1.270127071334833024e-03
6.906245982203680243e-04
3.997984679783083231e-04
2.276978179935577754e-04
1.293216587641074500e-04
6.873458907014984645e-05
3.497657924988587560e-05
2.454533878704942909e-05
1.132624505440532584e-05
6.440981165766169259e-06
3.958958234748097410e-06
1.922756281042091769e-06
1.082170667530383860e-06
5.852531065758491755e-07
3.392551169283624039e-07
1.874642673162037050e-07
9.335090271760876314e-08
4.805136222667003433e-08
2.396383328398999552e-08
1.359970720259206011e-08
7.617963693393780733e-09
4.144364202889370874e-09
2.133672878162697590e-09
1.101135686401406389e-09
5.165451473128865588e-10
2.861279926954163786e-10
1.316857424810800991e-10
6.452944902978954710e-11
3.105589958483130283e-11
1.713292925643476658e-11
7.685964593780755250e-12
3.661090939553510848e-12
2.224392739929677796e-12
1.087372583637098568e-12
4.292629256723046267e-13
1.720397059351172704e-13
