9.926627228449386164e-01
9.580293239173768294e-01
9.462933672695668097e-01
8.799405915887034135e-01
8.576948286617391837e-01
8.272811646586339940e-01
7.773802011584510785e-01
6.900218507190754025e-01
6.199235543124518300e-01
5.792647116965693455e-01
5.294816470382198714e-01
4.589858503718405314e-01
4.208673021230114886e-01
3.969366455119209269e-01
3.227326213540664401e-01
2.711893127837410877e-01
2.522655186609624178e-01
2.289679141489697756e-01
2.085392396106720836e-01
2.029320200059405443e-01
1.707026910481677373e-01
1.655406731643699336e-01
1.493051378227611692e-01
1.311234721190931152e-01
1.222291717968516378e-01
1.137763487843928278e-01
9.320549898375972420e-02
8.864372123937434844e-02
8.171978449607927852e-02
8.158251884572055579e-02
8.081363061213359122e-02
7.411200951721998165e-02
7.086884656322099685e-02
6.961043568968057482e-02
6.141862195912230205e-02
5.200675028812019179e-02
4.284196114775026126e-02
4.090993809402567599e-02
3.901516535472312336e-02
3.337399650332485701e-02
2.760598644007836514e-02
2.618375195670310726e-02
2.450305861628027798e-02
2.398286139990890575e-02
1.903429291701740425e-02
1.897426500097149429e-02
1.605539971490147627e-02
1.524723121520135324e-02
1.420035800655032251e-02
1.401217648072420469e-02
1.284575212889471282e-02
1.016510776226751955e-02
8.442684867296743750e-03
8.416848800596342037e-03
7.979264615370495681e-03
7.664259180452464258e-03
6.498756604634567738e-03
6.241407098864004688e-03
5.391315954964160523e-03
4.993227287640687566e-03
4.899803909685867750e-03
4.422339521526341168e-03
4.265794716393414045e-03
3.009350319901113457e-03
2.685157525153230012e-03
2.468513934277326814e-03
2.310961762877026572e-03
2.232647555961459959e-03
2.150854567031922071e-03
1.819398211771062991e-03
1.636581219949205784e-03
1.456555731323317228e-03
1.392016273621466240e-03
1.261589652229764798e-03
1.236630427796679872e-03
1.207121615165508829e-03
1.035736383412989283e-03
1.004302398295935182e-03
9.219338522382235657e-04
8.170486515574986158e-04
7.195600587325941483e-04
5.763186686802352406e-04
5.549876849934652200e-04
4.723756461130926916e-04
4.071149370018413839e-04
3.982840361782065863e-04
3.881780994041220687e-04
3.718958942704537118e-04
3.036404810964576885e-04
2.810472810256834991e-04
2.790071653706296863e-04
2.787825104596986956e-04
2.636115494671639552e-04
2.116073016638477325e-04
2.056818451374139479e-04
1.623670693760835039e-04
1.418077389383997060e-04
1.299838277296965167e-04
1.270351791016763939e-04
1.149521173336337960e-04
9.848464463025801482e-05
9.734856342263880225e-05
8.759986839029120691e-05
7.399859135845067079e-05
7.343723061695764083e-05
6.857344730252133908e-05
6.149344941329264755e-05
5.820079309865453150e-05
5.511796745720815732e-05
4.625185105657247952e-05
4.548146585832521012e-05
3.532917377276070738e-05
3.513853713048223083e-05
3.127488915645592758e-05
2.680820652383411769e-05
2.675306507454852569e-05
2.065777677633618087e-05
1.884617383838020624e-05
1.730092607067000533e-05
1.699672240235442229e-05
1.688535044802824767e-05
1.631151578339201679e-05
1.334877889688703799e-05
1.271053508104102286e-05
1.153128915744148075e-05
1.088818103473320762e-05
1.069237068191679898e-05
9.537254071566042562e-06
9.271425989214118085e-06
7.161474756382472934e-06
5.973950935142799060e-06
5.806815262657761448e-06
5.796095200493704832e-06
4.358047548821012661e-06
4.107938975526915179e-06
3.696828236023127232e-06
3.697155691770438550e-06
3.534482686567652131e-06
3.260500992097010424e-06
3.106921929089345551e-06
3.063893672184671739e-06
3.028508901515370727e-06
2.581331294827361430e-06
2.514777277766212126e-06
1.616761590474531075e-06
1.097558466074622104e-06
9.825471163912347121e-07
9.885271374628061123e-07
9.788904963778468909e-07
8.939637878592446927e-07
8.668720732554432548e-07
8.187907227600637470e-07
7.992555199207619996e-07
7.527598698171041233e-07
6.596229895892812082e-07
6.336915406030650979e-07
4.992340758268254572e-07
4.877468855610984864e-07
4.516676846088407545e-07
4.029138840648208440e-07
3.811874310530437830e-07
3.661097732231775226e-07
3.157268217680170466e-07
2.932746551486939107e-07
2.911011812987006651e-07
2.617622139057919570e-07
2.561943055257186408e-07
2.403602496464154366e-07
2.126209338331390960e-07
1.938041236027603737e-07
1.743509037155482771e-07
1.595554545006495776e-07
1.107004881440078453e-07
1.102206078809372362e-07
1.101722061105147262e-07
1.091062292570192914e-07
7.940898929942628551e-08
7.777474170677123299e-08
6.422329352646578070e-08
6.500776295198147332e-08
6.348385359156447254e-08
4.519847358274106600e-08
4.091908104011060996e-08
4.037764079673271993e-08
3.282262639680785263e-08
2.676428968580335922e-08
2.601551822296153930e-08
2.486644496451432100e-08
2.458760183022578541e-08
2.425676297701281024e-08
2.386458841534809814e-08
2.313496500955433358e-08
2.042477290746738422e-08
1.322610055425032719e-08
1.282724538756172992e-08
1.154510541850206227e-08
1.075921905153326705e-08
9.753228662574648111e-09
8.832509295312039407e-09
8.739921999060369936e-09
8.356199022443732167e-09
8.190505957949583739e-09
7.713227615890136991e-09
7.584483430100242742e-09
6.638943498285360582e-09
6.204797784035166064e-09
5.611991922811525325e-09
4.829853601238198940e-09
3.814085051735135498e-09
3.775156225897953830e-09
3.583782008526307702e-09
2.810957771407531536e-09
2.609302678870936537e-09
2.585017322650402370e-09
2.256747780603864722e-09
1.744045510797967536e-09
1.572743437237743782e-09
1.558446180270152507e-09
1.423993275329789229e-09
1.250273671856019046e-09
1.162643069320955912e-09
1.113717001209908636e-09
1.037247975304674904e-09
8.350402980616000855e-10
7.939634514632928227e-10
7.644301911537491760e-10
6.790203319912681869e-10
6.366447879904909735e-10
6.121485387467605850e-10
5.086968400339264994e-10
5.080838348505680537e-10
4.150532257768875382e-10
3.780283463528244817e-10
3.646074363317491483e-10
3.502554414672117070e-10
3.054949800637604279e-10
2.780569506189482114e-10
2.244051648542698766e-10
2.176949965957678553e-10
2.165367124311308760e-10
2.070531311598171650e-10
1.638625571176291022e-10
1.215358446972386869e-10
1.199834665957283746e-10
1.203248630630222968e-10
1.101738574369510786e-10
1.004871719536811970e-10
7.641735251435994545e-11
6.307306080971194483e-11
5.972710008318222896e-11
5.867538985399168684e-11
5.704439510893800798e-11
5.131821578555000229e-11
5.108350104874061386e-11
4.740771769295164424e-11
3.878366879851734235e-11
2.766989581226537704e-11
2.325184560077697746e-11
2.217183980885576822e-11
1.690086066705071144e-11
1.510651397911682772e-11
1.487974633833874235e-11
1.519135141277452773e-11
1.511825666457833323e-11
1.461220439011012640e-11
1.444515595377511610e-11
1.327032198785922931e-11
1.196335564466476415e-11
1.189495048263365021e-11
8.805548870320705446e-12
8.016664532475594379e-12
7.395045888740176511e-12
6.915922422022470151e-12
6.518297008923907669e-12
4.451062501669247294e-12
4.380611639488273992e-12
4.275222611820473476e-12
4.111639628904246268e-12
4.066681434032200597e-12
3.848619903875215715e-12
3.267802469507723171e-12
2.741980538412038420e-12
2.354793406120663014e-12
2.242035110822808522e-12
2.018175470919482902e-12
2.018315844138000265e-12
1.996637685034121825e-12
1.593433321877221236e-12
1.554015083651802176e-12
1.474084914050232519e-12
1.337651649320937631e-12
1.320631424525998057e-12
1.200712516641334340e-12
1.090740087005540374e-12
9.339674734454786915e-13
9.187686023104411955e-13
8.676293326557575318e-13
7.077445999382371148e-13
4.986236550010832304e-13
4.967648957699543495e-13
4.803211316024420133e-13
4.567771591582532082e-13
4.344684102279898757e-13
4.139768266774833606e-13
4.066691614074909511e-13
3.252597152605973617e-13
3.159238892611463378e-13
3.054032819604027101e-13
2.832282647407224220e-13
2.669404584913665161e-13
2.532976656390441036e-13
2.240359423969448450e-13
1.578480087394748391e-13
