2.769882553527235558e+00
2.611315728482302312e+00
2.231001564522229863e+00
1.812015266184243689e+00
1.574265527273263521e+00
1.366715996755611284e+00
1.177896285742026317e+00
1.024178076932624970e+00
9.157584791992041673e-01
8.400298477756782400e-01
7.531663884872543679e-01
6.819085968526785724e-01
6.125012995595364718e-01
5.402820160754056023e-01
4.850281760408711174e-01
4.339495332872274069e-01
3.902114415226902167e-01
3.439257220036944784e-01
3.219631544619629970e-01
3.023369734156343136e-01
2.866225486900167985e-01
2.604344534522189392e-01
2.440545594055799350e-01
2.215252315778880321e-01
2.006647863286985800e-01
1.862353143018989632e-01
1.716132315421688426e-01
1.628305987227688378e-01
1.527769628547681335e-01
1.417407023212970407e-01
1.292557395458648339e-01
1.217600813888858186e-01
1.152566607897162476e-01
1.055922947862740074e-01
1.007972960007598590e-01
9.036782269991981698e-02
7.837481602852680584e-02
7.052752658476510450e-02
6.571805192338162072e-02
5.862140235981982278e-02
5.256376720593436414e-02
4.610402651499608678e-02
4.208347745904653103e-02
3.907573416293998875e-02
3.542212586763365811e-02
3.283554445195043664e-02
3.080723643349286833e-02
2.751390068581982540e-02
2.579330061890445364e-02
2.427941104021098806e-02
2.278027984838298242e-02
2.144819084720702221e-02
1.957876660311260938e-02
1.880765480714331403e-02
1.713615037411131414e-02
1.603457821245427711e-02
1.484778107307800805e-02
1.365593302769190637e-02
1.279595938504540960e-02
1.195891892856499293e-02
1.117784427143476977e-02
1.067292732084879243e-02
9.969773889417153992e-03
9.182412501091976112e-03
8.393733065288282169e-03
7.786143476262171771e-03
6.906156200614257078e-03
6.258909942861192767e-03
5.820237902358620791e-03
5.470103689860279610e-03
4.979050636541187437e-03
4.587802434250341614e-03
4.135220524714128265e-03
3.802978150129348450e-03
3.398539714784984140e-03
3.146050547737140428e-03
2.706768472622073009e-03
2.536691918623650444e-03
2.305444278999721573e-03
2.089691846180719969e-03
1.908688040888601931e-03
1.792934282925889898e-03
1.615686618822430656e-03
1.471651009401087366e-03
1.340924993018757349e-03
1.237944276169913697e-03
1.157029648900488204e-03
1.059985399079079295e-03
9.973211041041018729e-04
9.299647615523859608e-04
8.720393190339577978e-04
8.039656575544450482e-04
7.361284237669310070e-04
7.005088754610845625e-04
6.449588278811942089e-04
5.829697331063103801e-04
5.282619898151594447e-04
5.004808772388548866e-04
4.522584218281558801e-04
4.184146704595556945e-04
3.758261912262407913e-04
3.354650864341303753e-04
3.119123005478341426e-04
2.756371754743408044e-04
2.506216256566818701e-04
2.343693330537016748e-04
2.209453843171452529e-04
1.963906083922652319e-04
1.866667029621101438e-04
1.619250064735845999e-04
1.496161444827705136e-04
1.319001074929111457e-04
1.186735944296783251e-04
1.056913431230697943e-04
9.752156457698638861e-05
8.741375066852211876e-05
7.982487070337806350e-05
7.314282612810472581e-05
6.647299109642802717e-05
6.326673710510813864e-05
5.895774012833028478e-05
5.441272827013542048e-05
5.148782683612139737e-05
4.812310828945603574e-05
4.416084994113579350e-05
4.226119805601956993e-05
3.886125695754934038e-05
3.731389393579640580e-05
3.379247096322647738e-05
3.113485201745117692e-05
2.666619764734899642e-05
2.425119058680076160e-05
2.234094459244391199e-05
2.033370825824261217e-05
1.822123140621564180e-05
1.722121609969755072e-05
1.561654845919838023e-05
1.424731829343873609e-05
1.284514961566169551e-05
1.139422881908957261e-05
1.082379557460144322e-05
9.471370367428359215e-06
8.754616567116638620e-06
8.122789825555672472e-06
7.389166559986177428e-06
6.979997317198522065e-06
6.308885674913570117e-06
5.874994848708099663e-06
5.252671578417134654e-06
4.879494881552013911e-06
4.371934020396864342e-06
4.191730750039776649e-06
3.871820523866392675e-06
3.405450465235470961e-06
3.064411626604971549e-06
2.662878862807186963e-06
2.480914864674704478e-06
2.239847113583136701e-06
2.064725114144782228e-06
1.923359435937186053e-06
1.770893480872993576e-06
1.701098364060756509e-06
1.558396538509991887e-06
1.462202631842018372e-06
1.360600540343888806e-06
1.290914536219510706e-06
1.223015802159276837e-06
1.152918529300349612e-06
1.091091718866831333e-06
1.013593583209212942e-06
8.964648404878381996e-07
7.933519188672360226e-07
6.931636432535085182e-07
6.329555681466673428e-07
5.554852518344408344e-07
4.666646801180134021e-07
4.083575847697220889e-07
3.599290040743516598e-07
3.266471625865446456e-07
2.967726622166677967e-07
2.502768278295669355e-07
2.289512972902112641e-07
1.979085768131095947e-07
1.699812291057750678e-07
1.574854500096798676e-07
1.413469326330322369e-07
1.278625296186249778e-07
1.175308414966428142e-07
1.015115772768232482e-07
8.651823781877703357e-08
7.826918025064173630e-08
7.118634557950242865e-08
6.360195563265295643e-08
5.840667301168470683e-08
5.373109937228348230e-08
5.064655481639149094e-08
4.554704993542674126e-08
4.185043626961711279e-08
3.724380167909214694e-08
3.247571054899832264e-08
3.059829634298488448e-08
2.731827309459075781e-08
2.328365007033010135e-08
2.093112691317196423e-08
1.886235892795598892e-08
1.674089438569205535e-08
1.567486258205746547e-08
1.411061791958279001e-08
1.301067047293486776e-08
1.155460477981429463e-08
1.063511466093954624e-08
9.830271251556843864e-09
8.915845538806336979e-09
8.031231011167836686e-09
7.434674412898921800e-09
6.555384783325316060e-09
6.079264513872987826e-09
5.414133318077281222e-09
4.925474651912652698e-09
4.627470391383186012e-09
3.983705003517864880e-09
3.614655966577774353e-09
3.095212697058480537e-09
2.641461741931154048e-09
2.439977450409490901e-09
2.247006426421035263e-09
2.072443002702838765e-09
1.826398813177998025e-09
1.675686803416641442e-09
1.509410735614257011e-09
