4.983960216252940612e-01
4.658159035965477868e-01
4.426641316856901875e-01
4.101990831980132923e-01
3.944532940845753566e-01
3.796039629165915974e-01
3.663283749873209039e-01
3.546607186587021343e-01
3.439329495163526151e-01
3.341504453390427565e-01
3.266813982922421866e-01
3.181070884475569183e-01
3.093402952486483670e-01
3.016265083888733378e-01
2.946487020181082217e-01
2.879527419634785868e-01
2.809803977265083463e-01
2.738286373248717265e-01
2.672233796960334917e-01
2.614249700570847601e-01
2.556133301875762598e-01
2.493821422436723334e-01
2.435949677352154397e-01
2.379606669146231146e-01
2.322657453109012171e-01
2.263312023781691440e-01
2.205992234322229073e-01
2.151798489131714065e-01
2.100176491519349653e-01
2.050215543508119020e-01
1.999637496823675198e-01
1.946650439395655463e-01
1.896619854926790416e-01
1.844404587933657913e-01
1.791226139918060678e-01
1.742344841081184537e-01
1.694410518611023098e-01
1.647393029146863030e-01
1.608911669538012901e-01
1.567956552062305109e-01
1.527468084092085121e-01
1.490304358749964531e-01
1.458358989731822486e-01
1.426482736374708460e-01
1.393455980843489872e-01
1.363117564500320178e-01
1.335943240674338506e-01
1.308025146423483498e-01
1.281202162048433735e-01
1.256194138606394894e-01
1.229846312512504480e-01
1.204635345572036415e-01
1.181273542610907640e-01
1.158954260490214216e-01
1.135514396877723292e-01
1.112388968316093824e-01
1.090710824126550765e-01
1.069368639752965588e-01
1.047769054420413098e-01
1.024635736162745475e-01
1.002276001659009735e-01
9.808149282519022794e-02
9.605767428728635704e-02
9.419421467335543918e-02
9.241026666226183350e-02
9.059101135820780970e-02
8.881239763849034519e-02
8.715482623425421793e-02
8.551040708624924047e-02
8.389221773995718390e-02
8.227294318390786232e-02
8.064959851104304411e-02
7.908844541212531332e-02
7.748047396279628130e-02
7.591668287027794615e-02
7.444086276888080278e-02
7.298098235438757464e-02
7.153034533936869499e-02
7.009701356884945334e-02
6.867939624087598949e-02
6.727711400909337780e-02
6.599396457206288535e-02
6.481204220977671016e-02
6.371689705465695408e-02
6.261849158698713780e-02
6.165557302095506231e-02
6.065053505720334470e-02
5.966707776094250931e-02
5.874581359484608994e-02
5.784484004212918362e-02
5.697870142988778475e-02
5.610126589604524233e-02
5.528576488089464308e-02
5.449330307629290937e-02
5.371857874737756555e-02
5.297469585106223677e-02
5.229209903547318156e-02
5.156618180485007114e-02
5.082702337483988031e-02
5.012473253892066327e-02
4.943840288394666521e-02
4.876261889002172362e-02
4.810455256027110910e-02
4.745902550501806400e-02
4.689015400153116742e-02
4.630750952358568540e-02
4.570700856115110511e-02
4.510717337996345694e-02
4.447389061930592802e-02
4.378979171562639994e-02
4.307000271709686412e-02
4.236938440226660496e-02
4.165229206490318747e-02
4.090560639112954255e-02
4.019778289756310158e-02
3.951831625500028949e-02
3.892253329723651539e-02
3.835593930282715780e-02
3.772688115494410993e-02
3.706353814085729115e-02
3.640388485501947630e-02
3.579636722538973026e-02
3.518100396421235121e-02
3.456383820214239955e-02
3.393558038285884176e-02
3.335049005469481465e-02
3.279926163380816190e-02
3.224114340290496622e-02
3.163201890149099776e-02
3.101034952088331867e-02
3.042246089249391050e-02
2.985726152635741204e-02
2.931606063192730358e-02
2.880298745481369230e-02
2.827947196061367935e-02
2.779861216622742798e-02
2.730492343734414878e-02
2.682844439941847736e-02
2.632858628030557840e-02
2.585363796089338098e-02
2.538501298975925219e-02
2.490605686735706051e-02
2.445825320294073985e-02
2.402446496863188535e-02
2.359593267034893610e-02
2.317694230687444498e-02
2.274961559532699337e-02
2.232696958923837197e-02
2.195136087792153023e-02
2.157284153963621651e-02
2.119643775673783065e-02
2.083336547412543635e-02
2.048176029428658979e-02
2.012533038347463429e-02
1.981522417575017764e-02
1.954317580341937907e-02
1.922309856018742172e-02
1.889257861698240282e-02
1.856999867672860446e-02
1.825217974944391003e-02
1.795545870240087064e-02
1.768925894370941901e-02
1.743192662589200526e-02
1.715464607183729562e-02
1.685981315162077623e-02
1.656135161845416481e-02
1.624953084833698561e-02
1.594492195940504925e-02
1.564914122707580790e-02
1.535733398094953246e-02
1.507929462694613219e-02
1.480123399752706660e-02
1.451455428580041354e-02
1.424499470902082857e-02
1.399575077521244583e-02
1.375924971498324913e-02
1.352176317586543421e-02
1.328438453806528134e-02
1.305743142920919898e-02
1.282387429974710634e-02
1.260181998248795752e-02
1.241150914964885346e-02
1.222476124108052252e-02
1.201380254579050878e-02
1.179827091229370892e-02
1.159221131863458903e-02
1.139904523976713498e-02
1.121346798529616537e-02
1.102993659760496785e-02
1.082904068548862751e-02
1.062172173647306372e-02
1.042168319298761303e-02
1.023953529346728793e-02
1.007009435217974883e-02
9.873254727348996715e-03
9.676035925045808547e-03
9.498373121955182991e-03
9.316065173434263588e-03
9.146890094501182455e-03
8.960356457570218744e-03
8.769039295714996934e-03
8.584805890114713747e-03
8.400172169824145219e-03
8.225195135666848664e-03
8.067877433819908156e-03
7.928775624305843886e-03
7.794018958748024327e-03
7.649189193827465177e-03
7.507697302775119021e-03
7.362961020688322047e-03
7.223719865265490307e-03
7.097180049335638681e-03
6.964526841881878844e-03
6.821295007171764707e-03
6.682950792578791661e-03
6.549551595588258210e-03
6.423875475779133003e-03
6.298266136347692966e-03
6.176199234628061176e-03
6.064744259801796780e-03
5.952901270729000008e-03
5.833056373881638848e-03
5.713362238070378123e-03
5.598445555030644345e-03
5.493451308002160992e-03
5.378416651064509175e-03
5.249600542530930870e-03
5.122737851675608980e-03
5.004341787991930211e-03
4.883233144736580204e-03
4.763019703582688051e-03
4.652326339761386591e-03
4.548522205182791052e-03
4.444703651740545582e-03
4.331043309336631529e-03
4.222290989058857455e-03
4.122610082972510449e-03
4.028971679019713835e-03
3.936342115049189586e-03
3.841916123103709859e-03
3.747888033406385298e-03
3.656229106599000883e-03
3.567757237479750668e-03
3.482735812486734400e-03
3.407492823917121841e-03
3.338112871625909320e-03
3.271278565447908841e-03
3.206112018060941742e-03
3.142251305242404688e-03
3.079396942645629826e-03
3.020526773808784350e-03
2.961607630955297339e-03
2.906182626277586858e-03
2.846447239624217817e-03
2.786583797971591610e-03
2.726679781358889998e-03
2.663982737320482082e-03
2.602417167570880447e-03
2.542155683466091384e-03
2.485722925363622205e-03
2.430330291173299958e-03
2.378073533408154965e-03
2.325520347288348010e-03
2.273323518783347715e-03
2.222213524970310071e-03
2.174945894583848582e-03
2.124162770395892665e-03
2.071596404392934705e-03
2.020579629282176926e-03
1.967838303895813861e-03
1.915258092737304576e-03
1.863290538972715718e-03
1.813667989663648701e-03
1.766605501617492637e-03
1.714855844639738731e-03
1.663089523899675135e-03
1.614374988955490217e-03
1.563523238530001563e-03
1.512832861545255038e-03
1.466305806733479277e-03
1.421022769178007178e-03
1.378424458440271911e-03
1.336228014465637524e-03
1.294499188136844382e-03
1.256585447431873620e-03
1.220094615486185799e-03
1.181749303642420619e-03
1.146134028059750095e-03
1.115524410118978607e-03
1.080224724647549286e-03
1.046142085416108770e-03
1.016308624144039675e-03
9.908578787414148558e-04
9.634836498488268813e-04
9.370044543793585364e-04
9.137687828218272416e-04
8.909427876832068903e-04
8.689505766353285230e-04
8.469112315873932473e-04
8.247845424483658035e-04
8.046351192878595888e-04
7.866748660450039506e-04
7.692453866532734160e-04
7.526167784944547785e-04
7.360180244743915476e-04
7.200404331688131264e-04
7.047843619259070705e-04
6.911088832613018372e-04
6.782571748018536911e-04
6.661473519920814955e-04
6.536042418782043268e-04
6.405290740482029324e-04
6.290173115244615532e-04
6.179411206432717379e-04
6.057568384184591629e-04
5.932944465305898087e-04
5.810522732017692378e-04
5.693549006659815717e-04
5.577261098766337580e-04
5.460638269489519756e-04
5.360596268937007670e-04
5.270342653986824239e-04
5.184564019629478828e-04
5.098737161300716811e-04
5.014183042674083633e-04
4.937475670716388876e-04
4.871103524460166159e-04
4.802795250288812790e-04
4.735179210395248266e-04
4.670986031249502028e-04
4.612898838393140002e-04
4.554299007085306885e-04
4.496330152179449694e-04
4.437453022411209122e-04
4.382512398962789104e-04
4.328471434126940852e-04
4.276075429316489535e-04
4.225175387175401074e-04
4.178922516597151512e-04
4.128241409113768087e-04
4.080213005743090426e-04
4.036224399321082859e-04
3.995970244175937229e-04
3.953604688875659635e-04
3.912684537490268588e-04
3.875901674550738356e-04
3.836885692754026726e-04
3.793095261194132637e-04
3.747181176064986086e-04
3.700582359753210840e-04
3.656662017908178389e-04
3.612490154406021491e-04
3.564396633971608883e-04
3.518224720195221086e-04
3.471471295900940422e-04
3.424704641274932122e-04
3.378589854331576171e-04
3.327706662096096960e-04
3.275325257280636295e-04
3.221911680684682601e-04
3.166602228981139954e-04
3.109314140423448110e-04
3.052260062589008628e-04
3.006429467492107116e-04
2.954222677908423895e-04
2.897066852139355397e-04
2.841752367538071065e-04
2.788854697217585431e-04
2.737543569801857766e-04
2.681897092683097777e-04
2.620196200980219755e-04
2.557145209414015460e-04
2.502006201430142618e-04
2.451513102866384897e-04
2.399862908715196625e-04
2.349916227164377549e-04
2.299632066856740760e-04
2.250429561921023084e-04
2.203145295155804360e-04
2.156982106383990643e-04
2.106630514630356411e-04
2.059473962808999119e-04
2.011131148424215938e-04
1.963930803150219144e-04
1.916237033342046297e-04
1.871117086864584260e-04
1.827070986303065290e-04
1.784274942490877199e-04
1.738714395932476023e-04
1.692862671487485625e-04
1.649180419953068721e-04
1.606181573410849709e-04
1.568168178089647514e-04
1.526198915340178585e-04
1.483547709958916517e-04
1.440758441568563606e-04
1.397988309836461845e-04
1.354751680603493282e-04
1.313035201573438328e-04
1.276903252775873280e-04
1.238522578793033126e-04
1.201365106946936903e-04
1.166315540517665311e-04
1.137404989228206790e-04
1.107012747162107132e-04
1.072885801371962372e-04
1.040658822165741002e-04
1.010848286307467652e-04
9.809891944857198828e-05
9.507815957446534951e-05
9.233110608104776217e-05
8.955394128289143562e-05
8.663157709194551064e-05
8.372519336768184065e-05
8.100649091501443977e-05
7.838123092722872195e-05
7.585726242480924817e-05
7.359746141555246113e-05
7.131466248166842912e-05
6.886230103854068594e-05
6.652880247430045379e-05
6.445780664084099201e-05
6.275202214649370288e-05
6.069261143897487814e-05
5.859340846184656678e-05
5.653994858465125290e-05
5.476850062312323933e-05
5.330545069068791386e-05
5.153874495945642050e-05
4.965198814309272369e-05
4.787455934889030127e-05
4.625492379507672503e-05
4.481907477597834308e-05
4.349593343170776505e-05
4.215423437888442048e-05
4.094995760753644307e-05
3.972333586563011335e-05
3.842421819211978444e-05
3.728610256708498114e-05
3.620008627258122747e-05
3.506458901852473211e-05
3.406773928022022277e-05
3.322744076694317245e-05
3.234076073666792645e-05
3.136274650924341403e-05
3.040636219845185761e-05
2.949813209584887161e-05
2.863806127728066978e-05
2.787257134401146966e-05
2.719694963479734077e-05
2.644442681295711492e-05
2.569963856268621388e-05
2.499931086301951543e-05
2.440309068375945520e-05
2.382185174415633264e-05
2.324808266037897060e-05
2.275666417199612504e-05
2.224691141836261576e-05
2.172093032763664294e-05
2.119253203944142680e-05
2.070289858860608086e-05
2.026970590536626363e-05
1.990117658449082924e-05
1.953989839544090278e-05
1.917336720688806316e-05
1.882119047372167626e-05
1.849132630516089001e-05
1.816931730673497275e-05
1.783603083052692334e-05
1.751223584781683276e-05
1.718927538456199405e-05
1.687975101463106084e-05
1.660137302078236956e-05
1.635244012905466042e-05
1.607017256853646695e-05
1.579429268581983997e-05
1.554724405431781006e-05
1.533661552561933200e-05
1.510219625599315511e-05
1.486636027848532509e-05
1.463724725770515749e-05
1.442818357453672593e-05
1.422786698104807097e-05
1.404250676620240869e-05
1.385022772834566120e-05
1.364559404660640789e-05
1.343698926478246222e-05
1.325385337920317084e-05
1.308816179949557391e-05
1.291798165513287985e-05
1.273489347362869260e-05
1.256573271044594346e-05
1.241602833494874623e-05
1.225723008578154450e-05
1.209541421659862292e-05
1.194448012905078298e-05
1.179804230555425177e-05
1.164061480655825539e-05
1.148073595647185625e-05
1.133190851684074866e-05
1.118839577298947320e-05
1.103669813181114398e-05
1.089570671499421014e-05
1.076721182770711394e-05
1.061562195104233657e-05
1.045364822824645376e-05
1.029455038630836732e-05
1.014760881778079259e-05
9.992810213558787585e-06
9.817547296100352294e-06
9.638993561287073226e-06
9.473221710182240380e-06
9.333254462307967044e-06
9.195085526305598974e-06
9.034858710817080199e-06
8.886646184745005710e-06
8.755157355318824938e-06
8.611114689739385908e-06
8.454681754406069512e-06
8.311267816960979718e-06
8.160227799787913401e-06
8.007577163565587252e-06
7.851541482752241957e-06
7.692909224753701001e-06
7.542116964148701173e-06
7.412766393080249545e-06
7.268243740057960758e-06
7.121496417089577489e-06
6.992379876104166010e-06
6.867458584004755672e-06
6.729387816130096803e-06
6.595128466029977657e-06
6.472599647532998625e-06
6.345970351784243682e-06
6.228524119638469391e-06
6.107505881190180941e-06
5.976205899425820366e-06
5.850865290607546499e-06
5.739684217943845531e-06
5.632087748155989442e-06
5.515133026491385926e-06
5.410357285653257074e-06
5.311026661789710518e-06
5.209051045611407016e-06
5.106328363335638714e-06
5.005686176149650423e-06
4.903989887498629901e-06
4.806442095511973998e-06
4.728297573480675625e-06
4.645858178438483096e-06
4.554940103332642225e-06
4.466964175004865280e-06
4.382138956622753242e-06
4.293838874389529765e-06
4.203399143482698905e-06
4.113383958526294514e-06
4.028463747728044666e-06
3.946952303739181041e-06
3.864771664189585831e-06
3.791151156171950304e-06
3.724011555095456307e-06
3.650036049666174049e-06
3.565622757616974640e-06
3.482219468108713911e-06
3.406470653608284928e-06
3.341663892754628862e-06
3.272022470820098312e-06
3.198085478149749893e-06
3.128094132681585027e-06
3.062579857100715396e-06
2.995230214352059341e-06
2.928628225106265796e-06
2.867221251058092438e-06
2.795697769096727384e-06
2.723643703259201705e-06
2.653556431820585531e-06
2.586981994151663871e-06
2.519538419210133525e-06
2.451897753274966781e-06
2.387883846459379948e-06
2.322249375234202110e-06
2.255257051266689153e-06
2.201354083855208711e-06
2.148016019948127387e-06
2.085715137921436698e-06
2.027679082610738933e-06
1.973901358439330489e-06
1.922707175536893646e-06
1.872150956723669606e-06
1.823276958791050033e-06
1.779648748781925008e-06
1.735370798792336103e-06
1.687029495974840962e-06
1.639749014378003354e-06
1.593739300826061184e-06
1.549764119857892057e-06
1.506291952174283286e-06
1.461629972553455137e-06
1.417710655290110056e-06
1.380321379074768751e-06
1.343163739276752109e-06
1.304167749141471600e-06
1.266747582668567447e-06
1.229215017820890091e-06
1.193656450747262944e-06
1.158434437136151949e-06
1.124042588631037921e-06
1.092379453299238972e-06
1.062856930651016881e-06
1.032096105417032003e-06
1.003639420429938326e-06
9.800672967362413543e-07
9.555490985146447387e-07
9.310362994833801292e-07
9.096474784605453720e-07
8.890522032003675836e-07
8.684977274169334807e-07
8.489432660289022126e-07
8.312211657540596384e-07
8.142915429205734095e-07
7.971829689956088941e-07
7.797174200466330892e-07
7.621534692551646150e-07
7.453150862092366940e-07
7.290634078261175489e-07
7.152693706824754257e-07
7.019749321740150069e-07
6.877871414333839295e-07
6.757547367026671666e-07
6.645103977610513442e-07
6.525088645600963735e-07
6.404918536386624568e-07
6.281860242801286109e-07
6.172383454698482944e-07
6.067038880818307628e-07
5.971252266576667619e-07
5.885709437361624904e-07
5.799441233117960219e-07
5.711113135050415767e-07
5.632253391290870550e-07
5.549149035291279645e-07
5.469113385983272935e-07
5.394917136728486574e-07
5.311217985308175135e-07
5.230535986455492637e-07
5.154432248174127979e-07
5.078774637906474736e-07
4.995652034778141795e-07
4.912122904452013224e-07
4.827667314779024223e-07
4.748559437489686133e-07
4.668126632676364786e-07
4.580783709316274508e-07
4.499059591823384952e-07
4.422019870798341098e-07
4.347746740287806798e-07
4.275495981481049396e-07
4.202144836292662674e-07
4.129926385799147891e-07
4.050247765577037741e-07
3.973890994714000411e-07
3.908002758070592096e-07
3.843442987878305185e-07
3.788109184865668898e-07
3.726820370963313665e-07
3.659087618007019169e-07
3.587072582404760088e-07
3.520988796426975179e-07
3.459056156505776645e-07
3.395545050881356077e-07
3.341937402820817885e-07
3.290465429197138810e-07
3.233086978505318678e-07
3.181656579507065158e-07
3.136233615870480305e-07
3.085128053716961744e-07
3.031221612197361038e-07
2.980268273590949662e-07
2.935433695909018955e-07
2.892670667516884768e-07
2.852017520056452517e-07
2.805131877719735812e-07
2.756617905894403841e-07
2.711733393817469509e-07
2.670700327575601478e-07
2.629297314290094984e-07
2.588163578185751326e-07
2.544382117159968075e-07
2.502503442386643820e-07
2.460074709180527405e-07
2.419723011278149667e-07
2.378127837506278332e-07
2.336446187730950602e-07
2.293554930124188196e-07
2.250299700954612429e-07
2.210150442873290323e-07
2.172291566830986432e-07
2.135578437419816962e-07
2.099820772549461392e-07
2.063218477268072749e-07
2.024142187037428173e-07
1.988142738385971678e-07
1.953176360304840595e-07
1.915685861538617548e-07
1.879703199511175213e-07
1.843891715161111334e-07
1.804908552796724400e-07
1.763791587197763962e-07
1.725718591805681905e-07
1.687991705249685309e-07
1.647936055904406838e-07
1.607746387832115747e-07
1.569488112707996500e-07
1.536442982400277678e-07
1.502434421421192570e-07
1.465352054008481356e-07
1.428218882112151008e-07
1.393424322533029629e-07
1.360285677947782118e-07
1.327108821252925297e-07
1.295360145515491834e-07
1.267240523976557045e-07
1.236721483208473766e-07
1.202388363071086658e-07
1.169420543354089534e-07
1.139474164046026330e-07
1.112526969746170792e-07
1.088100008926413499e-07
1.063028131279529350e-07
1.039245974384972238e-07
1.016203032182293237e-07
9.921826114395851946e-08
9.698939989039681283e-08
9.494821584842656459e-08
9.304281899867643157e-08
9.105403786682163982e-08
8.913315209825377407e-08
8.719723513778532952e-08
8.529328690185336960e-08
8.367328874841897275e-08
8.219647080338782887e-08
8.046183010634444541e-08
7.885721632997476598e-08
7.735659228473414672e-08
7.591517895385874310e-08
7.454131839960852634e-08
7.316425453637237821e-08
7.158253122709005515e-08
6.996275694333055223e-08
6.842318701923485434e-08
6.696039307862171224e-08
6.552777355625642289e-08
6.411312544800844775e-08
6.289984452045287360e-08
6.164151949399705868e-08
6.039034327458490747e-08
5.910325323916470365e-08
5.782829362406304238e-08
5.658314663924592984e-08
5.535273989297265820e-08
5.415834281000655381e-08
5.301686545671447831e-08
5.199829282454746563e-08
5.096380943279931378e-08
4.978608360302390111e-08
4.865274752549501297e-08
4.765017986133810356e-08
4.664401228670165512e-08
4.555924246398945708e-08
4.448852583038938478e-08
4.340007330818696723e-08
4.230056663192456612e-08
4.116649226764438955e-08
4.013435338369312427e-08
3.929079811789154052e-08
3.833244024725739097e-08
3.736122806774699154e-08
3.651178809056616717e-08
3.565512441756896277e-08
3.478854439467693565e-08
3.394947578556352573e-08
3.308187253622112606e-08
3.217467654858784111e-08
3.129823470642505637e-08
3.046028472960166329e-08
2.960320435059380839e-08
2.879950198716952530e-08
2.802176810681579115e-08
2.725543525280145442e-08
2.658175255144126206e-08
2.589383603109944079e-08
2.513553452539633051e-08
2.440303420477218812e-08
2.371038648015767850e-08
2.304508433288170085e-08
2.241714466949086549e-08
2.182177783156363434e-08
2.122343050051519532e-08
2.061033789553956828e-08
2.000433445833673308e-08
1.942045799952165628e-08
1.891707699173690704e-08
1.839386118824020275e-08
1.782975703608485108e-08
1.731333460899852900e-08
1.686160686958723353e-08
1.638127982530782189e-08
1.586226253894944291e-08
1.543444974810500336e-08
1.500785401054756948e-08
1.453128656423875362e-08
1.408762001777484557e-08
1.371971925942000770e-08
1.328832479145758231e-08
1.288767277037813378e-08
1.249301647384437373e-08
1.211750214845435082e-08
1.176966385086082211e-08
1.141425817420153545e-08
1.102974811894525930e-08
1.064667007322621336e-08
1.029999768385286751e-08
9.993488873642734386e-09
9.710006270935139040e-09
9.453431276338108663e-09
9.170482922678809666e-09
8.868808085515230282e-09
8.596378285273693132e-09
8.347871125172628032e-09
8.104590410514208965e-09
7.857871287281138840e-09
7.623041892553782949e-09
7.384188680484444352e-09
7.149799873360539423e-09
6.931128801777275984e-09
6.752399372658844956e-09
6.559302159104232455e-09
6.348195724605475318e-09
6.157415533116500321e-09
5.977116558954736645e-09
5.792879588245518478e-09
5.618252478180697302e-09
5.442907968610717518e-09
5.271118979247651830e-09
5.113696704302126262e-09
4.971952603370930963e-09
4.838364853905311293e-09
4.706416871135481872e-09
4.580971430112017742e-09
4.460448069561185775e-09
4.361121016588920903e-09
4.264622082670817579e-09
4.158810381220608878e-09
4.055802777349746789e-09
3.963310008604997823e-09
3.887499500517371604e-09
3.820298315219683632e-09
3.745072730892156616e-09
3.675737004292030344e-09
3.609628520626167139e-09
3.542395533814474564e-09
3.475236953030175113e-09
3.417187997404591837e-09
3.367319334909491908e-09
3.312771446794741274e-09
3.258881734421316226e-09
3.209663634156916860e-09
3.159394633520522390e-09
3.109761970397538566e-09
3.059436755960791844e-09
3.014178098387326446e-09
2.973674393646221284e-09
2.932693155916999839e-09
2.896343452143976267e-09
2.859321725012766021e-09
2.823026616098386911e-09
2.788598752821999122e-09
2.751856623371513198e-09
2.715602995443016237e-09
2.682403934175728597e-09
2.648368162384545087e-09
2.618728642700754475e-09
2.586857608753147444e-09
2.553141777918237658e-09
2.518781324529733626e-09
2.486028850504820047e-09
2.455033550155333191e-09
2.425333398752996055e-09
2.393311967613959232e-09
2.362215236761875377e-09
2.331938245987443602e-09
2.301362101239063462e-09
2.272094861289596389e-09
2.243775810988123933e-09
2.212858614041597400e-09
2.186667483418489939e-09
2.159650961227066003e-09
2.130416072960438714e-09
2.105530471877846910e-09
2.079368305504765694e-09
2.050346329553848190e-09
2.023546916331089235e-09
1.997523015486870479e-09
1.970777818652523506e-09
1.943577236741101256e-09
1.916056473608475634e-09
1.889736745624442374e-09
1.862285852223129278e-09
1.835509426089379109e-09
1.811159928158839139e-09
1.787293217081562053e-09
1.763594426236631987e-09
1.739215921064858078e-09
1.714496188341038213e-09
1.691256053994764328e-09
1.666276552569549611e-09
1.642217715017173300e-09
1.616513068907703101e-09
