1.124295644996663013e+00
1.250035868162959085e+00
9.786380697534911022e-01
7.925598399549167450e-01
6.307837435410986737e-01
5.203183832720856827e-01
4.328914570222007763e-01
3.831597427094200481e-01
3.310954844102527717e-01
3.020023568945630066e-01
2.756159140246147166e-01
2.335515573096702824e-01
2.114906607140961403e-01
2.044271216709402372e-01
1.816082406481369371e-01
1.577707694813600126e-01
1.441819962265643573e-01
1.288280252075882648e-01
1.199466480408778318e-01
1.138363974717650773e-01
1.071621259803843956e-01
9.623821200116287888e-02
8.664905329517383348e-02
7.820667964341504463e-02
7.497064245669628202e-02
6.771579162558152842e-02
6.072577672259864973e-02
5.412180856505228316e-02
4.720518300427190006e-02
4.127477496413424485e-02
3.526641974737015212e-02
2.932674590457485728e-02
2.523892024935090947e-02
2.368984174601408005e-02
2.120638310891731493e-02
1.976761698836427064e-02
1.865963634938062540e-02
1.708067691180192860e-02
1.505746796700545287e-02
1.325137261122084388e-02
1.174130662540232191e-02
1.037973846855818651e-02
9.127211575744233196e-03
8.338719775148377422e-03
7.558115175644731197e-03
7.179371272564140892e-03
6.460109890783912248e-03
5.898241403909078306e-03
5.465304233171514904e-03
4.903799884141108768e-03
4.176210289253506208e-03
3.595068343216743963e-03
3.185525424958608916e-03
2.885944425749056332e-03
2.530062838447893168e-03
2.225497658182265959e-03
2.140980015295062319e-03
2.019847410394186912e-03
1.879692088653847366e-03
1.677592195635176781e-03
1.595583483928905873e-03
1.502532111293533200e-03
1.348351680734936539e-03
1.205779566041079382e-03
1.065618590465816813e-03
9.855325109286016284e-04
8.742805757787097155e-04
8.245997560700953901e-04
7.852552490020854462e-04
7.099826357102489343e-04
6.218421426882044054e-04
5.472593996612725277e-04
4.767575397090134453e-04
4.265353211965693093e-04
3.978747286161862578e-04
3.534358418656576776e-04
3.054716794189001852e-04
2.513191540436167945e-04
2.394637655230954425e-04
2.101288805864809763e-04
1.922319033768254764e-04
1.707402276847896775e-04
1.528852166851593826e-04
1.218938643268308307e-04
1.063337334360062777e-04
9.322665269582179279e-05
7.976258644363855039e-05
7.293785641571191684e-05
6.643128581868879999e-05
5.884989773738021464e-05
5.513717225250513076e-05
4.614274649105280291e-05
4.065608006601853790e-05
3.657636425005546867e-05
3.132602778126337842e-05
2.664538800021725842e-05
2.215648544995823610e-05
1.825069843794551637e-05
1.749575246764499770e-05
1.479947690173001735e-05
1.333510622091092944e-05
1.214803440084858201e-05
1.024786533652092463e-05
9.554987390748170855e-06
8.216710394835868042e-06
7.309248502586041145e-06
6.227957934715373958e-06
5.476573328157754830e-06
5.016103844019852863e-06
4.529402537604682830e-06
4.057774488909203603e-06
3.485168238667005286e-06
3.133222131602558746e-06
2.701862957534551595e-06
2.584167239501426168e-06
2.211738364709663022e-06
1.894262821295974632e-06
1.662641105922790835e-06
1.459677043055812297e-06
1.262562981284346484e-06
1.113395051661119960e-06
1.042528781714759942e-06
9.306670634296616928e-07
7.810539566456415199e-07
6.536417749843425979e-07
6.055632535318187139e-07
5.495458517282567779e-07
4.987519335327278329e-07
4.509751433760810826e-07
4.072975623040605268e-07
3.538424317099691741e-07
3.022616769917461966e-07
2.684111934614747124e-07
2.502282089617253335e-07
2.171775209347178708e-07
1.766566711321175944e-07
1.402276744783434989e-07
1.222678115122169658e-07
1.039367370333753068e-07
8.883324982287599317e-08
8.267142174252257266e-08
7.338067070642246820e-08
6.167797696418964473e-08
5.868640076000360278e-08
5.089643970387883268e-08
4.248280289319488669e-08
3.960488084972487528e-08
3.300362707741644149e-08
2.884675962388325163e-08
2.310035999950075746e-08
2.074508307839950162e-08
1.641495471748484671e-08
1.340154814645869808e-08
1.291791882342526942e-08
1.169446916020075180e-08
1.088595268754555062e-08
9.631210084645020965e-09
8.644858586101413805e-09
7.609527658818882662e-09
6.578283911156649545e-09
5.745613044665633530e-09
4.849572299848188931e-09
4.301301298313414326e-09
3.753005352875601391e-09
3.468398244656682073e-09
3.089396785919475513e-09
2.573036834476233892e-09
2.405219948279462752e-09
2.144439510409608444e-09
1.962744979511457661e-09
1.711989420669319294e-09
1.422001878760435680e-09
1.273416973939146242e-09
1.091952991437969350e-09
9.516519565778768377e-10
9.026495521246702117e-10
7.789754494757959275e-10
6.382129120684112873e-10
4.911092671951651952e-10
4.104790560483498815e-10
3.604882127235396276e-10
