1.469316341455310315e+00
1.026665052589720073e+00
6.775026505949766076e-01
5.176106264850082184e-01
4.256482775948543518e-01
3.579110245734137274e-01
2.922537185490065026e-01
2.376831949503462604e-01
1.939894659017520895e-01
1.605962091447550866e-01
1.322496311255170476e-01
1.157463893398803928e-01
9.540175346639974407e-02
8.265642924402587244e-02
7.193826680471973600e-02
6.159398992955120167e-02
5.284254159112296984e-02
4.421462180439653111e-02
3.748877676779157481e-02
3.271195843430811656e-02
2.745461205188760162e-02
2.185818180409938860e-02
1.800697368348241206e-02
1.411942382295305193e-02
1.100820512023359746e-02
8.892116565589549410e-03
7.357238497253178189e-03
6.268055939252428245e-03
5.685156830384406439e-03
4.965151804789637822e-03
4.298471096779714340e-03
3.723405219383526914e-03
3.179940640964586986e-03
2.804848103101528160e-03
2.518310354848008348e-03
1.963314788576520781e-03
1.671837543992893719e-03
1.288746882164968363e-03
9.282785874598791821e-04
6.903430680621997027e-04
5.054932317731050282e-04
3.983534284797280974e-04
3.167643762956665878e-04
2.797417398537343385e-04
2.413850624780032063e-04
2.130692071249413327e-04
1.914168197569209257e-04
1.628869248619730563e-04
1.448168516893914880e-04
1.192715733415349104e-04
9.467821287363773419e-05
7.898919367625701054e-05
6.037417369387940375e-05
4.678839547654639478e-05
3.883261966483307387e-05
2.914332541145045645e-05
2.167246270171551979e-05
1.594594698655085269e-05
1.297526537680987093e-05
1.101955311263364044e-05
8.889567423946424292e-06
7.554892507088927769e-06
6.698020443066419888e-06
5.687112821719608664e-06
4.617133685757619645e-06
3.625464542891717508e-06
2.775642802432740018e-06
2.102370100314965327e-06
1.654368764956382333e-06
1.393656419819627706e-06
1.144177680725604124e-06
9.524921582274022149e-07
8.493941556247122580e-07
7.159992839149194075e-07
5.833345932874307918e-07
4.443524088851198153e-07
3.459197781605626178e-07
2.813608195394078714e-07
2.382703271289216410e-07
1.874604372726439273e-07
1.432859083819363811e-07
1.216685731200046256e-07
9.301514083347623230e-08
7.776862814504841034e-08
6.321188354024606715e-08
5.191790009587447806e-08
4.239500647680436723e-08
3.376395099950055965e-08
2.888305277965495508e-08
2.240754252896394351e-08
1.835212301985711646e-08
1.504131673629064242e-08
1.239426508026790110e-08
1.072772424678759690e-08
9.244513342729145893e-09
7.244867723553222359e-09
5.003026709483084357e-09
3.480931648808986479e-09
2.725471479492777062e-09
2.341395163096578073e-09
1.923117977439185691e-09
1.600091842787397381e-09
1.223068029798936701e-09
9.742791431696233086e-10
8.026174829136705111e-10
6.668508403254007005e-10
5.193552259116598254e-10
4.440029121415695247e-10
