1.482737591425013379e+00
2.533479662437690294e+00
3.203727940826122556e+00
3.395875650395176137e+00
3.535443344910981001e+00
3.401360800264439543e+00
3.234820525410043945e+00
2.982344270237247574e+00
2.793018499343829397e+00
2.558014952415020637e+00
2.420900032290311366e+00
2.246491452527831445e+00
1.999593198882663181e+00
1.914329805745824231e+00
1.797720305961149956e+00
1.721457930646212997e+00
1.580649251645027009e+00
1.485885072319311329e+00
1.391612728349010952e+00
1.357019882384013831e+00
1.275540665148847674e+00
1.170600444967173859e+00
1.094601574946290290e+00
1.066560877445482669e+00
9.694025284303493528e-01
9.262322872420976072e-01
8.706817331836870233e-01
8.334942788436868755e-01
7.981207512386435665e-01
7.450271363633060862e-01
6.781650271818836506e-01
6.664448757947393220e-01
6.479777339073241604e-01
6.150151913702882611e-01
6.005199045941550517e-01
5.602844984446703203e-01
5.064720635950707983e-01
4.909044996258696836e-01
4.460931094932255037e-01
4.151241870057359451e-01
4.065792333122090763e-01
3.794041857575511378e-01
3.626835234320052170e-01
3.318604146968405222e-01
3.241240405867033547e-01
3.087579816111165054e-01
2.953242813416690482e-01
2.881087667233797056e-01
2.651137055526053832e-01
2.605179923314446810e-01
2.545996241145751515e-01
2.311789711828615979e-01
2.190085213181848511e-01
2.132060870215437276e-01
1.901947918248275138e-01
1.855586428436124258e-01
1.740944407541092087e-01
1.715210717894184445e-01
1.664750237113474529e-01
1.554098046312687997e-01
1.530717242407581280e-01
1.410950538509031515e-01
1.382049118339773452e-01
1.350453733067941142e-01
1.276937384843009893e-01
1.239952265893369543e-01
1.214976081249876244e-01
1.182362042626953352e-01
1.166188392845465410e-01
1.112191668713100601e-01
1.093595878489742879e-01
1.062902997214041217e-01
1.028389987010974310e-01
1.019360862404049412e-01
9.649041299919082493e-02
9.477394156623060451e-02
9.005937512929541866e-02
8.737166534657922479e-02
8.451444486045139870e-02
8.054803857220747820e-02
7.928668461193363881e-02
7.761047987500432899e-02
7.492126859185921361e-02
7.276623151408466439e-02
7.016681096061157252e-02
6.870066482130542107e-02
6.761258168832469384e-02
6.595199018076243480e-02
6.435722041889035960e-02
6.163686022285607552e-02
5.945051945244897440e-02
5.860413510086316669e-02
5.391990615011437588e-02
5.216261642642980312e-02
5.138663359531961405e-02
5.053489414963895088e-02
4.648036944258909786e-02
4.591976321416328666e-02
4.226896521330737733e-02
4.067723402962004908e-02
4.025553066355792853e-02
3.890457738875807009e-02
3.462818088093129465e-02
3.352188129538065386e-02
3.296300536402420323e-02
2.998102980730997166e-02
2.952554497736515141e-02
2.664716673830024724e-02
2.611611535624563246e-02
2.555386436356970117e-02
2.368536919751461009e-02
2.308650351011952429e-02
2.251352430323834419e-02
2.201083199851158051e-02
2.175316597263997342e-02
2.079959569908971379e-02
1.941192313449802836e-02
1.893195484333122167e-02
1.830977268343082429e-02
1.766573403588379138e-02
1.687405319083995145e-02
1.668494803414629149e-02
1.641260217662928941e-02
1.536260126106245467e-02
1.497171282285411978e-02
1.488013512747970481e-02
1.423111564938819504e-02
1.328609329817819970e-02
1.286955497820061259e-02
1.253184490799027530e-02
1.230804308973882689e-02
1.210383836850706385e-02
1.170652260698307190e-02
1.092274035871355735e-02
1.048002096210177633e-02
9.849548224593621115e-03
9.689039187204918219e-03
9.367087368849476639e-03
8.854712549246940290e-03
8.549075486402903795e-03
8.458622001706888813e-03
8.305281679040306050e-03
7.993591508000280274e-03
7.340879201145434317e-03
7.112891175176891748e-03
6.866708388089058299e-03
6.668809869746476597e-03
6.139499591111759018e-03
6.084579708083950531e-03
5.954731876401473528e-03
5.890803868246487739e-03
5.788490669042945479e-03
5.594207522211650137e-03
5.089079097444393525e-03
4.939501451698379009e-03
4.815510619273262287e-03
4.679400188848595842e-03
4.608401355424674752e-03
4.197336500601504990e-03
4.118551063393936611e-03
3.999728513630041414e-03
3.867681656247442222e-03
3.770528476055330994e-03
3.422451242522570568e-03
3.375703545750903967e-03
3.348116915026754393e-03
3.290194299738874104e-03
2.876648172383311931e-03
2.708760739027875949e-03
2.634519082234458923e-03
2.540056931681247514e-03
2.311949111134010623e-03
2.188215623469534545e-03
2.102862311036543790e-03
2.020524036534754927e-03
1.949031371508346162e-03
1.856883221045345367e-03
1.776941244703762442e-03
1.613876783507855366e-03
1.562132417914472923e-03
1.512368700838069048e-03
1.428126460966321802e-03
1.404827193402351628e-03
1.337357445079394736e-03
1.203365433880599061e-03
1.163685768178962738e-03
1.129831548087898829e-03
9.881756584871096653e-04
9.720033437743053929e-04
9.443405188524239173e-04
9.177535713569648802e-04
9.019330507683842330e-04
8.581322250982716766e-04
8.316245482290058038e-04
7.977593817450904980e-04
7.423647479722413501e-04
7.189916929990894162e-04
6.873240824251084131e-04
6.699265336264738965e-04
6.628660060591325988e-04
6.453215390371767890e-04
6.252618481628258911e-04
5.643508785275407839e-04
5.609197496559260952e-04
5.139689686015826847e-04
4.892288475379144965e-04
4.846226307923648304e-04
4.614200077850762779e-04
4.494755210247469625e-04
4.383773250735716249e-04
4.294159552693069563e-04
4.109564412428684966e-04
3.906748678418769005e-04
3.793613382104249867e-04
3.681270841001501237e-04
3.670336380912059119e-04
3.573847203138873457e-04
3.399073916052496079e-04
3.282810395872174931e-04
3.188270361456299888e-04
3.129279232193415321e-04
3.017332165765717190e-04
2.959305281073129471e-04
2.869087953821964103e-04
2.829573786913023507e-04
2.759550973630745083e-04
2.712703643568475866e-04
2.687925857160130823e-04
2.626814365066578740e-04
2.522125911981613661e-04
2.473579023894268238e-04
2.385167987634849386e-04
2.350733802029943359e-04
2.286655636977168616e-04
2.220423764641038815e-04
2.137234746599092779e-04
1.884522304571333072e-04
1.855457075002822772e-04
1.768557924253480636e-04
1.718359716496494491e-04
1.616675219301480764e-04
1.599428209230207448e-04
1.528738341070265156e-04
1.452671686508157827e-04
1.427252351788781213e-04
1.396609202114417153e-04
1.381767349885361514e-04
1.282003106467945013e-04
1.200723907349245708e-04
1.185527782709993764e-04
1.176465344657480038e-04
1.154319296871861219e-04
1.084742966165449162e-04
1.037516438700867536e-04
1.003733855169701227e-04
9.687281703259226088e-05
9.188964768886354799e-05
9.090240654405866275e-05
8.932217909804764078e-05
8.745683780404996945e-05
8.414462392001345874e-05
7.860773093164337834e-05
7.391354040507323831e-05
7.262508096467123662e-05
7.038797380822428671e-05
6.681525712731800290e-05
6.555402724127468216e-05
6.441343019007640008e-05
6.207208648935995626e-05
5.637674027289902098e-05
5.551159432238240922e-05
5.350527355264939451e-05
5.290235917552620401e-05
5.084831641193977901e-05
4.745060628728797405e-05
4.683106235100296114e-05
4.549717450766167960e-05
4.358860324331354083e-05
4.185535614108579764e-05
4.073905533797723315e-05
3.922233633048527023e-05
3.558626423897620736e-05
3.421880116678055808e-05
3.405750791111019309e-05
3.357279528876438507e-05
3.302259998544191386e-05
3.101277821732239160e-05
3.044317180154311822e-05
2.922110202185088448e-05
2.818923654108431082e-05
2.719367420148064980e-05
2.616523067740985300e-05
2.472827429424594807e-05
2.275469954327915807e-05
2.248335009904354098e-05
2.192815404357635744e-05
2.113534710380378872e-05
1.938834086822816607e-05
1.923847317694246371e-05
1.889092392644773613e-05
1.847227533097623789e-05
1.685977716097757944e-05
1.601505426505457920e-05
1.519830991515186994e-05
1.471402513758415298e-05
1.427856443025178383e-05
1.387454437596923569e-05
1.301462818405778844e-05
1.254164497330835715e-05
1.197185014739770166e-05
1.165022833640804811e-05
1.135488672150262757e-05
1.077734875454536106e-05
1.058389840234634196e-05
1.016710280532933948e-05
9.522780146356397044e-06
8.903465534478599116e-06
8.659426318555103481e-06
8.504119141186865957e-06
8.051800186552006470e-06
7.743908189784256415e-06
7.167257611424349577e-06
6.743098905324639375e-06
6.570658576665487653e-06
6.363191490783500986e-06
6.306828696043268378e-06
6.098238493701271379e-06
5.983933099948847473e-06
5.791553954338784591e-06
5.644348112529758481e-06
5.537407500445937663e-06
5.264272321838526630e-06
5.073689442896002297e-06
4.947911403234569318e-06
4.866950995093635632e-06
4.803761615183812772e-06
4.679033724940045159e-06
4.393824765409800595e-06
4.321510885760612330e-06
4.259282978062610039e-06
4.195909589516742489e-06
4.083466307866345954e-06
3.939707101335325922e-06
3.912118892744342609e-06
3.788572022974378394e-06
3.677419344313124377e-06
3.599109629753750132e-06
3.521523981169424522e-06
3.337565473258478917e-06
3.261238128477793535e-06
3.148237464695805953e-06
3.133260065278189771e-06
2.946424337185672109e-06
2.885621293314483434e-06
2.758093331820264545e-06
2.665894556898875084e-06
2.555214381409045424e-06
2.409910343475048196e-06
2.354460071186129317e-06
2.336751935162355081e-06
2.291181000231250034e-06
2.236373904499486522e-06
2.196719978225224280e-06
2.098842774990320928e-06
1.949342213916046907e-06
1.900477740088145626e-06
1.877563249664336641e-06
1.837815067569598238e-06
1.812471837185307538e-06
1.801599225589701671e-06
1.592865047994015373e-06
1.548754977785048290e-06
1.528881968051746416e-06
1.420061308789629953e-06
1.341475091546809265e-06
1.281095123873518497e-06
1.271990358728999143e-06
1.219666844703710686e-06
1.101491083901594055e-06
1.053121467699191788e-06
1.032557020868149709e-06
9.869796361355583761e-07
8.326542924919358641e-07
7.867872446378716353e-07
7.785900330646090259e-07
7.692998569955056405e-07
6.719548500080976309e-07
6.251346354504093646e-07
5.711260618739915819e-07
5.277170589537630014e-07
5.054114468096343003e-07
4.905628249564132171e-07
4.514829507310377384e-07
4.117261256214648644e-07
4.030791321203857304e-07
3.888023697581802018e-07
3.700189885196805566e-07
3.229410846238201450e-07
3.164386616208423344e-07
2.807344494722321362e-07
2.625680795242535406e-07
2.513590999823114240e-07
2.429497198676849619e-07
2.296521701729078053e-07
2.162805341018833529e-07
2.034637272543587964e-07
2.002248230293394753e-07
1.795406344750504894e-07
1.708235772136038115e-07
1.684426117177822973e-07
1.663394971396747745e-07
1.620560964051135012e-07
1.551745615726196375e-07
1.447718756264147631e-07
1.424460024776004648e-07
1.362301559696503394e-07
1.297715016636081962e-07
1.260427371226324884e-07
1.250887963871588454e-07
1.192977431481408824e-07
1.164896323855033899e-07
1.139752282274136620e-07
1.091613748075805487e-07
1.055320998116392223e-07
1.015894084305677533e-07
9.969692667996611977e-08
9.780271598998532547e-08
9.646250511503545123e-08
9.411317301574676199e-08
9.319533473963698042e-08
8.909291961832333101e-08
8.293614645767157757e-08
8.240426454707775489e-08
8.163610428869390587e-08
7.979528662136539648e-08
7.792695688041907458e-08
7.442105245669850480e-08
7.291303076177715093e-08
6.909479792872307029e-08
6.731158663658274889e-08
6.415399881368875343e-08
6.250335999632929953e-08
6.131159331311926096e-08
5.999129264023879807e-08
5.867786986239983785e-08
5.729338102335046292e-08
5.367226903946339289e-08
5.275742178636137921e-08
5.025012478547240894e-08
4.929306335650763792e-08
4.347856137171278969e-08
4.094539994576662658e-08
4.068111271407770080e-08
3.804709696611147999e-08
3.662727811929196152e-08
3.463682360914297066e-08
3.308193098449476995e-08
3.221925514974820287e-08
3.026873707330395523e-08
2.916527966351140378e-08
2.884028376058298759e-08
2.856020965945618695e-08
2.610219926606950133e-08
2.532332526478967151e-08
2.355073168166970320e-08
2.235118155115239517e-08
2.172993318618111596e-08
2.082878168989389009e-08
2.022144306394378623e-08
1.972382357156220732e-08
1.876349865194747926e-08
1.772505610551710071e-08
1.722335589696655737e-08
1.651426672498204116e-08
1.505365836282428375e-08
1.438753711771595800e-08
1.353515466428723288e-08
1.218807086688961853e-08
1.181612811702048108e-08
1.085304116257243760e-08
1.030671182642091311e-08
9.694346103065812722e-09
9.139699489128912422e-09
8.473790823828452736e-09
8.300017984741152092e-09
7.850778710383943219e-09
7.107234216515150380e-09
6.955959002363336620e-09
6.821994041137708080e-09
6.545473350913105212e-09
6.268151711515742792e-09
6.141242453793569131e-09
5.567538446568855553e-09
5.481715453304970530e-09
5.313986485739447899e-09
5.217255245208929328e-09
5.147867359397048772e-09
4.918606423121859054e-09
4.787967751047175156e-09
4.537677088729883662e-09
4.437169393211394584e-09
3.859102627351408182e-09
3.821602097871116653e-09
3.754397518494294605e-09
3.649785644092093596e-09
3.511647386305379309e-09
3.320578743367261501e-09
3.209098391349903831e-09
3.088801115985265196e-09
2.967883608244537912e-09
2.942028716268562313e-09
