9.496894677894383019e-01
5.292775764909869451e-01
3.383833544192859089e-01
2.072281830333642383e-01
1.766002417152955362e-01
1.524851320288849177e-01
1.206551594138024347e-01
9.720339339423381131e-02
7.551864255053832020e-02
6.168734407794300434e-02
5.342673552060940578e-02
4.452480201789898312e-02
3.303018195961993086e-02
2.250273843717259456e-02
1.592529154888203471e-02
1.192518821364050956e-02
9.701313337487344965e-03
8.019475486104137713e-03
6.576295436435865976e-03
5.234998072080249143e-03
4.206078437902088969e-03
3.675806801248969295e-03
2.766685571433579773e-03
1.968918124920586519e-03
1.659087629054191828e-03
1.237694840841119942e-03
8.623164364835237111e-04
5.820171333264613023e-04
3.947167678883385070e-04
2.797749417892496631e-04
2.014425768037460967e-04
1.432752795331122873e-04
1.010926472140824582e-04
7.732358239696152677e-05
5.420185589331492622e-05
3.979008317846267667e-05
3.254710588217889802e-05
2.297787768822449444e-05
1.706191910925315426e-05
1.544417517610915971e-05
1.231697938010172711e-05
9.077982366686404938e-06
7.660420113122652880e-06
5.095796571825175194e-06
3.291101675719900042e-06
2.253309378356106646e-06
1.564635594552010067e-06
1.191769900028907373e-06
1.007677039415026385e-06
7.207929193345168012e-07
4.820843431925769285e-07
2.950991540517626504e-07
2.070039920894189019e-07
1.464721869856683147e-07
1.093684188258250534e-07
9.700053603336008211e-08
7.253865766462275938e-08
4.986810269468702380e-08
3.864413673966377430e-08
3.095703789864737544e-08
2.406834177511842764e-08
1.697209442483881934e-08
1.069733340621145655e-08
8.193087917367084651e-09
6.149550677005484439e-09
4.847017099494694372e-09
3.533704580815792859e-09
2.551676685059166616e-09
1.888662665845392805e-09
1.441742440031149077e-09
1.042324156255477752e-09
8.256443312010800111e-10
6.283338210143574179e-10
3.631645105746283049e-10
1.736120212288512317e-10
