1.706200782033633345e+00
8.180281364840581437e-01
5.818044086955403982e-01
3.984072244008896591e-01
2.896002413331211223e-01
2.150308476495824406e-01
1.430877491188105310e-01
1.018444673792609362e-01
7.494089793484631778e-02
4.884138475688148268e-02
3.561638853619288059e-02
2.390886296201202160e-02
1.525020298097731590e-02
9.010589718661053682e-03
6.801497239063333464e-03
5.192190742817841265e-03
3.265310927876399847e-03
1.760061089089038928e-03
8.552265568642472603e-04
4.369099072785278333e-04
2.467015207192032656e-04
1.412288181092206376e-04
9.072743100872483193e-05
5.662581474096269838e-05
4.029002393374440640e-05
3.011713518933940154e-05
2.246147234342317782e-05
1.386825465225000272e-05
8.349527888669660652e-06
5.516645614261532772e-06
4.172940904930720266e-06
2.812902715940073161e-06
1.630622090286765953e-06
8.867338346099883793e-07
5.720608426194095044e-07
2.984065344292519027e-07
1.502425541206517444e-07
7.320518759478888089e-08
3.572446211228723814e-08
1.891239782490867666e-08
1.080072437556623455e-08
6.742385829267343956e-09
3.970822262979949467e-09
1.590403159981624206e-09
7.327679305302565067e-10
4.416106941413801470e-10
2.646358397367736090e-10
