1.474566642535105609e+00
2.207106012111563320e+00
2.013644849891740751e+00
1.756518680274923749e+00
1.410124950841428859e+00
1.252735247473260261e+00
1.006988662497057208e+00
9.070166319672071653e-01
7.949244115198862426e-01
7.084514428915668072e-01
6.383380956277138196e-01
6.053819891877851855e-01
5.583100927536076563e-01
5.204697562583594506e-01
4.793878077752333211e-01
4.489662863863976838e-01
4.103470229042538442e-01
3.843709229063697608e-01
3.504188238651416709e-01
3.322278735926303406e-01
3.173722510327134927e-01
2.937986378739763094e-01
2.760505868692330056e-01
2.636266289707140387e-01
2.489897901924912338e-01
2.347642667962258622e-01
2.241155440167649782e-01
2.095569475644356028e-01
1.996603881605248376e-01
1.875159197027952973e-01
1.791544695639080143e-01
1.745168978266398441e-01
1.682132802633712065e-01
1.632220548947828920e-01
1.575059161866458057e-01
1.529660922915271615e-01
1.503039478465398038e-01
1.453461738903709666e-01
1.422867016818406272e-01
1.397419411586745541e-01
1.375238992839794561e-01
1.320113282729159787e-01
1.284290175572733450e-01
1.245059395634784544e-01
1.207459874035944764e-01
1.166108298603205223e-01
1.141463821633919712e-01
1.096130027513699534e-01
1.068291413552664437e-01
1.031011662258994183e-01
9.730432564843746746e-02
9.438704141185366714e-02
8.900725657012485692e-02
8.370407600109187884e-02
7.894573250147410293e-02
7.587662550018392515e-02
7.301236128706582729e-02
6.986484184682502374e-02
6.713969903949978946e-02
6.272212329310178358e-02
5.894153933442968646e-02
5.759529495579715497e-02
5.540501651240542502e-02
5.444913527012905374e-02
5.166429336320158688e-02
5.019176705975218061e-02
4.839440876149737197e-02
4.615193114687680953e-02
4.423415108935870033e-02
4.243785026688297324e-02
4.111343993030712463e-02
4.007225144176955467e-02
3.845834642075952187e-02
3.653503958420022818e-02
3.490855869225047842e-02
3.320634784531189404e-02
3.197740498365238965e-02
3.078622620784586192e-02
2.964113458494932810e-02
2.909607750894763201e-02
2.819326142030496515e-02
2.689605903132646567e-02
2.576206023855222640e-02
2.407552985409263172e-02
2.310184909250059121e-02
2.184251327683261676e-02
2.096786066713878308e-02
2.032751011226320570e-02
1.905266123092527741e-02
1.792074475064343170e-02
1.712020378541161472e-02
1.568738124415148746e-02
1.494063605109140387e-02
1.387775073134204368e-02
1.297901877673968835e-02
1.254133636133081958e-02
1.168156596580745450e-02
1.083508632441607285e-02
1.026119866313060167e-02
9.733693078660602196e-03
9.146333905501883091e-03
8.692433445862707275e-03
8.361071207966828955e-03
7.863504943821066767e-03
7.628249848270587594e-03
7.225530645895259993e-03
6.837860666968789518e-03
6.530593646034229920e-03
6.247858925315556179e-03
5.898836338737602387e-03
5.522198025108488069e-03
5.377042156065791646e-03
5.049600777289730419e-03
4.853018803775699386e-03
4.548266511146994116e-03
4.269731282399765598e-03
3.954817878613719334e-03
3.821038989669816709e-03
3.464744728785584902e-03
3.362144988977813342e-03
3.021202821822709019e-03
2.900119255917221056e-03
2.715382658683053538e-03
2.536302044047023668e-03
2.419911371580229544e-03
2.294036106599858880e-03
2.224878235467871775e-03
2.164240920142457454e-03
2.083086378956704177e-03
2.005219442455184829e-03
1.916739415987854609e-03
1.872409926801194393e-03
1.810615521278458344e-03
1.768798341635482952e-03
1.714128525456415668e-03
1.669347207533330860e-03
1.642802831422363313e-03
1.579499829772544129e-03
1.514332181518886471e-03
1.435512417444731242e-03
1.371937386803815913e-03
1.330730845276156598e-03
1.262271454378883400e-03
1.240946485663005838e-03
1.187951050680055663e-03
1.155096192626231576e-03
1.078560576763989108e-03
1.053372938688756401e-03
1.011987583456428570e-03
9.708771212619362375e-04
9.311525174428117750e-04
9.124594500450288175e-04
8.923037469395088319e-04
8.555455545786790766e-04
8.252900852267127394e-04
7.956304318878024010e-04
7.567664364955767418e-04
7.264676799051866850e-04
6.988887358343858760e-04
6.653010845812929027e-04
6.395326617589285273e-04
5.998946386559026985e-04
5.633760789476825737e-04
5.168420444738610047e-04
4.870733525562911037e-04
4.321750646802139046e-04
4.084944745431435187e-04
3.858968752864050345e-04
3.521107600520331261e-04
3.301319195454110078e-04
2.899481413060201037e-04
2.666597903566367820e-04
2.488643818416625179e-04
2.213408493136096399e-04
2.080095433394323588e-04
1.969847179295070862e-04
1.833839181427321873e-04
1.677971786461446367e-04
1.529650667436989974e-04
1.318487512333408631e-04
1.268084425245269875e-04
1.189563039026943957e-04
1.137864463020821351e-04
1.072474406062203032e-04
1.020872947823536515e-04
9.699804496565588203e-05
9.215484694427870591e-05
8.871250058283019265e-05
8.313516115525727997e-05
8.003008624874535998e-05
7.651999218476325342e-05
7.334488121592005300e-05
7.044640272435566365e-05
6.397495443853870871e-05
6.185461736808801534e-05
5.597462130788414538e-05
5.311208891406324150e-05
4.861079899864323900e-05
4.673386412719253218e-05
4.416860551757668003e-05
4.191477092429433775e-05
3.781133636224238818e-05
3.558334026961465090e-05
3.451756728137151699e-05
3.216857837761500819e-05
3.144105074706591836e-05
3.018334456059689415e-05
2.866822053841721368e-05
2.776049976588847859e-05
2.573663379468372307e-05
2.446260016332998716e-05
2.287828536708580015e-05
2.216685331105339616e-05
2.102326894044384054e-05
1.986888575800458822e-05
1.895615482110337211e-05
1.764880728996037271e-05
1.693739309424425251e-05
1.619648885716939090e-05
1.559967725881364058e-05
1.496074973496341523e-05
1.449201276976410372e-05
1.408172691757594208e-05
1.350286303969049469e-05
1.239107718622309141e-05
1.144183576335456937e-05
1.087640562405524246e-05
1.047283062296098200e-05
9.802829018572113579e-06
9.434093411799057788e-06
8.640187870290224115e-06
8.085027440348065427e-06
7.658467825065985658e-06
6.905416210091236592e-06
6.534877904886335484e-06
6.193256673395387693e-06
5.610857335900807534e-06
5.409852999685042071e-06
5.021772888430200247e-06
4.830466825746270754e-06
4.135745959148382826e-06
3.925663338995733128e-06
3.474808420732192019e-06
3.142679430016762489e-06
2.946466153527705352e-06
2.776330947210452668e-06
2.614527671147417424e-06
2.385386567002951634e-06
2.171693010590028063e-06
2.043836660787909859e-06
1.888623054186671444e-06
1.626471456703421071e-06
1.576747250597461847e-06
1.471881705524331248e-06
1.370873764968181517e-06
1.300158795558927171e-06
1.219207692514269558e-06
1.158738767844501099e-06
1.084013522173404209e-06
1.015426651047425860e-06
9.879254440575068367e-07
9.153457758370948956e-07
8.809146310719674483e-07
8.204214117996960546e-07
7.674777858196570007e-07
6.935161302163141850e-07
6.638397623263158736e-07
6.239722842206136702e-07
5.697274291127654942e-07
5.332888619816403300e-07
5.159048691005919265e-07
4.609070103716288986e-07
4.388380918684660450e-07
3.924148852951032514e-07
3.761674613748587329e-07
3.421873134823247165e-07
3.118773904938323506e-07
2.900428894425944279e-07
2.719394246744614326e-07
2.549855434786812555e-07
2.415495282639757773e-07
2.178621310020449172e-07
2.016449253252794942e-07
1.751813755566859042e-07
1.671550813593976607e-07
1.508978601820637770e-07
1.373770269107239899e-07
1.286869819282415992e-07
1.220454592632300494e-07
1.116364711755925728e-07
1.012739825328458997e-07
9.049262999565166000e-08
8.463656239499571438e-08
7.805345897748467470e-08
6.964341510767290284e-08
6.384856522817843553e-08
6.058711282953608657e-08
5.744517356813169393e-08
5.369015288881865269e-08
4.948199342053626139e-08
4.603979268221874598e-08
4.197499189587891941e-08
3.985330484959035533e-08
3.570364443357160071e-08
3.320221406262185105e-08
3.038184682826475936e-08
2.764790553554303950e-08
2.663691742460635579e-08
2.476673043342500150e-08
2.122387042285768738e-08
1.871585606283953543e-08
1.742844686170806986e-08
1.564660968398450360e-08
1.461814438123731890e-08
1.272939580592945378e-08
1.170781543185286794e-08
1.117404408768768674e-08
9.940496008632171617e-09
8.900235904486319314e-09
8.385351106137731161e-09
7.787145591623341061e-09
6.959429332786646931e-09
6.461908519857996762e-09
6.018278180289028676e-09
5.648034109826452847e-09
5.345160626686511636e-09
5.077414057430482580e-09
4.703759578113225930e-09
4.410551149090470858e-09
4.085006455321263888e-09
3.835740973138411143e-09
3.473056214364541027e-09
3.282530374836931632e-09
2.925427209848179352e-09
2.793749766954884505e-09
2.537920381516546625e-09
2.352596017979101372e-09
2.208324585345092859e-09
1.982627782768006316e-09
1.873207275204367323e-09
1.757730308324653021e-09
1.634314942293268083e-09
1.530077778847448503e-09
1.385177421494281151e-09
1.330607210848407307e-09
1.190385052662067942e-09
