4.815295092386151499e-01
4.567481988301325124e-01
4.448990521678659049e-01
4.226215530645555107e-01
4.058358427476742025e-01
3.884730286064132510e-01
3.729697386543507909e-01
3.613441303496201518e-01
3.518928126412378399e-01
3.431017550786814585e-01
3.359410298108828630e-01
3.290445645401389174e-01
3.220163269843143161e-01
3.145505718551039886e-01
3.064711404186357124e-01
2.988442943199354218e-01
2.923840775969204775e-01
2.868414847332171336e-01
2.813096489090722296e-01
2.757372892955162746e-01
2.701245850974017260e-01
2.643302907986027073e-01
2.593307485478730801e-01
2.544695276631361858e-01
2.498590658370020146e-01
2.455250702358713899e-01
2.418798661099713920e-01
2.382851681034273139e-01
2.342521531991652306e-01
2.301245573725078375e-01
2.261583722092800064e-01
2.220657836395290852e-01
2.179895336781822179e-01
2.138243376037648469e-01
2.096399799099471217e-01
2.055382350705307060e-01
2.014796239699508940e-01
1.975581863854620757e-01
1.941539696056008291e-01
1.904199826984797339e-01
1.867172943591176859e-01
1.830879477865134386e-01
1.798390449121860246e-01
1.766914716202144520e-01
1.735866547167756735e-01
1.706939028412347015e-01
1.679616423212752507e-01
1.651484910519208371e-01
1.624198918101575073e-01
1.593731422910353857e-01
1.558340439040712677e-01
1.526012652198784347e-01
1.496160878858560639e-01
1.468072069237682797e-01
1.439947382211341220e-01
1.415868069263736817e-01
1.392007326065489436e-01
1.367643298317335332e-01
1.343660251807452521e-01
1.319734707109306571e-01
1.295698303597691559e-01
1.270139331300866314e-01
1.246630296591589721e-01
1.226219263211789090e-01
1.206314589982812879e-01
1.185533075205112835e-01
1.166836506062136347e-01
1.149199646127236074e-01
1.131852231597123420e-01
1.114748990986392518e-01
1.097542024523962129e-01
1.080115782070395075e-01
1.064310163560405753e-01
1.049786450944529131e-01
1.036998886443690204e-01
1.025183791097805108e-01
1.013207421526460122e-01
1.001463798653985937e-01
9.907475785194412576e-02
9.792080889946622180e-02
9.671082132174792234e-02
9.551010416236248302e-02
9.430221002706949684e-02
9.315307960172192203e-02
9.209347559271605088e-02
9.117664503970353274e-02
9.014981915666576973e-02
8.901473276160555559e-02
8.780970057983455979e-02
8.659662993902425554e-02
8.546152693078273854e-02
8.433444727783567796e-02
8.327819253560495016e-02
8.222753517638171916e-02
8.118736518773349287e-02
8.014554343222565769e-02
7.911007216528541386e-02
7.803838173992040661e-02
7.703185183081098786e-02
7.608089390122821372e-02
7.510356456385162971e-02
7.403893073909982581e-02
7.288303276229171623e-02
7.166071614766328368e-02
7.050486620803302074e-02
6.935670797341687843e-02
6.822852364765454036e-02
6.716926734942477162e-02
6.613399352106190399e-02
6.502645261006587130e-02
6.391775154687813487e-02
6.288371796024727622e-02
6.182779578736578852e-02
6.072556234020991262e-02
5.966808668918514857e-02
5.858030856254777680e-02
5.755778830465962254e-02
5.661566958658614118e-02
5.574328608710368838e-02
5.489942371409973348e-02
5.394590143870457710e-02
5.299376402192582797e-02
5.201803731134745784e-02
5.110480235599831889e-02
5.017851513323671325e-02
4.929479009799904443e-02
4.839073634991800793e-02
4.747662549437104557e-02
4.653684508731169289e-02
4.560148742480409079e-02
4.469646964266681122e-02
4.378895565934256412e-02
4.289380792622898841e-02
4.203070368436892523e-02
4.121490122425923441e-02
4.043324809307900780e-02
3.967468662194145734e-02
3.895623469184691240e-02
3.825391174823641882e-02
3.756278092727878548e-02
3.688767209569084049e-02
3.621337318566548308e-02
3.556652854862529800e-02
3.491998959804075431e-02
3.426207226473479417e-02
3.360427269412886997e-02
3.296655280142468669e-02
3.232660859796893105e-02
3.166571167740809406e-02
3.104878508922126815e-02
3.049294815619300880e-02
3.002142532980566630e-02
2.957883733239939639e-02
2.911612710974093021e-02
2.863274182087252595e-02
2.816954405099872730e-02
2.771078739669358137e-02
2.727053558806191019e-02
2.683663118891489383e-02
2.639279458898485115e-02
2.596106979610282930e-02
2.555741866314349686e-02
2.519090434371628814e-02
2.486112208458581344e-02
2.452203039854640096e-02
2.419162776478391355e-02
2.384045493379113520e-02
2.350200731862211664e-02
2.314757260112233761e-02
2.278710877623336961e-02
2.242088290998301911e-02
2.205382378569662252e-02
2.168726749453859723e-02
2.136014624886739890e-02
2.104566795992428990e-02
2.075298777102849157e-02
2.047683884109183228e-02
2.020208742109884728e-02
1.991970082796458430e-02
1.962413239346494712e-02
1.932621856242126845e-02
1.904658617623382691e-02
1.880072531668807931e-02
1.855742096953507531e-02
1.830049166667273297e-02
1.804323991055087339e-02
1.778209945174805476e-02
1.753193868683805556e-02
1.731424551466132639e-02
1.707727572518768014e-02
1.682857093805457602e-02
1.658500486503838509e-02
1.635860141164666506e-02
1.615160575395247280e-02
1.594897040253819009e-02
1.573774195713141186e-02
1.552866387712235896e-02
1.530620826566964424e-02
1.511096153888177689e-02
1.491821166131140561e-02
1.471019993427049102e-02
1.448998189523981878e-02
1.426926017201848342e-02
1.407120709643589450e-02
1.386567375903232334e-02
1.363345848040518025e-02
1.339546551197686244e-02
1.316560161109024164e-02
1.293349692624938888e-02
1.269743817140701544e-02
1.246042471494706282e-02
1.223150873202670692e-02
1.199843701219079767e-02
1.177061895219280556e-02
1.154729710477915040e-02
1.132568943671558200e-02
1.111186216441511880e-02
1.091533634757465079e-02
1.072846224861243210e-02
1.052561435681543915e-02
1.031282462913263656e-02
1.010920552794998366e-02
9.923336886117781197e-03
9.743147301455907724e-03
9.556517152462471951e-03
9.371892513841477770e-03
9.186298604076374719e-03
9.010099415229238726e-03
8.838566041128381040e-03
8.661884075055827775e-03
8.498213660920234461e-03
8.326032582386158967e-03
8.158951602998084848e-03
7.997936212447116083e-03
7.836131539635443621e-03
7.681463956012767567e-03
7.542608916377376883e-03
7.387834644354055597e-03
7.228439708393441694e-03
7.075243580120899392e-03
6.930752932637055351e-03
6.783460505089653099e-03
6.631796408713969485e-03
6.481341523039209872e-03
6.337439650375006721e-03
6.200941421507315775e-03
6.069219254336802316e-03
5.940504448254080652e-03
5.815553602113722811e-03
5.696598620758728908e-03
5.589708439160208722e-03
5.480389600131462327e-03
5.373355940486522660e-03
5.262162849878213727e-03
5.151984726148025467e-03
5.041156378080267376e-03
4.932722071103325112e-03
4.829369037674934376e-03
4.730665884511044486e-03
4.637560526674442546e-03
4.548226681275256526e-03
4.469890912103398686e-03
4.380254955110110017e-03
4.291840020872449493e-03
4.204006465308962083e-03
4.119325140126093091e-03
4.037892425257021828e-03
3.956174974142329104e-03
3.875810729371740888e-03
3.793883008605693045e-03
3.714460035696487156e-03
3.638966409554536541e-03
3.565921278516721946e-03
3.496666986655060441e-03
3.430563874070501496e-03
3.364349932471292874e-03
3.304399492807396851e-03
3.243689984086094852e-03
3.182729758339533557e-03
3.127422295877100526e-03
3.071946101003085548e-03
3.018781885466721542e-03
2.969387264697878181e-03
2.921460240411260633e-03
2.869075828774915026e-03
2.818124003168059107e-03
2.773732214671685049e-03
2.726286036416111953e-03
2.682530268135157117e-03
2.643083187295397572e-03
2.596936366065194859e-03
2.549801810007196277e-03
2.504571217819471802e-03
2.459955038903732447e-03
2.414722937713189438e-03
2.372518793404448153e-03
2.331698526150254112e-03
2.292978540876805787e-03
2.250049494355696629e-03
2.206699486188434898e-03
2.166250923093501583e-03
2.128702533252961430e-03
2.089093159735897886e-03
2.047923021187751744e-03
2.008059457590072143e-03
1.970807295511505224e-03
1.934581329682745184e-03
1.898820876259446361e-03
1.862539855914914109e-03
1.825656216856205889e-03
1.790831063052279867e-03
1.758676915463985467e-03
1.729099388040831022e-03
1.696608525803149992e-03
1.664922077757102943e-03
1.635339505782266957e-03
1.605997204771632009e-03
1.578334265813437047e-03
1.551243083818706859e-03
1.525765912258957718e-03
1.501513397338506174e-03
1.477101016416126032e-03
1.453684822541281840e-03
1.430333118182645089e-03
1.408737351127599402e-03
1.389501376216307257e-03
1.369658837506556670e-03
1.349772725710541958e-03
1.331984258880017933e-03
1.315242693759402027e-03
1.299403277175422344e-03
1.283360300982086793e-03
1.267601733332918623e-03
1.251364219571930551e-03
1.236246251348004348e-03
1.222725869695758796e-03
1.209467333942874749e-03
1.194515721689056549e-03
1.180504865747109607e-03
1.167573419186405297e-03
1.153758088595456229e-03
1.139525230879735208e-03
1.126333992454675061e-03
1.112858361142562459e-03
1.098760096187497478e-03
1.083886860438883389e-03
1.069703660962648519e-03
1.056284377681029679e-03
1.045569636697583427e-03
1.034133011546668150e-03
1.022014912206349862e-03
1.009808415247944379e-03
9.977752804822641580e-04
9.858688357673669762e-04
9.750160962611588650e-04
9.638850649629001222e-04
9.521373162529225397e-04
9.410047352662748990e-04
9.298739559392792380e-04
9.174246415846683310e-04
9.063690065636044457e-04
8.962704711282919873e-04
8.851634034055552800e-04
8.739564699443353509e-04
8.631343390546456808e-04
8.514224945898992087e-04
8.386036539114829526e-04
8.257144431427801369e-04
8.127641787042650355e-04
8.006258625103598045e-04
7.885020834751142521e-04
7.770127916036060093e-04
7.663043687879224960e-04
7.551516180745686518e-04
7.444690269073293279e-04
7.343176980783417242e-04
7.243400913042289009e-04
7.138860931651745245e-04
7.027449687004514974e-04
6.919404617050346025e-04
6.816381959713295859e-04
6.711083804378355439e-04
6.591214853627099099e-04
6.471677148036982527e-04
6.354814715505471140e-04
6.243140809597129458e-04
6.130323710965642934e-04
6.024716317168189771e-04
5.920264414576901189e-04
5.809764034422573329e-04
5.699881949308037085e-04
5.596732725571911243e-04
5.503422229527310354e-04
5.397672411535148250e-04
5.290644190145389831e-04
5.192701697016042844e-04
5.094680816406110552e-04
4.992613854571652937e-04
4.893110142161379017e-04
4.796066003189798448e-04
4.700541104574715344e-04
4.620435258003154858e-04
4.545589940292151486e-04
4.463223453142114430e-04
4.379019510481667950e-04
4.297744964427228768e-04
4.223779201639073482e-04
4.159445741832111911e-04
4.095457092760211451e-04
4.029611433125122682e-04
3.970231689755444773e-04
3.910989423263608105e-04
3.853248567315900618e-04
3.803358098965327425e-04
3.751428244986899376e-04
3.693869875354211982e-04
3.637077879233788918e-04
3.578910835594634318e-04
3.522387270904041583e-04
3.470281718593556703e-04
3.418867871782857839e-04
3.361870220767026064e-04
3.303335398092451924e-04
3.245593711949409758e-04
3.198079638864289209e-04
3.143942402913197320e-04
3.086299773194197717e-04
3.026396055668182619e-04
2.966488005982181419e-04
2.909908668065231286e-04
2.859764729018224793e-04
2.802575026032764994e-04
2.743878778382606467e-04
2.685488919246816993e-04
2.633496699362054307e-04
2.585905290892199756e-04
2.526846111003397464e-04
2.465842113341737895e-04
2.409284079182672606e-04
2.356559425618369365e-04
2.304181274064505175e-04
2.254736074206612829e-04
2.206066143197370428e-04
2.158314471769277713e-04
2.104359230422548266e-04
2.049417824362873529e-04
1.997451559084578894e-04
1.944995487836189666e-04
1.891263715157290607e-04
1.840439649249996838e-04
1.791239841486615440e-04
1.745963115782132424e-04
1.702149649198844933e-04
1.657894418563618099e-04
1.615604572649553025e-04
1.576989266771423360e-04
1.542260699375206832e-04
1.503799899868547190e-04
1.470071515776658891e-04
1.438765339252980199e-04
1.404288986242778589e-04
1.366837367994416005e-04
1.328144528004939374e-04
1.291800119765661213e-04
1.261337752962380775e-04
1.231632638166496780e-04
1.199219146337565287e-04
1.169827487732916194e-04
1.140771669809406702e-04
1.108359314131372963e-04
1.076699093310649164e-04
1.049106363856193419e-04
1.019655688259136757e-04
9.910561931274436496e-05
9.653821918074553701e-05
9.420346485230629834e-05
9.153486605975264879e-05
8.888137279358809145e-05
8.660174735067497731e-05
8.456263801606591756e-05
8.241959109902400097e-05
8.033800123197035214e-05
7.822080213023452800e-05
7.597364539090563427e-05
7.379934041092934660e-05
7.180131632003819583e-05
7.002199940165373200e-05
6.831750121786619187e-05
6.643548537953574144e-05
6.460586640153055226e-05
6.288158041244476006e-05
6.134355095647515705e-05
5.982168378568423166e-05
5.821439630025124359e-05
5.678387731056741582e-05
5.548473948947486238e-05
5.415089405208577079e-05
5.276688590982689137e-05
5.142434816336218900e-05
5.003190203963220741e-05
4.864013159646231928e-05
4.735471458384349407e-05
4.621919265640711625e-05
4.515340644445938031e-05
4.395610697392210187e-05
4.277585289661200172e-05
4.180048289892763179e-05
4.092819739740176756e-05
3.990948011817607841e-05
3.893317209451568889e-05
3.801999321189183023e-05
3.702288041276217013e-05
3.609072139463506316e-05
3.519256867594307796e-05
3.427694599479395551e-05
3.337603131906299815e-05
3.245944755241739004e-05
3.158025928356009593e-05
3.071117938275330530e-05
2.999540934699830097e-05
2.929702622717285951e-05
2.858762130739923542e-05
2.793272689716979186e-05
2.733987616429505048e-05
2.670575820440961897e-05
2.606589266846091451e-05
2.546197897175576130e-05
2.492411426286464976e-05
2.441979618248845963e-05
2.389060362245830181e-05
2.339698946841343096e-05
2.297119854780716003e-05
2.256927852777040419e-05
2.214267538381973810e-05
2.174585537208727397e-05
2.137870570836261812e-05
2.099721991761170479e-05
2.061499935265368260e-05
2.023867751335844988e-05
1.986006111476502236e-05
1.947223105054195569e-05
1.914439086169637355e-05
1.881036836103840303e-05
1.846958256004165496e-05
1.815505208205332206e-05
1.788518441148530814e-05
1.762058399477971381e-05
1.735142759738627461e-05
1.708250412507283632e-05
1.681551169562690428e-05
1.656913647360805950e-05
1.633341959996262565e-05
1.606916474709862804e-05
1.581484093643340476e-05
1.558291445482414743e-05
1.535697601427837665e-05
1.509934851459441894e-05
1.483248736848123986e-05
1.459145900481083237e-05
1.436540976523707381e-05
1.414003533247262997e-05
1.390198331723599226e-05
1.368176862825112255e-05
1.347921658499675752e-05
1.326717673003583360e-05
1.307491823551512746e-05
1.289864470439980972e-05
1.269542653078453285e-05
1.249911949655269990e-05
1.230582144783114638e-05
1.211999728387688111e-05
1.194967091626646224e-05
1.179616607337184819e-05
1.164683023253868966e-05
1.149907414765408739e-05
1.132780145920551019e-05
1.116152777249119540e-05
1.100782156820755883e-05
1.084936057321437034e-05
1.069201825773192194e-05
1.052578207568379230e-05
1.035856317045339835e-05
1.018783759497971377e-05
1.002329768375240623e-05
9.881939124976019372e-06
9.737298240257101078e-06
9.592574888224700719e-06
9.464838294313457877e-06
9.333367075639038469e-06
9.193189621806763164e-06
9.044765912434054629e-06
8.906466136643672365e-06
8.770729998087536112e-06
8.633987200059505749e-06
8.496774710314699490e-06
8.362912275734024102e-06
8.237295830807505530e-06
8.121082338699383394e-06
8.003780446738618590e-06
7.892102203418183395e-06
7.782405232832351053e-06
7.674313923407750807e-06
7.565854207481609662e-06
7.458036190230722234e-06
7.361864059272044900e-06
7.259181471983159730e-06
7.148760113849721116e-06
7.049323421546162335e-06
6.961763181521619137e-06
6.871844945548442704e-06
6.784321860289582448e-06
6.695653275120700634e-06
6.603550308234758914e-06
6.524439505794984679e-06
6.442763600904015029e-06
6.355118052712992723e-06
6.269031784012803459e-06
6.193591481604033800e-06
6.114884745722349413e-06
6.035570560012360123e-06
5.958762347257805826e-06
5.879328831754175114e-06
5.798146582556338239e-06
5.722207679455554267e-06
5.644362339887344497e-06
5.558648618364591347e-06
5.474101153256768803e-06
5.395957185933333427e-06
5.321500324720551986e-06
5.238407990910451232e-06
5.155959623223345670e-06
5.075875318887289469e-06
4.992101767426687108e-06
4.909029280347593781e-06
4.828173477996769765e-06
4.758176846005740873e-06
4.684482719030417264e-06
4.609471491785986969e-06
4.535563616086363881e-06
4.467937116995695268e-06
4.399779245847014937e-06
4.333504141275669182e-06
4.261620394401291243e-06
4.181567836400109267e-06
4.103070694573856712e-06
4.028059414132248072e-06
3.958802486098304127e-06
3.884929771223870341e-06
3.816636379571261839e-06
3.753433271346995538e-06
3.686957454878462162e-06
3.614066879644646359e-06
3.541876395299933891e-06
3.469057397666277278e-06
3.398871260038441014e-06
3.329599207673896917e-06
3.267484755150782370e-06
3.209523020362130308e-06
3.153141984123873249e-06
3.092600875341912197e-06
3.035554838576694833e-06
2.978536371258982289e-06
2.918868540864492766e-06
2.861526316234779115e-06
2.807749864279557998e-06
2.754175645749920502e-06
2.699793302610167831e-06
2.644357741165374667e-06
2.587985522568682923e-06
2.533873616253193823e-06
2.481711253533720064e-06
2.432124933389953320e-06
2.381558747567311070e-06
2.329617503995245680e-06
2.279360891642405298e-06
2.239957913755103457e-06
2.198699441665163749e-06
2.154103449703715783e-06
2.113665425700567002e-06
2.072138718074230665e-06
2.030246073219169147e-06
1.987869711633392586e-06
1.944128718967272173e-06
1.901280961150380728e-06
1.863196050543026125e-06
1.825274129443399706e-06
1.783077303689716337e-06
1.742993762425164489e-06
1.708982266014911918e-06
1.668772212008074987e-06
1.627011056599620898e-06
1.586923409766329451e-06
1.548930927960395140e-06
1.507782169961820734e-06
1.466032750976466175e-06
1.428100290984457614e-06
1.394977903727163999e-06
1.362825278281043949e-06
1.328670032313665203e-06
1.297276512966192252e-06
1.267558562349268505e-06
1.238931745801500024e-06
1.211983524042258211e-06
1.182778458402447084e-06
1.152509278010277014e-06
1.122857205394921445e-06
1.098683389030961543e-06
1.075433881718928623e-06
1.050654201748697657e-06
1.027776563740703348e-06
1.006761778749682486e-06
9.857021637918663830e-07
9.653730757899001040e-07
9.468422415711904243e-07
9.288911835884760390e-07
9.107080910254521131e-07
8.930340751022810370e-07
8.766264589925978337e-07
8.616561137465935633e-07
8.459021828415995469e-07
8.307182997571951907e-07
8.178291560181042910e-07
8.054243853203650064e-07
7.914204709207032008e-07
7.785203323042785859e-07
7.665535584516245020e-07
7.554539991976393681e-07
7.449065591538922574e-07
7.342616885420633343e-07
7.227741790738886145e-07
7.119154166045206708e-07
7.018126482422242445e-07
6.914649282926600559e-07
6.808218758549666316e-07
6.706527842364606035e-07
6.615526911676543550e-07
6.522433772582900881e-07
6.430022173547031158e-07
6.335107146913200836e-07
6.241682751654031935e-07
6.148146281864934051e-07
6.049652024324304458e-07
5.961595415833850373e-07
5.874322074403600666e-07
5.774137352247312111e-07
5.691675582859477777e-07
5.606230995129853001e-07
5.512652127216221306e-07
5.418959832601833107e-07
5.330178921606025496e-07
5.248486599000985530e-07
5.168019769003730902e-07
5.085058822761356355e-07
5.004965090974312922e-07
4.930065336467799213e-07
4.857899220849697322e-07
4.780915516562400229e-07
4.707441867612009112e-07
4.633331375978626460e-07
4.564111465583984998e-07
4.497403514595223671e-07
4.432560337594962440e-07
4.367053637922181217e-07
4.303920148746541934e-07
4.241349512073380881e-07
4.177780805345471368e-07
4.117423748462518658e-07
4.059858459102291359e-07
3.994801025990880605e-07
3.931053921912439106e-07
3.869322018058988846e-07
3.809273650493259388e-07
3.750028991723025328e-07
3.692388963691128793e-07
3.636572368085109419e-07
3.589707234871554021e-07
3.539512881685568863e-07
3.485576615175316561e-07
3.434284001518537026e-07
3.390018497752288942e-07
3.348359079457142194e-07
3.308837440990388356e-07
3.273903436253395390e-07
3.237931672747118066e-07
3.200455012552093816e-07
3.164923538551623553e-07
3.130078981465800772e-07
3.096634770335313292e-07
3.062004400119634241e-07
3.025303090071799863e-07
2.987672900217973185e-07
2.949976465476801931e-07
2.913953629242655033e-07
2.877697563866169692e-07
2.839521730845455276e-07
2.803705844286911727e-07
2.770622443761402877e-07
2.735927487479566342e-07
2.702906737477056549e-07
2.670687384486415851e-07
2.635145578003637830e-07
2.595218255418085818e-07
2.558802928949997740e-07
2.525113938900345865e-07
2.492654690184935181e-07
2.462806649105837967e-07
2.430657508534049715e-07
2.396327801956061210e-07
2.361211775501085725e-07
2.331315736525634591e-07
2.301480321429584762e-07
2.267872104120502931e-07
2.234767524606326470e-07
2.204508723042020681e-07
2.171006509922896022e-07
2.134143517405404286e-07
2.100912462037865623e-07
2.069604230169512411e-07
2.038323008085504651e-07
2.005062183246903130e-07
1.972000561107398007e-07
1.941104348813445266e-07
1.913563765532462370e-07
1.884423009406192524e-07
1.857249425907354468e-07
1.826957133596409793e-07
1.794320347914820178e-07
1.762256301748881239e-07
1.734086594854217128e-07
1.707937518452294923e-07
1.679916708197453644e-07
1.649118457900552460e-07
1.619344832498370574e-07
1.590201977876040871e-07
1.558781838590007982e-07
1.529380430393228030e-07
1.501748505622586621e-07
1.476185589696189216e-07
1.448385859433058592e-07
1.419837370117016625e-07
1.390489812339524857e-07
1.362059047951131807e-07
1.333767391856240907e-07
1.305043945433443073e-07
1.277951969724801515e-07
1.252873380757977862e-07
1.228252665223083897e-07
1.201747940576639612e-07
1.176366829319786863e-07
1.152413388488184410e-07
1.127424727783375656e-07
1.100947155575665506e-07
1.076669584054946834e-07
1.055309199691388655e-07
1.030028773598563391e-07
1.002525975158149259e-07
9.769598884234439450e-08
9.539003091178079308e-08
9.288345246642410262e-08
9.054297698123806286e-08
8.874262367161498968e-08
8.667829349011146895e-08
8.454630570849217498e-08
8.236702436480837522e-08
8.037184728574963609e-08
7.849208951270133126e-08
7.661224158850841879e-08
7.477643896856925266e-08
7.303453966591918504e-08
7.133123104077461376e-08
6.955923829732969809e-08
6.773467430200824674e-08
6.596015277416443509e-08
6.419626526802504369e-08
6.251665570593718579e-08
6.089816955932837125e-08
5.944384257891091008e-08
5.812971832962997310e-08
5.665441957229220932e-08
5.513464736130409437e-08
5.367879057718945884e-08
5.229949945071137389e-08
5.076762204898428624e-08
4.930823285816517211e-08
4.795430176637546615e-08
4.665686173669986246e-08
4.548271424330982949e-08
4.434666519906654237e-08
4.320083097611047458e-08
4.215060276632232454e-08
4.106339890327715552e-08
3.996267869290450465e-08
3.898197934402254520e-08
3.805779769839326362e-08
3.715806993208394877e-08
3.619040479812469401e-08
3.530668786001818328e-08
3.449283221037928962e-08
3.366313962807513194e-08
3.290814255279404162e-08
3.214457387259660726e-08
3.137402375651592041e-08
3.070058226061408857e-08
3.006414850805011487e-08
2.937451214089930513e-08
2.870707301990005675e-08
2.800342628393834412e-08
2.734037975964444924e-08
2.671290246884405635e-08
2.614974148305263879e-08
2.559502627774196137e-08
2.501414512366704994e-08
2.448162328066786709e-08
2.396731997468786454e-08
2.342091205121125149e-08
2.287548306412563493e-08
2.243620259278676496e-08
2.200477550396410137e-08
2.151007181362312381e-08
2.104955958716014036e-08
2.064752713532591650e-08
2.027151454810008962e-08
1.986682268217327830e-08
1.948901597030121018e-08
1.913129487309148455e-08
1.881243490927508155e-08
1.848824309412578309e-08
1.818906963245811126e-08
1.785955671305084386e-08
1.752112629247615449e-08
1.720020623898885845e-08
1.691612907350445590e-08
1.658036882392350129e-08
1.625127784398106441e-08
1.595980034568096943e-08
1.567656678409256862e-08
1.539003398798297657e-08
1.508999852884130574e-08
1.478970209712047816e-08
1.452893333807678376e-08
1.428165991139400023e-08
1.402233345217814292e-08
1.377200843713264413e-08
1.353176715806482508e-08
1.328941178740082794e-08
1.303703633077030934e-08
1.279686430238695221e-08
1.257082557130246869e-08
1.229953055272976653e-08
1.202946893545189594e-08
1.177865930798324057e-08
1.155325421009372197e-08
1.134514617513039662e-08
1.113186834720061260e-08
1.093564657247618150e-08
1.075272721542576480e-08
1.055163370872209991e-08
1.037476075210062278e-08
1.023190034255404346e-08
1.004650090555154025e-08
9.849122690131930956e-09
9.665856624802490483e-09
9.502642428187186171e-09
9.337803276772234838e-09
9.169095556250404116e-09
8.990302633870503606e-09
8.811591914309614504e-09
8.654924118796171671e-09
8.530063640115508216e-09
8.376088889523306143e-09
8.216277810391739140e-09
8.075962457771164419e-09
7.934643509615794390e-09
7.796504652754897263e-09
7.648856683790871646e-09
7.494011727406275005e-09
7.346164189278494653e-09
7.221442618569735157e-09
7.095970203286702813e-09
6.970008219250027119e-09
6.853880833707818163e-09
6.749308806345313813e-09
6.630489507919599412e-09
6.518493643413850880e-09
6.423554241397953928e-09
6.321461899645896379e-09
6.223750668679123696e-09
6.128266112923868207e-09
6.025199057401657559e-09
5.938913307047185015e-09
5.845618584835485488e-09
5.736815162216450298e-09
5.633024760764139690e-09
5.526728563307859491e-09
5.426302866448737784e-09
5.334453578251097969e-09
5.243455170050013198e-09
5.156734715978554510e-09
5.070041006392316848e-09
4.986798658160652665e-09
4.902743774945506098e-09
4.817360142394322469e-09
4.738831149896886371e-09
4.673852891039064370e-09
4.607253558781192304e-09
4.538030589075285524e-09
4.472271681206403573e-09
4.405638293637600085e-09
4.340740195575738991e-09
4.277202765404262901e-09
4.209093673026215870e-09
4.143875894251647196e-09
4.080222442517926112e-09
4.022026819356099777e-09
3.969398024336180687e-09
3.917139807236824010e-09
3.857864925770935714e-09
3.801681804721816806e-09
3.745981190277881453e-09
3.688830777390020722e-09
3.633032538721317283e-09
3.581244359363890991e-09
3.532981166304617737e-09
3.484560056863659993e-09
3.436610791830932635e-09
3.389663660950441924e-09
3.349114662203464296e-09
3.305479780629970721e-09
3.261102324235084328e-09
3.221497075433503841e-09
3.179419251428527617e-09
3.139473443027434447e-09
3.093562293552126014e-09
3.050214747519259515e-09
3.012145945297745125e-09
2.967970817435284295e-09
2.920732032819282836e-09
2.874774016640031342e-09
2.829217084927860771e-09
2.786423108170685090e-09
2.744795116556483556e-09
2.702002271774129901e-09
2.659440931344758975e-09
2.618420716198598895e-09
2.580825950103240848e-09
2.538787519340190899e-09
2.497636338567093535e-09
2.451704717378083603e-09
2.404291459510731423e-09
2.366560713008676955e-09
2.324625037960223374e-09
2.277210398238087057e-09
2.239950433661098038e-09
2.203465550740709085e-09
2.162642986516066397e-09
2.124648908208548894e-09
2.086249934161888327e-09
2.046856215687944500e-09
2.008020601443756951e-09
1.967458537530386373e-09
1.929292788175746510e-09
1.892946229477011874e-09
1.854979056603574783e-09
1.813622260209957388e-09
