2.194092270818777557e+00
2.055673106692399887e+00
1.788548562697935607e+00
1.521414326603946598e+00
1.249504031112792291e+00
1.075683051405294188e+00
9.023668600577073873e-01
7.926293857662218834e-01
7.048111610665553917e-01
6.145521596777169249e-01
5.434404522166526030e-01
5.026706099850496434e-01
4.413566114071275082e-01
4.091322502468526801e-01
3.757069280350692764e-01
3.423928417918206124e-01
3.088828339009307977e-01
2.893552126643518796e-01
2.738030373897268333e-01
2.639558924727989364e-01
2.446027929564645043e-01
2.258521963056360493e-01
2.104734441887562424e-01
1.962424618021853251e-01
1.862500058616526066e-01
1.770789924651474390e-01
1.657022301149188304e-01
1.516236694787602424e-01
1.374944872009818686e-01
1.246462435696050058e-01
1.154522499357004961e-01
1.066920666362778380e-01
9.602854231252019868e-02
9.115786089261042335e-02
8.284796309900718803e-02
7.385113624507595731e-02
6.531076247547080993e-02
5.930527696043529085e-02
5.419912332211303252e-02
4.722445272207388689e-02
4.163673866418952235e-02
3.738624035109188587e-02
3.385993033883966802e-02
3.136230818291656924e-02
2.871326716894352649e-02
2.595098491745198924e-02
2.367220981455076673e-02
2.209754174994945849e-02
2.129065800476308626e-02
2.050675286933545394e-02
1.958972456971444856e-02
1.828478421784088606e-02
1.705405391613902533e-02
1.589012481553880862e-02
1.516040933743858544e-02
1.458064738937764164e-02
1.365503847067464985e-02
1.277126708974154340e-02
1.206767837732746797e-02
1.168315342619082736e-02
1.106405884817423385e-02
1.029020576758560811e-02
9.877927319124074276e-03
9.142976311790462079e-03
8.302716603888008959e-03
7.802843126455269278e-03
7.320457157074116566e-03
6.886542518066827989e-03
6.386930408211842665e-03
5.831077058788601206e-03
5.575492633721282516e-03
5.280622598011059515e-03
4.929707620955175486e-03
4.673342656167746474e-03
4.487157325885582707e-03
4.357820051424013581e-03
4.148591517094219090e-03
3.988852185509701546e-03
3.818392700821412501e-03
3.622629856648620569e-03
3.525226598739680892e-03
3.355694960482740428e-03
3.239660802112577856e-03
3.106244128759211819e-03
2.985407839130553489e-03
2.905612545312225188e-03
2.770260358381745804e-03
2.650247948936504568e-03
2.550725012215814946e-03
2.488040311806312063e-03
2.429909603686586459e-03
2.337367548618207204e-03
2.249695125506447589e-03
2.187151336116141456e-03
2.092622470577023674e-03
2.003186905539602186e-03
1.935243364422748174e-03
1.811963371750635035e-03
1.665968440898533054e-03
1.506757494155598013e-03
1.395309020552460517e-03
1.312091730875973063e-03
1.214168202814990124e-03
1.155895019079249348e-03
1.069841586071615261e-03
1.032198999095534616e-03
9.786284627549839046e-04
9.037555498268226442e-04
8.205570472998809962e-04
7.549711794209374230e-04
7.012428254318325100e-04
6.390846023155089331e-04
6.206066366522929511e-04
5.528524753089398289e-04
4.989235618037723063e-04
4.634018850003121331e-04
4.280377635972375597e-04
4.007938388998859552e-04
3.729012209993023811e-04
3.316537664389785853e-04
3.073285651377052918e-04
2.787133817149305918e-04
2.542972543534202244e-04
2.229954168940733827e-04
2.046681222538294551e-04
1.801426494625101363e-04
1.707132308716094991e-04
1.501494897804057959e-04
1.392998668095015997e-04
1.281800784742648290e-04
1.231086273407216622e-04
1.141359202732476931e-04
1.106325601935576866e-04
1.035275632270736768e-04
9.746884832143190927e-05
9.113396919143624988e-05
8.259342511663561972e-05
7.414449667411715831e-05
6.916398231977203539e-05
6.231219069820041756e-05
5.775625943756547979e-05
5.252476241936990687e-05
4.933159590476575760e-05
4.715272077319927540e-05
4.451394269801201058e-05
4.218192990539923931e-05
3.894343372413400364e-05
3.580498739882640309e-05
3.407233243597896077e-05
3.145956734529434555e-05
2.826409823703821347e-05
2.565841302485320747e-05
2.350861940915997922e-05
2.048694760130588104e-05
1.698649065413451232e-05
1.545617898952041900e-05
1.265175089465345765e-05
1.194368597275544161e-05
1.037378378375998828e-05
9.235690549287125386e-06
7.790250814133359687e-06
6.726021075512155891e-06
6.103119642319398288e-06
5.528319677300932370e-06
4.870835629404467958e-06
4.690731250103892301e-06
4.214646314187874800e-06
3.810301056345567617e-06
3.510063348025187896e-06
3.390594321331038508e-06
3.213221817631740726e-06
3.032388376435765995e-06
2.894377527118445789e-06
2.659475687745034206e-06
2.530710622696823897e-06
2.326390037126143578e-06
2.235486972618994091e-06
2.065272839666756164e-06
1.858815613386920295e-06
1.652206522877203605e-06
1.535199653866531905e-06
1.380825298461305420e-06
1.312046391752820792e-06
1.186476897531987236e-06
1.107978588779849959e-06
9.584137013352899941e-07
8.087241140068756834e-07
6.937424186787830344e-07
6.111670376099345927e-07
5.344511420523896608e-07
4.600484578688728527e-07
4.171903296801851065e-07
3.780319971630210154e-07
3.269129316150914489e-07
3.043698709174603189e-07
2.745110802550095800e-07
2.601044701095225465e-07
2.427026825533567883e-07
2.223034771481453597e-07
1.941477132158044771e-07
1.748202048870178508e-07
1.604736148642415474e-07
1.453357351391220813e-07
1.300654259275476113e-07
1.237052703125025439e-07
1.112927084873188488e-07
1.019314214262743135e-07
9.339918638145764935e-08
8.174468316854196399e-08
7.474641728000818488e-08
7.108305514109417203e-08
6.643718721297043822e-08
5.999812077438474870e-08
5.507284341058502590e-08
4.902031174143591208e-08
4.617445557014642970e-08
4.295252335918515941e-08
3.979743560440835866e-08
3.755261584184253303e-08
3.470515276333940933e-08
3.200224891000529137e-08
3.008648166202338227e-08
2.637059806757081517e-08
2.466682211225502785e-08
2.318219195446821745e-08
2.127263560981669259e-08
2.013164695911654646e-08
1.925648640845732624e-08
1.802632910057711674e-08
1.702157819296479220e-08
1.608427000913507862e-08
1.517823799637498528e-08
1.418764540935006634e-08
1.316508462595659470e-08
1.226767452766165078e-08
1.126087934237252734e-08
1.095520188735056977e-08
1.007583753185367802e-08
9.434409331138277872e-09
8.945181755184712719e-09
8.177801056235093020e-09
7.294766439379256672e-09
6.423924423591954597e-09
5.705552296654267337e-09
5.154735346443252916e-09
4.633304351641310235e-09
4.024477094326946429e-09
3.634222364614992483e-09
3.369766837250093912e-09
3.061538204285575193e-09
2.870413791143888987e-09
2.674851958850668693e-09
2.516831525864475657e-09
2.279291634737602840e-09
2.116852850273181220e-09
1.924360561538755883e-09
1.799798685861608039e-09
1.695233522799056266e-09
1.498599730235560578e-09
