1.048843609021084644e+00
1.062166778140504420e+00
1.102227175913881974e+00
1.054627861586334925e+00
9.304687917614493653e-01
8.314108189614741740e-01
6.922669213259496912e-01
6.382166273783373978e-01
5.966481346827489096e-01
5.585483028577387099e-01
5.345144892128419478e-01
5.139025226044665606e-01
5.060423397287704406e-01
4.857075634836726663e-01
4.671344275702924986e-01
4.531480309148582797e-01
4.267055366686367535e-01
4.019312764883918310e-01
3.853028351783676086e-01
3.714449943951645960e-01
3.548236583959605284e-01
3.493883449538769947e-01
3.349824140257487426e-01
3.288531779249572184e-01
3.171839381129755719e-01
3.093978769942244966e-01
3.032335194381030052e-01
2.956528521077108618e-01
2.861659848049897259e-01
2.731264463964887534e-01
2.644641834996205310e-01
2.604948711196318212e-01
2.494794853286203817e-01
2.396674823871634274e-01
2.322982969698208222e-01
2.261580861236739959e-01
2.222022671204610111e-01
2.142517660927838741e-01
2.077035938509688706e-01
1.994751067742076556e-01
1.965083579566383465e-01
1.929462254830298096e-01
1.864084025611079942e-01
1.787830477903025739e-01
1.743266721077083026e-01
1.683825550651107950e-01
1.643117868437209972e-01
1.597253720760221651e-01
1.568821077242789908e-01
1.535054842577676937e-01
1.512132444032292800e-01
1.472436604195817567e-01
1.412040262822737147e-01
1.355574500954412620e-01
1.315549133766075185e-01
1.268178534891218345e-01
1.255499813225436634e-01
1.216273543350748776e-01
1.192354277181589262e-01
1.159003691857582452e-01
1.136001036879983328e-01
1.109649075179487548e-01
1.081547573035270826e-01
1.060621608848418412e-01
1.029445934371820692e-01
1.007917344336172610e-01
9.948222515084383100e-02
9.781640549147040120e-02
9.437201722024944617e-02
9.198260178102955764e-02
9.015220016057644281e-02
8.684899992210613762e-02
8.505854354025081665e-02
8.266288015064501837e-02
8.035382925720439828e-02
7.922611392247884410e-02
7.625569333907791791e-02
7.500439985488076278e-02
7.300848284050058534e-02
7.181258858394859446e-02
7.073213779871952156e-02
6.849407102253582402e-02
6.760841335785562622e-02
6.536945484446439469e-02
6.492140231880186296e-02
6.235039820365063934e-02
6.046242686661447430e-02
5.933905523056744180e-02
5.840388476335282852e-02
5.730229016402613174e-02
5.617762020086850688e-02
5.479719342162514550e-02
5.374330903131867287e-02
5.339838130847814057e-02
5.207975579484361295e-02
5.086714078848570547e-02
4.998394777047013293e-02
4.915080442488456436e-02
4.869059332218301367e-02
4.767776070335293104e-02
4.717254970305880674e-02
4.559386179665007172e-02
4.508961155116512909e-02
4.437690324282951571e-02
4.347011062835186290e-02
4.281947574096817144e-02
4.155189323966932552e-02
4.085849255960918858e-02
4.041210246067231809e-02
3.959147146701487430e-02
3.908091575452812133e-02
3.870603038650996530e-02
3.784832822160298649e-02
3.732171860208559344e-02
3.680862018966023913e-02
3.646489571240613126e-02
3.560109051976848016e-02
3.524477041342607281e-02
3.492247568895642112e-02
3.432853713903038367e-02
3.414044572494917551e-02
3.357998125639813369e-02
3.292801163435314649e-02
3.256936263803945214e-02
3.191317008954370343e-02
3.137820864450008296e-02
3.110822004106388733e-02
3.059795581333800071e-02
3.030346916574734942e-02
2.994509049854123667e-02
2.945370268190029145e-02
2.904448805108859541e-02
2.849148831738009674e-02
2.802601930007958195e-02
2.757906867470738890e-02
2.728609466990897237e-02
2.652176562211042490e-02
2.581933805508815349e-02
2.549277262750367784e-02
2.516761494288829656e-02
2.482873141735659692e-02
2.403768745715471888e-02
2.361932460721170510e-02
2.346710431192941190e-02
2.282082095363239735e-02
2.238838789519349837e-02
2.204237120582652754e-02
2.152054328696485080e-02
2.115168003935014029e-02
2.085302870224317595e-02
2.061252279009802291e-02
1.997150401972343572e-02
1.975758783587915762e-02
1.957963756712693265e-02
1.903096253353948192e-02
1.845748278357565650e-02
1.788409577686334712e-02
1.740726590379210181e-02
1.712832189178559519e-02
1.663905927084860861e-02
1.653562565369174828e-02
1.588827437171912507e-02
1.556696029255531105e-02
1.523129657368903211e-02
1.486454200826899281e-02
1.443993404546227259e-02
1.417724176583239071e-02
1.392195218795112474e-02
1.367895572083215050e-02
1.340593326584418876e-02
1.313318106631766388e-02
1.294305249959933589e-02
1.268876127433283922e-02
1.228089074845023151e-02
1.201129130231363626e-02
1.169693212463903537e-02
1.141172728880600340e-02
1.129515148982115913e-02
1.095666193150606448e-02
1.058539297510067631e-02
1.041204420976868210e-02
1.018405399186450913e-02
1.003626637390986863e-02
9.718649041921928813e-03
9.463501303145943275e-03
9.368971674335349956e-03
9.119393347368404817e-03
8.948853176864461981e-03
8.678319513785920369e-03
8.393101922971057255e-03
8.269110829144778532e-03
8.046421819182645110e-03
7.899136742876186959e-03
7.756947146999434474e-03
7.557130067575991254e-03
7.300437383585563385e-03
7.157815005853857861e-03
6.840989051370685060e-03
6.691491210059254645e-03
6.436659695364124745e-03
6.355216910444633216e-03
6.211204932003616327e-03
5.986704280100975210e-03
5.904850855500950145e-03
5.552818518775094227e-03
5.418000710221374840e-03
5.191599107404997956e-03
4.992457073338887538e-03
4.823573824937683538e-03
4.724627237772128716e-03
4.464774820016518576e-03
4.354984681187968991e-03
4.233795711742430017e-03
4.037000939518892162e-03
3.866540028375513652e-03
3.793806574364045302e-03
3.692594405866682274e-03
3.597804043327976209e-03
3.503786365308853967e-03
3.381131721439902503e-03
3.249380467536408957e-03
3.153064116051507940e-03
3.079158128685315684e-03
2.959742062994794292e-03
2.825579540379957733e-03
2.740176848597445335e-03
2.684505255957141991e-03
2.597964047950928300e-03
2.502603734971793441e-03
2.393202621767064574e-03
2.296096676507502436e-03
2.255147703637443764e-03
2.187335650280764886e-03
2.142030714463285471e-03
2.088616180279901854e-03
1.998466996333851751e-03
1.946587574857303526e-03
1.905512831204360814e-03
1.833711798077138034e-03
1.768773960195137987e-03
1.750179245906057597e-03
1.702240712479924931e-03
1.670510319713916416e-03
1.642751315474209059e-03
1.592455266212763204e-03
1.563109012680636298e-03
1.515463353515797027e-03
1.465543551692888129e-03
1.438169064421308558e-03
1.421772301327839383e-03
1.370514357568905234e-03
1.327876216695247436e-03
1.310429663495777958e-03
1.285713254057850238e-03
1.249098991880308275e-03
1.231178494362659623e-03
1.191300819095417315e-03
1.177161010151708603e-03
1.145630161329921123e-03
1.102336843492839795e-03
1.068143257965086705e-03
1.039944851085894580e-03
1.021343156409129432e-03
1.000328152919892875e-03
9.650397325917907257e-04
9.532214224146205077e-04
9.319285934329399942e-04
9.013737668054711341e-04
8.714372316871832986e-04
8.487437275618745728e-04
8.323019050451145075e-04
8.075053494253585764e-04
7.963164027573223225e-04
7.846441162749277602e-04
7.634479265982824746e-04
7.517915706331425437e-04
7.358453357616941094e-04
7.078726387974557024e-04
6.939134141027025358e-04
6.721545039273293378e-04
6.602504163448815605e-04
6.462917462674008578e-04
6.298413111489543827e-04
6.181228656722896316e-04
5.985911134027330476e-04
5.902275920884730029e-04
5.728887678958852463e-04
5.644649630090085640e-04
5.424502888966144069e-04
5.381320741809127997e-04
5.167392531803868122e-04
5.007961667716977639e-04
4.868169215685475980e-04
4.752308353297635731e-04
4.669804390891961867e-04
4.465034993966453519e-04
4.417264364502233257e-04
4.326268671392652062e-04
4.176729422037153932e-04
4.067956743644253557e-04
3.991602555545435845e-04
3.884254018796077937e-04
3.772455338910741022e-04
3.708304556552029663e-04
3.661060847371117987e-04
3.564601765016255563e-04
3.476321788499551449e-04
3.415842621638236101e-04
3.339706001038068731e-04
3.226443210431828384e-04
3.036923991441288192e-04
2.960775764034060753e-04
2.896627276994932667e-04
2.784966073372813623e-04
2.685935534667440285e-04
2.637091896570840834e-04
2.572055022802448906e-04
2.514303541433775160e-04
2.405794722249015043e-04
2.363898887853306682e-04
2.321426231412617499e-04
2.219097164920826840e-04
2.144743962048106117e-04
2.088228814029998760e-04
2.023850089398418082e-04
1.958946232545318109e-04
1.933730061572706501e-04
1.892292247506885329e-04
1.868794106660048209e-04
1.800042931414992946e-04
1.766902019224785925e-04
1.711084896457889777e-04
1.664349866626826534e-04
1.627758387706424999e-04
1.592378330654490692e-04
1.573025647014817080e-04
1.510635946449800937e-04
1.472303350648179710e-04
1.452924404555822893e-04
1.379140621060652395e-04
1.353339185966830809e-04
1.310703200762381414e-04
1.269501577549512420e-04
1.256764005293585615e-04
1.216245109995831014e-04
1.178139845876153549e-04
1.143058023150746448e-04
1.122171827668686829e-04
1.097735112555473723e-04
1.079657433105897968e-04
1.045999078404705971e-04
1.034660482854889445e-04
1.008152473247087710e-04
9.726353507193767861e-05
9.459443754411839148e-05
9.108922852975647399e-05
8.933941728732956126e-05
8.722929587045559171e-05
8.532287344913446544e-05
8.293725504465462135e-05
8.219809156638895335e-05
8.023232016946816767e-05
7.749178268941116080e-05
7.588560108809896856e-05
7.451360855199649729e-05
7.303929569678546056e-05
7.215436467925383647e-05
7.067272862064075437e-05
6.843685512571973919e-05
6.661654189173568067e-05
6.579599584374236441e-05
6.509094951614161810e-05
6.359621849370453942e-05
6.202830983511999974e-05
6.135243326922574538e-05
5.973286764639927019e-05
5.903647468340774242e-05
5.745253392409434750e-05
5.640629304969022208e-05
5.520314629704123333e-05
5.466120835187142466e-05
5.393563981281866997e-05
5.290222207786901613e-05
5.238222682555818783e-05
5.093507575561038195e-05
5.021893544068968410e-05
4.885731163611069878e-05
4.750285447102014434e-05
4.671636833256802323e-05
4.575102300074579469e-05
4.454071265734102134e-05
4.382569570819895750e-05
4.318595810974230827e-05
4.241772401299380842e-05
4.166426518542152045e-05
4.075513079289978401e-05
4.029172773431220111e-05
3.985524289586133285e-05
3.865050578178036726e-05
3.788799153874724488e-05
3.722773646372848984e-05
3.657695610215433364e-05
3.558908361843757381e-05
3.529320703709913030e-05
3.449311288455220013e-05
3.406245304598297857e-05
3.354588480873898381e-05
3.312841737958425531e-05
3.249812541080942917e-05
3.193550910444565818e-05
3.118806187488759905e-05
3.082545401667678351e-05
3.055042255586554607e-05
2.973760940427309053e-05
2.895691637030646117e-05
2.834311688044052318e-05
2.805068734720588634e-05
2.757342530008304905e-05
2.724213277902559567e-05
2.677073530426462615e-05
2.638040672969352605e-05
2.586339926328012478e-05
2.543238827706096133e-05
2.502328124605180849e-05
2.440556344563027215e-05
2.396855516494762482e-05
2.334238907512497355e-05
2.302594057943017244e-05
2.234169123361215640e-05
2.209913473983042751e-05
2.151715506117713231e-05
2.094097228543626100e-05
2.030030559194871069e-05
1.988637038045099211e-05
1.957339635155131815e-05
1.919536023440410291e-05
1.854560799231746808e-05
1.809075508670170962e-05
1.758449776417000024e-05
1.707634541194389706e-05
1.655288055512795219e-05
1.619195084831541277e-05
1.584306284296971347e-05
1.554216723052518156e-05
1.497794302939958897e-05
1.455932855642797560e-05
1.371537157829131753e-05
1.339285702622010902e-05
1.296828875523600367e-05
1.276463423992212236e-05
1.243234314669118395e-05
1.230024986937116131e-05
1.184004007484606524e-05
1.159534823764346227e-05
1.112704215615616532e-05
1.082987810609557862e-05
1.037196126457018198e-05
1.024321294583603537e-05
1.003959836894985808e-05
9.641724768590313784e-06
9.341616070239852320e-06
9.186708967293329717e-06
9.066566772948483671e-06
8.649389580954277947e-06
8.433776575576880136e-06
8.281123984677055431e-06
8.083174118206771212e-06
7.730241692775152200e-06
7.542511001665419539e-06
7.097658386414411993e-06
6.936889062540312946e-06
6.785315927982976583e-06
6.645117559109955863e-06
6.527204764057355856e-06
6.365510125265691861e-06
6.154455378069107542e-06
5.976053518533571038e-06
5.846812739844644545e-06
5.653007284458123357e-06
5.556152889415701692e-06
5.473802245440941209e-06
5.326063597052661421e-06
5.223131048492184577e-06
5.160106712053250995e-06
5.053067807205830445e-06
4.932014127034897399e-06
4.837150971355946281e-06
4.734257525085863423e-06
4.664059090624483925e-06
4.574186291016538006e-06
4.488131312529179112e-06
4.369827489285261372e-06
4.268902101200615315e-06
4.230766224010976369e-06
4.112849128241222436e-06
4.033621564057529306e-06
3.963186482296899770e-06
3.915468016539939515e-06
3.820084742443846947e-06
3.748613886638072635e-06
3.658926824581774126e-06
3.566627884479983299e-06
3.508562100410449204e-06
3.474622675587269049e-06
3.335324949969812322e-06
3.303784127157136202e-06
3.173252743895253647e-06
3.054872561775958476e-06
2.964875021288919657e-06
2.911757104078207874e-06
2.860742007535535741e-06
2.781523473595346306e-06
2.727768620504599599e-06
2.660028249851732529e-06
2.606115962721540790e-06
2.553634941877286430e-06
2.469524277118765564e-06
2.405503948326475312e-06
2.342036753188752399e-06
2.307946578967384621e-06
2.266657377175564211e-06
2.182290729251856763e-06
2.084268228793098170e-06
2.005397961865235274e-06
1.970007730453655250e-06
1.926615916882801492e-06
1.889774112838449963e-06
1.832741271219362624e-06
1.781087380722179174e-06
1.729465416789191644e-06
1.676218648939969644e-06
1.621307094898587340e-06
1.534927987697709189e-06
1.516431178738098176e-06
1.472937507300107494e-06
1.448014076045644881e-06
1.419825922093674386e-06
1.349026207404694352e-06
1.323087764377496710e-06
1.276434472028957593e-06
1.230001885369757236e-06
1.205368418945664777e-06
1.178217315460579273e-06
1.118286548033844963e-06
1.080545594843459609e-06
1.052856551906702344e-06
1.019543228166539429e-06
1.003572776981615621e-06
9.590848159314826935e-07
9.337138312151707619e-07
9.043863296078207166e-07
8.611691034549828509e-07
8.412525860331508077e-07
7.803096797066871359e-07
7.662014591424856230e-07
7.328139159932690259e-07
7.181659796287764888e-07
6.815927516202080366e-07
6.677910564526889686e-07
6.362307971632745534e-07
5.976617632394311298e-07
5.770459159645011179e-07
5.568932587830851547e-07
5.347721722528272722e-07
5.210249182343224953e-07
4.942528116409300332e-07
4.704161854372894721e-07
4.421474562975212310e-07
4.330485492167649499e-07
4.184903423088036027e-07
3.962359810679710977e-07
3.792907516918214932e-07
3.665200545351376943e-07
3.586921692860087456e-07
3.336468265919235648e-07
3.192859619646877380e-07
3.071170571553149041e-07
2.949752781616620963e-07
2.907432729248214676e-07
2.860365507473460809e-07
2.791546370849054120e-07
2.719658980944917287e-07
2.671461004687405628e-07
2.586808307897612157e-07
2.498664982297716122e-07
2.387042180569083730e-07
2.370119200852947679e-07
2.302685000621123916e-07
2.256386357032161487e-07
2.188367611241244423e-07
2.148018534152556420e-07
2.114958940538854991e-07
2.025039144933870340e-07
1.948770611377647885e-07
1.913753927203077365e-07
1.872510978099194788e-07
1.790347912120427846e-07
1.734039164871471985e-07
1.667000986684947225e-07
1.609781527903946030e-07
1.588873549185012717e-07
1.543927082301275734e-07
1.515984257330782284e-07
1.451217417065741663e-07
1.399508921517341062e-07
1.350776157665031625e-07
1.314956647700775428e-07
1.270574680422115968e-07
1.226773477263369946e-07
1.207817661332547475e-07
1.167941326345655148e-07
1.134970682479196704e-07
1.113270371255154102e-07
1.078428309685105218e-07
1.050665324248918104e-07
1.012425037367723118e-07
9.805291655666094498e-08
9.629460188064308048e-08
9.337019680506363393e-08
8.978385577004238572e-08
8.403907562814881721e-08
8.320672587862913592e-08
7.989317860504467030e-08
7.756162206932490391e-08
7.528596834609199078e-08
7.382322492311986943e-08
7.142341632100182697e-08
6.881542106899373496e-08
6.614402580707911575e-08
6.445332190139487455e-08
6.211521134939583163e-08
6.052165485997552445e-08
5.837560127301546892e-08
5.751799983319514432e-08
5.636150118821459387e-08
5.391534250427143002e-08
5.257613576325183362e-08
5.004522893248408838e-08
4.812956407286838644e-08
4.754607637251975534e-08
4.586542957846858002e-08
4.469043711164552895e-08
4.354903228729221989e-08
4.271217249165382303e-08
4.199436520066493011e-08
4.013581424978632673e-08
3.948024151422975916e-08
3.846305230089326259e-08
3.803816281505335555e-08
3.623529999379910627e-08
3.465747148364804913e-08
3.400291762154896520e-08
3.304786157658243885e-08
3.260797637679149807e-08
3.164679107037081729e-08
3.112723843311044640e-08
3.039206868915031411e-08
2.921101764189630260e-08
2.875723604944964100e-08
2.814702179626649137e-08
2.761069201001258056e-08
2.704601438131473847e-08
2.680736643339294790e-08
2.641549168570949691e-08
2.602995114430002972e-08
2.553934843165275416e-08
2.521211268064876360e-08
2.477626866313264374e-08
2.418074358023591978e-08
2.370743910934308225e-08
2.352624211220974943e-08
2.310061203860437518e-08
2.257969010008442851e-08
2.185446667274339947e-08
2.167508141614978826e-08
2.126572482961024848e-08
2.097765349608387688e-08
2.058235371929314128e-08
2.018332274760046712e-08
1.981621619098122628e-08
1.933841175152712653e-08
1.890191438166203311e-08
1.840656935524035943e-08
1.749830865732709857e-08
1.735755655222858578e-08
1.696105703124478601e-08
1.652831190811878367e-08
1.620085370242560322e-08
1.568553790321096847e-08
1.512867613591220544e-08
1.460783068228876091e-08
1.408693763922469022e-08
1.372404326775647151e-08
1.326657564851171034e-08
1.295437673105567788e-08
1.258860465208794446e-08
1.174169405910606685e-08
1.160966214159316333e-08
1.112129114561742188e-08
1.072824123902088813e-08
1.049551815819779455e-08
1.022822021677033225e-08
9.655330302370491687e-09
9.278073287918624122e-09
8.973489882584901034e-09
8.725823166303123276e-09
8.529262291568909372e-09
8.158496840761550333e-09
7.943293504191169954e-09
7.762735130100511579e-09
7.404449491514870459e-09
7.219110051688902962e-09
6.906406782447964989e-09
6.730473717551661037e-09
6.538169804255851607e-09
6.337869752990140534e-09
6.120483681945306493e-09
5.942209768662068350e-09
5.748157748364927217e-09
5.557502542950571890e-09
5.487840786489745693e-09
5.268996882135299813e-09
5.141674302579945947e-09
4.978603441209840747e-09
4.833753478908346558e-09
4.508971270107012008e-09
4.357372958810899095e-09
4.268117992106025292e-09
4.173417593938362887e-09
4.084039635542626366e-09
3.944183074985016109e-09
3.831099820281149343e-09
3.757058218585821607e-09
3.614009771499032445e-09
3.474457034671450209e-09
3.372482553165577095e-09
3.279199254532153778e-09
3.209741590610819501e-09
3.136982999304041027e-09
3.011051826505581647e-09
2.926665834452027940e-09
2.857520182302597699e-09
2.797416612352160903e-09
2.641925793641232366e-09
2.608430418657426378e-09
2.533232159344997088e-09
2.458753262813483688e-09
2.399581641079561654e-09
2.238238176030090244e-09
2.148966842256255744e-09
2.116455851091639219e-09
2.043130198301130892e-09
1.984472267860064165e-09
1.904882379111685773e-09
1.848286365385186241e-09
1.758466324377195342e-09
1.666610845024160330e-09
1.604817066352395739e-09
1.546185557427174733e-09
1.524859338107360096e-09
1.450511710683745381e-09
1.430737875640218674e-09
1.380038097402158158e-09
1.329641283609392766e-09
1.294389380291792762e-09
1.263116739608803161e-09
1.186523799233245887e-09
1.173564771412260534e-09
1.152972441018646157e-09
1.100553945928436190e-09
1.062735721066129262e-09
1.042942534100985307e-09
1.023301304837623096e-09
1.001477424657614792e-09
9.485896749033996030e-10
9.396245058115394717e-10
9.009108917696853798e-10
8.679393352398585324e-10
