6.246817013427713450e-01
6.007744172366661362e-01
5.944902203464270674e-01
5.873813275859519623e-01
5.785594887967410171e-01
5.513909927682814072e-01
5.283707664488230815e-01
4.953036100831377797e-01
4.712674857236223702e-01
4.582815384793781366e-01
4.456669365151184059e-01
4.289128454707068494e-01
4.199776575729995409e-01
4.045046025499819398e-01
3.920603187376297538e-01
3.809740098737856018e-01
3.709607620441394138e-01
3.569102104551972188e-01
3.453288389881293829e-01
3.374142203759262770e-01
3.217222900877516056e-01
3.013552609520558923e-01
2.977336835700388762e-01
2.870701040059736031e-01
2.724756923579850221e-01
2.560361577311145997e-01
2.467127291386868038e-01
2.445439948750453840e-01
2.292663095371075266e-01
2.277758961676798199e-01
2.174133096683326938e-01
2.045490800685220989e-01
2.012152074349741748e-01
1.956553282209013978e-01
1.941328822455805347e-01
1.840772903351534651e-01
1.800630453191402469e-01
1.698978882153397985e-01
1.588539465869212297e-01
1.577989019742050414e-01
1.509545435239689481e-01
1.436294320401382274e-01
1.352880293943012902e-01
1.315594499826844010e-01
1.273007274142556877e-01
1.182933941493106572e-01
1.178375804811567923e-01
1.135897898527683247e-01
1.125322912528047281e-01
1.113785462129013026e-01
1.039620726986383581e-01
1.030611985253320206e-01
9.977990623241939083e-02
9.550442591044433494e-02
9.267610955302775511e-02
8.999235760502229120e-02
8.784695414385090828e-02
8.566218237585002115e-02
8.520198003923822039e-02
8.269302345199572302e-02
8.237178986729636054e-02
7.792247352944667305e-02
7.659990462567575764e-02
7.337171910721186630e-02
7.311827430356165891e-02
7.036699781825662969e-02
6.958509708713306319e-02
6.883914122287347614e-02
6.688034867062067623e-02
6.593293091364688108e-02
6.568651825963833790e-02
6.363601087702180914e-02
6.306657580158162024e-02
6.053853857696302188e-02
5.975326967732821210e-02
5.957179541229282171e-02
5.845011965640797141e-02
5.658063126207518723e-02
5.521923372580075234e-02
5.422420872585637097e-02
5.376714453613921224e-02
5.339842051225326958e-02
5.234062264414823112e-02
5.134613644613273548e-02
5.119338121884799836e-02
5.057068835026294618e-02
5.039995910435551146e-02
4.935517249762493702e-02
4.905478907926027338e-02
4.653003812387317140e-02
4.634759248566819312e-02
4.436998959052919356e-02
4.391816312893412344e-02
4.382546441105193702e-02
4.184678055039604133e-02
4.145427035213376799e-02
4.119563533934577498e-02
4.107077353616488125e-02
3.975104197928565342e-02
3.808343705844572519e-02
3.745818739544228698e-02
3.731720702142445056e-02
3.686816437160706644e-02
3.680093240039474661e-02
3.584368068224393078e-02
3.545340035378877208e-02
3.489436498791613495e-02
3.462197937368019507e-02
3.450375082368153240e-02
3.437857328088857189e-02
3.428991866394649757e-02
3.401242352953235543e-02
3.277244949460282608e-02
3.232933307236899451e-02
3.138285398187541653e-02
3.110890483079914101e-02
3.089638922879804281e-02
2.963988379622302383e-02
2.958080769974619911e-02
2.914366670693775696e-02
2.796742167488003653e-02
2.776961580075407166e-02
2.771715239982962958e-02
2.754733539308449122e-02
2.700618511361421378e-02
2.684520944927555261e-02
2.627803831542667792e-02
2.600350454214072488e-02
2.519046785765617982e-02
2.457350710638178323e-02
2.428011399217494190e-02
2.422460179813825873e-02
2.420257754985023768e-02
2.396703543366601741e-02
2.332346992622798959e-02
2.325485966847330374e-02
2.288125124552103234e-02
2.279604354021025001e-02
2.239990270662110122e-02
2.228625319036603436e-02
2.215438462651221976e-02
2.205990468240806926e-02
2.113449139679860270e-02
2.080676524744121472e-02
2.073854667668783430e-02
2.022399309609862472e-02
1.973485775206222301e-02
1.940781601879439100e-02
1.939784927915534987e-02
1.868561495067656841e-02
1.841334528601731857e-02
1.830977865244344874e-02
1.822670642971494295e-02
1.817402267511178393e-02
1.746510993800924616e-02
1.726061467312707196e-02
1.723804263259314309e-02
1.695177727394870520e-02
1.685292572214240961e-02
1.666471601454008397e-02
1.609549460986782823e-02
1.604002660026812230e-02
1.595257392794433710e-02
1.549958575545574979e-02
1.535818610887941180e-02
1.521746729564598180e-02
1.496763515163366046e-02
1.488717164886202080e-02
1.486743045688429868e-02
1.419142528922192129e-02
1.379140395157761080e-02
1.359061535903889964e-02
1.317421212742709430e-02
1.286723213503941123e-02
1.249129935359095597e-02
1.238543014344962306e-02
1.175852449486766357e-02
1.166132249642272585e-02
1.163894591390536581e-02
1.160510401943327420e-02
1.157833764950039375e-02
1.066574714903015947e-02
1.058660721986620125e-02
1.055463019415018786e-02
1.039006542281329173e-02
1.036945204804072367e-02
1.028165256961494078e-02
1.020871507452747289e-02
9.444179278898418711e-03
9.328111091337212141e-03
8.856378089639287132e-03
8.694400239402697017e-03
8.651034946234903086e-03
8.631707686751709935e-03
8.461178495261586704e-03
8.408977100102327240e-03
8.337664946168362248e-03
7.928242225594132192e-03
7.883415133984085499e-03
7.356069270223130133e-03
7.325875767657465294e-03
7.301777291582182625e-03
7.218794553555184929e-03
7.098529463543340121e-03
7.023445102419555164e-03
6.884527680672830260e-03
6.842944430749758888e-03
6.779408216880278282e-03
6.690814584929862148e-03
6.574058746760114494e-03
6.466930770279683861e-03
6.226845089516749865e-03
6.144597311086540115e-03
6.129403022803512832e-03
6.065476036042644764e-03
5.727013690733378896e-03
5.560151605909651601e-03
5.500970200556370981e-03
5.395010878828590192e-03
5.268616799028841627e-03
5.216869013283285776e-03
5.201341320503454456e-03
5.169251216685342119e-03
5.145567990932432660e-03
5.039302242498877593e-03
4.707903268887631172e-03
4.692743291852386096e-03
4.656869582205310984e-03
4.651177955034929007e-03
4.493143525382914047e-03
4.454879334012193035e-03
4.385792192398099525e-03
4.253597491883089401e-03
4.176060390248069638e-03
4.115137817574382809e-03
4.111176599350688243e-03
4.099267914767622950e-03
4.028133848203618167e-03
3.903105638956289817e-03
3.855377931538369555e-03
3.818606065087744653e-03
3.718327812603185699e-03
3.701262474614280904e-03
3.675732272817263703e-03
3.658137178402711114e-03
3.522419233422620800e-03
3.471394594155404172e-03
3.430585402059048265e-03
3.324749468245411736e-03
3.309136754623018869e-03
3.285038537341746293e-03
3.260364215871425306e-03
3.250544108643565674e-03
3.203135364602023236e-03
3.169607026995925961e-03
3.143846276513033444e-03
2.872718596969103290e-03
2.860812471239810965e-03
2.847954044112230125e-03
2.811863783335402569e-03
2.803946232934726064e-03
2.721022661854362572e-03
2.627456946851432131e-03
2.604068913952898787e-03
2.574038015778581847e-03
2.567808651222850368e-03
2.483462927522162456e-03
2.470739273973419480e-03
2.335883677027858225e-03
2.313486050559149330e-03
2.296841307890180785e-03
2.285609679317636075e-03
2.264383269712332350e-03
2.228432388695491834e-03
2.143265675978650760e-03
2.078778818388369969e-03
2.069967653170467180e-03
2.062477493197853277e-03
2.058877546467445269e-03
2.013380158722940984e-03
2.004462038120658797e-03
1.882132215256828323e-03
1.875677242124107729e-03
1.820902749902388127e-03
1.812664759332346855e-03
1.809314356474534587e-03
1.792597253063116410e-03
1.729895486270667786e-03
1.722097219112753022e-03
1.608438653186482778e-03
1.604213511132911770e-03
1.595900707244896034e-03
1.594683030769223709e-03
1.579056163631916082e-03
1.504950314068953911e-03
1.484607644270703177e-03
1.448027596354021238e-03
1.410876706780872470e-03
1.406630549341780691e-03
1.382969354962953947e-03
1.379966477353537172e-03
1.373637980021835204e-03
1.350683924205935398e-03
1.312220227978595430e-03
1.287459124868808782e-03
1.280424681358037324e-03
1.270307020366177961e-03
1.257989931150555038e-03
1.256346000243018044e-03
1.250676869723604161e-03
1.174855602079234599e-03
1.162083106840509266e-03
1.160238952759398571e-03
1.141315167333801931e-03
1.124263193763362905e-03
1.113969733032486517e-03
1.087228733690854361e-03
1.067315663442812293e-03
1.014557724209657003e-03
1.012026374418436864e-03
1.004951143419520639e-03
9.995279748038672380e-04
9.791165256217335654e-04
9.624875740930153569e-04
9.589667841800268017e-04
9.293460873293003148e-04
9.188183124781517091e-04
8.932203680602115569e-04
8.792001235049931368e-04
8.736693930599880812e-04
8.181462449805662791e-04
8.168627667956077087e-04
8.165438374772230733e-04
8.131777694041863016e-04
8.065425582922102496e-04
7.891073953488138455e-04
7.634899510759328607e-04
7.394421631794453106e-04
7.310651339924478147e-04
7.223626410456174610e-04
7.086518617828019414e-04
6.950229689397781309e-04
6.915712196301212556e-04
6.817910777649807122e-04
6.809273896176279905e-04
6.598437539770145212e-04
6.553315662631892160e-04
6.126664811048682839e-04
6.088425587138267866e-04
6.080645672266852837e-04
6.014966974677556175e-04
5.926711419117256614e-04
5.725359681063631884e-04
5.555120670926480368e-04
5.229038017104274466e-04
5.215907911762333047e-04
5.211780174416952944e-04
5.165835318080490247e-04
5.064372930415816584e-04
4.992487831123103379e-04
4.864156753996264960e-04
4.856346251424791026e-04
4.850528911089791177e-04
4.650877086319427176e-04
4.622624375575526499e-04
4.578875927747087966e-04
4.223809760822683202e-04
4.138127478023092805e-04
4.119297525521845287e-04
4.070586404508452077e-04
3.990841049468535785e-04
3.977981717351109295e-04
3.930107622208738809e-04
3.888370815567270878e-04
3.856582388715370656e-04
3.843275234377191755e-04
3.784455495557655178e-04
3.319485702403343228e-04
3.300068866577553391e-04
3.297352120253905171e-04
3.265954416871759826e-04
3.234443173641546386e-04
3.209967816199919160e-04
3.113121073518057796e-04
2.973613529777945096e-04
2.868966684955029573e-04
2.853676956825349832e-04
2.826755002761304446e-04
2.824816386897176582e-04
2.790062006845749607e-04
2.787485522408724380e-04
2.752900383692939365e-04
2.494323823208488143e-04
2.488596473936625876e-04
2.453360615978650164e-04
2.435853405783595070e-04
2.386573601000225567e-04
2.348214094004570781e-04
2.326757669851297087e-04
2.317887002609066583e-04
2.199455069744277527e-04
2.160972192875869238e-04
2.151156136985830165e-04
2.094996068450033196e-04
2.088455676252952474e-04
2.079349515490943256e-04
2.072761698537924611e-04
2.062589908600081818e-04
2.018515764202390844e-04
1.917184184455354744e-04
1.908480215652997030e-04
1.888348588289565208e-04
1.855018461435585379e-04
1.833768753600955670e-04
1.797282910494051825e-04
1.793665238124287655e-04
1.774367151176655776e-04
1.770843389119623648e-04
1.695924396596074795e-04
1.642347963896822007e-04
1.586319399455767552e-04
1.574521314984043789e-04
1.548220912065441780e-04
1.547505296956605645e-04
1.534852342893090076e-04
1.524404921169725496e-04
1.500424057033144197e-04
1.477590894857672046e-04
1.459134482369744577e-04
1.411338454444879017e-04
1.409618949347266341e-04
1.395452593588659875e-04
1.306220501486239931e-04
1.300376926425912878e-04
1.288762354873283311e-04
1.283644430019940626e-04
1.232118745700418985e-04
1.223881439899509791e-04
1.180367081330637222e-04
1.130971139733082266e-04
1.129058105893932868e-04
1.127201926907245739e-04
1.121602965525714230e-04
1.113373708729874803e-04
1.083452200386988572e-04
1.062733645892724048e-04
9.497826402730704103e-05
9.418260427348938756e-05
9.283064425826857767e-05
9.180534733199563631e-05
9.143814401142970837e-05
8.837531892742074796e-05
8.619734781195413902e-05
8.530641230824623298e-05
8.504307242523221244e-05
8.455374886879045340e-05
8.272556343023349066e-05
8.257560530609691382e-05
8.242000845578191916e-05
8.208279527282803757e-05
8.118818350062544358e-05
8.054392627248998843e-05
7.964063592933041111e-05
7.928488198655251294e-05
7.885872503076946734e-05
7.724951950328968922e-05
7.157115951067805916e-05
7.145460098644619345e-05
7.048533718316917613e-05
6.983614942244735654e-05
6.938105377674272140e-05
6.934377161420788877e-05
6.893627804167776739e-05
6.761331363779180860e-05
6.680489664881513899e-05
6.635505177661493465e-05
6.563437105990264128e-05
5.828537619606236091e-05
5.726070889469534961e-05
5.694447377837568493e-05
5.414742161155240089e-05
5.181655684277970431e-05
4.930332185902113688e-05
4.925027818722105255e-05
4.909656527968289078e-05
4.857640412781494299e-05
4.849520911969997281e-05
4.801082626977680440e-05
4.759837859819814846e-05
4.667191885629926279e-05
4.655755754390012861e-05
4.614870998969014011e-05
4.556551285627592209e-05
4.534602968663577481e-05
4.233959943794414938e-05
4.221512230258184798e-05
4.175236973909484637e-05
4.159616323506181275e-05
4.092917073522286248e-05
4.067794102456345176e-05
4.037441520216527555e-05
3.884762272107232842e-05
3.850830518047526255e-05
3.776860918763038895e-05
3.767931532111899734e-05
3.428271083361449892e-05
3.423214469519446568e-05
3.392848290180758259e-05
3.384757085111688839e-05
3.323779558093314414e-05
3.135664464800623665e-05
3.121193056461737058e-05
3.111457665636290643e-05
3.096711703049319646e-05
3.075467843899571475e-05
2.895230926904179285e-05
2.804290693434933037e-05
2.762057107664547890e-05
2.748400732188556656e-05
2.745048350552964017e-05
2.712358065207782912e-05
2.661072638191037821e-05
2.658554595494956742e-05
2.631734035277149820e-05
2.554234838839001970e-05
2.477106754415004246e-05
2.468429439051522675e-05
2.426005011200581775e-05
2.409073201815526400e-05
2.280640139514801388e-05
2.213576373091971709e-05
2.208610603036137245e-05
2.204469072316652705e-05
2.196473964367427197e-05
2.188280098460188903e-05
2.137462619857131424e-05
2.096985410225416782e-05
2.054072439241881468e-05
2.034445282036345437e-05
1.917446255919636955e-05
1.915160131977658179e-05
1.911965898116044270e-05
1.861513696255888241e-05
1.859711457120457605e-05
1.839897495447792811e-05
1.799707252368571678e-05
1.790216769234063388e-05
1.756789704372144881e-05
1.692156005698036171e-05
1.580617984495486756e-05
1.573994591832721706e-05
1.553416748328457275e-05
1.552079782364660542e-05
1.523564176603151764e-05
1.510942669464170388e-05
1.495579696570138809e-05
1.474315381511279472e-05
1.468601594994497094e-05
1.464109902955809060e-05
1.451692020317046749e-05
1.380347209201166708e-05
1.274709247593055063e-05
1.268320314978017945e-05
1.230387697415716163e-05
1.219159437600028737e-05
1.203767802740682821e-05
1.199545783028705300e-05
1.191393978895050680e-05
1.187176033357007137e-05
1.140491302800762763e-05
1.104037028451930191e-05
1.098728794661607664e-05
1.087927915845475522e-05
1.043395459406728216e-05
1.028836656192738649e-05
1.020527518899550568e-05
9.902526439745673953e-06
9.805427837940592221e-06
9.650944218416208586e-06
9.566577275813117602e-06
9.514117912876955934e-06
9.500872453318937424e-06
8.563798204855726799e-06
8.255078647917159760e-06
7.994588538666654110e-06
7.935667010931846853e-06
7.888780073676330182e-06
7.867582900466912595e-06
7.770853632586580419e-06
7.529626314468724563e-06
7.335610062328404825e-06
7.319698661010780716e-06
7.280705581852571102e-06
7.104163709929860127e-06
7.019833936271905594e-06
6.860966947909090494e-06
6.500278497654540975e-06
6.482042674537522396e-06
6.392812014824072188e-06
6.336320377408171963e-06
6.276764996903661608e-06
6.266107965174847097e-06
6.133346921592075667e-06
6.081265425404734318e-06
5.292469479225331595e-06
5.207103427859283926e-06
5.155621716217889726e-06
5.143605977657326529e-06
5.125380380928130068e-06
5.082757605571516119e-06
5.057835303984085354e-06
4.930414381810080942e-06
4.746359676618862429e-06
4.649986891966929126e-06
4.627466542529676940e-06
4.574323236518469278e-06
4.303915675452087527e-06
4.271624641552224636e-06
4.250282276568354307e-06
4.159540559349512904e-06
4.107105363885029260e-06
4.104426544337580512e-06
4.101984254985431058e-06
4.096685654809182370e-06
4.058208896341735058e-06
3.944883348838083481e-06
3.835719241827401468e-06
3.627932818260854662e-06
3.515616383316213585e-06
3.497916350813749018e-06
3.482369889247172514e-06
3.468102834933139560e-06
3.424274905981242249e-06
3.399985823335294586e-06
3.347303369906653434e-06
3.333680527511925680e-06
3.290451082916171893e-06
3.271011960648517093e-06
3.266746529242761874e-06
3.164737518884131188e-06
3.154833444730807361e-06
2.849241001207555835e-06
2.784134528142913990e-06
2.773677914177176365e-06
2.766119995525586780e-06
2.746825776858998151e-06
2.734550425386919666e-06
2.710721325100880676e-06
2.700703641509519761e-06
2.644329730747552199e-06
2.536327746623557946e-06
2.514354525822645719e-06
2.491457582552242890e-06
2.452175940210377965e-06
2.377363856128419154e-06
2.335938286777232053e-06
2.330631488942038336e-06
2.297422374469719444e-06
2.290020441487967236e-06
2.270652248494381496e-06
2.245473390540091677e-06
2.152092760375215375e-06
2.149320872008643354e-06
2.100525666156512820e-06
1.956698888438425558e-06
1.953954679387354390e-06
1.929391931254088031e-06
1.891227713832968432e-06
1.843057512840671957e-06
1.808033977541780906e-06
1.804570943243741352e-06
1.789708789798517022e-06
1.781511846391867295e-06
1.664582342122668177e-06
1.582251453697138027e-06
1.557293280068386982e-06
1.506559133251777993e-06
1.481423900878540666e-06
1.469045884335418099e-06
1.461582697393042060e-06
1.450083070221694030e-06
1.438913838433881733e-06
1.432965313376304913e-06
1.428384755245711579e-06
1.424504592794020555e-06
1.415160074352706244e-06
1.403643130343442386e-06
1.383287692766149334e-06
1.340629954052103696e-06
1.302081090583703328e-06
1.286731436241841038e-06
1.278347188789257014e-06
1.275038759002070531e-06
1.271847878530437736e-06
1.265812227205482367e-06
1.219595484279227447e-06
1.199428890257455119e-06
1.161916643640208217e-06
1.100636061870233966e-06
1.086260942299344477e-06
1.072715303599578037e-06
1.029542025334063369e-06
9.820926431192465493e-07
9.773324170978334801e-07
9.559272923820759504e-07
9.553833225826706319e-07
9.502851691461922948e-07
9.481211674176267298e-07
9.258411392593204469e-07
9.196591476927165612e-07
9.041523798110753469e-07
9.021170455363306827e-07
8.975278593575603802e-07
8.853828877428597481e-07
8.600356472542998868e-07
8.536276963688976267e-07
8.465735841312898626e-07
8.138373517194056356e-07
7.641140682692360042e-07
7.635298148454260418e-07
7.623280186955450035e-07
7.603494397515166738e-07
7.548672153995003811e-07
6.972328703560374736e-07
6.827732955731327274e-07
6.758558080309502187e-07
6.743594846280223539e-07
5.977444540899518430e-07
5.961809326193477132e-07
5.818894182286650519e-07
5.815866993535433980e-07
5.752415009134737845e-07
5.735948807082972722e-07
5.628832716905382391e-07
5.380219788816477673e-07
5.327614641508296523e-07
5.221355015012755548e-07
5.186265553568592982e-07
5.067957642718380173e-07
5.011068269364846484e-07
4.945097002236736835e-07
4.804355434444598510e-07
4.786954383053816752e-07
4.740224035860693362e-07
4.583073621157612320e-07
4.555734670220449051e-07
4.529138276742879985e-07
4.436245031630710749e-07
4.431162733513527008e-07
4.398951343112606719e-07
4.368568666585990555e-07
4.302263209937178250e-07
4.177395005991962618e-07
4.080010279545459066e-07
3.876337563474365603e-07
3.839673978365413297e-07
3.680479224553736966e-07
3.675130771038816872e-07
3.607900267067882514e-07
3.542767967414904626e-07
3.520720278689564856e-07
3.310264180739083858e-07
3.203542672961793110e-07
3.090329187189648004e-07
3.003154530016310694e-07
2.916538484690505066e-07
2.849181523175491640e-07
2.845772404258194684e-07
2.836746698535238081e-07
2.828134833522831843e-07
2.808770486605124242e-07
2.797287795150174678e-07
2.791429269650488532e-07
2.774375070285969813e-07
2.723533526727074357e-07
2.716220314163550766e-07
2.579834262601893819e-07
2.369471994699622726e-07
2.343864184472430306e-07
2.221794866715082751e-07
2.202635995441727906e-07
2.187883899866885053e-07
2.162677036228527036e-07
2.159258085061619439e-07
2.153361301963755743e-07
2.141941461839699634e-07
2.137947259585537002e-07
2.101315989281402855e-07
2.089988921442245741e-07
2.084546400246675455e-07
2.058484153816520039e-07
1.798296188505754577e-07
1.774902674055007435e-07
1.774103245400820599e-07
1.721037712410292671e-07
1.676379315826889693e-07
1.619945243053141735e-07
1.617659339018578323e-07
1.585079614080629628e-07
1.536089153035114847e-07
1.508375667402432993e-07
1.457224822421207293e-07
1.438673421423771033e-07
1.420917997606616444e-07
1.351050566961817353e-07
1.347949156531085322e-07
1.328654086954330980e-07
1.320561146236049966e-07
1.317759860503859703e-07
1.256356387960199492e-07
1.240705192981019716e-07
1.225621438236270167e-07
1.206023682908618977e-07
1.185906618870570746e-07
1.066540566916303548e-07
1.054413856234516439e-07
1.038983696169322353e-07
1.027826633213030455e-07
1.020434469082435044e-07
1.008872859237532975e-07
9.745169196003290835e-08
9.670517104127992863e-08
9.638615519362640478e-08
9.082492804115211426e-08
9.049648351808454926e-08
9.028241708674272966e-08
8.867932916502799673e-08
8.076272673220532808e-08
8.056335550672119055e-08
7.761840296373479392e-08
7.738056683468139088e-08
7.644211535842393463e-08
7.621064980473310514e-08
7.583521871009269437e-08
7.554152195190054809e-08
7.523920098620846809e-08
7.460614501961960882e-08
7.434134950365316146e-08
7.395449767182828952e-08
7.025503443583856005e-08
6.912166647024612449e-08
6.881263301582715569e-08
6.865508564605466613e-08
6.762503587367576605e-08
6.685096720043157354e-08
6.601614914787711448e-08
6.549017943341287598e-08
6.379003294042249974e-08
6.229064555492407424e-08
6.134884400698995960e-08
6.122530945513523736e-08
6.055395927939839457e-08
5.941619270257919648e-08
5.861067814931534295e-08
5.819839428149164292e-08
5.737091212823245992e-08
5.700037200199811797e-08
5.639044423256360265e-08
5.605995563197547337e-08
5.446875140124130667e-08
5.144448818814001745e-08
5.047254003524343653e-08
5.045588109272288728e-08
5.012368309216187071e-08
4.997210643817958649e-08
4.961851927704098315e-08
4.923817764034092774e-08
4.918585056289212503e-08
4.644810819497172605e-08
4.396057939319703566e-08
4.379493880759108587e-08
4.242209296776968249e-08
4.162602279983837450e-08
3.937256417258063158e-08
3.885727676547320729e-08
3.838202854630319172e-08
3.788444904587534858e-08
3.728786209846610290e-08
3.632471744338614783e-08
3.628878505192834995e-08
3.604718707450106263e-08
3.569636873318172250e-08
3.516563314288535013e-08
3.496143109368202224e-08
3.487825173955615958e-08
3.478842612788038598e-08
3.437392170759046455e-08
3.418375963335540278e-08
3.316100371408823361e-08
2.962252784135576987e-08
2.810384221825897049e-08
2.792179129148185432e-08
2.761625871839328274e-08
2.705230683474833039e-08
2.633280923906477606e-08
2.630625009565114699e-08
2.569307530716299337e-08
2.456095282300092379e-08
2.449730411780170127e-08
2.425564138720799308e-08
2.396731237192210102e-08
2.333648950060786543e-08
2.278317759217552319e-08
2.173929944333726594e-08
2.124083924113391817e-08
2.091081665754716255e-08
2.074921768583250141e-08
1.951208130593633518e-08
1.946357129355140792e-08
1.887797795796339758e-08
1.883823643525778176e-08
1.880518292639567651e-08
1.857137098079899109e-08
1.852398186325134339e-08
1.829900730836837578e-08
1.808065442352687009e-08
1.798786092933579730e-08
1.795371867843802309e-08
1.715564713443558836e-08
1.571778237701518094e-08
1.477145258339605558e-08
1.470802288295859122e-08
1.460231278568766885e-08
1.434913790023425185e-08
1.418521506505698095e-08
1.406896792373416574e-08
1.390018482419349907e-08
1.382053494521521673e-08
1.364335645391249360e-08
1.360020325154107930e-08
1.352650118672534178e-08
1.336639390625189083e-08
1.311257434095926712e-08
1.280326496773436338e-08
1.134499863174159973e-08
1.065786039787409161e-08
1.038410975903051103e-08
1.030506478969734580e-08
1.023666237045011002e-08
1.018633829898696977e-08
1.011512769472604953e-08
1.007044655017208773e-08
9.926240245716854154e-09
9.704975528884637793e-09
9.636774273162410953e-09
9.464059592653579403e-09
9.427884373836668971e-09
9.412343924419019147e-09
9.273936662728567271e-09
9.145891719713527038e-09
8.988559023735476515e-09
8.815018266332212893e-09
8.664937099097282876e-09
8.381502801386399913e-09
8.342863639906136049e-09
8.186039654400516367e-09
7.862154655584723162e-09
7.574543693149583119e-09
7.348838818825771362e-09
7.286454519702045897e-09
7.162721589078021288e-09
7.089066509390408595e-09
7.013978873510594576e-09
6.905972371557561962e-09
6.886200988134695442e-09
6.817152667367574091e-09
6.779452078593715570e-09
6.753517975006454735e-09
6.738747755491573324e-09
6.719463107243275723e-09
6.698574704353633759e-09
5.795431822160173024e-09
5.715334961519798089e-09
5.706027249996059668e-09
5.684468196103515433e-09
5.622221521401769008e-09
5.302107950665374751e-09
5.277670970212912168e-09
5.251640808236111751e-09
5.169730673461174298e-09
4.887928721511057747e-09
4.884276922322433173e-09
4.802721817992512453e-09
4.791429607524170658e-09
4.101929665849734288e-09
4.088485598114259045e-09
3.893043492608502963e-09
3.850583173289250630e-09
3.833639695665457698e-09
3.808959156676689835e-09
3.805357645559329535e-09
3.759251221079676953e-09
3.705086447423791248e-09
3.646309524657305947e-09
3.637017734329282111e-09
3.631396871340940844e-09
3.589848868865114091e-09
3.580351120678689257e-09
3.543438330701896378e-09
3.500912097697541016e-09
3.474429626715309805e-09
2.899651546348433198e-09
2.866325385666691013e-09
2.851878912922019012e-09
2.844387737875720985e-09
2.840583167177947179e-09
2.789701452225783424e-09
2.765968473165128571e-09
2.735186417944440170e-09
2.719030036522394607e-09
2.662694750048059916e-09
2.613274205218424516e-09
2.605037731564038843e-09
2.587683981497026353e-09
2.581846471254485908e-09
2.569778970117629585e-09
2.397463847429819244e-09
2.356565429853146874e-09
2.324828890173359212e-09
2.193636795151104161e-09
2.094432399970166195e-09
2.079654246157715924e-09
2.015719533519627780e-09
2.007323289963073857e-09
2.003590328012588695e-09
1.993346679105523741e-09
1.979094371081697330e-09
1.976447675173414918e-09
1.970593555330644907e-09
1.776428315531458453e-09
1.764824158237648727e-09
1.726942492162056729e-09
1.696025570095445371e-09
1.655631342965716265e-09
1.617939299785069611e-09
1.556962071340288074e-09
1.534701167180332914e-09
1.522941298920359849e-09
1.516574493261532220e-09
1.480551471614509269e-09
1.434794206302392753e-09
1.431883881713832759e-09
1.419116242936095531e-09
1.359919459500479347e-09
1.339788843073270643e-09
1.314216013180286165e-09
1.309055169550716454e-09
1.294775082296041987e-09
1.278292069469182749e-09
1.253921063975446480e-09
1.233636312252513925e-09
1.223923278612259745e-09
1.210778697985687440e-09
1.190775275180452801e-09
1.079502790071303449e-09
1.077888304851924832e-09
1.073390430286374896e-09
1.071391777185742367e-09
1.065097650989875302e-09
1.060283297079345612e-09
1.058813301056804094e-09
1.040431842967982376e-09
1.027166845534506315e-09
1.024209058271897353e-09
1.017460472329461523e-09
9.648199904045754238e-10
9.164631717268769591e-10
8.941489001180342476e-10
8.479938065331386074e-10
8.418838879565183856e-10
8.353847617353996667e-10
8.270315042275677538e-10
8.188417642689957201e-10
8.165349966624636577e-10
8.130896733851190005e-10
7.864108209242009465e-10
7.806535972485936904e-10
7.745511748037885612e-10
7.743001853536096834e-10
7.677516571354894751e-10
7.646043012150190825e-10
7.442993167474792762e-10
7.149318138903051042e-10
7.127733297572680442e-10
7.082260411634786276e-10
6.516713382352765006e-10
6.436338229496048174e-10
5.515179030555110151e-10
5.469283393865952632e-10
5.370592012767632613e-10
5.346007722661621131e-10
5.222677266925837889e-10
5.199809494062597758e-10
5.184718935262279504e-10
5.162036490312582423e-10
5.092933422693132409e-10
5.090914756497155277e-10
5.067672373738199532e-10
4.937699703390135765e-10
4.330917256272906933e-10
4.289274788060471725e-10
4.213486713588362872e-10
4.175546763945936445e-10
4.127171444500445727e-10
4.053966761057764811e-10
4.047748162991713524e-10
4.036724503987320416e-10
3.985353752021023767e-10
3.978710194913620781e-10
3.955350694565937480e-10
3.929511777706082038e-10
3.868858685373003502e-10
3.820281628243038691e-10
3.755776273692353475e-10
3.683301299701818129e-10
3.654801804177798095e-10
3.551678319004365756e-10
3.500023920433077301e-10
3.381227653109919198e-10
3.212457724436067433e-10
3.182681877987286467e-10
3.113749310135645888e-10
2.952085056674863293e-10
2.903579638530549899e-10
2.867859892429498514e-10
2.842405308159482506e-10
2.794399669683732214e-10
2.616733017929436057e-10
2.608849861821264082e-10
2.597795402991308171e-10
2.568108992630469487e-10
2.566819620289479813e-10
2.559012715377209904e-10
2.499897430796153015e-10
2.483707116799572439e-10
2.447750144205521533e-10
2.197700168030533474e-10
2.178564137314101857e-10
2.154835271910987441e-10
2.122603824442691684e-10
2.050508851448234724e-10
2.029587599393132201e-10
2.018646900288499347e-10
2.001596766404646263e-10
1.945822718468361437e-10
1.923075292832515295e-10
