1.695417272281797283e+00
1.191856183275516345e+00
9.476385076293027954e-01
7.159976462114701068e-01
5.895492029636535403e-01
4.872609959257841461e-01
4.437095056733088017e-01
3.669379373862614035e-01
2.973019166892522103e-01
2.350199474438777192e-01
2.016123119659082585e-01
1.700652339578634098e-01
1.515325239610429697e-01
1.383595653690160854e-01
1.287490175278827309e-01
1.144652645752445991e-01
9.998558151765937763e-02
9.105912142650754437e-02
8.352094175448117330e-02
7.331363277441674264e-02
6.630667300147724541e-02
5.786602756075689968e-02
4.918189342339855663e-02
4.229463052881334006e-02
3.636114942512124609e-02
3.321728691970370073e-02
2.831618949250161443e-02
2.425644809659894055e-02
1.947355445007873873e-02
1.597856437465508886e-02
1.364497875233515456e-02
1.185482559151051878e-02
9.154400185651175026e-03
7.241926446229754628e-03
5.888631030740827492e-03
5.326145521656759467e-03
4.628829000196638815e-03
4.185462134039588493e-03
3.509226996748061097e-03
2.866602830099925642e-03
2.302238944538344528e-03
1.754940293376820639e-03
1.541440960360679043e-03
1.243411713787218606e-03
9.893299201396313185e-04
7.943416083575746602e-04
6.846599545953190296e-04
5.302192402117664530e-04
4.084190651597421656e-04
3.178133529200139742e-04
2.637918005580954374e-04
2.403839101334798308e-04
2.069746364199254000e-04
1.871413566770722525e-04
1.776387869240913283e-04
1.627766071743963472e-04
1.456997656917120767e-04
1.361632919797691019e-04
1.244834944394180047e-04
1.040457762065219742e-04
8.344042614194151837e-05
6.642131493246191082e-05
5.577136579941473731e-05
4.682342481589546246e-05
4.057906700475922966e-05
3.463677642097335663e-05
2.734969205547562821e-05
2.186395229017219476e-05
1.695625362154590932e-05
1.384809177909671629e-05
1.177484378063181236e-05
8.706126230745223004e-06
7.109325344865814512e-06
5.951993566027491825e-06
5.455516766686268369e-06
4.537437432039262736e-06
3.686134810460301015e-06
2.951142337571926971e-06
2.580187696379494191e-06
2.174488860369059804e-06
1.764860158007746890e-06
1.574602836927410493e-06
1.334886326972340114e-06
1.031320064736425817e-06
8.568733109098610459e-07
7.417333130130879949e-07
6.050521390135499448e-07
5.073144067074624079e-07
4.332752449143001534e-07
3.637028130793217712e-07
3.089595121232550581e-07
2.641006519478205720e-07
2.385837905489691404e-07
2.129934904402677521e-07
1.796254525290791133e-07
1.539383568103075370e-07
1.371160398107167580e-07
1.108622148720146876e-07
9.205001926437249218e-08
7.376391492698979063e-08
5.995103388502137493e-08
5.226734544745225646e-08
4.470065256332972967e-08
3.433700721573506041e-08
2.766065659103414803e-08
2.356773904064247304e-08
2.109972627695813704e-08
1.897009406073363939e-08
1.687889464749174235e-08
1.523838251316214923e-08
1.292995195840800576e-08
1.072461456456805560e-08
9.580522775572239799e-09
8.371299683531372229e-09
6.765836712271413045e-09
5.623573428622735623e-09
4.759568567791914534e-09
3.866229205584192039e-09
3.578032727019141195e-09
3.096440346508830684e-09
2.875576662487969569e-09
2.445816108362885882e-09
2.251079121471333716e-09
1.980764398002182062e-09
1.578644097471927706e-09
1.238581901481669760e-09
1.061711814355883935e-09
8.590976234674535574e-10
7.384286193323821733e-10
