1.230222569514915376e+00
1.622207327880668570e+00
1.851049805427189110e+00
1.659306470981847248e+00
1.410355343258093308e+00
1.186314744062344273e+00
1.047147605692085426e+00
9.293083479101090782e-01
7.525797698321217144e-01
6.526182823624544493e-01
5.655363752060316163e-01
4.887793376801224388e-01
4.409347320681007987e-01
4.258348454079523004e-01
3.847085776795247103e-01
3.488298654267372179e-01
3.187660128074859545e-01
2.905597381134606416e-01
2.663421381936272869e-01
2.571155515606443065e-01
2.349823957754759995e-01
2.254761979971552921e-01
2.185601656938472581e-01
2.116619818308382583e-01
2.080431631829380568e-01
2.042895678356655420e-01
1.947511713028651226e-01
1.843019191466425122e-01
1.755786518459354906e-01
1.668045511056065744e-01
1.552147324408322815e-01
1.477594170459777256e-01
1.428018623630935569e-01
1.397886728298306791e-01
1.350387335067221861e-01
1.330565656103874783e-01
1.228955563777899412e-01
1.114099717178112237e-01
1.055237121092047758e-01
1.017673434962587525e-01
9.268606086662439791e-02
8.912380677030729004e-02
8.057351218642243296e-02
7.409791816377184204e-02
7.006484496713566434e-02
6.827079075976018319e-02
6.303801057272913344e-02
5.821045982973710453e-02
5.658734507913851242e-02
5.443313627934974475e-02
5.249976905637645380e-02
4.877391362194264529e-02
4.654336078771535018e-02
4.478232069020717659e-02
4.347648814399208972e-02
4.237284609726683915e-02
4.094541883455050241e-02
4.023833604132736469e-02
3.864433129179013771e-02
3.798771033245458562e-02
3.628592625681054118e-02
3.353046855286394984e-02
3.154053012491626895e-02
3.059165991719108718e-02
2.843357478199097857e-02
2.723971494889234832e-02
2.609240574751095845e-02
2.422871357698646450e-02
2.386779656847707459e-02
2.306457206318736700e-02
2.240142984952241123e-02
2.194650147878503266e-02
2.073402968374919372e-02
2.024409810749162528e-02
1.976883114491546911e-02
1.882906714513406243e-02
1.851617513849333069e-02
1.829910641212484368e-02
1.761808244384480138e-02
1.703593747649674930e-02
1.677562233822806753e-02
1.629166849389963173e-02
1.531869558429710225e-02
1.492416035632968506e-02
1.422497803702932329e-02
1.381153041007602417e-02
1.354632147388708588e-02
1.288205941140211502e-02
1.237097231952859720e-02
1.206890319519532059e-02
1.159290771699132000e-02
1.135508872145761690e-02
1.071285774364919355e-02
1.004053679844014654e-02
9.843152236201680588e-03
9.389732591641476722e-03
9.144316032745836847e-03
8.132705729416237969e-03
7.727868383897240102e-03
6.946447015477252851e-03
6.681113308954729664e-03
6.342351464689850379e-03
6.147891043515391757e-03
5.770853044086077070e-03
5.154047971101327966e-03
4.953885574092698613e-03
4.609084622122880393e-03
4.155853358457906738e-03
3.830880442534275333e-03
3.729804856257031183e-03
3.271487610873668062e-03
3.008038307839942978e-03
2.838285396971469005e-03
2.721840128547533839e-03
2.607383219115297097e-03
2.467650549482178126e-03
2.275208420076704676e-03
2.234185874024567208e-03
2.045398947467158036e-03
1.929536404783921584e-03
1.753937209797844796e-03
1.667548276532705405e-03
1.630549297999505298e-03
1.579289858126964449e-03
1.529657047613044172e-03
1.487862331500768628e-03
1.399872584018714171e-03
1.311601455178233126e-03
1.240032516804426147e-03
1.199491788975185326e-03
1.141232824292675186e-03
1.127968559847526871e-03
1.077229582285021492e-03
1.059849558948375292e-03
1.035816223783426852e-03
1.004283682627356029e-03
9.504755682454737835e-04
9.256270563045228316e-04
9.090892686587214323e-04
8.529839079022600743e-04
8.297117974171745129e-04
7.903226633675591124e-04
7.488482461198533221e-04
7.049629410059043326e-04
6.989281378037327536e-04
6.387472263312070873e-04
6.079748690762056982e-04
5.897252002359749728e-04
5.335039558532797240e-04
4.932551448873181326e-04
4.654182861855855869e-04
4.534303978730986717e-04
4.183218575661719731e-04
3.918162601021189513e-04
3.761063826049113154e-04
3.473762199114573601e-04
3.294668566704935962e-04
3.081038331305499555e-04
2.753497420371309960e-04
2.632284759991252690e-04
2.256505859034020579e-04
2.040666545191239655e-04
1.978020405848454220e-04
1.827647375751007680e-04
1.746097418411560447e-04
1.555064731301134277e-04
1.396769518746440026e-04
1.317196998027859545e-04
1.254999874901482177e-04
1.153402786813873508e-04
1.009887431555518835e-04
9.614992677668082017e-05
9.320621729468907984e-05
9.046100502068020141e-05
8.551187912525900136e-05
8.271195161767958253e-05
7.838175928075177758e-05
7.546536451021379813e-05
7.107521600003581649e-05
6.847437730455048607e-05
6.264663370090984456e-05
5.873093526784520051e-05
5.748561265044674779e-05
5.491215166744306189e-05
5.416605520008210438e-05
4.890310458140745400e-05
4.580182151380350771e-05
4.358644658123549153e-05
4.001819604998613645e-05
3.773193411516729889e-05
3.598573967271260794e-05
3.417778768450034296e-05
3.283854085465036555e-05
3.208838972476258175e-05
3.114843912946194018e-05
2.953760618029915158e-05
2.654376618159866161e-05
2.604461236501374175e-05
2.451725277861703078e-05
2.398318747534973543e-05
2.287940426178403059e-05
2.114208037420432017e-05
2.070041299062798170e-05
2.043529874739898771e-05
1.939485195996256349e-05
1.876212059317369592e-05
1.851612912188272493e-05
1.761356588066174885e-05
1.723938373233833326e-05
1.672710529928735017e-05
1.620964660945341650e-05
1.587431396586074338e-05
1.550432348333611167e-05
1.526411747568242572e-05
1.506761356613211579e-05
1.485446038967599500e-05
1.416753005038881591e-05
1.388042482800868291e-05
1.358478463875853358e-05
1.292564284868650661e-05
1.271572587128667111e-05
1.250249341986249394e-05
1.200691764609227157e-05
1.187991298758932927e-05
1.137566901027623631e-05
1.093846526764906342e-05
1.064654797623437827e-05
1.034972556771422441e-05
9.980736411920839216e-06
9.565099085990273078e-06
8.987791844326120609e-06
8.157335320971556138e-06
7.843845499450040630e-06
7.597164471545745288e-06
6.970812202755680691e-06
6.604897779499379027e-06
6.314329791609419042e-06
6.046215410553763478e-06
5.821249365486484569e-06
5.199134954868812143e-06
4.822338310039221681e-06
4.703223572922229658e-06
4.368621963186072101e-06
4.273682862432416391e-06
4.114228194319580372e-06
4.022723084420694083e-06
3.636213621178808424e-06
3.161411615754637554e-06
2.885158614071492900e-06
2.528634151484517379e-06
2.426409111144077642e-06
2.277444889569687775e-06
1.992268995540547038e-06
1.948753358269599451e-06
1.777625383592167084e-06
1.665650406852787987e-06
1.639815683806322200e-06
1.580734153823242833e-06
1.387724828956712416e-06
1.345756510457070302e-06
1.299022862967982582e-06
1.220476118728308767e-06
1.162613235044086094e-06
1.096416926022247519e-06
1.065260171954696376e-06
1.006043903108729276e-06
9.337575522976107753e-07
9.072228097124523479e-07
8.250410993865450184e-07
7.972534092009961010e-07
7.846685690601560632e-07
7.350394167859939485e-07
6.603220110858180582e-07
6.113195221116499115e-07
5.786676613006843796e-07
5.494854886432684482e-07
5.237991664757773583e-07
5.093437005467240415e-07
4.808350359766565683e-07
4.194082775594252045e-07
3.889197203223620070e-07
3.813611216853408807e-07
3.248054953973768497e-07
3.070062105703081937e-07
2.992655806520399405e-07
2.836081651882249059e-07
2.432187947484716073e-07
2.389102045652715786e-07
2.214160676216434162e-07
1.994834599575405823e-07
1.750800788132534008e-07
1.655549598526368769e-07
1.594345671223235374e-07
1.465271127732684296e-07
1.327516775146752077e-07
1.236458069088279235e-07
1.176344289937106356e-07
1.084925301369746043e-07
1.027448589534778297e-07
9.452796510125680989e-08
8.890145166223703105e-08
8.536861430074408151e-08
7.532177202481188254e-08
6.713255971055721015e-08
5.801064664154405998e-08
5.169261969962161245e-08
4.285565080575911392e-08
4.155199614465046916e-08
3.948530051740818543e-08
3.819596821220964227e-08
3.335535341914317627e-08
3.243820574158582709e-08
3.064171762619123149e-08
2.749318300386976483e-08
2.446912406912175847e-08
2.341923590181545322e-08
2.241875332920795212e-08
2.112087249767659033e-08
1.951348129134450482e-08
1.811255175414485317e-08
1.727125245549768208e-08
1.703167677179884812e-08
1.626169365399869307e-08
1.520604173640505491e-08
1.471986781407995373e-08
1.419645357395348792e-08
1.376056850106052962e-08
1.302534070552909383e-08
1.206574010158999517e-08
1.148789654397054087e-08
1.046456011212528339e-08
9.899399339007680135e-09
9.503391564437935365e-09
9.225104903762285671e-09
8.560941743397796885e-09
7.584133031399681418e-09
6.729028133540775170e-09
6.491692846422864084e-09
5.813664425582315429e-09
5.442966330099934028e-09
5.163783052051643943e-09
4.969552120198021250e-09
4.458403119852733801e-09
4.149440818549371733e-09
3.957217927427811359e-09
3.620976423189097882e-09
3.234282715138226346e-09
3.157403631644720967e-09
2.500134214781236359e-09
2.295797971449469959e-09
2.003661106914166193e-09
1.722611556352836220e-09
1.461272435322042972e-09
1.419761175007232483e-09
1.340290499408276850e-09
1.003239304842288552e-09
9.537972055818882802e-10
8.888632302013164105e-10
7.514247714434477744e-10
