1.180171576133062228e+00
1.328874811652967614e+00
1.317030018650099166e+00
1.264327748492501735e+00
1.165424558436774838e+00
1.078497022344178102e+00
9.753397517407603745e-01
8.971876655928644473e-01
8.103082243737012025e-01
7.412776841461953259e-01
7.057957761355878601e-01
6.604979856814960915e-01
6.162145867153704382e-01
5.885113512747928155e-01
5.630937851011648121e-01
5.411137318231595827e-01
5.195584351762300157e-01
5.032275115451507741e-01
4.876280941619043907e-01
4.645844285995472389e-01
4.412500896451745369e-01
4.216344218063848848e-01
4.019368486237100968e-01
3.858107419657048620e-01
3.751508879986369394e-01
3.602616357523087953e-01
3.486087151310595100e-01
3.383409492585947587e-01
3.273458912280408084e-01
3.137229019246802753e-01
3.063659434151752015e-01
2.985930225367096069e-01
2.909757621997097754e-01
2.826160270438726196e-01
2.726717775657031551e-01
2.619252534807965938e-01
2.565065515491151138e-01
2.491434385940422269e-01
2.393479837260424070e-01
2.299669237920968501e-01
2.248750539875510046e-01
2.194607406811603656e-01
2.119093566370378046e-01
2.076005768415317143e-01
2.021994084327428109e-01
1.958842903194954743e-01
1.861262842786107208e-01
1.831428871068167819e-01
1.755595516975605730e-01
1.688873650198879917e-01
1.646393176283827420e-01
1.580462061931626194e-01
1.542500243688241512e-01
1.474712800715972938e-01
1.449073071469204055e-01
1.383920263024555897e-01
1.334007285699185530e-01
1.290737788221309468e-01
1.259760706085744086e-01
1.211406989314781218e-01
1.158447603072218640e-01
1.107387724490708630e-01
1.072548910239151526e-01
1.034255398235572748e-01
1.000358094641053547e-01
9.820414573031932548e-02
9.647045487528359275e-02
9.290353073822915642e-02
9.113742940830917016e-02
8.862886568078394423e-02
8.639491532544039953e-02
8.427789672586127878e-02
8.261411100826930587e-02
8.073213742370949353e-02
7.840363552736394348e-02
7.619795327979737853e-02
7.487434285166776060e-02
7.201718153998967753e-02
7.039443317090568475e-02
6.947143150914752985e-02
6.630519917348430547e-02
6.462839590165934955e-02
6.219639181449607840e-02
5.969120705649474251e-02
5.764292738454647458e-02
5.618840802070350360e-02
5.513959511105866185e-02
5.292758999016606430e-02
5.165824601137292832e-02
5.049700795224832534e-02
4.938943855978504549e-02
4.809109658336863796e-02
4.664703928117204523e-02
4.591421986470779759e-02
4.456351423276908030e-02
4.373538952819037984e-02
4.243893247423895926e-02
4.169879455122715156e-02
4.013970558186220894e-02
3.920950406253157633e-02
3.848108122248482948e-02
3.743841069357776302e-02
3.641611438212905699e-02
3.523593746282023542e-02
3.437450858897688616e-02
3.344264847591838646e-02
3.222279934759607334e-02
3.128950971085168314e-02
3.028254007658122068e-02
2.930667941845904387e-02
2.807155846923757928e-02
2.777252728000680071e-02
2.682953359172523394e-02
2.604641605647731173e-02
2.541545080827210118e-02
2.473835260908279626e-02
2.425551102614277935e-02
2.342943888716213230e-02
2.307659371500456191e-02
2.215740678774192826e-02
2.145339878746873458e-02
2.091356117861112654e-02
2.068575641201012699e-02
2.017832834704270592e-02
1.971933552150577015e-02
1.939465246169311263e-02
1.879924295047630950e-02
1.851678923531084944e-02
1.810502188697858672e-02
1.764432812400263534e-02
1.725778886489699737e-02
1.699552908443177288e-02
1.660330198028902443e-02
1.628944155686389353e-02
1.590047215869870925e-02
1.576100554998474332e-02
1.535456690534005471e-02
1.504130342378425488e-02
1.462744847352281594e-02
1.440619898675910004e-02
1.402699954254626666e-02
1.379181784859037467e-02
1.348102161358251568e-02
1.322042742799705607e-02
1.292103847761345153e-02
1.267191148872932362e-02
1.250347767791528709e-02
1.228041276412422667e-02
1.209208733736929532e-02
1.188215897061055577e-02
1.169756764769176727e-02
1.138504839724209343e-02
1.097875054626808525e-02
1.062585112085964907e-02
1.028310047723881258e-02
1.010048339876656529e-02
9.830864609674487900e-03
9.640283049293070852e-03
9.417893848382617727e-03
9.178283669808192172e-03
8.999432964822123154e-03
8.867910566509503920e-03
8.566220764498885462e-03
8.431772841452090869e-03
8.217839589505370954e-03
8.058250668791322111e-03
7.883978597319764650e-03
7.659272422327682329e-03
7.531624830821796561e-03
7.317334798275770998e-03
7.161869575107051786e-03
7.061075148342509274e-03
6.934493212375084439e-03
6.738143309280965679e-03
6.567092091282995987e-03
6.406339115879755922e-03
6.309230830492452459e-03
6.163830314377654468e-03
5.987362655613347878e-03
5.876055350964861160e-03
5.701555198721109524e-03
5.545258226619703863e-03
5.469674489707563453e-03
5.359065879768402756e-03
5.228569949743011418e-03
5.110212492986486964e-03
4.949879161595214551e-03
4.879264117464349355e-03
4.779315901400927116e-03
4.642304797827325781e-03
4.547463664161889400e-03
4.477337369081627744e-03
4.366359424945977924e-03
4.302849738494985733e-03
4.224960060185329637e-03
4.135827515072468957e-03
4.086529587868304586e-03
3.994683351669754690e-03
3.873146601263607099e-03
3.796993894374872149e-03
3.716329117265813799e-03
3.622720229495805886e-03
3.523602371220937481e-03
3.491816944990466104e-03
3.424308949827871342e-03
3.362806686367506102e-03
3.315045478518230219e-03
3.238724720939401610e-03
3.114588375175766921e-03
3.060325097991490381e-03
2.955824297286606481e-03
2.899983951329723839e-03
2.791090119026613629e-03
2.729813627717623745e-03
2.664078103969310003e-03
2.558395269968075005e-03
2.500858388479092111e-03
2.460475112887266971e-03
2.359599569398046492e-03
2.270815351977523763e-03
2.197616924547996647e-03
2.127960760899089317e-03
2.086297541550100314e-03
1.996934555419022529e-03
1.954915773323431111e-03
1.889881526031496946e-03
1.813007019929683281e-03
1.779958041534372183e-03
1.696221605764809768e-03
1.664127210688075764e-03
1.638568159206621380e-03
1.597658227352066057e-03
1.545662290149476658e-03
1.501963532316676888e-03
1.480783796770626312e-03
1.431659444162026009e-03
1.397912712094995669e-03
1.380456902243601403e-03
1.325701096026130283e-03
1.299956391767873682e-03
1.278958467923098450e-03
1.251590312056219748e-03
1.212062065976597745e-03
1.204044696637281099e-03
1.163937399706790974e-03
1.141860708090220323e-03
1.106795948881170080e-03
1.083457130951004724e-03
1.066171899921114496e-03
1.038308291074739988e-03
1.020566108038819088e-03
1.005418243542749012e-03
9.862648013612617878e-04
9.705234154586450711e-04
9.538628052491470756e-04
9.414095331685690127e-04
9.177316036813658274e-04
9.042554260347382715e-04
8.853446397306090213e-04
8.577426711148763332e-04
8.403124399769504489e-04
8.195913908265799143e-04
8.008338402740595692e-04
7.782080871443690460e-04
7.456664355677676981e-04
7.091826310486595494e-04
6.941445043803972032e-04
6.826455006566018498e-04
6.547333882488332642e-04
6.290390711313671463e-04
6.092373398093695481e-04
5.960031491997767796e-04
5.745378705124194914e-04
5.539587599581108834e-04
5.447851577599844338e-04
5.123444644793505700e-04
5.023312100450174700e-04
4.769848701008695137e-04
4.661944379240394952e-04
4.557760903086484935e-04
4.422131586928223948e-04
4.149189409822201633e-04
4.073598574965957980e-04
3.906757398835072133e-04
3.735405842166501593e-04
3.566544858429354127e-04
3.380757089250572395e-04
3.299414567380409878e-04
3.176214120279062872e-04
3.047339618677673582e-04
2.925219330263590951e-04
2.839320772435822223e-04
2.761313354951326952e-04
2.669109264379032577e-04
2.610321769349475051e-04
2.524208713368928823e-04
2.421450625790359541e-04
2.311269632531188795e-04
2.223585060615954079e-04
2.099593771377128643e-04
2.033807553980373562e-04
1.945014765134278644e-04
1.889259589178212306e-04
1.827780539620247940e-04
1.741333467015874234e-04
1.687732785857760486e-04
1.660289466709820327e-04
1.586073211889736461e-04
1.543922970066074812e-04
1.483339447273502004e-04
1.419372811484926364e-04
1.362212976547447197e-04
1.331354345002862738e-04
1.291223946968663241e-04
1.243428162182152455e-04
1.194814973347998652e-04
1.150692093465705750e-04
1.110577873478566077e-04
1.085311520206789718e-04
1.060659826845121814e-04
1.037932571608869323e-04
1.000267726773548728e-04
9.556166941479590901e-05
9.389031557559008451e-05
9.066192671118983293e-05
8.811027300463607746e-05
8.622908789292014597e-05
8.320981616707971663e-05
8.083538663416800800e-05
7.991887635734531026e-05
7.782435402010482231e-05
7.660772786919458407e-05
7.514101220897500568e-05
7.354973303998771578e-05
7.232719342815576303e-05
7.075818547761371195e-05
6.932912194094109550e-05
6.813063594505663835e-05
6.603554118046990400e-05
6.453496601779604527e-05
6.311483826433857765e-05
6.170816633278386303e-05
6.017711772898146739e-05
5.845007319494145893e-05
5.788650154542483494e-05
5.590474669020365807e-05
5.478207031470582481e-05
5.413651622653443816e-05
5.277596924836919570e-05
5.204145404825800188e-05
5.051179340724790546e-05
4.974641757182600850e-05
4.910407391231220016e-05
4.770868568173309719e-05
4.667470075021492199e-05
4.541891078913304840e-05
4.496531010447286952e-05
4.425957030822956712e-05
4.319693678105709515e-05
4.256642891772637413e-05
4.136076900652852406e-05
4.061794523725328405e-05
3.973445750946873488e-05
3.916772635403103944e-05
3.795439824868330819e-05
3.719181122414371723e-05
3.627063206575434660e-05
3.555923582370955528e-05
3.513240249619357567e-05
3.408798474214032320e-05
3.351564578768320994e-05
3.291829209904074803e-05
3.183911534528655621e-05
3.130837456294284911e-05
3.028049313016621612e-05
2.967164563571927271e-05
2.860267023612670490e-05
2.797639719659137376e-05
2.754313826495766358e-05
2.655068366170218913e-05
2.622479826712818552e-05
2.566460107111518977e-05
2.502356640710990868e-05
2.420225753298572700e-05
2.366959801676894745e-05
2.318709092861169290e-05
2.260628518307510558e-05
2.170986460008186551e-05
2.139139235980468617e-05
2.100539480215364254e-05
2.044620506438064788e-05
2.023509326122808780e-05
1.983203375478639668e-05
1.928897761988326956e-05
1.905197046541268270e-05
1.865218011497400528e-05
1.825570411038363250e-05
1.799897763288236621e-05
1.753606494693102496e-05
1.718573056242560373e-05
1.680367320074209480e-05
1.658244845256341227e-05
1.632476104397352905e-05
1.599652667502229683e-05
1.556272271548158779e-05
1.533255363990306886e-05
1.499728076306165824e-05
1.475740897206959337e-05
1.444246995743960372e-05
1.413751513243157430e-05
1.398553965663830459e-05
1.376593342775595151e-05
1.345797408857657593e-05
1.327144959902442306e-05
1.308176180355163305e-05
1.292209591987597568e-05
1.255367150128985344e-05
1.233950591977432211e-05
1.205020079586782917e-05
1.182489196822304299e-05
1.152999270051913710e-05
1.133034609299012951e-05
1.105085302627608955e-05
1.090897539883213108e-05
1.070165175191548968e-05
1.050908608634594988e-05
1.022328485515687625e-05
1.008118971411859975e-05
9.756874931712848883e-06
9.580509759021489587e-06
9.366392380044051333e-06
9.083595909563669119e-06
8.876103700371123145e-06
8.633682366896243665e-06
8.363139375403024866e-06
7.992358339548933768e-06
7.897995871186299364e-06
7.584483227321818532e-06
7.235373634419930213e-06
6.886160416922107815e-06
6.641375043768230773e-06
6.467596480500362334e-06
6.322910526685980981e-06
6.147745403026682467e-06
5.940049792494957855e-06
5.752448357597219372e-06
5.679315375447326955e-06
5.581530084983166513e-06
5.407797734121507468e-06
5.291451512368839170e-06
5.179856328222965465e-06
5.060444496564691792e-06
4.948343193264377618e-06
4.846675773821432864e-06
4.727731463971987204e-06
4.618556846999994894e-06
4.539192174651880237e-06
4.438854735944222133e-06
4.393630534975043098e-06
4.305674977763091442e-06
4.206842674219196570e-06
4.146178099164656925e-06
4.098705382759932202e-06
4.011547450613514023e-06
3.934884526565222751e-06
3.831953317034132748e-06
3.725744458986651804e-06
3.659645189198197659e-06
3.615013731399356610e-06
3.566665643048230558e-06
3.512346363558726613e-06
3.419136121996821897e-06
3.365108762386094555e-06
3.290698771749528855e-06
3.193829219642939967e-06
3.146479196768238333e-06
3.071219635083135961e-06
2.991570222263645415e-06
2.950265912300472187e-06
2.901067248498973391e-06
2.839075278344571685e-06
2.786510931253003101e-06
2.718110201982409478e-06
2.673991339596269443e-06
2.596319705816445144e-06
2.526472534644162599e-06
2.473928953947694381e-06
2.415042865644002242e-06
2.365905727259252855e-06
2.317094255567994282e-06
2.267560632461922668e-06
2.234834530454606688e-06
2.179193953515740799e-06
2.123699262939263573e-06
2.093169363842702982e-06
2.033800292883901023e-06
1.987240670433068194e-06
1.944389308159043287e-06
1.876723860676379220e-06
1.821560242791273025e-06
1.765167624173962283e-06
1.738632159779191585e-06
1.675532132831257991e-06
1.651384508568612690e-06
1.621067531106467264e-06
1.578489978875781108e-06
1.522743352934571022e-06
1.489316319322229001e-06
1.436204532852970474e-06
1.405774598483660813e-06
1.358307110395434092e-06
1.325216243105285118e-06
1.292507955287768079e-06
1.231774906089257824e-06
1.212693067654102979e-06
1.185157997067271244e-06
1.126044721966530466e-06
1.102670971479887458e-06
1.056398231142771213e-06
1.008743188482812740e-06
9.660059005217328646e-07
9.150004071456090085e-07
8.917185884184502175e-07
8.602283921040529264e-07
8.443529842056416384e-07
8.110139761457442255e-07
7.861718653623242662e-07
7.654405689798254783e-07
7.375242777830901185e-07
6.979596070135203811e-07
6.768044078900345045e-07
6.368902061724173021e-07
6.244860632074791996e-07
6.066937068243343554e-07
5.771129632017476431e-07
5.686310283012768614e-07
5.538028908187707374e-07
5.226412043235251343e-07
5.120683636665823681e-07
4.968273423821855298e-07
4.781991594605854417e-07
4.644523410810415464e-07
4.535181893693797879e-07
4.399533083471335847e-07
4.237432922782726489e-07
4.119519440138850311e-07
4.063648796108613786e-07
3.945483204067227118e-07
3.857336310630373464e-07
3.763129730155678278e-07
3.639538843424977529e-07
3.567757119459733853e-07
3.487434485362596281e-07
3.359040113174085785e-07
3.314479233106359956e-07
3.245990436904210064e-07
3.172577275982355314e-07
3.128176758529933606e-07
3.052277134773438323e-07
3.018402608205402433e-07
2.939997238076954268e-07
2.864761024159216088e-07
2.789448010014881642e-07
2.733302664472979677e-07
2.688093332818355477e-07
2.561779303268713546e-07
2.516120350209269925e-07
2.429233669174359320e-07
2.401626220236659780e-07
2.315332039264520348e-07
2.268541069687750754e-07
2.214410621466401875e-07
2.164439730627874658e-07
2.127649171739392511e-07
2.071487800964538588e-07
2.004851201542796102e-07
1.935291622895491247e-07
1.882954858369925549e-07
1.845701846926629364e-07
1.812196739440919206e-07
1.739858193770221855e-07
1.703404407645361832e-07
1.656204033320062132e-07
1.570590658443705122e-07
1.515151821634987354e-07
1.487974336012457057e-07
1.420397656949269673e-07
1.381143410175856560e-07
1.346189059556267753e-07
1.302048786104608284e-07
1.249202191028558030e-07
1.193939410136492887e-07
1.150758199194313773e-07
1.131665848492276724e-07
1.085668968479893288e-07
1.057396861555358344e-07
9.979206681801907676e-08
9.568797675844221656e-08
9.318997002729161303e-08
8.984167094330125804e-08
8.449657103205644935e-08
8.028874037829504720e-08
7.717634640008541161e-08
7.349337522469925133e-08
7.183197826614612032e-08
6.946255204671887727e-08
6.719604294081159961e-08
6.456882111090866756e-08
6.169101135534411860e-08
5.890887655571574638e-08
5.706712504625350551e-08
5.445282937207499778e-08
5.133964756052866366e-08
4.942677176699927861e-08
4.667884653315598935e-08
4.463450661119430856e-08
4.370450184741911786e-08
4.252549253979706063e-08
3.994559068569010566e-08
3.851774371768503603e-08
3.712707327781141350e-08
3.548917182215205515e-08
3.438971624783235859e-08
3.357100906989037216e-08
3.185927941643488829e-08
3.082214197544525130e-08
2.928234134921762863e-08
2.854797549133814420e-08
2.784773970914119647e-08
2.716227674903574564e-08
2.646668247026906851e-08
2.533301849075294814e-08
2.436950451815480628e-08
2.368233559176169239e-08
2.301191005644526872e-08
2.216565590031597564e-08
2.179482612879005110e-08
2.121021464692641102e-08
2.054656686740632889e-08
1.980511320868745183e-08
1.946874313111316756e-08
1.908832213894509959e-08
1.850179340287960050e-08
1.791421025255513691e-08
1.750774846861034987e-08
1.685441064150367319e-08
1.627458098913568138e-08
1.596344769049375007e-08
1.552751469010739729e-08
1.511237715621007851e-08
1.469487574146671827e-08
1.444964078325627622e-08
1.421130891626063363e-08
1.387873844050954664e-08
1.363569440275103133e-08
1.330425457267998591e-08
1.302379803796353675e-08
1.275293682632127568e-08
1.246080590035181568e-08
1.208636938657017032e-08
1.188229781815048414e-08
1.160223848536219883e-08
1.131142132119921119e-08
1.088043910243789135e-08
1.067871153487627709e-08
1.051436064581531383e-08
1.025248918424667133e-08
9.962518456087803600e-09
9.723179652563046232e-09
9.464698660812572217e-09
9.176246294751813314e-09
8.884532297524785717e-09
8.715053971576978595e-09
8.504913307947789105e-09
8.225221763714414255e-09
7.944162898424823628e-09
7.742993654227471008e-09
7.631610872017126890e-09
7.342840446187571279e-09
7.197358841699872964e-09
7.052752075263253032e-09
6.855128061613063537e-09
6.682178022507068680e-09
6.560128707249462348e-09
6.338132431684561362e-09
6.232697578738083210e-09
6.029790306969087042e-09
5.906154252134284417e-09
5.764238722913856231e-09
5.678041511123261097e-09
5.574442153969762490e-09
5.424842813254350173e-09
5.300940273860111391e-09
5.188818746905828649e-09
5.004352988294800124e-09
4.794013963797008751e-09
4.665356030779628897e-09
4.549695771894446770e-09
4.447237003747358456e-09
4.331388269656526711e-09
4.174047564247358994e-09
4.102284488092723306e-09
3.991243941558146199e-09
3.840716487213095575e-09
3.735380590541853677e-09
3.660699807651712994e-09
3.536534641875085250e-09
3.480783194347667496e-09
3.370696018108746247e-09
3.291817541590953399e-09
3.159789861286353638e-09
3.089808119891425518e-09
2.983493625050020770e-09
2.888922181472861441e-09
2.833324167785255404e-09
2.736742102294996117e-09
2.578301588030030834e-09
2.469401958897853609e-09
2.367504917501279627e-09
2.297990622520112560e-09
2.229843942551419574e-09
2.135714922450928976e-09
2.067692506139016757e-09
2.010787756079020164e-09
1.924972872730125315e-09
1.870845251854654059e-09
1.805894179250610000e-09
1.731180825617566290e-09
1.690166872490049267e-09
1.579319509124211329e-09
1.501361370896455517e-09
1.451704144908521909e-09
1.351487416390933789e-09
1.303796970024073780e-09
1.244522041537766963e-09
1.171877553868308413e-09
1.133420325633213274e-09
1.106189249305745297e-09
1.057968503554700275e-09
