1.443483171942267829e+00
1.259202908198526538e+00
8.796287603210506401e-01
7.231547549728661872e-01
6.184636848165770973e-01
5.674376377902431434e-01
5.181567545904230965e-01
4.615308547771210801e-01
4.141305784439556215e-01
3.775253883388196563e-01
3.410420644739585172e-01
3.060057292346349822e-01
2.764747910266134867e-01
2.476353314369826863e-01
2.203588064271515823e-01
2.010517197000561695e-01
1.847357761991169633e-01
1.722619578362241943e-01
1.531710855217341682e-01
1.388299468329576292e-01
1.245845947952378407e-01
1.142648756230659896e-01
1.079676536082715688e-01
9.916807902835361732e-02
9.412970601572348550e-02
8.789683535924600055e-02
8.250968209956596744e-02
7.731493294407448813e-02
7.169976296101031321e-02
6.915861057316714799e-02
6.467346059448320084e-02
5.899361562240507811e-02
5.365982283641624467e-02
4.829633946801769467e-02
4.433883496916087019e-02
4.042496525592369910e-02
3.737692351195484597e-02
3.446411243438095295e-02
3.144976426877253706e-02
2.975729815306934686e-02
2.678687848956485401e-02
2.520548683056333256e-02
2.275622067702440590e-02
2.121074554928082181e-02
1.893356052746615267e-02
1.695928735916765739e-02
1.527341237736134019e-02
1.348024543970945642e-02
1.141142140480225220e-02
1.036409483052864490e-02
8.998968950179405193e-03
8.279174964728795369e-03
7.488111613018626732e-03
6.853575523166627846e-03
6.074249459786663051e-03
5.453342168473632526e-03
4.746906068104366286e-03
4.419168558131499579e-03
4.010851012350952031e-03
3.735325178356222429e-03
3.495315318185724870e-03
3.304936143551598631e-03
3.086973004545092401e-03
2.806366499341718390e-03
2.657582868459130911e-03
2.449297510211367965e-03
2.252645293864880514e-03
2.077081855660899493e-03
1.950130845801540573e-03
1.759740349006236760e-03
1.635012865674951785e-03
1.497079750906758766e-03
1.420917408213986542e-03
1.275939427775383064e-03
1.157287365765448427e-03
1.076604846121660903e-03
1.025958951351642855e-03
9.196837705782059773e-04
7.932284242544749642e-04
7.550766492672343014e-04
6.733312491785595081e-04
6.098745658601397194e-04
5.370975823554140520e-04
4.930812315688824820e-04
4.413132617811410161e-04
4.078036822630473667e-04
3.535554229203660714e-04
3.342125757567288242e-04
3.054478578327544068e-04
2.747008535780946087e-04
2.372529993761091007e-04
2.188950502621733133e-04
1.960868509881965151e-04
1.732181230426394392e-04
1.494214006053230890e-04
1.346860219901262364e-04
1.147666629948092455e-04
1.058837333623881667e-04
9.750248619132540200e-05
9.037822941788687661e-05
8.039943498911620646e-05
7.519356846969617151e-05
6.740990407514206551e-05
5.758672068277007392e-05
5.297058999298046516e-05
4.693974170281477919e-05
4.162300071898586304e-05
3.746983029347019777e-05
3.405781806199040474e-05
2.868315259805791448e-05
2.756031507502962154e-05
2.345010074080766443e-05
2.073803952266538707e-05
1.778154483512358892e-05
1.600867970712058775e-05
1.451373400570432913e-05
1.324378191803288689e-05
1.138014040112702701e-05
1.027872773544746196e-05
9.222845020502429733e-06
8.310934689392638169e-06
7.480526092345501339e-06
6.537987994848047889e-06
6.135092079043551567e-06
5.652844877629299273e-06
5.040637140206047659e-06
4.583499792143691008e-06
4.126504795519983291e-06
3.856832011507739755e-06
3.564954395034126552e-06
3.183055035630614452e-06
2.968732062139468737e-06
2.783382428038994961e-06
2.656444148330912633e-06
2.457509909345720337e-06
2.329293244975350322e-06
2.191171423249560549e-06
1.986061560736694444e-06
1.772680188653252676e-06
1.659024968123597206e-06
1.443694524412136247e-06
1.345489113130492491e-06
1.206496248821538055e-06
1.081165277053552023e-06
9.974169736695262066e-07
9.229527415378432431e-07
8.119102938364672433e-07
7.470674739833494242e-07
6.888771137840511454e-07
6.573760063800208470e-07
6.160899723067001060e-07
5.795242545180302264e-07
5.426390039256596577e-07
5.134225675929309464e-07
4.765264351362959438e-07
4.563744919483786810e-07
4.208649756781564604e-07
4.045585274413267917e-07
3.759458644221197758e-07
3.546403816792406010e-07
3.279808831520095680e-07
3.096584874499995929e-07
2.825799236418101703e-07
2.607945573453693807e-07
2.338259138856336358e-07
2.049398411351569575e-07
1.869363704091349057e-07
1.746094146625449279e-07
1.541028826190957813e-07
1.407677620954876029e-07
1.139397770453950747e-07
9.602204467415713447e-08
8.152246336131257664e-08
6.868679064619901757e-08
5.759857963480420343e-08
4.871553796822036531e-08
4.189646711836900970e-08
3.678755227588017384e-08
3.051688187952495874e-08
2.780355520010779736e-08
2.249266003788069558e-08
2.061654074495396361e-08
1.737665246391525900e-08
1.496063246330538567e-08
1.337778292165690137e-08
1.092570491564830497e-08
8.207481009723731213e-09
7.039334845999978129e-09
5.819350633229481323e-09
5.118632124167714845e-09
4.537153012589068865e-09
4.048978645042868918e-09
3.387317032231690328e-09
3.045459514021169013e-09
2.600812467964152877e-09
2.323627600517650691e-09
1.970467045829014978e-09
1.779646811617613321e-09
1.568681271437113690e-09
1.253374233586808381e-09
1.072803659355538441e-09
9.746947094016921605e-10
7.872056131892266986e-10
6.926622792958415010e-10
5.783011154083751004e-10
4.760814522218655667e-10
4.042650104100610807e-10
3.306874142840479197e-10
