9.298240896922106424e-01
9.376834873648689506e-01
9.184146797006071949e-01
8.269753586044281679e-01
7.163707547119491093e-01
6.376731385987961520e-01
5.692017292047980570e-01
5.276551057715848092e-01
4.955683076479008298e-01
4.689153839726532547e-01
4.449284891827851585e-01
4.234774658280339721e-01
4.060775553739073840e-01
3.902236551987567359e-01
3.744170901182902744e-01
3.621205292902501260e-01
3.547950054762457062e-01
3.449953652094262524e-01
3.322070090313422597e-01
3.200104153598398726e-01
3.123579847416904642e-01
3.041355393853812927e-01
2.942364322004292765e-01
2.822121996655079790e-01
2.735165411384744005e-01
2.656146554337964760e-01
2.581082958621038759e-01
2.509213263083814871e-01
2.448369531036484192e-01
2.376003708397476100e-01
2.331329865094765030e-01
2.289108770660208403e-01
2.240957542269089997e-01
2.189920110146483523e-01
2.139386159343030502e-01
2.097741472488934000e-01
2.058830161710556161e-01
2.021915761921452004e-01
2.001671305281748914e-01
1.967729353565792483e-01
1.930692612464499636e-01
1.888029855426271442e-01
1.846873069176770132e-01
1.812173421743500379e-01
1.789044801349224112e-01
1.746141402637846618e-01
1.705423881877279335e-01
1.656967815099541219e-01
1.633485204598562612e-01
1.588754292858082784e-01
1.542359928626224341e-01
1.517511378324999938e-01
1.481245655700461072e-01
1.462332912981340882e-01
1.422414930313302961e-01
1.397598861948585736e-01
1.361770908710479844e-01
1.336621267145954584e-01
1.310828373383871315e-01
1.297178420708099134e-01
1.274444179441982516e-01
1.242457592416457979e-01
1.214068903292356144e-01
1.196596213706758033e-01
1.165938847176068854e-01
1.135406539487763544e-01
1.122379271174137050e-01
1.106706913542632592e-01
1.082371843768302061e-01
1.063559412931729536e-01
1.044206713353602461e-01
1.023888545140367728e-01
1.007451238901949098e-01
9.906386637452486987e-02
9.543122855191479847e-02
9.379894361156561333e-02
9.136015722164964048e-02
9.000923426483445344e-02
8.730078627825128834e-02
8.461344264224741896e-02
8.241040764650579831e-02
7.956923955517633540e-02
7.827179972975027711e-02
7.662167980169783121e-02
7.410702780199555917e-02
7.313487547820475554e-02
7.070430289277643277e-02
6.805904031162485213e-02
6.524922466237215168e-02
6.310417377591735766e-02
6.157560580503520370e-02
5.966100069060486372e-02
5.700073886159952308e-02
5.542531796485584278e-02
5.286891947372426154e-02
5.204708427120711967e-02
5.048772019970185210e-02
4.874193226533568568e-02
4.790983469474757034e-02
4.631776872827831487e-02
4.494183061507306398e-02
4.416651895262686117e-02
4.206031404645912269e-02
4.090883492091973439e-02
3.894229958669716968e-02
3.793965489063155089e-02
3.564675264667374610e-02
3.450083998596455148e-02
3.363462111503845442e-02
3.182582975659301733e-02
3.122168971161378564e-02
2.966523535065601624e-02
2.849056442525347080e-02
2.739471321548395469e-02
2.648821140830876289e-02
2.534992553824383377e-02
2.416498731590515509e-02
2.339100237236270072e-02
2.239883570633259546e-02
2.159398819642216819e-02
2.122823721871773886e-02
2.066221355738803722e-02
2.037741956506402413e-02
1.969655408742179009e-02
1.918937709448561429e-02
1.874134706635849010e-02
1.821759976763247593e-02
1.790324917208830843e-02
1.773379802803283847e-02
1.723646276283298182e-02
1.710976643664121125e-02
1.668178009990342950e-02
1.647481592794971042e-02
1.606514739287047411e-02
1.591181308544768053e-02
1.571795785178336027e-02
1.538397277734778260e-02
1.515201736902329309e-02
1.482767478630434184e-02
1.468750408373636039e-02
1.446514245375984248e-02
1.428525245135251441e-02
1.416984667352437499e-02
1.397992617390635302e-02
1.383154710869599971e-02
1.362592750043884263e-02
1.340894803979447887e-02
1.330023808937362724e-02
1.310381688362667087e-02
1.289132655377533097e-02
1.270902108745923520e-02
1.256143773911898819e-02
1.239605646875173786e-02
1.212879142294847300e-02
1.191013895903574732e-02
1.169848350665502086e-02
1.146140747926785788e-02
1.134434992045254588e-02
1.114522971062348669e-02
1.089391798360956481e-02
1.080768140681550790e-02
1.050343504706533100e-02
1.010109423740621765e-02
9.865879154933065651e-03
9.589355197878863396e-03
9.374954993119782171e-03
9.094885140993554107e-03
8.777305472189038740e-03
8.565688465009211813e-03
8.369619854767760062e-03
8.024956168143448573e-03
7.900918999285575992e-03
7.706437109737239270e-03
7.294428722899233900e-03
7.126077874896542125e-03
6.935489455957914197e-03
6.741126099145692586e-03
6.357108814041220052e-03
6.155399752272208702e-03
5.892499404079398241e-03
5.766479898234593178e-03
5.577272969051917141e-03
5.460731432306255816e-03
5.395490891172190044e-03
5.270691818059457939e-03
5.090874953415863192e-03
5.018304834064921637e-03
4.813475014308816503e-03
4.753273221982841530e-03
4.636537190806764956e-03
4.578948449814998836e-03
4.460784458174582232e-03
4.372499651446207052e-03
4.238367663362983297e-03
4.128518446194407235e-03
4.058604239129032058e-03
4.004866999876133433e-03
3.867860402426530342e-03
3.785230793999311283e-03
3.684271586503369122e-03
3.580930262186256610e-03
3.518223474419408282e-03
3.401952788112878098e-03
3.342866967439083598e-03
3.291342163006914442e-03
3.223650284393886692e-03
3.158468185459570657e-03
3.092460877055386217e-03
3.055098887888850132e-03
2.971918547284153368e-03
2.877675265662578419e-03
2.841967992381474236e-03
2.756727761610195532e-03
2.667904156974456459e-03
2.614537194485965204e-03
2.555900987651112208e-03
2.461545792642804570e-03
2.398118234848881959e-03
2.356010906204602639e-03
2.263935718232532816e-03
2.227034537614535053e-03
2.175950601838518537e-03
2.121674568558549242e-03
2.050051548995450879e-03
1.975253835141742385e-03
1.939353782223325389e-03
1.886706951132270096e-03
1.833384585303458880e-03
1.750724502880395906e-03
1.719642569222560105e-03
1.677831394596793462e-03
1.632949037056654479e-03
1.612750176948300881e-03
1.570459648998920104e-03
1.519513352922872464e-03
1.489894163261225139e-03
1.453790579238272308e-03
1.433957540443342232e-03
1.388373905610094982e-03
1.356391374805195537e-03
1.314028324570811488e-03
1.283973803555288166e-03
1.266815587310668760e-03
1.247521605147633959e-03
1.213761710997912071e-03
1.189720062195788247e-03
1.148687022320051421e-03
1.111539756261808315e-03
1.084475708809513579e-03
1.042307792359430368e-03
1.026674472319020039e-03
1.004850671898097981e-03
9.762227023161729970e-04
9.591316508572381161e-04
9.349405559567091533e-04
9.153499037952869634e-04
8.959252143800825862e-04
8.786215994881937897e-04
8.417979599369165540e-04
8.252616982338999369e-04
7.974588084858235575e-04
7.673915563236734065e-04
7.516920696669329065e-04
7.401702326411927239e-04
7.200247361653517577e-04
6.998748490693823630e-04
6.913261815331913935e-04
6.829610072870388607e-04
6.626639856489196546e-04
6.554485468470803034e-04
6.405343291871491143e-04
6.236733044291034979e-04
6.080394723896682865e-04
5.998891063370328635e-04
5.806593346401777355e-04
5.738941379900989797e-04
5.616254257959743838e-04
5.512018791032864467e-04
5.346254511846327846e-04
5.261044651259009055e-04
5.097077635148263182e-04
4.947696899977018165e-04
4.848210112954678421e-04
4.771230544038290223e-04
4.668993123668307012e-04
4.557212531888501172e-04
4.430696879172966226e-04
4.309608905466588030e-04
4.197111277188179642e-04
4.078047839390731627e-04
4.024495622141265809e-04
3.870674792701022824e-04
3.782829122040018638e-04
3.640261063389161212e-04
3.545576146394998599e-04
3.413200717577931126e-04
3.316903167061144493e-04
3.214748432954827933e-04
3.159300714916775605e-04
2.987503255205389342e-04
2.909643703654775457e-04
2.815513696602764578e-04
2.756031149341652367e-04
2.668045591403730423e-04
2.603366747004429312e-04
2.515337050163568913e-04
2.451917548541269229e-04
2.321497280899420318e-04
2.254914679947855568e-04
2.141203109495517685e-04
2.065245483799835701e-04
1.952798226188198760e-04
1.917058434072993717e-04
1.874850668836974311e-04
1.843379922681433506e-04
1.786025491478507364e-04
1.749299434239665713e-04
1.680636830786223453e-04
1.642743203577265183e-04
1.608289830352549357e-04
1.552759313312778518e-04
1.517447069330093805e-04
1.490282711149993982e-04
1.442379807448386617e-04
1.400936505995087713e-04
1.361335664992174962e-04
1.342672709671971737e-04
1.298741221038790744e-04
1.245697478290084279e-04
1.213248583792730895e-04
1.181412882121412385e-04
1.142821935891901711e-04
1.099590972386314488e-04
1.067460434391259103e-04
1.031583319243861469e-04
9.908327978358827848e-05
9.700454345444909396e-05
9.480540131325039684e-05
9.129060330548041777e-05
8.990319748491582713e-05
8.738336670292987595e-05
8.435691217943635893e-05
8.142188021133317446e-05
7.912412004057185321e-05
7.678823465212090570e-05
7.482728460193486739e-05
7.277752040809870582e-05
7.092000376441987930e-05
6.766826997524952975e-05
6.590506192901314649e-05
6.444095056167089316e-05
6.292388826127470844e-05
5.900149096366239789e-05
5.699403889797654524e-05
5.441334409826901184e-05
5.231570392974904790e-05
5.102333174768220451e-05
4.934686207125618879e-05
4.779621196130631630e-05
4.654593235836155943e-05
4.552776940000412303e-05
4.404644751082477502e-05
4.290000683458629512e-05
4.185883490794259127e-05
4.003096949001192639e-05
3.889184942000825282e-05
3.713250989818745086e-05
3.649662721456226083e-05
3.435026769732843071e-05
3.328013602336816031e-05
3.234055026261372555e-05
3.047612996715555196e-05
2.999311167021437156e-05
2.834478151170747201e-05
2.739079025262166562e-05
2.653744249287220486e-05
2.556393027158325540e-05
2.470613335786595594e-05
2.397555003750661333e-05
2.311287096918518625e-05
2.227595737552587777e-05
2.155402643385788712e-05
2.062298166453259752e-05
2.021781407217052723e-05
1.987713243127773219e-05
1.927388067301174317e-05
1.852621258753722280e-05
1.822650913377642332e-05
1.742954643311216996e-05
1.684541860257018789e-05
1.624958469636884960e-05
1.592046328367477628e-05
1.550792510603983386e-05
1.494672044540315287e-05
1.460848227727945561e-05
1.414588697552414677e-05
1.391931884062877842e-05
1.356802468532316681e-05
1.317373016397262846e-05
1.276330470391645583e-05
1.233201436606634689e-05
1.201800930054070880e-05
1.164992710575073420e-05
1.138139298288781520e-05
1.089055343865980843e-05
1.075415295081739367e-05
1.048950819596091683e-05
1.016431511142860513e-05
9.979426466107554322e-06
9.791523480963756440e-06
9.493497232443706297e-06
9.274786761486036247e-06
8.941510678278472932e-06
8.480819137914214983e-06
8.293890009154272633e-06
8.040686363623669221e-06
7.831197464368495534e-06
7.634546967528039636e-06
7.325970727571524514e-06
7.231515831913789801e-06
7.083834252200067485e-06
6.906610289889645083e-06
6.671502321612050595e-06
6.540829245357441353e-06
6.411985606385723836e-06
6.210233010906702557e-06
5.938261728688498495e-06
5.789427945530756818e-06
5.641115888162457648e-06
5.444982642806785216e-06
5.397797037002492354e-06
5.290581711403051360e-06
5.081323131455077031e-06
5.014637018780770035e-06
4.832638843678433249e-06
4.737532727137823891e-06
4.615257070275511027e-06
4.462248385107639990e-06
4.379236218400298688e-06
4.299046627094738616e-06
4.107544428124290936e-06
4.019319863043819080e-06
3.894812132321184654e-06
3.823300834348434360e-06
3.664283449315237080e-06
3.586448612354638115e-06
3.492185501832524567e-06
3.375334055921562611e-06
3.276286031339421474e-06
3.228271325221373044e-06
3.110357559133416794e-06
3.067890537992433108e-06
3.021440285370625523e-06
2.929102303045177382e-06
2.893005186697493565e-06
2.831889370329203722e-06
2.777565742594504389e-06
2.684989194562800981e-06
2.642220770204302698e-06
2.581095444198133859e-06
2.506165526375458707e-06
2.386947908249202285e-06
2.328120832442683101e-06
2.224024426867092905e-06
2.156118641607953405e-06
2.127511619166380002e-06
2.045905236327867936e-06
1.948569690363531531e-06
1.912143168689244869e-06
1.816580871563959474e-06
1.766285442925093233e-06
1.717067357158593688e-06
1.651798418260369444e-06
1.580722596923147728e-06
1.524290797732304802e-06
1.484640846294505187e-06
1.452545581508852850e-06
1.426309828241708134e-06
1.396776325304460806e-06
1.351650479796233788e-06
1.326607760896938136e-06
1.295086159536450081e-06
1.252769985202525325e-06
1.238502504608469145e-06
1.205781344913443976e-06
1.182896369829381199e-06
1.154717255739492534e-06
1.128895906838341624e-06
1.119747411779595767e-06
1.095894376412863651e-06
1.070091779877711703e-06
1.053377548391285625e-06
1.027260207433979936e-06
9.921547795515458990e-07
9.620886923035191434e-07
9.308580576858211416e-07
9.069676173718885574e-07
8.946510947382990420e-07
8.655330072457383376e-07
8.498114981801361596e-07
8.331988914753851948e-07
8.196055627216368264e-07
7.877113365077636739e-07
7.722725179098809301e-07
7.400081085773261022e-07
7.129480170956346732e-07
6.899137902249111750e-07
6.753343357977237200e-07
6.483123357397469730e-07
6.308748927380430423e-07
6.080931428903446568e-07
5.924027992325518630e-07
5.726421329658430584e-07
5.527337770641730589e-07
5.334652644714120021e-07
5.232323383344991524e-07
4.895413974880560036e-07
4.731540128369454930e-07
4.500769019331734441e-07
4.287836506907746493e-07
4.125644614221290525e-07
4.011096469186551510e-07
3.753069338945526954e-07
3.685268306773951382e-07
3.535629571171968323e-07
3.350502129614117772e-07
3.246468930800756271e-07
3.181041624130266914e-07
3.012296534542256697e-07
2.888470788241755356e-07
2.829716164722786096e-07
2.698425496831348991e-07
2.586647851751125820e-07
2.380639678954168915e-07
2.322422918158391783e-07
2.249061080391409793e-07
2.062936492954613492e-07
1.997875192577613283e-07
1.876381731363751050e-07
1.803300354319267915e-07
1.701092383186230844e-07
1.657327035257141226e-07
1.588332449024178528e-07
1.541535615441231797e-07
1.463680858543422276e-07
1.416019527309840180e-07
1.390534838913525694e-07
1.347863177108371021e-07
1.277007530154713650e-07
1.237211957987153747e-07
1.189866333828931812e-07
1.152478939044228801e-07
1.080426172652449102e-07
1.040851320230807985e-07
9.960777052325657560e-08
9.533087648055454266e-08
9.286106992195831764e-08
9.057672778079999345e-08
8.415275985697318179e-08
8.159823791252589202e-08
7.771799687494136621e-08
7.453841546617111932e-08
7.150177814468719284e-08
6.759980879856646465e-08
6.553380884356906034e-08
6.294995353472951016e-08
6.003187776009557168e-08
5.803304163174377825e-08
5.614810854370577256e-08
5.494928169646910679e-08
5.419422532406262722e-08
5.170775773817857350e-08
5.012791129269318654e-08
4.867123230771649576e-08
4.732848572196174088e-08
4.610626874573982615e-08
4.518485625063742401e-08
4.346684055712573350e-08
4.282655582527158959e-08
4.126380303191451882e-08
4.025183252171393768e-08
3.976905870113341030e-08
3.859252013456251876e-08
3.781107860417929577e-08
3.661120767133192946e-08
3.500224476448379931e-08
3.364361198677543550e-08
3.296183192837925521e-08
3.209797161967569343e-08
3.145850089089852382e-08
3.069416433123718000e-08
3.000001010965206836e-08
2.913399980098763839e-08
2.862649373212881789e-08
2.728951960839782932e-08
2.637386836080732184e-08
2.548627650445979838e-08
2.427773104053801188e-08
2.344818740845544959e-08
2.280241859757697530e-08
2.226335504869711816e-08
2.165510568309748728e-08
2.076561784406490986e-08
2.043808687615195315e-08
2.014690626353833513e-08
1.921749267551491374e-08
1.892657537171669141e-08
1.848056936034381354e-08
1.797335665802300698e-08
1.756413743810206166e-08
1.663737811758261242e-08
1.610666550618760296e-08
1.582157836784562903e-08
1.528452737323691120e-08
1.458128840049885207e-08
1.437545088819853759e-08
1.402122217663272670e-08
1.347719603768814877e-08
1.299821208259948631e-08
1.266124113044716751e-08
1.229085778399411968e-08
1.193814510163841718e-08
1.164358491425351799e-08
1.135170739610631101e-08
1.102683757760372716e-08
1.072469065737173426e-08
1.031552986329852584e-08
1.019408873320310454e-08
1.002169142813499467e-08
9.557889720367696216e-09
9.286129444066946446e-09
8.938128434429596293e-09
8.659893699078054584e-09
8.381709414158493425e-09
8.176405559650278756e-09
8.017575972851172845e-09
7.791622120016905460e-09
7.517056494648187980e-09
7.408725478236414582e-09
7.266577039240596078e-09
7.069334205461596607e-09
6.936513946842496179e-09
6.600109353119141411e-09
6.476050409345645286e-09
6.245152438898583165e-09
6.038895454774255814e-09
5.817046866123454251e-09
5.707541930076469989e-09
5.532924068145070733e-09
5.420814291685765035e-09
5.302972838471218209e-09
5.104171404291079453e-09
5.010522234717657936e-09
4.893864294532297707e-09
4.812165511985336036e-09
4.678007784385207953e-09
4.596303284881748320e-09
4.352947638449469980e-09
4.282163617301154944e-09
4.184810468370514135e-09
4.065521667042256108e-09
3.885141003062952196e-09
3.832609657110434573e-09
3.712705604975446652e-09
3.553288787977561628e-09
3.331856447578359083e-09
3.243347397283623625e-09
3.042820371623798802e-09
2.924891406532980092e-09
2.771974238965757221e-09
2.653847068471190180e-09
2.587418515596856562e-09
2.469883141143161625e-09
2.404784681570877407e-09
2.332519303797917799e-09
2.260729677468209143e-09
2.139536419762863875e-09
2.046757896380170191e-09
1.971971761910751799e-09
1.916585318020277758e-09
1.850597755225583555e-09
1.777429475875642613e-09
1.714415801390868285e-09
1.647646145829602064e-09
1.605947721312084226e-09
1.566849412086456058e-09
1.523556330075205450e-09
1.459592266709992824e-09
1.423897227512691763e-09
1.346294021976033185e-09
1.325593136690873160e-09
1.303275994551365480e-09
1.265507429686165850e-09
1.226265014467784517e-09
1.203837853391198549e-09
1.177642649221471769e-09
1.161602999598664504e-09
1.138171158885453748e-09
1.097743750735118649e-09
1.075690326780631312e-09
1.056134162472968187e-09
1.024597102918946740e-09
1.006232674398830539e-09
9.697272564802781639e-10
9.452931472992142730e-10
9.272150696993773254e-10
8.777684388621253227e-10
8.578480294474537967e-10
8.435559505476838131e-10
8.158678341156697568e-10
7.770565914229746246e-10
7.610319271797520230e-10
7.390063876277395386e-10
6.969783328006677162e-10
6.795086951242370906e-10
6.639959979544398851e-10
