6.267833498802446446e-01
6.017331505080398824e-01
5.910892346328285862e-01
5.770772983570643389e-01
5.569004281467125894e-01
5.036750758148035301e-01
4.763328550162325148e-01
4.462944572858441039e-01
4.299103908573496668e-01
4.173236779761060888e-01
4.030038091770554165e-01
3.827532506675209167e-01
3.711211952734893016e-01
3.546076425217786210e-01
3.372608705390991446e-01
3.197927712244074128e-01
3.093754411634128676e-01
2.914244752597597299e-01
2.768143756062831362e-01
2.610849386300421737e-01
2.460610197341970840e-01
2.346097027956763614e-01
2.186465314515817215e-01
2.162777630729773304e-01
2.037263332269994009e-01
1.906938570063111127e-01
1.822234175189525740e-01
1.746903161295079721e-01
1.718040253720396759e-01
1.586629966413875270e-01
1.564685957139924644e-01
1.490734185352050045e-01
1.425945125778507461e-01
1.385651724434873999e-01
1.379097373051384745e-01
1.316447375202790260e-01
1.258987499754381789e-01
1.229057642728400013e-01
1.166141991434059416e-01
1.125404401841841456e-01
1.101571417231577560e-01
1.091057256935703268e-01
1.025248172272861941e-01
9.720407215610255003e-02
9.307324909160397119e-02
9.074172777508579535e-02
8.698031871888935174e-02
8.629265582526564338e-02
8.495809145113558669e-02
8.443666596966957483e-02
8.371687257268006777e-02
8.090308113750785401e-02
8.043979928681263547e-02
7.965067551177071326e-02
7.807806402491385134e-02
7.577908625784464391e-02
7.493800465363353869e-02
7.348858691089182882e-02
7.305348133285942402e-02
7.231956782051804367e-02
7.027643206429878830e-02
6.782407862471205584e-02
6.754386922919976277e-02
6.573670402101139398e-02
6.537664706701325212e-02
6.433314691253654016e-02
6.246607211004833599e-02
6.207472799625243093e-02
6.074736864752919296e-02
5.984408284948007639e-02
5.969096714467743425e-02
5.734343234016425067e-02
5.541715534262021264e-02
5.508945303740148819e-02
5.416248897942393947e-02
5.400972990608897406e-02
5.312932343023953063e-02
5.212809831348784451e-02
5.165781298696399404e-02
5.139156731531627220e-02
4.939729562124051815e-02
4.788146975281885875e-02
4.764363574760867304e-02
4.719537063006186417e-02
4.511070554520284909e-02
4.464237604652247088e-02
4.333582153154175165e-02
4.283173425192262490e-02
4.202613316243025005e-02
4.078674421851844617e-02
4.003080632885416129e-02
3.999173877528724996e-02
3.933412621917118518e-02
3.845247514054813548e-02
3.836100388534025019e-02
3.798608989385897361e-02
3.658201461449678976e-02
3.634057426122906664e-02
3.597226409270917052e-02
3.576209566393003664e-02
3.340578058957736907e-02
3.292446560990745091e-02
3.219633891992611241e-02
3.119175746135575272e-02
3.040705493362987413e-02
3.026021550246271036e-02
2.937188139639544671e-02
2.920414313633098308e-02
2.869407848648226900e-02
2.856793016189570350e-02
2.770854787075224812e-02
2.713375431748208180e-02
2.687002316960270323e-02
2.630950117713822672e-02
2.589002498091481225e-02
2.553323418809705023e-02
2.520123354928636289e-02
2.359029288953107609e-02
2.346185467963178561e-02
2.228974574921237933e-02
2.206049884359665217e-02
2.189071862685348577e-02
2.176689901665457630e-02
2.100678376251900736e-02
2.098517320345283724e-02
2.074971230799379021e-02
2.054918325688962280e-02
1.995341039876921685e-02
1.988588462869180298e-02
1.966245328140703991e-02
1.949409167232132173e-02
1.910256872850112086e-02
1.897591651688310815e-02
1.855851787510938433e-02
1.805594031717871334e-02
1.742793355764345534e-02
1.717645484049994467e-02
1.710865253261718150e-02
1.657812783642285959e-02
1.636334550931238530e-02
1.628823681846437374e-02
1.623152656387300344e-02
1.556726530011591850e-02
1.541114536947503846e-02
1.533666122727964792e-02
1.512373645002965811e-02
1.460514873465070147e-02
1.443710735127840157e-02
1.424830054738264115e-02
1.382976675955993606e-02
1.358965793393239647e-02
1.352624034594013085e-02
1.345607135508367601e-02
1.311455424880707613e-02
1.303751581643971397e-02
1.291860856194401372e-02
1.278518312239226504e-02
1.276394253099627681e-02
1.241373726264392331e-02
1.207096115651233419e-02
1.194942477792258415e-02
1.152767467038772961e-02
1.140362117557480737e-02
1.129112657366205912e-02
1.113069343839313309e-02
1.106153919732967561e-02
1.103232046667975731e-02
1.077164127965283755e-02
1.070824194905678484e-02
1.047881008888378214e-02
1.038235342849609492e-02
1.004026435068633774e-02
1.001746440941416599e-02
9.888880838767074091e-03
9.690164121616976281e-03
9.484081866730104463e-03
9.069207361157637787e-03
8.649016146049253242e-03
8.579717360692091371e-03
8.492773775138365289e-03
8.222250395809382190e-03
8.145334784022500302e-03
8.121175032055227838e-03
7.975111285748863812e-03
7.844996776828807791e-03
7.816969813537520337e-03
7.663581929027343809e-03
7.497533504280170374e-03
7.388229780793978581e-03
7.374622303474514563e-03
7.263533556097575943e-03
7.246663990626608931e-03
7.055233980111643918e-03
6.945478370692170257e-03
6.928464538651456402e-03
6.819926790876282459e-03
6.725023591446140439e-03
6.556334967395840117e-03
6.440886961258775537e-03
6.380791218117292697e-03
6.052691727808113924e-03
6.001576095061801099e-03
5.947776161901135832e-03
5.855674077837639060e-03
5.809052611120455768e-03
5.759859668238354394e-03
5.426895834207875677e-03
5.390949538675026374e-03
5.303788393712564539e-03
5.182233339977314161e-03
5.085289520780285864e-03
5.055616402743230882e-03
5.050830939540427306e-03
5.011389373925375680e-03
4.970198447939582452e-03
4.701452100036316098e-03
4.694013255127855826e-03
4.468285233027443487e-03
4.412859890263263161e-03
4.384781239432431268e-03
4.362517611908973796e-03
4.334827671283274057e-03
4.235136423063952382e-03
4.117439888278889328e-03
4.052067096444358051e-03
4.014460353187491483e-03
3.978126493356846059e-03
3.947768424998662068e-03
3.817942996799407723e-03
3.723706570764307149e-03
3.671315273739625667e-03
3.658992893696157676e-03
3.562592309348266029e-03
3.480538064666027775e-03
3.468994242402257972e-03
3.428920264300212590e-03
3.401609758059147455e-03
3.369148599969675265e-03
3.264113361217179776e-03
3.218966573392079231e-03
3.174865434576781484e-03
3.162046570306427471e-03
3.116644757183898058e-03
3.094827155665707836e-03
3.037373011286577038e-03
2.921687828872619481e-03
2.860026708790621135e-03
2.676579937096978685e-03
2.652729648040941159e-03
2.646306570662098484e-03
2.638022882297375634e-03
2.629912668582743297e-03
2.544690308735618293e-03
2.489548327207441545e-03
2.450298426231574400e-03
2.383513630826439994e-03
2.368574038535016784e-03
2.363512426198887718e-03
2.355547218997988516e-03
2.350649164224367840e-03
2.299946371014657993e-03
2.233148667510344645e-03
2.171461215529857380e-03
2.134419241700311488e-03
2.097089262151153547e-03
1.995966408640319992e-03
1.986447635977850370e-03
1.982203650662118025e-03
1.978241151642877015e-03
1.921039053660063842e-03
1.898314489922908353e-03
1.892406000876519466e-03
1.832586871583664597e-03
1.830765121725251880e-03
1.822769171797804406e-03
1.763257947237512882e-03
1.693055714929579030e-03
1.683687953286743281e-03
1.677599229544335033e-03
1.667057104006055505e-03
1.652695162575511679e-03
1.644605500692790769e-03
1.624271941533320324e-03
1.601183596394491248e-03
1.519056860755619741e-03
1.503808242168760446e-03
1.490000502344138947e-03
1.421899706534549956e-03
1.401723166326377702e-03
1.386118870688089972e-03
1.382854413054113250e-03
1.378170982723089929e-03
1.356571652419789409e-03
1.341877773893967790e-03
1.259286578230744405e-03
1.228131510301026189e-03
1.218784584939595775e-03
1.196556830270359287e-03
1.181416724282269163e-03
1.128178415042127482e-03
1.118686075181574971e-03
1.103540123084190703e-03
1.072636864098652732e-03
1.071293692327041471e-03
1.058632742315475470e-03
1.031832911337149730e-03
1.007271732596702390e-03
9.896741347760827211e-04
9.804147108218082968e-04
9.782428811853328618e-04
9.494129083738285860e-04
9.060651148493487333e-04
8.972921607807947657e-04
8.915570107624931802e-04
8.901038823314213035e-04
8.640858915871584911e-04
8.424197409733527294e-04
8.222627536102687347e-04
8.136634959247714691e-04
7.976320814059420419e-04
7.944455826003831529e-04
7.919223050200282490e-04
7.799365444961437648e-04
7.651258575601246545e-04
7.220413795853649654e-04
7.034721065147166597e-04
6.974468695443643588e-04
6.949484491578703221e-04
6.811672054006246693e-04
6.778970205430963087e-04
6.533901115558911560e-04
6.284281282340372071e-04
6.252758686565964208e-04
6.184924880577405979e-04
5.974067577314596958e-04
5.956509135086352500e-04
5.508169900754751429e-04
5.452953414524085596e-04
5.329598125780612115e-04
5.269934644169531508e-04
5.222694730966622248e-04
5.116833997636098834e-04
5.038786347572353020e-04
4.955771091035164524e-04
4.893868822787403750e-04
4.782499266413433908e-04
4.770254272490140075e-04
4.743303395950560896e-04
4.678823250963975327e-04
4.676118729628071227e-04
4.659068461697507308e-04
4.458842923533033655e-04
4.393765962157122743e-04
4.326104407751560593e-04
4.252549809405980282e-04
4.177013903436112524e-04
4.161288423391575563e-04
3.908114277646300015e-04
3.896017137185498629e-04
3.857781849964976996e-04
3.814237202754646350e-04
3.751603171220968991e-04
3.637881554526034610e-04
3.630111925226536872e-04
3.532699057169650454e-04
3.510634207422371486e-04
3.486180211749356946e-04
3.475268308003742084e-04
3.433013794322046890e-04
3.412565160306247117e-04
3.209847149519525823e-04
3.205373897412406073e-04
3.193617438434934131e-04
3.088574121596541718e-04
3.062954481792906571e-04
2.831623007996583990e-04
2.820531680356475621e-04
2.818628101487835277e-04
2.806493637412863884e-04
2.767310837912631571e-04
2.685303976453265028e-04
2.670604963479727674e-04
2.523873935654338450e-04
2.511856333560747410e-04
2.457599228216382405e-04
2.443712212086213620e-04
2.404920473931549936e-04
2.393544271026238290e-04
2.349154483737252565e-04
2.329152713700519605e-04
2.274033699592261954e-04
2.266191566555015116e-04
2.265049500009619419e-04
2.255975985159754842e-04
2.222317762935707740e-04
2.213075418573152162e-04
2.160414917349214048e-04
2.128631952413910457e-04
2.110000271051465565e-04
2.038538338198074042e-04
2.022314291179652917e-04
1.965874008413197652e-04
1.941987289259921841e-04
1.919179100448628714e-04
1.814221866910953752e-04
1.754333113257495352e-04
1.752985491740008991e-04
1.743797936759618986e-04
1.703138993738263969e-04
1.665052065374257584e-04
1.580520111732770360e-04
1.567820501078127872e-04
1.533519105111059945e-04
1.508263887101589319e-04
1.505384634799873818e-04
1.414072750834343534e-04
1.380110764624840262e-04
1.354139392912801171e-04
1.297470467497302972e-04
1.286470103756049874e-04
1.284051018407251176e-04
1.256815357516746507e-04
1.235647924839912968e-04
1.149521603145404986e-04
1.134873202657917982e-04
1.126658014238904597e-04
1.096256009862618902e-04
1.085818922813684305e-04
1.078703937469573841e-04
1.075662277547005359e-04
1.034272101372153788e-04
1.017560731781329253e-04
9.964834152784301266e-05
9.758218302874221560e-05
9.668302265704165738e-05
9.559319443069608929e-05
9.515720052007351089e-05
9.432843976115194099e-05
9.318767993033835110e-05
9.261129205782129832e-05
9.069068228837384379e-05
8.834393950920345785e-05
8.818455172455811079e-05
8.567116285957819977e-05
8.481148245383817634e-05
8.100987349741737881e-05
8.048670023556209511e-05
7.974973774803369576e-05
7.732122565096982030e-05
7.706281273183270865e-05
7.631927096083891595e-05
7.577641028496309565e-05
7.163287640998228733e-05
7.126473379966094155e-05
6.959659834507617941e-05
6.887913065001718808e-05
6.874852138672986487e-05
6.848844681443859656e-05
6.509945512641055257e-05
6.179574812217481926e-05
6.167163577723966514e-05
6.118052316764879047e-05
6.078765037881934865e-05
5.728317030170221785e-05
5.697196801979929534e-05
5.556522558533284447e-05
5.488865422421122304e-05
5.453023407588943050e-05
5.379722444397113973e-05
5.326217942108639941e-05
5.214270302161648366e-05
5.148224540499056500e-05
5.053984998439405181e-05
5.024877652352856082e-05
5.012743320964128545e-05
4.822465379220082239e-05
4.682006805403302621e-05
4.653240577467960523e-05
4.646917117556386123e-05
4.597720089723075993e-05
4.484046708772804440e-05
4.354760424821878413e-05
4.328906634234941164e-05
4.250468547340457168e-05
4.219114067798628519e-05
4.051819826395095924e-05
3.581001017978858932e-05
3.557375691035333004e-05
3.432571867969800889e-05
3.416317240666613740e-05
3.399071030019305763e-05
3.384447706735257158e-05
3.332240223327094595e-05
3.296537281521777778e-05
3.240523337048856851e-05
3.223807449515109463e-05
3.197386707112439300e-05
2.932477789326185194e-05
2.805788389500292823e-05
2.787462025464172984e-05
2.778622296276619138e-05
2.738984801929970453e-05
2.656538029596772836e-05
2.476087047397862746e-05
2.464758769006698353e-05
2.434297886844539503e-05
2.391683341387304898e-05
2.363241993728982322e-05
2.359690847526605274e-05
2.282363379129022713e-05
2.205194138411757318e-05
2.196389523404207908e-05
2.171886212460776811e-05
2.108206452617271382e-05
1.999791572551283162e-05
1.940947173875304111e-05
1.909627462954455049e-05
1.888433159753260916e-05
1.845643849858454730e-05
1.838307631935244234e-05
1.834374068096416701e-05
1.825350625772931734e-05
1.806746236304333778e-05
1.791222016160524906e-05
1.714661910605485209e-05
1.644287460662214416e-05
1.634092291136802512e-05
1.594574373068233976e-05
1.583605572795622810e-05
1.566168715974343491e-05
1.439002560057783315e-05
1.435577610188872081e-05
1.414869366559139666e-05
1.408858622803217339e-05
1.382681638800825101e-05
1.379861901185088435e-05
1.371371791308713656e-05
1.329275499051042503e-05
1.321989354620202449e-05
1.300142039485462047e-05
1.283932804169294115e-05
1.270877518610314634e-05
1.243696325137185878e-05
1.233555222198862076e-05
1.227050753030763271e-05
1.185809887320558809e-05
1.175617021207663545e-05
1.156422366571738772e-05
1.090563250390549102e-05
1.081099441094172633e-05
1.078506030964087635e-05
1.063036444765103312e-05
1.032881025197840789e-05
1.012080111787480829e-05
9.903758054562919924e-06
9.877385871184320051e-06
9.839068865443687277e-06
9.777312819749600854e-06
9.695909328171573038e-06
9.662945497044095295e-06
9.048329882444274732e-06
8.931486643229316269e-06
8.605746242967975980e-06
8.410576698274742293e-06
8.368830719360591638e-06
8.335547878086059710e-06
8.242891398820459642e-06
8.039969451903017096e-06
7.824647848670055093e-06
7.787276636214329319e-06
7.738313614759767940e-06
7.547379897663312526e-06
7.400469460535109980e-06
7.360095581898497836e-06
7.232674589636455742e-06
7.199924110681868180e-06
6.964030851423923837e-06
6.933249867407456421e-06
6.783251654679866006e-06
6.728248950151141299e-06
6.636032892365202451e-06
6.496300617686640454e-06
6.344691024529495595e-06
6.132893430824362390e-06
6.066257846566302962e-06
6.005303700502402554e-06
5.960422377054016031e-06
5.612910388009873933e-06
5.599314822540067881e-06
5.502126735416617718e-06
5.463123271325501712e-06
5.418970312233189869e-06
5.267239231005857926e-06
5.241089291055925249e-06
5.230425232395827794e-06
5.192799353584125938e-06
5.148875404114618046e-06
5.071569359490766854e-06
4.844345083585707714e-06
4.753585543694156493e-06
4.694972571398901347e-06
4.593507404964028853e-06
4.588709007560952609e-06
4.498998032924730532e-06
4.423037200617290606e-06
4.362577853767196260e-06
4.127378573976931123e-06
4.082656378276735664e-06
4.059897562253622127e-06
4.048224531701074553e-06
3.943507800093406498e-06
3.918993712458332215e-06
3.862244978747080041e-06
3.849455149503958332e-06
3.820614707356644479e-06
3.784508234450993744e-06
3.769825547831480068e-06
3.711659014179733775e-06
3.412631809362927602e-06
3.376904749474650567e-06
3.301703144261160641e-06
3.291415098322995130e-06
3.280014969150537580e-06
3.271746666093445132e-06
3.252963726381047032e-06
3.129957704352694341e-06
2.968190888717863596e-06
2.833525296820096371e-06
2.816165482839138779e-06
2.741922579050091215e-06
2.641294098179734461e-06
2.630870471235878996e-06
2.606427169525142561e-06
2.604354571154117283e-06
2.599352889775502434e-06
2.569114877960718921e-06
2.548186873195636806e-06
2.508718963298298830e-06
2.491055045346160388e-06
2.262168763062452162e-06
2.228095316241110737e-06
2.196474536499286976e-06
2.160186389483066013e-06
2.126471486154105786e-06
2.100694948239979206e-06
2.056299664439018191e-06
1.999326656756171924e-06
1.994016435992896993e-06
1.886937590168250469e-06
1.877900653905086667e-06
1.870498812269593282e-06
1.861162599316061056e-06
1.772641704178114787e-06
1.608596667243041305e-06
1.575515864309637917e-06
1.570972008137194531e-06
1.566765116665519568e-06
1.558865777468360372e-06
1.525362829893750401e-06
1.496340409030538838e-06
1.490218682343036852e-06
1.486974174724067937e-06
1.456939538687640021e-06
1.446305958913689186e-06
1.396862688884191104e-06
1.347763995537737787e-06
1.343390994397329676e-06
1.334961367965273949e-06
1.311594809236091993e-06
1.299298806812739658e-06
1.294436331810928612e-06
1.247939211959114027e-06
1.173982069234970085e-06
1.148381066568271882e-06
1.131062570985164774e-06
1.128176740610972873e-06
1.115188398363500359e-06
1.073024166811969946e-06
1.070957134672123538e-06
1.067890709561000979e-06
1.061365634847580950e-06
1.055233068467188399e-06
1.051623027551961196e-06
1.045784876915378121e-06
1.011526381105979552e-06
9.749825244586690920e-07
9.615732298854927039e-07
9.572348714841581996e-07
9.497012157774497738e-07
9.268107905517284950e-07
9.190978920331876981e-07
9.152833859547950443e-07
8.335797843144077123e-07
8.320141861584044136e-07
8.173307001742042621e-07
7.889537479078774618e-07
7.880728650904789530e-07
7.831300855011640262e-07
7.803090196781314729e-07
7.595590228179187367e-07
7.545554650197247125e-07
7.521235314173493176e-07
7.349813676998198022e-07
7.333758412249621777e-07
7.276848328466506908e-07
7.039916601689672763e-07
6.872060767035294497e-07
6.615720999592579883e-07
6.567976475054076647e-07
6.529047080576980399e-07
6.466299875287797128e-07
6.422513579888450260e-07
6.305849767598591458e-07
5.889154167131657459e-07
5.796756911253506584e-07
5.493967433798342701e-07
5.486692708659706463e-07
5.435207225392468608e-07
5.389461793929470031e-07
5.021082181465058711e-07
4.952190754553968777e-07
4.925067411209134679e-07
4.915034706527626204e-07
4.867547632594477342e-07
4.711768434745828698e-07
4.599580360347763339e-07
4.509437838221741166e-07
4.401322185206765625e-07
4.371078744597335826e-07
4.357612409315923826e-07
4.300365731116247687e-07
4.292644521082525809e-07
4.218934278390520094e-07
3.945186243277820568e-07
3.852080677153451805e-07
3.802160144061517085e-07
3.790382850749762965e-07
3.784028615128590760e-07
3.758893692834885340e-07
3.730551170202580125e-07
3.506611477594870328e-07
3.231016148620846761e-07
3.176749104890183605e-07
2.947750975942027168e-07
2.909006557959741035e-07
2.901839092658499333e-07
2.896565862496598556e-07
2.873149658686308127e-07
2.828853883400167196e-07
2.822198363646916593e-07
2.780506408535497777e-07
2.766181357956562259e-07
2.685345290301523621e-07
2.662898949387679623e-07
2.542249947576055047e-07
2.513751751241561163e-07
2.469935281620403705e-07
2.462387626852848285e-07
2.350033897064574651e-07
2.292882187912087957e-07
2.226813750249117330e-07
2.199199077122657504e-07
2.194594387159677878e-07
2.189761709806856898e-07
2.108917722355150230e-07
1.893682606462458473e-07
1.887206345697228658e-07
1.881857437216921443e-07
1.854685900015490112e-07
1.848950509289975843e-07
1.769211826559438743e-07
1.744191893869019846e-07
1.729461172238706689e-07
1.699061540998147486e-07
1.636980028086764318e-07
1.617754752406073918e-07
1.591313168270747653e-07
1.584306260761971161e-07
1.580809416148223809e-07
1.562827714762763696e-07
1.533184644681858802e-07
1.523501464206377904e-07
1.493965626547547712e-07
1.428272467050306312e-07
1.328670417468347045e-07
1.322646130453770101e-07
1.306603208575106682e-07
1.285105783677722390e-07
1.266918789930843118e-07
1.254582861153517684e-07
1.243704895385122556e-07
1.235916692661160762e-07
1.218000876956019752e-07
1.207957782858235990e-07
1.200565339171286304e-07
1.180351221857514835e-07
1.174505889143643490e-07
1.160316137163681778e-07
1.130307547466876100e-07
1.128454731309695421e-07
1.091755132434414956e-07
1.079540498333972330e-07
1.056160723772775876e-07
1.012232810788214114e-07
1.010348649512962717e-07
9.918294431906357754e-08
9.802060673613101763e-08
9.258071497860090252e-08
9.071221091570191427e-08
8.819499388872911456e-08
8.521272612958333092e-08
8.501937648609679234e-08
8.496289210047000224e-08
8.097403442968125743e-08
8.055608463326149558e-08
8.036643604929235425e-08
7.795945395034317913e-08
7.759712622022043716e-08
7.666542680947443641e-08
7.380583330508777693e-08
7.130951837388884617e-08
6.999806077112855977e-08
6.922471496377497962e-08
6.906850365498625735e-08
6.722771537748704561e-08
6.695459650677717522e-08
6.654443524687924684e-08
6.586348471236736879e-08
6.475485328693069956e-08
6.401770082244984907e-08
6.178238077390288104e-08
6.071065888589918339e-08
5.880187764593313436e-08
5.830477185929561009e-08
5.737665808816590755e-08
5.719494927811768038e-08
5.600718773144930279e-08
5.499118401616504639e-08
5.401802532579148239e-08
5.344594386735884547e-08
5.336767182795326163e-08
5.207711274230759991e-08
5.120230774206647319e-08
4.987904115643911324e-08
4.909911821730457515e-08
4.888299403158923329e-08
4.614568688642892700e-08
4.402322047533314559e-08
4.337757489914972933e-08
4.312376780103970481e-08
4.263458570707635765e-08
4.260415022226654447e-08
4.200165335373946750e-08
4.115530995917109932e-08
4.015678195416840067e-08
3.912116092589947171e-08
3.726654417057650641e-08
3.557547725891267591e-08
3.541698596686095522e-08
3.512258772986848492e-08
3.499494507596087812e-08
3.497128740647275272e-08
3.399737595621770476e-08
3.366786880315479935e-08
3.355875807233554685e-08
3.163962679925673280e-08
3.084959027785667450e-08
3.063098064250897900e-08
3.037550983535246794e-08
2.989812008056200438e-08
2.865667147796958554e-08
2.830973439724492749e-08
2.822069755701521993e-08
2.740938302003208481e-08
2.720232420212716619e-08
2.716090879189965670e-08
2.700515121183908324e-08
2.518572046454311141e-08
2.476339887441270421e-08
2.453518701627038561e-08
2.430796166969293389e-08
2.414971589116837950e-08
2.410635428017394950e-08
2.380839402125513413e-08
2.342243945747355518e-08
2.272368760912148460e-08
2.239929270081378683e-08
2.224190668186349923e-08
2.195627922483296572e-08
2.182433793245382014e-08
2.113366882141039505e-08
2.069755720831000425e-08
2.060788785047134716e-08
2.009671213706108332e-08
1.956410067951558651e-08
1.940406567696379651e-08
1.936907510344002452e-08
1.902416271392352368e-08
1.854039774194300224e-08
1.851755277400253441e-08
1.817916252110762831e-08
1.803579772292455980e-08
1.750708938325156914e-08
1.727453267397477615e-08
1.524482826236856787e-08
1.521630197689033960e-08
1.493628883972474503e-08
1.481726627285889893e-08
1.478092050995111804e-08
1.463219961611894834e-08
1.427314858614225069e-08
1.419464339939728927e-08
1.417024584864423306e-08
1.404389297989656357e-08
1.354070290977893239e-08
1.344324696820160660e-08
1.288105769975779807e-08
1.281678803185018265e-08
1.270783380522221653e-08
1.259919478844677674e-08
1.232948430659319986e-08
1.189824162855672583e-08
1.171824522868144369e-08
1.161077967293460714e-08
1.147922780777059877e-08
1.145961299310326296e-08
1.141755793741569994e-08
1.128522847183110525e-08
1.088811801250362824e-08
1.073091266712574695e-08
1.041390106876523793e-08
1.035516315467587397e-08
9.983224844044412582e-09
9.834860642957418481e-09
9.712570589614917269e-09
9.244980836540035099e-09
9.188506667084930321e-09
9.067299796228750252e-09
8.924392372857274613e-09
8.879002602922209537e-09
8.858837486190924033e-09
8.460734370248270640e-09
8.164646543940142313e-09
7.665795597835344418e-09
7.655098844102049007e-09
7.592058149158402221e-09
7.518205721117609303e-09
7.502592671819915576e-09
7.230544542805264857e-09
6.691284503394385961e-09
6.605003197202786630e-09
6.560576577745553329e-09
6.553342415467379938e-09
6.355180914688912273e-09
6.198409109783649946e-09
6.159351084871274576e-09
6.146783812640737668e-09
5.979265709972446085e-09
5.856699647583099165e-09
5.831633628739567713e-09
5.797216640405737352e-09
5.783073184188249603e-09
5.387202998049607267e-09
5.365093504961102172e-09
5.263090122419057427e-09
5.241688451695092263e-09
5.229452727719327323e-09
5.128766021153061976e-09
5.121603034964505422e-09
5.106239933448779262e-09
5.042560007688400196e-09
5.020957501213059157e-09
4.879835055883209660e-09
4.748311398937371263e-09
4.619059731736373089e-09
4.552772152024913788e-09
4.498430858011563532e-09
4.364280825987096962e-09
4.179225085359267470e-09
4.147214364151848806e-09
4.130483081418576761e-09
4.111464405744750684e-09
4.101379654959669124e-09
4.076877190037067392e-09
4.036379729335687435e-09
3.989523312183347107e-09
3.966558817078879203e-09
3.920195704776064799e-09
3.881984478288353178e-09
3.845526076214507155e-09
3.810777487415425096e-09
3.729062564331560821e-09
3.605301370257652752e-09
3.512666089710766563e-09
3.384410547929744015e-09
3.381228278863657021e-09
3.355992979794785742e-09
3.330187695780902571e-09
3.289344878396119086e-09
3.283055066925900500e-09
3.147290939807293227e-09
2.926115892423048915e-09
2.907582401417219238e-09
2.650197462532606247e-09
2.477438922638067390e-09
2.468114385458916973e-09
2.406778939870008225e-09
2.361167870319287424e-09
2.358640925272270138e-09
2.334979231965625379e-09
2.314771417131826890e-09
2.248314087751590627e-09
2.177791555231458973e-09
2.148025425206596903e-09
2.096133438968257931e-09
2.033228134267035346e-09
2.011430113601099597e-09
1.985110207821506831e-09
1.969232119749357828e-09
1.875233579005129373e-09
1.859455358358531333e-09
1.832850576246865287e-09
1.829165354019022823e-09
1.819654967422530885e-09
1.817823334391916684e-09
1.747314440458313239e-09
1.707882778184176508e-09
1.608725035803322858e-09
1.541866369912136392e-09
1.534775495114868544e-09
1.516341735686684329e-09
1.502670696708914238e-09
1.493513717748802291e-09
1.464071502518712598e-09
1.437512384345517440e-09
1.435750774210898201e-09
1.422401736750633824e-09
1.408465755279855476e-09
1.376014828362939150e-09
1.337056844468187014e-09
1.327598922178929384e-09
1.203971651875369863e-09
1.190702703230685265e-09
1.180230594984592139e-09
1.083060372579728978e-09
1.057501348771759145e-09
1.054304002265296148e-09
1.048311348661880768e-09
1.015618601281501109e-09
9.830920194188049792e-10
9.613357757441620870e-10
9.581815023616099095e-10
9.499705777075794407e-10
9.270290283162750769e-10
9.075992219639051230e-10
8.990696812969263491e-10
8.569241575565982161e-10
8.221389055913151260e-10
8.133584346860254306e-10
8.038497680056865470e-10
8.000762307099315344e-10
7.968387055506173568e-10
7.960392301658970234e-10
7.677218249867468860e-10
7.480845641489517453e-10
7.320870462298727842e-10
7.211754021547582092e-10
7.180791682379614588e-10
6.929003668118974919e-10
6.834274217903289050e-10
6.365069524788349583e-10
6.280981398101595874e-10
6.192740923758987694e-10
6.110110760467515432e-10
6.088196623277375371e-10
6.065655497171003358e-10
5.914169868118098034e-10
5.674785974962444929e-10
5.587644368906384903e-10
5.570580338800550138e-10
5.477864168565216669e-10
5.409387835900014324e-10
5.364839820541032244e-10
4.976452433159311488e-10
4.904434815221023935e-10
4.843400706279789836e-10
4.756563228834535271e-10
4.726203723000278693e-10
4.694562987232744448e-10
4.680538886832653747e-10
4.658001778204848201e-10
4.639459101423056861e-10
4.541396704531217057e-10
4.511770932408897109e-10
4.472314926988825972e-10
4.361763304164641135e-10
4.332561612296902836e-10
4.196153196350668166e-10
4.174356355314040405e-10
3.939286526105898065e-10
3.841210367095229246e-10
3.803034727899435349e-10
3.639746403129884202e-10
3.617975429614632747e-10
3.485495786361489916e-10
3.477993671424758958e-10
3.411498728036622487e-10
3.206833189765958368e-10
3.117686745596078955e-10
3.073635134475663017e-10
3.056862206198880868e-10
3.023891828924162973e-10
2.992721376358490099e-10
2.942168232997986634e-10
2.920107048079082357e-10
2.893578508926838136e-10
2.882676551418807332e-10
2.777289594763525386e-10
2.706332850201996760e-10
2.696722471730194777e-10
2.637598926413806391e-10
2.528242947240550972e-10
2.518110639203024674e-10
2.486123933691846789e-10
2.475869160597709578e-10
2.337193617942073657e-10
2.295106985562198895e-10
2.274786959740596897e-10
2.258067719522268472e-10
2.256603719583285092e-10
2.251985254648536131e-10
2.230551005002541146e-10
2.032497760678268675e-10
2.001756941359307802e-10
1.940849236750614729e-10
1.880878719653765261e-10
1.840996207280257001e-10
1.812478580420922604e-10
1.808442989336576069e-10
1.805996803604791052e-10
1.755284926706354883e-10
1.741088821369794239e-10
1.668746695769857630e-10
1.666216526087500648e-10
1.650686165401276991e-10
1.558624427665204011e-10
1.555408093632383055e-10
1.462899325400553967e-10
1.427676176240265301e-10
1.417974406992741782e-10
1.399700935387995284e-10
1.377310833198621194e-10
1.356353264114116542e-10
1.352008524468865067e-10
1.350311490134646995e-10
1.287529092523763337e-10
1.276128771752306769e-10
1.273738355937122119e-10
1.251389543274109828e-10
1.245134430057109538e-10
1.206808766458539162e-10
1.201170694486882540e-10
1.101400844709156583e-10
1.089742519095746042e-10
1.076018136860912605e-10
1.046406847626753695e-10
1.044072763766502513e-10
1.042058341646371375e-10
1.035597731381046990e-10
1.021515903308484678e-10
1.017073390910523572e-10
1.002226307270076932e-10
9.694466230911192107e-11
9.510371502501151727e-11
9.078567395133167949e-11
9.061530130532327374e-11
8.544415993845299493e-11
8.316233899895361639e-11
8.050774782867116619e-11
7.842949130097990652e-11
7.801502367193188676e-11
7.753948085727435595e-11
7.743569282818698192e-11
7.693875089268228937e-11
7.658647267800812392e-11
7.556693145868878414e-11
7.352121323898242212e-11
7.077901045043827889e-11
6.979197183696297256e-11
6.935974201405246717e-11
6.738252548388918888e-11
6.563994591110253781e-11
6.526756172534886828e-11
5.990623324490228455e-11
