2.021651923323692035e+00
1.917077891240901444e+00
1.675794303159197085e+00
1.460792779140301922e+00
1.223879782498113800e+00
1.059024130861126567e+00
9.242504163928434435e-01
7.926084014623996366e-01
6.916414388100822208e-01
6.116168893072787549e-01
5.455934890598512776e-01
4.807286882347081014e-01
4.310052336605103562e-01
3.861944427275379454e-01
3.477048591699723468e-01
3.193854210371459557e-01
3.026697247082894560e-01
2.810243998820400879e-01
2.630717744323706753e-01
2.494926832751628021e-01
2.302775407381222328e-01
2.235466629125660021e-01
2.105462587981553613e-01
1.991008876463720434e-01
1.841270255001097034e-01
1.723116070735212502e-01
1.587692615983971323e-01
1.495727130369874647e-01
1.410611232041817098e-01
1.352711430840009554e-01
1.277163353008090863e-01
1.188994071495553112e-01
1.081371260159339626e-01
9.830284779544246065e-02
8.862481775702517328e-02
8.154514300513926450e-02
7.615354012410403828e-02
7.055049507727598201e-02
6.450306556440249528e-02
6.002443745705892536e-02
5.519982776778937367e-02
4.983282451722915313e-02
4.769357396675259764e-02
4.297648665280888458e-02
3.784933405239562093e-02
3.439264751009907251e-02
3.079324755659517895e-02
2.745542988344321436e-02
2.395854850344751250e-02
2.189343897770909889e-02
2.002129730508768121e-02
1.834799921905816769e-02
1.662956842737543448e-02
1.533479316032814593e-02
1.396770461013367368e-02
1.277300649553938031e-02
1.215565345963617351e-02
1.075841091680460743e-02
9.558176753729391226e-03
8.320494406103806292e-03
7.424019485440898868e-03
6.739781277113048030e-03
6.176804188022834430e-03
5.568346761017246675e-03
5.012165074339810199e-03
4.643564017424411938e-03
4.325415222954973916e-03
3.991960081079607564e-03
3.737898259630574767e-03
3.603781538789348118e-03
3.364535956547072548e-03
3.095021858748111133e-03
2.884907632300301884e-03
2.750656570877225895e-03
2.588015374359780522e-03
2.431848768521755258e-03
2.236750581131106801e-03
2.100826961610394259e-03
1.895734736991318498e-03
1.723636500348601271e-03
1.596312420452617939e-03
1.501332611526745445e-03
1.336078859579207167e-03
1.264448082020346075e-03
1.141913803731107102e-03
1.027271731995326289e-03
8.812594283598796990e-04
7.928353926880534960e-04
6.900398547635484998e-04
5.763022251407212779e-04
5.334863870906103329e-04
4.738396423788904656e-04
4.159868129476395693e-04
3.896478991189755801e-04
3.677069203297065204e-04
3.400382906714087355e-04
3.130336002420988054e-04
2.906257646779402477e-04
2.762122844324601872e-04
2.582519960605685842e-04
2.467718381884136006e-04
2.233615078791885390e-04
2.010377873898030099e-04
1.797079896104899414e-04
1.634929861471426501e-04
1.530636528393174579e-04
1.442245552816736492e-04
1.380586741994749875e-04
1.301792528249340179e-04
1.179037010939300892e-04
1.098435904342604826e-04
1.012617645173163617e-04
9.565264361305678273e-05
8.824816210297347274e-05
8.165684774337399958e-05
7.323626363539587774e-05
6.726163489091193011e-05
6.001082936536847914e-05
5.457891236795828124e-05
5.055929537689716449e-05
4.698938597915367497e-05
4.355837953681649050e-05
4.034363746538602270e-05
3.735751900882933050e-05
3.346717408423405802e-05
3.055730236462349096e-05
2.780064289666397305e-05
2.587483593630377643e-05
2.448129531190589852e-05
2.299563888663526574e-05
2.166624058852426049e-05
1.970424677796404707e-05
1.847791343096941179e-05
1.752569544497745290e-05
1.616109758638797209e-05
1.437953369358464529e-05
1.362069180430048600e-05
1.228798808201619155e-05
1.161566770638301557e-05
1.032912092711277240e-05
9.747075896009171721e-06
9.017109270130846673e-06
8.247291991992031506e-06
7.789311719156727308e-06
7.035199000613845383e-06
6.739818115271281784e-06
6.140496833621426318e-06
5.775821633356041671e-06
5.366773373860274494e-06
4.817091430264070618e-06
4.398631344537106026e-06
3.994625761162103053e-06
3.534054910291845507e-06
3.179022035746945805e-06
2.842599602592087613e-06
2.498318477789935172e-06
2.163963185445572069e-06
2.066852230655711708e-06
1.785993320631477084e-06
1.686432116406519375e-06
1.470594677692626054e-06
1.393532758994133888e-06
1.244865797455103447e-06
1.150162070040006493e-06
1.050543083541772698e-06
9.699337706055801916e-07
9.011164358302654505e-07
8.084503211541472540e-07
7.522596779317309816e-07
6.977227204905211708e-07
6.757750015768201246e-07
6.538546003284790120e-07
6.124422826310748197e-07
5.858713500179628339e-07
5.431952943173764912e-07
5.136637492187941713e-07
4.838343135376056578e-07
4.540883929106273888e-07
4.147287318646042333e-07
3.845426079867299171e-07
3.590523948622041853e-07
3.325464515996591855e-07
3.143261624054661324e-07
2.877049571175863286e-07
2.772005349607202789e-07
2.507995584353028119e-07
2.311625411258658858e-07
1.984158835762556985e-07
1.747237829715625665e-07
1.607025830255562306e-07
1.391955534686382274e-07
1.318446435419448375e-07
1.150336656557508174e-07
1.020819438231590115e-07
8.895461812838256908e-08
7.981971738143225228e-08
7.463274305651639220e-08
6.738066533566194046e-08
5.820369933916136529e-08
4.957149384577619783e-08
4.625274232107517853e-08
4.129392994964079092e-08
3.799455158410686911e-08
3.494795660697822045e-08
3.058412882535742596e-08
2.762406946503137012e-08
2.610372471083364398e-08
2.250677251326592851e-08
2.091630158296237266e-08
1.946547941509835886e-08
1.814593120724514965e-08
1.675026669195265273e-08
1.552322601317705533e-08
1.478528343656030184e-08
1.376737852489226512e-08
1.318570219302775495e-08
1.245004333917104316e-08
1.186475435352833657e-08
1.124460896991076114e-08
1.035788783470101564e-08
1.009916467137789929e-08
9.030391926503033569e-09
8.150653609492491531e-09
7.751587966150695542e-09
7.008757555961334074e-09
6.441184790776903664e-09
5.871641310644618590e-09
5.318934117068815711e-09
4.733516193922891019e-09
4.140846949764943896e-09
3.660257971606185180e-09
3.265429241127271698e-09
3.053502180212038697e-09
2.803199432403908189e-09
2.583965504339445673e-09
2.276263911361399082e-09
1.982296893792723684e-09
1.776688795176526859e-09
1.586418854549074850e-09
1.448983800222974461e-09
1.318078155566550491e-09
1.198863618670001036e-09
1.070201884795575243e-09
9.255509105187422238e-10
8.353149847048908675e-10
