1.211016692236351000e+00
1.374398095373432938e+00
1.227099188070767344e+00
1.080343979201632942e+00
8.496649906494627702e-01
7.384324829607802343e-01
6.384653159398577804e-01
5.649474504997379354e-01
5.188194566715811362e-01
4.694523881659222742e-01
4.452675279161927291e-01
4.093064674727753816e-01
3.779968505449757821e-01
3.603266204528828287e-01
3.383784792045630985e-01
3.005089947098420478e-01
2.765259316325200389e-01
2.568140271299331756e-01
2.418274135184415585e-01
2.201791429899014885e-01
2.054559272676531878e-01
1.884026761223059898e-01
1.723098621256391183e-01
1.624380113253733326e-01
1.554722402131125392e-01
1.438713442067025838e-01
1.332884226245550641e-01
1.241780498541555505e-01
1.167900394756610644e-01
1.119410414240535334e-01
1.056340065520640636e-01
1.020088265248637605e-01
9.451899423340121009e-02
9.079010751224576847e-02
8.587733472100901599e-02
8.214002566121186844e-02
7.749262807002395281e-02
7.182000708287375468e-02
6.762024783954857787e-02
6.396840403538665842e-02
5.946899987811687244e-02
5.479502125139196905e-02
5.320451326805821640e-02
5.056807292207700366e-02
4.790843427651858555e-02
4.544022444604998989e-02
4.267783798447612187e-02
3.812160909292162253e-02
3.518004994139629221e-02
3.297457979114210708e-02
2.966927642890073574e-02
2.754693017774540939e-02
2.663532675053030541e-02
2.506399253560438051e-02
2.385639303994506813e-02
2.199490198012702194e-02
2.080688537749467854e-02
2.022908324507729366e-02
1.917143003596549072e-02
1.810481666624230365e-02
1.698061769684381522e-02
1.646848699926127188e-02
1.552571453042883055e-02
1.475458394902171531e-02
1.406735712603001363e-02
1.345266525954831420e-02
1.292557227553752484e-02
1.251350740237338124e-02
1.212404817938191916e-02
1.177753881143227786e-02
1.154292532772355911e-02
1.101671710662551276e-02
1.047017736225222886e-02
1.009080339763664992e-02
9.707054060069738796e-03
9.424712944632462550e-03
9.001236884460838902e-03
8.733334200676727554e-03
8.165087906561509581e-03
8.023345551250771895e-03
7.564705778335054087e-03
7.354797153184159525e-03
7.052297306711982107e-03
6.784173583526850217e-03
6.350959352489182579e-03
6.067981847682444273e-03
5.845945310706578482e-03
5.566797911578820306e-03
5.364300321101779512e-03
5.277640815203607852e-03
4.919669492589595627e-03
4.639130521136776084e-03
4.513879997266508244e-03
4.275388960712997628e-03
4.172184447630700524e-03
3.961544469252078170e-03
3.766795800079362870e-03
3.569337234247983541e-03
3.479364858606889994e-03
3.345949170183113667e-03
3.242782994221655134e-03
3.104514514821122423e-03
2.914480979534792363e-03
2.801394786822957502e-03
2.677866210624118941e-03
2.592139684919229220e-03
2.526655387833173175e-03
2.438924575911079976e-03
2.339866899763579089e-03
2.235120852168484811e-03
2.187599548434763456e-03
2.062263957072069543e-03
1.979212065164480741e-03
1.804463944647177178e-03
1.684750006378784052e-03
1.528003978450127994e-03
1.418376092605460898e-03
1.301016132228948385e-03
1.221268541134869949e-03
1.157068303947089098e-03
1.064798674222499492e-03
9.921598283198398548e-04
8.959403300793532992e-04
7.893270398597144197e-04
7.310153901455270029e-04
6.695032747069874128e-04
6.035432356880736631e-04
5.613100483206055237e-04
5.069903887028429394e-04
4.906647225005925875e-04
4.292812169531621397e-04
3.881135538792755495e-04
3.667748135470252067e-04
3.435651337965081554e-04
3.159400562094751854e-04
3.004447713415204666e-04
2.775891092184413263e-04
2.587086232443060077e-04
2.491628267646858849e-04
2.386582324958640773e-04
2.166572079763776657e-04
2.054693651012214257e-04
1.816827998876569645e-04
1.625008893119133822e-04
1.550248956207864355e-04
1.468434221842450729e-04
1.378736722687790288e-04
1.306836398140720393e-04
1.265040323316540306e-04
1.162678262269018539e-04
1.102770934383895412e-04
1.044807922374257702e-04
9.531410658973947872e-05
8.969248882827926788e-05
8.147105662321445165e-05
7.695464623343575058e-05
7.317902870563576729e-05
7.086052752369067348e-05
6.614780406559337908e-05
6.301570384594314990e-05
5.979233521069309205e-05
5.490976772628282078e-05
5.151737883041960446e-05
4.775520262044452411e-05
4.223506654654556150e-05
3.843277137343002942e-05
3.639078124244936297e-05
3.299521067371705629e-05
2.784365632160926081e-05
2.587671009906371492e-05
2.264163092453762635e-05
2.120391184719259820e-05
1.892279625390942558e-05
1.744103212755464282e-05
1.466729776992174888e-05
1.322300843540007533e-05
1.245054959643847462e-05
1.173416941242709162e-05
1.049012844546953440e-05
9.936995385133163311e-06
8.995447210410013322e-06
8.294588540361081357e-06
7.701222371941940449e-06
7.273802898543217325e-06
6.902134868414026543e-06
6.541053755410146905e-06
6.293653977861368774e-06
5.815616049176420810e-06
5.407117099579106003e-06
5.129551328229821668e-06
4.602117537469162164e-06
4.003467494003408365e-06
3.690130458376830337e-06
3.450535433763550581e-06
3.244054890589155082e-06
3.072588927125208608e-06
2.757991792531903634e-06
2.644622851988080072e-06
2.429851467687483748e-06
2.201154314716607944e-06
2.048495870673759236e-06
1.876194066119761565e-06
1.776242021458023009e-06
1.703664767829785111e-06
1.613536573683531968e-06
1.482007977039432971e-06
1.390180096792299851e-06
1.289219688365369706e-06
1.220089692530768483e-06
1.178244231646648923e-06
1.097743624995584261e-06
1.015384927525436887e-06
9.707597596889140425e-07
9.224773644116757000e-07
8.766195306389097654e-07
8.225533933444311149e-07
7.395148039246430706e-07
7.003746797788365744e-07
6.565858228919267689e-07
6.084215937275388855e-07
5.752589627919167491e-07
5.506834114327609288e-07
5.229611362561856018e-07
5.029287675005234599e-07
4.861207020472858460e-07
4.455887960278863182e-07
4.141282247899873755e-07
3.765890079889074822e-07
3.408711302069063566e-07
2.963825852750573972e-07
2.866674954267124655e-07
2.568898623376982140e-07
2.364351256693779139e-07
2.226305367401595060e-07
2.132778577042165449e-07
1.990123173848658514e-07
1.868266062720079909e-07
1.781539143888294428e-07
1.654223474882759792e-07
1.576220110736197036e-07
1.517045518813676726e-07
1.454096788151718556e-07
1.346608542088205052e-07
1.279511402941331541e-07
1.214608918894126326e-07
1.121238965515514447e-07
1.054338452410430211e-07
1.002947078041874350e-07
9.639885534587078175e-08
9.227587728580540945e-08
8.843497004633961858e-08
8.317721319292158331e-08
7.727987286150618603e-08
6.799106272987610436e-08
6.303495395704054053e-08
5.786963326561116242e-08
5.455731106122847801e-08
5.237982829884788933e-08
4.675875064600017421e-08
4.335564097882294808e-08
4.012622841546595287e-08
3.695637383502866395e-08
3.392833372198406513e-08
2.968900279994616006e-08
2.665863868183092457e-08
2.334953684683191752e-08
2.108514710475209185e-08
2.005691889981290944e-08
1.735364043181502959e-08
1.622129334955375277e-08
1.479932483952321742e-08
1.315627365424274091e-08
1.173959229548958461e-08
1.105774768637367291e-08
1.028572073806092477e-08
9.737580313681879474e-09
9.018705679746529072e-09
8.485685049165575313e-09
7.784866544726235101e-09
6.623216827103454151e-09
5.921092077233243426e-09
5.494728449919636126e-09
4.780472539141579132e-09
4.424397016073257108e-09
4.213525519728456794e-09
3.910878734474603715e-09
3.484415190764497823e-09
3.175233066280465155e-09
2.936467205323621337e-09
2.676405828989000932e-09
2.464663342378648879e-09
2.273902041110923172e-09
2.123111422580467924e-09
1.900486227754482443e-09
1.838170098081361706e-09
1.707476538228723283e-09
1.601151274889141865e-09
1.483531166575870743e-09
1.339665491435610165e-09
1.265205173297386362e-09
1.206414564653387481e-09
1.135537220928213706e-09
1.028827152483069200e-09
9.801164222503956236e-10
9.412209714963237799e-10
8.716940059714510138e-10
8.089967259270675193e-10
7.407879907979325641e-10
7.083524483910246186e-10
6.429016039836147860e-10
5.976646277581481475e-10
5.475403908442347334e-10
