4.966231280217209276e-01
4.587812418679522719e-01
4.317091897470647366e-01
4.024696394662672372e-01
3.868687504084846740e-01
3.703012649351651864e-01
3.577786098696636996e-01
3.479831151092410146e-01
3.380817302674103408e-01
3.285660439958134060e-01
3.208715164702513056e-01
3.116048885341730079e-01
3.026621230719045985e-01
2.949135387560886667e-01
2.872176148236866844e-01
2.794359664300345436e-01
2.717504274483085180e-01
2.647974833916378889e-01
2.589023821746098131e-01
2.533493833518544180e-01
2.473041559475876450e-01
2.413365549519842501e-01
2.356784681064267861e-01
2.299360821149678547e-01
2.241213327194773175e-01
2.184952104676856077e-01
2.130111294521542242e-01
2.075233935246134920e-01
2.018509394953595937e-01
1.962073672382624034e-01
1.909871466130142192e-01
1.862684902338009041e-01
1.819733173444720853e-01
1.771115302585981599e-01
1.720428216898514384e-01
1.678546119469779829e-01
1.640617258570238879e-01
1.602630908097682771e-01
1.568653379856098373e-01
1.532519156643628588e-01
1.498928806368602651e-01
1.466745735023061159e-01
1.436153954068045691e-01
1.407765898344761069e-01
1.380290099540389115e-01
1.352694539631004444e-01
1.325948747989874332e-01
1.298509044532899503e-01
1.272164607053864749e-01
1.248635379331899942e-01
1.225031124392865767e-01
1.201994065846366949e-01
1.180762156763223575e-01
1.160289410712356112e-01
1.139647880342862934e-01
1.118843704278919826e-01
1.099326500573608867e-01
1.079332310779484022e-01
1.059298206068472054e-01
1.037961010771607101e-01
1.017863583023743135e-01
9.982568289643833914e-02
9.782654828632689203e-02
9.592692183694168095e-02
9.415504629116211444e-02
9.238308393992604450e-02
9.062199942999751845e-02
8.898444465548915883e-02
8.731455881388881790e-02
8.574711400135062722e-02
8.423187869141171569e-02
8.265392374621473304e-02
8.121080985319358014e-02
7.987267318485426204e-02
7.853761554593351180e-02
7.727683269724533455e-02
7.606227943540368186e-02
7.485733282359949281e-02
7.369042202762172977e-02
7.257642693329047212e-02
7.140393286315202537e-02
7.025196021467096374e-02
6.915888148620619180e-02
6.813282455160740714e-02
6.704838061020025608e-02
6.609888790893893307e-02
6.524855731370361733e-02
6.439870308416763278e-02
6.350482583616094689e-02
6.256916114100938286e-02
6.171424582957718563e-02
6.083906718084498844e-02
5.997917974050968881e-02
5.915921259346381550e-02
5.838696587232357349e-02
5.761710251302824826e-02
5.689241876463715236e-02
5.614024953991362393e-02
5.539076850464090540e-02
5.468260207557730512e-02
5.397220677018638169e-02
5.325203584570137316e-02
5.250894153954090843e-02
5.173956475940959948e-02
5.100454576780570626e-02
5.031609047986102673e-02
4.961789796573923966e-02
4.892641541978796221e-02
4.818503510507950172e-02
4.740769422630364965e-02
4.658653936450930788e-02
4.581245936038615824e-02
4.504650603123086516e-02
4.421722302895662177e-02
4.342919072045991341e-02
4.268555788523525213e-02
4.195260701322946206e-02
4.122396429938085527e-02
4.052853846534500842e-02
3.985912545661248613e-02
3.911073635430611928e-02
3.837573990295124055e-02
3.761787955341588247e-02
3.683908256830892292e-02
3.606527453422381235e-02
3.535771658034597698e-02
3.467791395683826605e-02
3.396065806401664389e-02
3.320290753166620090e-02
3.242037349285385034e-02
3.166291910684657096e-02
3.091657859145348353e-02
3.021398341887834849e-02
2.956801420568215891e-02
2.886258905645272196e-02
2.822153725400131791e-02
2.757088600764050212e-02
2.694613908567373289e-02
2.632672960214203772e-02
2.573410772203528485e-02
2.515465078343252087e-02
2.455888076738672876e-02
2.395639276173096299e-02
2.336054958624587952e-02
2.279505430010706629e-02
2.224806826795927561e-02
2.168484074553402377e-02
2.112798627828004622e-02
2.063246724180566385e-02
2.014940587930682050e-02
1.971536534198269075e-02
1.931533610547194954e-02
1.896983259770681010e-02
1.860676746337248597e-02
1.822142057694448036e-02
1.784593634294182052e-02
1.749002933336591195e-02
1.716204763184725132e-02
1.684805751974564891e-02
1.653502059953101608e-02
1.621738507802240187e-02
1.590981754145925214e-02
1.559351959589824754e-02
1.530133847140916978e-02
1.502063519234812794e-02
1.474228784530367230e-02
1.447666577465025160e-02
1.420274276824218425e-02
1.394364822922737612e-02
1.368253103433280174e-02
1.343431742395591495e-02
1.318038277445503399e-02
1.291480022967250209e-02
1.266366507093737159e-02
1.243000047758188384e-02
1.219921252266898369e-02
1.196252819735096201e-02
1.172709042441556770e-02
1.149898715331369205e-02
1.125020767345705566e-02
1.100252750947021928e-02
1.078623413552084673e-02
1.060280112886079554e-02
1.041493899014245966e-02
1.021009997282263347e-02
1.000601023854598773e-02
9.811469798137328543e-03
9.619549018783358357e-03
9.442948833109091750e-03
9.272818921132037345e-03
9.087603978530294641e-03
8.901770010716479609e-03
8.720207372850667660e-03
8.552960884639427760e-03
8.398699375026536657e-03
8.247578009808798072e-03
8.099248250302309993e-03
7.946130320163467819e-03
7.808725474663569602e-03
7.665716773999221856e-03
7.505549548430724693e-03
7.347095662861447690e-03
7.188400334559768949e-03
7.039561599979551020e-03
6.900798121510356986e-03
6.752924953563408349e-03
6.598732486395988105e-03
6.438871120970486757e-03
6.295702711592859532e-03
6.158472777246325365e-03
6.022692724301548055e-03
5.886259494569941880e-03
5.747223983289338062e-03
5.602431980528765551e-03
5.459580368390123430e-03
5.320504953671525636e-03
5.191696101987642274e-03
5.063226692791736837e-03
4.943173487671425302e-03
4.838268436646583209e-03
4.728212193407877253e-03
4.620825926029862446e-03
4.524236692210614405e-03
4.432764171652571993e-03
4.339715349406240985e-03
4.244562343500117574e-03
4.148972757520405681e-03
4.060008445243493483e-03
3.976692588038067445e-03
3.889555682106156115e-03
3.801227468806097146e-03
3.722678962872455043e-03
3.647693116751216363e-03
3.574036631218701059e-03
3.495192679223757364e-03
3.420500004746533391e-03
3.351401853010122986e-03
3.287612324196230711e-03
3.222200396097288366e-03
3.152462938117119549e-03
3.084110390994629185e-03
3.017355431259476691e-03
2.953329264036846837e-03
2.888880040170245522e-03
2.825706059969302839e-03
2.762564559756329301e-03
2.699189539071275741e-03
2.642194585953306328e-03
2.585458048999408377e-03
2.528011193603319721e-03
2.471058423481565722e-03
2.412579808000723386e-03
2.355186456566724530e-03
2.304187305312716157e-03
2.253894036902396279e-03
2.207026297087598832e-03
2.156129080716513886e-03
2.105508184279673844e-03
2.055239096468073918e-03
2.006559324808373113e-03
1.960841800607668328e-03
1.921363089040439235e-03
1.882421760068664048e-03
1.842320270268549666e-03
1.802590918609587234e-03
1.765137859013840268e-03
1.728166238450153883e-03
1.690432916660845929e-03
1.653671442844263434e-03
1.617877596511786134e-03
1.582504875976335074e-03
1.548097088567840576e-03
1.514060216887055639e-03
1.482019573144571735e-03
1.449971675009611993e-03
1.418122581256506210e-03
1.391548425189075401e-03
1.362427838541870528e-03
1.330623088634827304e-03
1.299240715433618715e-03
1.268103311859480322e-03
1.239674571134045727e-03
1.213299387423364805e-03
1.189430613162972654e-03
1.165579165637054123e-03
1.141323601206527131e-03
1.118676700137499064e-03
1.099026987223029363e-03
1.079540279835705316e-03
1.059981272627910035e-03
1.041962386063301129e-03
1.022629394404508778e-03
1.002030472121611445e-03
9.819429215823468650e-04
9.643610227352215339e-04
9.471755330640672498e-04
9.282050408327276961e-04
9.108952780991959059e-04
8.943330314462912944e-04
8.780935015277092654e-04
8.626562816336824690e-04
8.484120643736552721e-04
8.335517599358308180e-04
8.193452565502666769e-04
8.047940796955601076e-04
7.905376870799376600e-04
7.774708377480134790e-04
7.659366115996697191e-04
7.539392907281785303e-04
7.417637435871014991e-04
7.298233712757422418e-04
7.190409540826535936e-04
7.082718167151458256e-04
6.968697329353139205e-04
6.855461125724323724e-04
6.748637346905075884e-04
6.650465534806937603e-04
6.557125352822470478e-04
6.462368004549636077e-04
6.367066967599378444e-04
6.278026408478501593e-04
6.187388502852591643e-04
6.101508868734432326e-04
6.017873463437378723e-04
5.934348952992311247e-04
5.858655396495632923e-04
5.786235661632303448e-04
5.707013500987843371e-04
5.624305292923204155e-04
5.540023874482204787e-04
5.462398167946459293e-04
5.389646825408324045e-04
5.312858328276645180e-04
5.228388603948681693e-04
5.146237473801996889e-04
5.064461424848986856e-04
4.989218681875968358e-04
4.912627203772424638e-04
4.834143602315680893e-04
4.755156613635911473e-04
4.686786965538996706e-04
4.613156775179244780e-04
4.535566542550426451e-04
4.453151666691897896e-04
4.367374043949908313e-04
4.281147751232797986e-04
4.195966509648499485e-04
4.118020421136684133e-04
4.047530404263586503e-04
3.970151030362623762e-04
3.894080949757376653e-04
3.819475152023545680e-04
3.743900115812483827e-04
3.665539076106976292e-04
3.578503114345273073e-04
3.486588747245986976e-04
3.397854047748028144e-04
3.311796137018531384e-04
3.222695578887376216e-04
3.134771797157034673e-04
3.056300321125464945e-04
2.980841968210988079e-04
2.893127774084065947e-04
2.815597548236057658e-04
2.740640171860211850e-04
2.661279891559478598e-04
2.581243683650056913e-04
2.500633474565236436e-04
2.422511775303100279e-04
2.352488212877748975e-04
2.287031456980138434e-04
2.213022244829636743e-04
2.143942740060596978e-04
2.075051628965479482e-04
2.000589592564724873e-04
1.929110977443197284e-04
1.866696728318472417e-04
1.807184976660139897e-04
1.744879592725910469e-04
1.684855156886939335e-04
1.622086189172209161e-04
1.559804924324983771e-04
1.497837147597669023e-04
1.439162852776371614e-04
1.384731635021324743e-04
1.336227606281719272e-04
1.292237285137847857e-04
1.247990013858801350e-04
1.205097617749456080e-04
1.163455865615248947e-04
1.122995215484794970e-04
1.087847607109392755e-04
1.056112076820639315e-04
1.024892743823836358e-04
9.917487337311534773e-05
9.599063200812973039e-05
9.285559176609023608e-05
8.977956653750065086e-05
8.644855406219734996e-05
8.322199117095621841e-05
8.038988570003178179e-05
7.771174911035159201e-05
7.492803962315799720e-05
7.195200720047381052e-05
6.918131557464421628e-05
6.669979973641625690e-05
6.441205138418661168e-05
6.220859672230624976e-05
6.018015989843649496e-05
5.842463537637692717e-05
5.649098817467021369e-05
5.476915516043129377e-05
5.322265528815740154e-05
5.153946976711884997e-05
4.992066817364558659e-05
4.850434157331049757e-05
4.702719029309924639e-05
4.561217431661209875e-05
4.434635893412231813e-05
4.318422971672419754e-05
4.202214314897619848e-05
4.093045099585471884e-05
3.992916769221788967e-05
3.886204143990598561e-05
3.785424346718646864e-05
3.697872015654938172e-05
3.613346229428393683e-05
3.522187196170614097e-05
3.431873875163944404e-05
3.343681722301570239e-05
3.259664136563047689e-05
3.179751947959462909e-05
3.101211337461869442e-05
3.026912569806032257e-05
2.962219844408869174e-05
2.900442942136123115e-05
2.837860901984645725e-05
2.784687574121592069e-05
2.732404655293747058e-05
2.680816424099066530e-05
2.629278377496874975e-05
2.582165301211972880e-05
2.533611627548640384e-05
2.485022837195008488e-05
2.440801205690612327e-05
2.395318281279206767e-05
2.348375799857737984e-05
2.301755025354371842e-05
2.255880113130115313e-05
2.217554924939674424e-05
2.187442193423047882e-05
2.155408344670893471e-05
2.122394506108046905e-05
2.093333561134155468e-05
2.061907472872101423e-05
2.028540820028013994e-05
1.997605650111970409e-05
1.968592615361680956e-05
1.938057311024861737e-05
1.905109334181003105e-05
1.873678743147009032e-05
1.842874451681597941e-05
1.812983548011651912e-05
1.784426394439331303e-05
1.758668680222509465e-05
1.733800735366897280e-05
1.705769042353706363e-05
1.678340639755963247e-05
1.653494684848916870e-05
1.628231704149620654e-05
1.602337055543874252e-05
1.576990998930318032e-05
1.551669253023796441e-05
1.527914746526074351e-05
1.501468274552110312e-05
1.477635370111790462e-05
1.456137766184438703e-05
1.433017448328249598e-05
1.409344364964433359e-05
1.388322327198802978e-05
1.370205313157875558e-05
1.349978744394614786e-05
1.328834569164235013e-05
1.310213768249879016e-05
1.291291559668425767e-05
1.272456195520955284e-05
1.253371492491400476e-05
1.235569644828087439e-05
1.219301149136008414e-05
1.203962081799157268e-05
1.186908050583759140e-05
1.171030300372543408e-05
1.157869603031514707e-05
1.142770387916356722e-05
1.125903191289267091e-05
1.108985878865930283e-05
1.092910933246353166e-05
1.075429906100985732e-05
1.057869181863368377e-05
1.041280040866332364e-05
1.026016034310892279e-05
1.010291915137058283e-05
9.933176525577568373e-06
9.780171686641785821e-06
9.640844415002123463e-06
9.473722383356748269e-06
9.305443646503209590e-06
9.152221192035519501e-06
9.006983991000044431e-06
8.856221254667615518e-06
8.706829631343454738e-06
8.571410021942889586e-06
8.448660116872596244e-06
8.312869122842450574e-06
8.172875577285375513e-06
8.045926486288423250e-06
7.905293036854425088e-06
7.762259672449076990e-06
7.618197936701291077e-06
7.491753799183161356e-06
7.360579293743199884e-06
7.226409551230421325e-06
7.094800136671464080e-06
6.974954011936628985e-06
6.855397534788698838e-06
6.727872601691265730e-06
6.602663799836971871e-06
6.479254831531752992e-06
6.352117001102691600e-06
6.241218795813490603e-06
6.135099653579358933e-06
6.008543716475034628e-06
5.880351386157327161e-06
5.749915692149702442e-06
5.625407893996083752e-06
5.502782489912730061e-06
5.373741033386699324e-06
5.243824437068590302e-06
5.122253322155057790e-06
5.009893808658992982e-06
4.893471276284162845e-06
4.769090894434629551e-06
4.644371426076334035e-06
4.519880749777190067e-06
4.406369469524529350e-06
4.294631155194718446e-06
4.165261250470453532e-06
4.037743262394597840e-06
3.918223479535253847e-06
3.793272636056830417e-06
3.667204574244678263e-06
3.540746010873473580e-06
3.420197804333210018e-06
3.311093273653758663e-06
3.200406502757517201e-06
3.091391485181346032e-06
2.984335593532844500e-06
2.876817180112719110e-06
2.762593155547946752e-06
2.652656952203379962e-06
2.551053067373791111e-06
2.469243267884756347e-06
2.380611362701603794e-06
2.291723751456445605e-06
2.208052015457566542e-06
2.134767165162860808e-06
2.062375032305695885e-06
1.987633132480580392e-06
1.920441954746065989e-06
1.854820171494230404e-06
1.789379636748636520e-06
1.724849589109465861e-06
1.667676780839486288e-06
1.616362017541270213e-06
1.570395314190934331e-06
1.521604107591001505e-06
1.473563506684945074e-06
1.425800250486809346e-06
1.380648671689970184e-06
1.342073457041068386e-06
1.308640161249587733e-06
1.271767594502286534e-06
1.237425228513210312e-06
1.206462576289873090e-06
1.174155945839680153e-06
1.142453061371453755e-06
1.112739082937788983e-06
1.085021813543979193e-06
1.060862259170376098e-06
1.040602271771390066e-06
1.018238492350253974e-06
9.952966939378056499e-07
9.744876507749161766e-07
9.549366834043944250e-07
9.352148923454657548e-07
9.164011212673863483e-07
8.981556550393369562e-07
8.806152072675586342e-07
8.637077880242674601e-07
8.467737689096390729e-07
8.305070253761587537e-07
8.127446465899884405e-07
7.960298118217192793e-07
7.801723976786031890e-07
7.644513755538871835e-07
7.490187579342609399e-07
7.347874212185003468e-07
7.209430382098148302e-07
7.085354853133040907e-07
6.948885854839370274e-07
6.812575003800279335e-07
6.682635004600366900e-07
6.570698761553009700e-07
6.456982167423049519e-07
6.333195095069297122e-07
6.219684969179631691e-07
6.116037766913252462e-07
6.001440107090558995e-07
5.882578324343150570e-07
5.772594904898233493e-07
5.672987851146039722e-07
5.572269636577097699e-07
5.478608223880020242e-07
5.387790487036486380e-07
5.288940540308389427e-07
5.195282901639929751e-07
5.111256276419220833e-07
5.027893723434540354e-07
4.948452459267434298e-07
4.869754512991635132e-07
4.788457687077046870e-07
4.707816295011827418e-07
4.620248175394488218e-07
4.539165162570245166e-07
4.464173188891205406e-07
4.381630469884523891e-07
4.302877635103062308e-07
4.230582954921441288e-07
4.162129812403485700e-07
4.091306608157463792e-07
4.022147837314416290e-07
3.956942411163302842e-07
3.885688652612587398e-07
3.812892692777186944e-07
3.745361882421561382e-07
3.690848447543645939e-07
3.634292621788320963e-07
3.571557925448236473e-07
3.508556822388702392e-07
3.449003135238982905e-07
3.390503811620987739e-07
3.341977954550792606e-07
3.290663121050924202e-07
3.234322108333075209e-07
3.177182447798952083e-07
3.121181451737334580e-07
3.066589146080927869e-07
3.012837838052865249e-07
2.958485959273552595e-07
2.909263940446290746e-07
2.861588099743440476e-07
2.809505568370686003e-07
2.760564376672749708e-07
2.709486076497967762e-07
2.653361652181281139e-07
2.598564535045156368e-07
2.548163418326236096e-07
2.493732784778801020e-07
2.441524945593241447e-07
2.387142529836095623e-07
2.330094718459783980e-07
2.275935734915929674e-07
2.227768718076164466e-07
2.179471524151981153e-07
2.135282846326130972e-07
2.091603831123700257e-07
2.040483928995754806e-07
1.990275248568420861e-07
1.943382083723184039e-07
1.892822630093829429e-07
1.842045819851425324e-07
1.795099307883774855e-07
1.750509196945030601e-07
1.706977163366766572e-07
1.666245046122970083e-07
1.619925403934588335e-07
1.573562708068072166e-07
1.527399686328964731e-07
1.485573996918711123e-07
1.449842755550569463e-07
1.416047926468453290e-07
1.385338919137504403e-07
1.353984236516632942e-07
1.320671781377115408e-07
1.288415996499342678e-07
1.260684942530742338e-07
1.235229070213738115e-07
1.209174479971424622e-07
1.182182459224652634e-07
1.157770114358295321e-07
1.133863308051599658e-07
1.110409192093089142e-07
1.087279100653949110e-07
1.065446639369618403e-07
1.043372206439418895e-07
1.020600350034435826e-07
1.000325556370083687e-07
9.805844126142757579e-08
9.595790299745997010e-08
9.384404467550368388e-08
9.203092740487839895e-08
9.034513488895005584e-08
8.857776057439971354e-08
8.688734652860533696e-08
8.535703293210374663e-08
8.388464483045270619e-08
8.245299283814713619e-08
8.098931156295703721e-08
7.950876716425963606e-08
7.803217865967202941e-08
7.665008117901750584e-08
7.533108293167801611e-08
7.404142784408021177e-08
7.282463091666651980e-08
7.153814021740145490e-08
7.022175141015069253e-08
6.893686510713431913e-08
6.780488811112767340e-08
6.666185537470251584e-08
6.537021905534924489e-08
6.416491113510839959e-08
6.297807213958963308e-08
6.168071433159215988e-08
6.027529813376125707e-08
5.898641558782433455e-08
5.789025722504291306e-08
5.670811016584934485e-08
5.549137723533772969e-08
5.441222784362389179e-08
5.334895655199240878e-08
5.216852814140157313e-08
5.101059087253724261e-08
4.991914290518859238e-08
4.874249754996788844e-08
4.767252876007709534e-08
4.668954676073432956e-08
4.561933157674827680e-08
4.446983108249390480e-08
4.342898390914814556e-08
4.251552087776541440e-08
4.155309591732315128e-08
4.055227345182010182e-08
3.964970423960701182e-08
3.867779885266551033e-08
3.761255537719286491e-08
3.663830201956307682e-08
3.560252760514620115e-08
3.458927799497410570e-08
3.361759058054609060e-08
3.267446402982502365e-08
3.174930532536653407e-08
3.080906011509382513e-08
2.987409273783749922e-08
2.900208018552142064e-08
2.810517434193979431e-08
2.723036128478522760e-08
2.638760548683390128e-08
2.559643619861022386e-08
2.477787550573317917e-08
2.394889164003902583e-08
2.314589702752656688e-08
2.244250410769345826e-08
2.179755786493706526e-08
2.114749956029022968e-08
2.054996385804200669e-08
1.995240891241482152e-08
1.939501656280366445e-08
1.887155223990885203e-08
1.829253848344792789e-08
1.770498999011398615e-08
1.712792294106160939e-08
1.658221988017045393e-08
1.603123794772334948e-08
1.548707010221131764e-08
1.499346047463180349e-08
1.453043895723069531e-08
1.403127274998351277e-08
1.359554400852839425e-08
1.320372408842212010e-08
1.279044463285908163e-08
1.239063578299863389e-08
1.203244200488927609e-08
1.170829498534635095e-08
1.141277241892160226e-08
1.114967160257781255e-08
1.090594078072752007e-08
1.066626887378681914e-08
1.045608566480433048e-08
1.023938105586546305e-08
1.000063000749596285e-08
9.780187278074046630e-09
9.593818173067139576e-09
9.386102008147105235e-09
9.170719571072550812e-09
8.981134065613455958e-09
8.807442246011110332e-09
8.632003521862104261e-09
8.445711186699207641e-09
8.269448441231224733e-09
8.113152358830056438e-09
7.973006493001749348e-09
7.799509643867935146e-09
7.638387239065217082e-09
7.489107755333667732e-09
7.342257787793008626e-09
7.210459700869543679e-09
7.095034477589666579e-09
6.977959350277239470e-09
6.858111547648326435e-09
6.745034804161451882e-09
6.636767242536601187e-09
6.529425458842057884e-09
6.421117802319074025e-09
6.311115158288494208e-09
6.198642825047779277e-09
6.089845771669176435e-09
5.997869868158371422e-09
5.901817770843112926e-09
5.795482077334392371e-09
5.696868828567905880e-09
5.599415166709037817e-09
5.495297527365910957e-09
5.391100418530466838e-09
5.292804778011026802e-09
5.208582977547855600e-09
5.128194395261622013e-09
5.054509098281667392e-09
4.971786576711524365e-09
4.881069597890153276e-09
4.787807110755526073e-09
4.697553891791835681e-09
4.609454983650523298e-09
4.527685808372938893e-09
4.448353800271157063e-09
4.369319918232737740e-09
4.288656109685994584e-09
4.211035162363804171e-09
4.131688154130477645e-09
4.049529318430487700e-09
3.964650085010954994e-09
3.892581456686795993e-09
3.824579641274886835e-09
3.752138346981546520e-09
3.684855764439493820e-09
3.614589570214140902e-09
3.546783296191867096e-09
3.491269665924388953e-09
3.432659651237280946e-09
3.373350855858637797e-09
3.323385545535554721e-09
3.271623612141925541e-09
3.217637083505901924e-09
3.170493499335013952e-09
3.123376672167564215e-09
3.072884021927058231e-09
3.021630553122079285e-09
2.971230577898290385e-09
2.921382486366836453e-09
2.878420407922186035e-09
2.835396259467137112e-09
2.794300020322960928e-09
2.753133681457455677e-09
2.708473943135711866e-09
2.667194341983341364e-09
2.624486108480487560e-09
2.580758504326494602e-09
2.541010587622881069e-09
2.503256553201904103e-09
2.465806529451950077e-09
2.429748626066592103e-09
2.394422398575895282e-09
2.359208365834932763e-09
2.321876677787647493e-09
2.284873628443548038e-09
2.253070528567857579e-09
2.218750115022986326e-09
2.183355015920566428e-09
2.147657317325240826e-09
2.109894467894656078e-09
2.075638724754592559e-09
2.042139215953805069e-09
2.005364041231122680e-09
1.968184912287161709e-09
1.929240153765407517e-09
1.888478712962213927e-09
1.852514400418394781e-09
1.817945423918336758e-09
1.778360321728277286e-09
1.736868765348131161e-09
1.694456198817199333e-09
1.653408204132584855e-09
1.611814479587987273e-09
1.568769377302342215e-09
1.524509135805134300e-09
1.483058661701210328e-09
1.439388928915956563e-09
1.397357860230769330e-09
1.352649229528569668e-09
1.312273521666989816e-09
1.272385067893481325e-09
1.227704104531863538e-09
1.188618180799030555e-09
1.150419098010170266e-09
1.108379962130076600e-09
1.068709971795117168e-09
1.036545952394303291e-09
1.001333410493131152e-09
9.648558107956349051e-10
9.334698590572770213e-10
9.025347078177745804e-10
8.674830493973526297e-10
