1.131373746597198471e+00
5.884939025858465511e-01
3.838496475569814770e-01
2.939932607568621625e-01
2.224145479741420350e-01
1.633590455056944668e-01
1.103146008358659308e-01
8.011460050575565373e-02
6.265470003599632465e-02
5.214801843523797498e-02
4.332859268691291454e-02
3.612117384142042587e-02
2.920435557895170037e-02
2.240357016203875853e-02
1.706962980057289553e-02
1.306554123347838589e-02
1.036386078501331381e-02
7.550185487478746661e-03
5.090576661507290220e-03
3.186384896595399491e-03
2.164947411790751636e-03
1.613962120499392401e-03
1.268594816374054787e-03
9.247445655389625787e-04
6.801903494838027961e-04
5.109558526426129840e-04
3.768249778221651391e-04
2.939615583383679712e-04
2.258205094189116521e-04
1.629643185666533427e-04
1.090684637970441525e-04
7.032931282642941682e-05
4.930552422871274963e-05
3.729795286488915703e-05
2.930597077465335330e-05
2.323302995996248533e-05
1.657286499959957984e-05
1.159565833698002332e-05
9.018356407564984389e-06
6.906791994146162373e-06
4.610193787741555260e-06
3.615782368312380837e-06
2.440876476688807198e-06
1.526552510025885135e-06
9.339891385903027244e-07
5.847804946692849540e-07
3.675128956293287043e-07
2.658091263463337481e-07
1.945359716760748744e-07
1.500517243262066062e-07
1.176338683571916141e-07
9.176322645524080734e-08
7.499231877523482440e-08
5.673552050487291467e-08
3.925383868931579955e-08
3.102818343760746268e-08
1.851614745290334441e-08
1.002684367635309421e-08
6.611535285974569399e-09
5.153042989285153517e-09
3.850033943506431816e-09
2.760578767112013968e-09
2.071113475058577795e-09
1.532145720175340668e-09
1.179080349033553123e-09
7.605991449029694975e-10
4.326410741443778662e-10
2.408167841334487445e-10
