5.392147903989391589e-01
5.129476677621831460e-01
4.963259645718159918e-01
4.578024028126573275e-01
4.268255363898057486e-01
3.975793912903745064e-01
3.754390798365164761e-01
3.595289707690619840e-01
3.464012068172784842e-01
3.347933454650527940e-01
3.258042795655091139e-01
3.171856504372939645e-01
3.087536458390588989e-01
3.008833032873624580e-01
2.929470804589385247e-01
2.845653388660462912e-01
2.760727319626066767e-01
2.683760690132283577e-01
2.611642069844876124e-01
2.541674690077668219e-01
2.462533570000986494e-01
2.364176046654015984e-01
2.269354180215026884e-01
2.178206732116174937e-01
2.094733330875517552e-01
2.011619486472011886e-01
1.941749129173888089e-01
1.881964521340170615e-01
1.827918722385687145e-01
1.777955710575253312e-01
1.725833426826536010e-01
1.665986230165643622e-01
1.607655805702320750e-01
1.552412432702131861e-01
1.500859408053454580e-01
1.456873592580587573e-01
1.419462491609795318e-01
1.385244462301269963e-01
1.354304965074535905e-01
1.319830918795193708e-01
1.286404522295587494e-01
1.253567773262525276e-01
1.222968126617330620e-01
1.192683728429506512e-01
1.163183325018714714e-01
1.136846878324982435e-01
1.112114937472831466e-01
1.086446596253334840e-01
1.063590191603864393e-01
1.042580244352285246e-01
1.022505352403377810e-01
1.005436788486820388e-01
9.897299307950203906e-02
9.745779752101592364e-02
9.581995900025024049e-02
9.423919804132399602e-02
9.258098560706627678e-02
9.088516241169299070e-02
8.921086652237578130e-02
8.752518798688825596e-02
8.589598122487908383e-02
8.426326577961389119e-02
8.274451459931049524e-02
8.140221642541627112e-02
8.007553169705759755e-02
7.865124409444179676e-02
7.735359307479196256e-02
7.619295811421245013e-02
7.508043606785910762e-02
7.397538815691726000e-02
7.283373253531781610e-02
7.164259084986250581e-02
7.051955025657707932e-02
6.943129241505106852e-02
6.839671413875639261e-02
6.737248302406033396e-02
6.627486248519380563e-02
6.507864245401186187e-02
6.392913629073007642e-02
6.271160240283921161e-02
6.154751909150871225e-02
6.049650641098718723e-02
5.947022478487815761e-02
5.847828604543445913e-02
5.750154544624518083e-02
5.661605777524526817e-02
5.572224998742525415e-02
5.477477872542211440e-02
5.379627830311608377e-02
5.278099732440311165e-02
5.182237146276894024e-02
5.086405756683689411e-02
4.996966508194947837e-02
4.912408202363371251e-02
4.834986840385772922e-02
4.758009721374208828e-02
4.677476270147180176e-02
4.589177735056935298e-02
4.500619631235572293e-02
4.411456404498961120e-02
4.320322163577716007e-02
4.229064986804022264e-02
4.137468259686687827e-02
4.042351101329270946e-02
3.951821012421925100e-02
3.864297896474717942e-02
3.781501288314651626e-02
3.697952651102653920e-02
3.617038772698234761e-02
3.539030755143540707e-02
3.465724861898892423e-02
3.398393893731126852e-02
3.326577756320175938e-02
3.246116780570280219e-02
3.163162611564318549e-02
3.070665415829799266e-02
2.981023266250937970e-02
2.898850868934615965e-02
2.815193643561216333e-02
2.730569154315961797e-02
2.648720921628550107e-02
2.572771812157719981e-02
2.496871923555074937e-02
2.424248805701871221e-02
2.353952764582111640e-02
2.289719991166886542e-02
2.221832334204664611e-02
2.151863241817204495e-02
2.078749616460765642e-02
2.005171829510488460e-02
1.937234281031060754e-02
1.875629229623012803e-02
1.817418742714299595e-02
1.758075605143454359e-02
1.698705675740881313e-02
1.642034702650122316e-02
1.585913424746843853e-02
1.534651086131285161e-02
1.487119101688600190e-02
1.441361984288010850e-02
1.396145826077235287e-02
1.352458546885397690e-02
1.312966900757006790e-02
1.274364324342307925e-02
1.237244070584605712e-02
1.202100208031557649e-02
1.167785981057226433e-02
1.133493244983432846e-02
1.098702490566001375e-02
1.067274506559384717e-02
1.040555622393510467e-02
1.018261371250177641e-02
9.943679683903439495e-03
9.696726629111659598e-03
9.449890792740854584e-03
9.213217074730727790e-03
8.972969245770255620e-03
8.744632203592108896e-03
8.530949778648846266e-03
8.322912611867655519e-03
8.128009581017635321e-03
7.956145574600431009e-03
7.794439852055849716e-03
7.619782627036752673e-03
7.442815246158069817e-03
7.279635991952533580e-03
7.113663675988978440e-03
6.957176083810957118e-03
6.803184676746319021e-03
6.655533493044680539e-03
6.512964048704589400e-03
6.373736147072358270e-03
6.238700559362624597e-03
6.117456599411443506e-03
5.981933098191611134e-03
5.837950201213678268e-03
5.692220228975385966e-03
5.550947826787305805e-03
5.418141172921928095e-03
5.300861510139064266e-03
5.192876522294063817e-03
5.078346912716932490e-03
4.960057648191097505e-03
4.839783053728610382e-03
4.724106118435235195e-03
4.616775836427379660e-03
4.511373213617195059e-03
4.412631407886554585e-03
4.315782322238955783e-03
4.213543828969873797e-03
4.114819132145572725e-03
4.027604060534998622e-03
3.949304904858699089e-03
3.866495388130669706e-03
3.781009812649064467e-03
3.699468629428584367e-03
3.623584541207211865e-03
3.544037373131152593e-03
3.470745936402534846e-03
3.392610087950430689e-03
3.317558680572491991e-03
3.245946796419302022e-03
3.180397940939578161e-03
3.121401888895859907e-03
3.060966520114615473e-03
2.993518080939506533e-03
2.926181700218851139e-03
2.863137131081789494e-03
2.803923565331945585e-03
2.745997004818357106e-03
2.685622395593952050e-03
2.623586268989881818e-03
2.557331731774251798e-03
2.491115656315871785e-03
2.426350793578860472e-03
2.362345574611636120e-03
2.303258204460045984e-03
2.252378881582987359e-03
2.201178638355316772e-03
2.146099409123637149e-03
2.089322713569997589e-03
2.035789756174576168e-03
1.985309552134596495e-03
1.933244362211094429e-03
1.878736772916760967e-03
1.824715775126815789e-03
1.770370980566637279e-03
1.719681595745776526e-03
1.671892506280191291e-03
1.622599203288353125e-03
1.579037536561921128e-03
1.536957594192018975e-03
1.494916937829161765e-03
1.452299891726024613e-03
1.409010264742043429e-03
1.368486482262044673e-03
1.334524959295793969e-03
1.300700640340166862e-03
1.267111758582500870e-03
1.234023672817145204e-03
1.202736636077218280e-03
1.172441614731560338e-03
1.142289762574797037e-03
1.112922298000799948e-03
1.086514237445126291e-03
1.063064403328431049e-03
1.040725345930152302e-03
1.019309824224344085e-03
9.973868092129278481e-04
9.752765627430398480e-04
9.558277797993651849e-04
9.373712324491277571e-04
9.207297092495063612e-04
9.044496492723979849e-04
8.886174867070713128e-04
8.730892066883457620e-04
8.580195191561508072e-04
8.443838826895048045e-04
8.327696378666756254e-04
8.201394671332808443e-04
8.073218325512948905e-04
7.945912592558575412e-04
7.814074353138778482e-04
7.688257392893774363e-04
7.559667664339697352e-04
7.436031229014414268e-04
7.321680100505746852e-04
7.218618261018230897e-04
7.119847179388698452e-04
7.025060173163076615e-04
6.923053852736710864e-04
6.822109475864113984e-04
6.721622145578704053e-04
6.619651783890229905e-04
6.522834666050409845e-04
6.438857625592714438e-04
6.359836632948839830e-04
6.275979827945736165e-04
6.184563869636598753e-04
6.093906656101550105e-04
5.997575964569732462e-04
5.903293285145844648e-04
5.819255947432052690e-04
5.736525518816651664e-04
5.652722865080084171e-04
5.565137187767061396e-04
5.477987807553328379e-04
5.393950432618836808e-04
5.308433075565411339e-04
5.218663089905668101e-04
5.131726405354019530e-04
5.045758253780297572e-04
4.956834903239521395e-04
4.864901452518545564e-04
4.775363511435134936e-04
4.686342068293251504e-04
4.594010679492467218e-04
4.500919065813147502e-04
4.402753842003444534e-04
4.305174827520503555e-04
4.211147077039397151e-04
4.121635618822003851e-04
4.029081309885208643e-04
3.932018090226254000e-04
3.832884821386710219e-04
3.736753906694842463e-04
3.647607801514822588e-04
3.567438004321855081e-04
3.482340846653355065e-04
3.393252011509775151e-04
3.305694510759941691e-04
3.222065093633034462e-04
3.137897377893289529e-04
3.052268282666043583e-04
2.968684444487465685e-04
2.890007668208098438e-04
2.812795937677750754e-04
2.738253027103365080e-04
2.663062348846084075e-04
2.589388820304058055e-04
2.512649345221382884e-04
2.433161594996765273e-04
2.355034068460527764e-04
2.275807505477383120e-04
2.201885034314155192e-04
2.135547959055703678e-04
2.063965907746512793e-04
1.992178472040986100e-04
1.929048887569009818e-04
1.871083346091283943e-04
1.811079127744851316e-04
1.747841114193981885e-04
1.690090784059278218e-04
1.634706074868401610e-04
1.576875505566009835e-04
1.521362171666193041e-04
1.468383047029476801e-04
1.416150367637433543e-04
1.364295166759708921e-04
1.312942920851757145e-04
1.264322857520064466e-04
1.219599561744873955e-04
1.178076471661885100e-04
1.133825607203918772e-04
1.089902508728369477e-04
1.045169152655082539e-04
1.004189526921993807e-04
9.697020325464326105e-05
9.353957179136971841e-05
8.974219467066018913e-05
8.620356517116248881e-05
8.298988984821192188e-05
7.981413510766624390e-05
7.659803442574185329e-05
7.383619314703368844e-05
7.123713937021532898e-05
6.852910848104396587e-05
6.599983621621218985e-05
6.388453535602775177e-05
6.177945776644838346e-05
5.972347361474973789e-05
5.776290333139974027e-05
5.587215784036041389e-05
5.415916581622109960e-05
5.246616099150494653e-05
5.095268280673572240e-05
4.960210658843091573e-05
4.825566137414371540e-05
4.693718345232438465e-05
4.575703160894046352e-05
4.454722778904934057e-05
4.335592972053389126e-05
4.211623965776370801e-05
4.089782743130891300e-05
3.980785755695744564e-05
3.886097200640078694e-05
3.789906496021329917e-05
3.688439981408476087e-05
3.586717667516148051e-05
3.493372116427972745e-05
3.410014266588561098e-05
3.323102257819289009e-05
3.227963720932041123e-05
3.136158589820509465e-05
3.045710348566462101e-05
2.956149425869881227e-05
2.867275812446539577e-05
2.784875103271325543e-05
2.708057955493073051e-05
2.631375827179462478e-05
2.560424466277028585e-05
2.495044337877225140e-05
2.428783082939685412e-05
2.355915064537217622e-05
2.283899603211172894e-05
2.215129086285827232e-05
2.149691121675236430e-05
2.087083638846117006e-05
2.026529177121432949e-05
1.970786146739276484e-05
1.912020654917044363e-05
1.857402659316577850e-05
1.807513060301828417e-05
1.756629300443439607e-05
1.703840823881192833e-05
1.655281778535866400e-05
1.612435053132966052e-05
1.568496886627072454e-05
1.522767614070907179e-05
1.477705019867630024e-05
1.437317366891795212e-05
1.393102871784445203e-05
1.350812227094354811e-05
1.306128838524730345e-05
1.261535179125230114e-05
1.224074137075329721e-05
1.188596999196785657e-05
1.148368936966735664e-05
1.111478306310773830e-05
1.076567097061284406e-05
1.040322391397128295e-05
1.007611036588780507e-05
9.777810339674413697e-06
9.456372569490577469e-06
9.115395180388860004e-06
8.774194203560181039e-06
8.453579216440047843e-06
8.153217467673310801e-06
7.877831049713050613e-06
7.615771797646143912e-06
7.389213110779226089e-06
7.204703565936851410e-06
7.019767498305755761e-06
6.825151223020524544e-06
6.641063596564029405e-06
6.479697664728274670e-06
6.324552938363269284e-06
6.164552926918280218e-06
6.017944450267297025e-06
5.889367414370161502e-06
5.751445563168805096e-06
5.618882019507270877e-06
5.487455076682267744e-06
5.356274781139398506e-06
5.232279495594935315e-06
5.114326353878539697e-06
4.996512390765534600e-06
4.887863527676322534e-06
4.796748525250480254e-06
4.713034499521004373e-06
4.626282692919114997e-06
4.546094305946872263e-06
4.461164602751130054e-06
4.376077084148255122e-06
4.296721835319445337e-06
4.225568581574941499e-06
4.157079101904243961e-06
4.081500820641689102e-06
4.019212906946325970e-06
3.953034478802933043e-06
3.880033637773027739e-06
3.806319371149504651e-06
3.737449728939659354e-06
3.677631470225554890e-06
3.617240349320839145e-06
3.548283854987020876e-06
3.479472368260627831e-06
3.412907208093964610e-06
3.341177780972551112e-06
3.263354216335486354e-06
3.183952868630843511e-06
3.114409156985812052e-06
3.052953546389414163e-06
2.992150592887357055e-06
2.927217954411752264e-06
2.868667939742914823e-06
2.804594415756164070e-06
2.746287000321795155e-06
2.692800247607484004e-06
2.631610689229846681e-06
2.568538760553129930e-06
2.510766392454536743e-06
2.459526985700448678e-06
2.406228728760472069e-06
2.350343309515156175e-06
2.298874434852102368e-06
2.252072257725972514e-06
2.200383319188780651e-06
2.147928404859082333e-06
2.103183180045424271e-06
2.055872919272858323e-06
2.005501282455057330e-06
1.958481210555277313e-06
1.913555403215483796e-06
1.869431113039714773e-06
1.822689091135409502e-06
1.778224871425477022e-06
1.735398760657176326e-06
1.695358621349317058e-06
1.652710783098081031e-06
1.609378644282684997e-06
1.571294263125341542e-06
1.535373216580350748e-06
1.498325407921050351e-06
1.459618597354078813e-06
1.423383829783475510e-06
1.389862931866515046e-06
1.354136655530473617e-06
1.317263901625973753e-06
1.284119265793586459e-06
1.256739523101247628e-06
1.228286046223000005e-06
1.198595239645355290e-06
1.169023243957220161e-06
1.138980788067464691e-06
1.111340102167703468e-06
1.087474357226159926e-06
1.065618256165609508e-06
1.039571357384055468e-06
1.014322258528226294e-06
9.910035222987110237e-07
9.678494437489966844e-07
9.439182717772311583e-07
9.209112452467750772e-07
9.001402048688568680e-07
8.790053141103494169e-07
8.571702364613203492e-07
8.373587231033927608e-07
8.168715503751084277e-07
7.947123344224293565e-07
7.748362832360526090e-07
7.571667179578923006e-07
7.394122157439161253e-07
7.201609067334355213e-07
7.029135400944284663e-07
6.874618653216775223e-07
6.699445298278623616e-07
6.525947822457092544e-07
6.360350077184414506e-07
6.197368108026269124e-07
6.040274055745773349e-07
5.903095346798551664e-07
5.747813812107202998e-07
5.595755715939781614e-07
5.458830656064666065e-07
5.327435895878488465e-07
5.181263984119681369e-07
5.041056630540857763e-07
4.916387274936724688e-07
4.800723322706778211e-07
4.675910072466404501e-07
4.559268854511648036e-07
4.441411200578007789e-07
4.318996210990068732e-07
4.195800516694652769e-07
4.084311415914985868e-07
3.972919913360216250e-07
3.861179262568157969e-07
3.755696833710690759e-07
3.658905395060283345e-07
3.573524544959155181e-07
3.481137678794072526e-07
3.392591509941306697e-07
3.309641947177721863e-07
3.229177272166806058e-07
3.157445025957226851e-07
3.092701733850547273e-07
3.020990402680371675e-07
2.954800415242745758e-07
2.894073225951539051e-07
2.834522262208679060e-07
2.772405443531652268e-07
2.713752305105125214e-07
2.659656315290761272e-07
2.605642001581985840e-07
2.558868874872977177e-07
2.509327167969256974e-07
2.459423002396615892e-07
2.414181668395107304e-07
2.371782179033689508e-07
2.331671225072162248e-07
2.292719928326732380e-07
2.252463970722398285e-07
2.213857648561139466e-07
2.174601611528008971e-07
2.135053456445917147e-07
2.097659863192208594e-07
2.065122250190342188e-07
2.032243343441392040e-07
2.000360060445207670e-07
1.968887994804124666e-07
1.938555027251200037e-07
1.908313064095720828e-07
1.877408845275243005e-07
1.845117202037950897e-07
1.812167914231608094e-07
1.780177012529119152e-07
1.749942853421442816e-07
1.719438402888822241e-07
1.688530336947359177e-07
1.658056016843975171e-07
1.629198188818791223e-07
1.601306043029214143e-07
1.573007254893949328e-07
1.547276523817157045e-07
1.519211852292731415e-07
1.486712276787637886e-07
1.454413846299096320e-07
1.427383697132361317e-07
1.401819905285262129e-07
1.373217325613726187e-07
1.343424780869127666e-07
1.311873274664001805e-07
1.280979661333234052e-07
1.252191471826356113e-07
1.226947232382323861e-07
1.199599430260403357e-07
1.173375743166592354e-07
1.149740423250970697e-07
1.124578000039899646e-07
1.098549396595277953e-07
1.073386744998113925e-07
1.047601352654626731e-07
1.022039744461538310e-07
9.966560963886116539e-08
9.710053000977170906e-08
9.439320946652684201e-08
9.161701840034005560e-08
8.924145334131212494e-08
8.714218467571773397e-08
8.486687260110229157e-08
8.248663304949231530e-08
8.012533210107629380e-08
7.778948879954692298e-08
7.560757725953831844e-08
7.359426615781073738e-08
7.149263163905589382e-08
6.946540644590708552e-08
6.750539501223176273e-08
6.562227632011260938e-08
6.374720065786381445e-08
6.190432148114726796e-08
6.019599083638362085e-08
5.856550359107184629e-08
5.694031025004953104e-08
5.521609469908201976e-08
5.342492483179082681e-08
5.163952983241038911e-08
4.988336656392413071e-08
4.816154721954731615e-08
4.659175377412108098e-08
4.520801954065270589e-08
4.381363374386505220e-08
4.242125054266211994e-08
4.121134009590185124e-08
4.003492977063186716e-08
3.883891721169963727e-08
3.763197655825309270e-08
3.641475519941720185e-08
3.515619112606988110e-08
3.391812133861097153e-08
3.277629748789311557e-08
3.170710320681702748e-08
3.061100495828208570e-08
2.948939185303024074e-08
2.848781981615178228e-08
2.755653081688058828e-08
2.667213332355578445e-08
2.573585576394092400e-08
2.481877265015721717e-08
2.408490833289659493e-08
2.336322099748497369e-08
2.251286595605506195e-08
2.174101169401936640e-08
2.113211126088931011e-08
2.048650597779273977e-08
1.978842127432443476e-08
1.910323707494556303e-08
1.846180385703117218e-08
1.783332321970666694e-08
1.729562746350008326e-08
1.678413310540503736e-08
1.623050851964375818e-08
1.568707435073790118e-08
1.521167312530634429e-08
1.474471141363896058e-08
1.433503989892358173e-08
1.395306537469264435e-08
1.357822038730895664e-08
1.319557835068738371e-08
1.283618399777887846e-08
1.253800625012195191e-08
1.224162063362969239e-08
1.194542141769850768e-08
1.167324799675918016e-08
1.139884939346136887e-08
1.110528967740898498e-08
1.085433340521497789e-08
1.059552357500608240e-08
1.033700009485079594e-08
1.010307479729733812e-08
9.888395308772704566e-09
9.679879254189041191e-09
9.481510099301733312e-09
9.300343486211872822e-09
9.109844677070300609e-09
8.920772102521738933e-09
8.741654617022199637e-09
8.569709053886515428e-09
8.402268483338308665e-09
8.238377116105942868e-09
8.082302844654521249e-09
7.926478677516373692e-09
7.772942351895542449e-09
7.630975455592470768e-09
7.486468689812056969e-09
7.337252424882011390e-09
7.203846104626448560e-09
7.072740153761303328e-09
6.935266268494685874e-09
6.800906240025740248e-09
6.672158286805748880e-09
6.548214651469722009e-09
6.428859177603548716e-09
6.294496807343332637e-09
6.155317143150980635e-09
6.027550029233434628e-09
5.887836713748564402e-09
5.743242896011431251e-09
5.598960616632895700e-09
5.459745853728513107e-09
5.312435555262307719e-09
5.167458095841076991e-09
5.035140317056127711e-09
4.915780409732833197e-09
4.798648440496440145e-09
4.684192814009715874e-09
4.579396917289138526e-09
4.470237031135315593e-09
4.368423041629933748e-09
4.285547537963388020e-09
4.192987848021571900e-09
4.095111230384128444e-09
4.008341526161772177e-09
3.914334215376080070e-09
3.810236019329735053e-09
3.711746013127188916e-09
3.622994745869978999e-09
3.524055392153074483e-09
3.423044469733939070e-09
3.328532494858255914e-09
3.239441751968786506e-09
3.152128079401255322e-09
3.068851838200566322e-09
2.984975561007101739e-09
2.909740991617711323e-09
2.841931958479445550e-09
2.773014624591275116e-09
2.700668872109952116e-09
2.628124493629231531e-09
2.559890646091341792e-09
2.496534597834747295e-09
2.439090344539814493e-09
2.376812049762185591e-09
2.311963700893706497e-09
2.251209079824108894e-09
2.195607589967880005e-09
2.139226547019473453e-09
2.082765996721327989e-09
2.031324994011322291e-09
1.982941587566110414e-09
1.934237147550588394e-09
1.885232842719304512e-09
1.844280971469146949e-09
1.800770236800732168e-09
1.758002537076207776e-09
1.718853817750054229e-09
1.680120875076837484e-09
1.642776580984642976e-09
1.604768263729494685e-09
1.567092915000833872e-09
1.531335715904851680e-09
1.500114479641209586e-09
1.467856747948225365e-09
1.435009494346880641e-09
1.401300659209074045e-09
1.367124713649070279e-09
1.334027995761613578e-09
1.302059297249275324e-09
1.273067341938139151e-09
1.246817823698052221e-09
1.219604531320555925e-09
1.191903492956322236e-09
1.168065348979136336e-09
1.143369675361462886e-09
1.118361289529783815e-09
1.096187468815656671e-09
1.074477480123072418e-09
