1.537399832113074183e+00
1.939363759355561934e+00
1.833361367073194304e+00
1.425986825864540952e+00
1.220653480346480357e+00
1.063495354522057346e+00
9.123527011495238259e-01
8.117493969472360238e-01
7.501489606371296581e-01
6.728161125808493903e-01
6.164545588938241671e-01
5.548704419682125577e-01
4.986720179495076621e-01
4.635412758984469583e-01
4.293116193908635414e-01
4.053593740690504821e-01
3.724333122450525502e-01
3.438201819077719712e-01
3.048730808687734051e-01
2.730517255665159126e-01
2.419922627555612382e-01
2.253071873563119165e-01
2.137446487935883432e-01
1.956169134632911588e-01
1.804059809964389804e-01
1.707127670402722452e-01
1.604343542588339000e-01
1.493872517214900331e-01
1.455410009823440154e-01
1.365652957465209871e-01
1.280937223610020270e-01
1.172513597420418580e-01
1.088451116728463841e-01
1.027841901985880740e-01
9.866974349690163515e-02
9.251373481219941908e-02
8.844234873507345052e-02
8.552192499076725907e-02
8.188611535139686537e-02
7.670707639349720608e-02
7.430591638785428998e-02
6.882797271758651914e-02
6.373620232088186843e-02
6.147495523116716654e-02
5.582297573638701771e-02
5.371281008420236702e-02
5.026139633689678810e-02
4.705077602078269750e-02
4.483495005989934779e-02
4.118999482383945560e-02
3.933299377504067412e-02
3.766348797773572815e-02
3.637498634960499577e-02
3.405139741280407278e-02
3.315907724639152038e-02
3.053836956859746349e-02
2.780304622395633751e-02
2.559678861452231030e-02
2.407867233839630638e-02
2.221967090325460345e-02
2.109647840306883015e-02
1.932636915472196043e-02
1.847662559509499758e-02
1.763581606376531802e-02
1.692972900284806306e-02
1.573596100417607238e-02
1.504709450701972699e-02
1.406784106404789653e-02
1.374471400666786060e-02
1.272547353796942525e-02
1.184985072576118931e-02
1.119003442414058871e-02
1.064731012797278872e-02
9.919956308690889429e-03
8.916327075533794430e-03
8.644763287940639834e-03
7.938918806990420338e-03
7.391134334879029613e-03
6.925744915741429905e-03
6.557296711610867239e-03
6.249195495255191815e-03
5.752412873271906327e-03
5.453177566649689868e-03
5.198775022632882645e-03
4.866261583997454759e-03
4.561803591659326258e-03
4.301406766499983950e-03
4.066141463702303664e-03
3.871074440023380536e-03
3.683668074232440259e-03
3.395034306972340241e-03
3.244534119512575056e-03
3.031391410910288901e-03
2.889412993295022679e-03
2.590149519166108031e-03
2.409536741994637490e-03
2.296957044763221420e-03
2.121777763844722754e-03
2.019923751203437420e-03
1.905451024844143299e-03
1.835163948031339745e-03
1.670489800061582784e-03
1.609778170713954985e-03
1.448551383453250017e-03
1.361740443991088425e-03
1.278322069056818996e-03
1.166185634205275240e-03
1.057536397494461804e-03
9.479264484098150071e-04
9.185686612834439426e-04
8.439511336220799917e-04
7.889387422314566222e-04
7.428257222278437369e-04
6.747852575901104946e-04
6.195541125875739458e-04
5.743585295488331339e-04
5.449653065683587091e-04
5.167177089790060164e-04
4.846694993354437250e-04
4.655137583155737730e-04
4.317844903703311446e-04
4.155834001681908154e-04
4.060979697874615561e-04
3.684243360238941022e-04
3.453343917553605572e-04
3.283635191161030499e-04
3.181245564061304038e-04
2.986798149278477419e-04
2.894776866733108299e-04
2.621058500914434717e-04
2.464784127723019689e-04
2.289115652168399024e-04
2.205516492709429818e-04
2.140143630552793360e-04
1.927765941035299881e-04
1.827125739904998192e-04
1.695446566951426971e-04
1.599327684389518741e-04
1.455633275324097519e-04
1.388218328129303984e-04
1.327175451125156157e-04
1.194303559728238226e-04
1.100367801112438069e-04
1.033443375874008017e-04
9.862931922971311920e-05
9.302782705099351573e-05
8.883165812893958739e-05
8.364107205314518282e-05
7.951440677516195973e-05
7.476544984784137056e-05
7.269133584697319637e-05
6.802093132246583200e-05
6.544485648162517045e-05
6.217534101498879652e-05
5.955475420778110737e-05
5.545645427982861072e-05
5.393229777504034118e-05
4.981557307931761263e-05
4.643716972368037098e-05
4.418097569598568270e-05
4.025058145441772481e-05
3.607673162090940892e-05
3.254107255408833981e-05
2.813084563329178075e-05
2.423685723015730424e-05
2.273502087192397575e-05
1.899173266060559732e-05
1.704455644803930977e-05
1.510274160886704283e-05
1.342541701910852296e-05
1.131798841565191965e-05
9.851183400692100183e-06
8.739686385788857453e-06
7.602571663604252208e-06
7.015488299568968137e-06
6.138916131991028512e-06
5.549126655939981865e-06
5.225788280105679912e-06
4.452906088095673455e-06
4.192583372434784264e-06
3.649518149401341615e-06
3.290905647721046072e-06
3.052549374312882701e-06
2.665823752932262815e-06
2.579569320958954724e-06
2.385660103407887543e-06
2.135687200407801778e-06
1.996592115041376669e-06
1.911006701323204964e-06
1.798157233715151582e-06
1.657778447236799592e-06
1.561719605671053257e-06
1.422662126039716943e-06
1.375820561868585877e-06
1.270674858815857928e-06
1.165737832381771439e-06
1.071984713891171190e-06
9.983924768747309945e-07
9.605413651632564673e-07
9.258194027677448028e-07
8.809847626539774170e-07
8.078173353083908367e-07
7.823563687992750387e-07
6.928139759155157077e-07
6.488650158251282338e-07
5.777507531332010930e-07
5.342376361641610721e-07
5.010133590600264917e-07
4.613138140878347335e-07
4.318976011708813557e-07
3.969458260693328401e-07
3.611071073602173010e-07
3.312739430075507005e-07
2.972441877826618592e-07
2.787610457340051570e-07
2.661692045694232770e-07
2.261886102982700290e-07
2.054840800186397686e-07
1.900922847728841102e-07
1.701635959912322076e-07
1.627046717084799807e-07
1.520701937351901575e-07
1.354614626536125564e-07
1.283611693250808141e-07
1.166894202451671172e-07
1.080335763396968562e-07
1.020566643858648904e-07
9.324011829061812687e-08
8.709348056957325511e-08
8.046204296417580683e-08
7.429404706800119649e-08
6.916708058660602263e-08
6.325901876323486272e-08
5.972737565069747294e-08
5.042447452172596112e-08
4.093428342409542927e-08
3.567192273543823417e-08
3.360705573806264706e-08
2.954696605459428329e-08
2.794459361479392929e-08
2.593876225152073782e-08
2.501520296248336346e-08
2.293292466919413807e-08
2.110138364281729844e-08
2.017905615120104517e-08
1.837221379121867642e-08
1.661361440945235688e-08
1.536979168400245212e-08
1.453186462376266119e-08
1.346377429558672658e-08
1.241530416480943224e-08
1.184274598313272091e-08
1.154745736998633975e-08
1.077973161122486413e-08
1.009385385070981674e-08
9.567311088542907099e-09
8.980880812142190371e-09
8.127619105089057724e-09
7.571086120898817189e-09
7.102371310703302452e-09
6.567618238832949619e-09
6.108732143350468888e-09
5.689066820962588404e-09
5.430805401388130630e-09
5.000380386144588852e-09
4.681254520315520201e-09
4.310987128774698242e-09
3.890580591252386564e-09
3.368223116940895449e-09
3.133932761743873793e-09
2.901017807475534460e-09
2.545886560048672304e-09
2.286503181987607493e-09
2.087337454151033400e-09
1.954433187907300657e-09
1.741722443263062051e-09
1.583894458825648802e-09
1.496160333679877308e-09
1.351206415751005534e-09
1.249226626008898954e-09
1.172138931208561578e-09
1.004660302910363450e-09
8.689814216679220753e-10
8.000774452272682706e-10
7.265312907438214142e-10
