9.404417372629125804e-01
7.413165308748700388e-01
5.857146450852265263e-01
5.118150789353582697e-01
4.500267922647094854e-01
3.723842990265524566e-01
3.459036916899031477e-01
3.143354558074518690e-01
2.943542644459553603e-01
2.627254981471374151e-01
2.434293840665413822e-01
2.145272787448352370e-01
1.954284660671664065e-01
1.804741830731872720e-01
1.669053002333784619e-01
1.534416097831794168e-01
1.426285720990834727e-01
1.347248207514233909e-01
1.303317197378037473e-01
1.224128566519600697e-01
1.152297417141276009e-01
1.104705294614723027e-01
1.065852100406920189e-01
1.021627137921857637e-01
9.741939764376759958e-02
9.427217341693418240e-02
9.073797521537199651e-02
8.711994045976420575e-02
8.335709381472354573e-02
7.979859201090523657e-02
7.785070110999581239e-02
7.451374768729079889e-02
7.102247203365617823e-02
6.885865947534682008e-02
6.676654223729462656e-02
6.355984954713696233e-02
6.081286642745701437e-02
5.775977388210219721e-02
5.662529103532411290e-02
5.406235553723749698e-02
5.185008672361172272e-02
4.958408949774729957e-02
4.791849691078365475e-02
4.558084334179990371e-02
4.337984430595050178e-02
4.226979504618046113e-02
4.048577483988065329e-02
3.907809839523715412e-02
3.766586526713740224e-02
3.594611345996334695e-02
3.406027619567805059e-02
3.226079116094771743e-02
3.060466690826116332e-02
2.870211745199162390e-02
2.635737472039802881e-02
2.561097836663264390e-02
2.370605770498103795e-02
2.184568274149844072e-02
2.068623907422571448e-02
1.873210815435351340e-02
1.664363761954742310e-02
1.612787197961343746e-02
1.487939274533313198e-02
1.365337838325417393e-02
1.241846643113954027e-02
1.191125950234914709e-02
1.079182247190375345e-02
9.810378971102770920e-03
9.221788398104691434e-03
8.611899442411903235e-03
8.352539293745091589e-03
7.819340752561363198e-03
7.563648215927576239e-03
6.949549811759614566e-03
6.490241419819204466e-03
6.324340069253862537e-03
6.071261164756897033e-03
5.745162436640246367e-03
5.357248791500832108e-03
4.948166448687976032e-03
4.766192151783641036e-03
4.509711322591297873e-03
4.315433855797695326e-03
4.067303890947214853e-03
3.842732727319856430e-03
3.478528445834990282e-03
3.293117842785280285e-03
3.069864740658824909e-03
2.916553720248159839e-03
2.753175945166145937e-03
2.607052452492311309e-03
2.393317327906234124e-03
2.220972518203096630e-03
2.103772359045240434e-03
1.910358639100834125e-03
1.727651658912784331e-03
1.607332433665997371e-03
1.449109845987866206e-03
1.374282720450610085e-03
1.285512817707361831e-03
1.198415551861405732e-03
1.119234656538317619e-03
1.070698624200760660e-03
9.958393583501935851e-04
9.371791630155707755e-04
8.978265501008806521e-04
8.482481292574854800e-04
7.943210913603750622e-04
7.368956984160690083e-04
7.049023780107861736e-04
6.452540830627032532e-04
6.124230524316978327e-04
5.731533667552595910e-04
5.369128882345880526e-04
4.825897683321528483e-04
4.620552335516591932e-04
4.344426440811659500e-04
4.100066307295138963e-04
3.914469322068003516e-04
3.769569295940559343e-04
3.504017216880463679e-04
3.296747860141942851e-04
3.012551465356492846e-04
2.926614892284537506e-04
2.765591400907564386e-04
2.630212093422061147e-04
2.495175159281510483e-04
2.422239297679379757e-04
2.300981132397288511e-04
2.193234354740048657e-04
2.060108218782963374e-04
2.008187678256597569e-04
1.857214705394571357e-04
1.773045231522911631e-04
1.667654539259099148e-04
1.582499799215138149e-04
1.533135551551169189e-04
1.384232770799687367e-04
1.213815656171597938e-04
1.171644958390455273e-04
1.011006479407602405e-04
9.350357014753358478e-05
7.786229759157332626e-05
7.082263887367938994e-05
6.150006321186739873e-05
5.393073134578239657e-05
4.939933604711932305e-05
4.278786132397370789e-05
3.841673279858414856e-05
3.562972659425865771e-05
3.201197328318690973e-05
2.921085386895702618e-05
2.593481562376260990e-05
2.361259941745614142e-05
2.078156192041466513e-05
1.881819158332136954e-05
1.730365340719581209e-05
1.597271796031949099e-05
1.386941982071759365e-05
1.254962283762486873e-05
1.176361654916828100e-05
1.063969281596020316e-05
9.626382666952452418e-06
9.016582941289714965e-06
8.141356672705551389e-06
7.837825191182867801e-06
6.970893012077570530e-06
6.463845972316205189e-06
6.003399239414840609e-06
5.730268832311732289e-06
5.147844834818326872e-06
4.971792557684896849e-06
4.506400161976193416e-06
4.146141457355815598e-06
3.805611547703047189e-06
3.435899963643404507e-06
3.027606788916161092e-06
2.790237368132425989e-06
2.586469700935617687e-06
2.423274683152098649e-06
2.316422854394323552e-06
2.094956537594415163e-06
1.973239546033177540e-06
1.805900683474046205e-06
1.637886533419656102e-06
1.479597453296768964e-06
1.425373375518711567e-06
1.339374621165715633e-06
1.228167358700717869e-06
1.180154334256554939e-06
1.087224492876673866e-06
1.018834322185253603e-06
9.476319729760398529e-07
8.816011936559863000e-07
8.350670539272220621e-07
7.965917657546665570e-07
7.367502519285065453e-07
6.718391572655990642e-07
5.871494204541270537e-07
5.421187364009161065e-07
5.113515380449376954e-07
4.682673296829775902e-07
4.055785304007220468e-07
3.940268629199331960e-07
3.649505686694715924e-07
3.361563589437456712e-07
3.214577248556230495e-07
2.935036096685762773e-07
2.764472408397240166e-07
2.485466812961687390e-07
2.373059681084651735e-07
2.170505295979484976e-07
1.969021646002827317e-07
1.764785382804752073e-07
1.566383420104448949e-07
1.393363257207843132e-07
1.271925508957608750e-07
1.157294332779624636e-07
1.095328549599083116e-07
1.021135684367248059e-07
9.870860441577496984e-08
9.130216918758272223e-08
8.585703339314519382e-08
8.131949762637373558e-08
7.673425813449919730e-08
7.301246381838546342e-08
6.903823244406637341e-08
6.405105125810520159e-08
5.540808797266498005e-08
5.246300533182017046e-08
4.382932145576961023e-08
3.667435539983865892e-08
3.108467469046214824e-08
2.786669865864380385e-08
2.470771938313960919e-08
2.378832604663056567e-08
2.139794131655831646e-08
1.984545800974139218e-08
1.873506676650495242e-08
1.632825359293507402e-08
1.503618983625527403e-08
1.337011198225086556e-08
1.243660147684168692e-08
1.060068246827033420e-08
8.669000037813899697e-09
7.945080571022265251e-09
7.153072881077057813e-09
5.694958211092234547e-09
4.900113050590886222e-09
4.528531253681916419e-09
4.046166612233956230e-09
3.585087680741569155e-09
3.243151949072594994e-09
3.081738275098220272e-09
2.813347115504417715e-09
2.571049834532924524e-09
2.339913717141393324e-09
2.116743830073090685e-09
1.955723919428905854e-09
1.871198197294210073e-09
1.678814247097575252e-09
1.588380930031492271e-09
1.375330091734469153e-09
1.313243207076618951e-09
1.218732604779946912e-09
1.053961766905923447e-09
9.719696398876713067e-10
9.059697413514720919e-10
7.941691645761523038e-10
7.434710509135489616e-10
7.034024485577231547e-10
5.720742536980970241e-10
4.842326053461439791e-10
4.254995581728666804e-10
3.695985361550618593e-10
3.286948369528546326e-10
3.033759075737756795e-10
2.612122274516893097e-10
2.280562763634529064e-10
2.076216221937027149e-10
1.878776221746548296e-10
1.636748251639766160e-10
