1.388239197774327582e+00
7.870832009245274374e-01
5.111921449021871178e-01
3.221505884616171489e-01
2.467210991881025328e-01
1.972639862374392372e-01
1.367208781718998178e-01
9.565214997663752661e-02
6.640549839312420710e-02
5.425316194255331431e-02
4.522416640659471243e-02
3.237123704482103292e-02
2.109449530213965487e-02
1.407162647057060706e-02
9.581764339961667751e-03
7.586573459680919299e-03
6.234814166078569281e-03
4.843208534399004103e-03
3.377716715459790162e-03
2.141208098432375879e-03
1.656674438642935683e-03
1.009907870110720012e-03
6.240379353584317966e-04
3.730913713289757427e-04
2.233149118908861355e-04
1.475073797504874128e-04
9.238179610276417788e-05
5.814311657884397905e-05
3.896303834096411076e-05
3.095631830624531397e-05
2.180461413322691834e-05
1.423944630054524211e-05
1.034523418653863396e-05
8.269730806521679057e-06
5.685669063668211321e-06
4.628178698457346570e-06
3.380930237057313630e-06
2.936317678103392778e-06
1.927548908299041311e-06
1.111288264160927627e-06
5.969257396045590067e-07
3.389777182981800712e-07
2.358125085722181739e-07
1.740069577829946695e-07
1.230587600580824454e-07
9.151068307226534996e-08
6.767016919964139152e-08
5.277561209036222023e-08
3.405778605062489369e-08
2.237080869148613023e-08
1.888089236309963259e-08
1.301702619703826338e-08
8.011989489098028365e-09
4.725261199163668957e-09
3.416239163824538801e-09
1.918304829732443977e-09
1.171936116997689311e-09
7.771944177760697337e-10
5.815226470605155595e-10
3.781903744779170253e-10
2.069720061731447398e-10
