1.032554144251166539e+00
1.106066201793924453e+00
1.035839846536769748e+00
8.990409070841673955e-01
7.729363987429065386e-01
7.271777791129956370e-01
6.597576403604927808e-01
6.078255884026831923e-01
5.479302383798476672e-01
5.035530844188544908e-01
4.754619488124955939e-01
4.391443315792507018e-01
4.190875201872074074e-01
4.042288703706550801e-01
3.815083000737295449e-01
3.653073230552766337e-01
3.522177608463374354e-01
3.415106019249104508e-01
3.287862551989629289e-01
3.193128883667983309e-01
3.075704883351151331e-01
2.974442558758000343e-01
2.900601570798345685e-01
2.769749881180634810e-01
2.625913149892740162e-01
2.541189308871232844e-01
2.436875907196699997e-01
2.301207231575716217e-01
2.194635833496172972e-01
2.086941998947271504e-01
1.968806612210183271e-01
1.837838816889903470e-01
1.722246456788514568e-01
1.652698589037490395e-01
1.596404168700935045e-01
1.512292363980073384e-01
1.447851258435337296e-01
1.407473705575777723e-01
1.361324396026571681e-01
1.299968247356212414e-01
1.229464208051701812e-01
1.153091497154446060e-01
1.109916201315265805e-01
1.074348079533607725e-01
1.028748682826809147e-01
1.000605739468262423e-01
9.609836757187933953e-02
9.213892569591640436e-02
8.970017542510066999e-02
8.722872033851430951e-02
8.491520724614649851e-02
8.189396018742668704e-02
8.000217995219514877e-02
7.808963592806024423e-02
7.629445154033215326e-02
7.339049551190300613e-02
7.035709140524414040e-02
6.787294057829947047e-02
6.586752528945856444e-02
6.291382949583407269e-02
6.175289606671729298e-02
5.914214151084971893e-02
5.756133167595293282e-02
5.507191076015178349e-02
5.380527610878699935e-02
5.192445637507193262e-02
4.959475356226458048e-02
4.759196635167998318e-02
4.656241269874357436e-02
4.483571390424083425e-02
4.296515818664149722e-02
4.146934737246092684e-02
4.051849146505229898e-02
3.860615602619661690e-02
3.675365886467987786e-02
3.553187247866845117e-02
3.364126486507749980e-02
3.295551478469278123e-02
3.124550320225586569e-02
2.939916142949968239e-02
2.851309841253860111e-02
2.728075331975200399e-02
2.579474055034667798e-02
2.517001102006402591e-02
2.326625955038399626e-02
2.225311266031606769e-02
2.106374469264500962e-02
1.990746023745430457e-02
1.906099396185882353e-02
1.802562134007662520e-02
1.681122070876885782e-02
1.633901251349435119e-02
1.498699407659013008e-02
1.437229225953512782e-02
1.361028706668742511e-02
1.278752275429576382e-02
1.218975975142398867e-02
1.152071334723852800e-02
1.111699455633726082e-02
1.031738381325716936e-02
9.745844388110073628e-03
9.286056676224507811e-03
8.938786980255613440e-03
8.094164293604487123e-03
7.680518252311758186e-03
7.205889843421325013e-03
6.969427623657247634e-03
6.537886870258965283e-03
6.143513691476699436e-03
5.787531692017349079e-03
5.491372597473613559e-03
5.337919375429222429e-03
5.133457175640949825e-03
4.829465547909419024e-03
4.660943776744916507e-03
4.392828087784559667e-03
4.240645957668049380e-03
4.033060213398092370e-03
3.890990877438425723e-03
3.757447753232537237e-03
3.544545707416248484e-03
3.425570765697140418e-03
3.278135895410287746e-03
3.070849879924411607e-03
2.936818982912362073e-03
2.748766925736709655e-03
2.630873104664409670e-03
2.529864262835130988e-03
2.358581814515399357e-03
2.242764025527050481e-03
2.156786409417934397e-03
2.019454720105443978e-03
1.981883206496450837e-03
1.861129034563521745e-03
1.797748255922397261e-03
1.727459207267845014e-03
1.629889875481190615e-03
1.592961830497559772e-03
1.504400944956942043e-03
1.453657374473887572e-03
1.421034163302167200e-03
1.332060502008691272e-03
1.305653957974152414e-03
1.207251390580255535e-03
1.146293119564135120e-03
1.073904845135771353e-03
1.025698900999613694e-03
9.952881295244855268e-04
9.454083527174235316e-04
8.707008991056468901e-04
8.228690301399010443e-04
7.653898691085900003e-04
6.834402819595947805e-04
6.506675382882299175e-04
6.177144589579235340e-04
5.808440792655305109e-04
5.617733684175061411e-04
5.270502451136110933e-04
4.955338728043746054e-04
4.734330783359147325e-04
4.548779692447198729e-04
4.265362681689698152e-04
4.091350469653345402e-04
3.890630091116779768e-04
3.710531267123265984e-04
3.547071213549107707e-04
3.381313860279689006e-04
3.241611848700114455e-04
3.095167567980894969e-04
2.941730989984567344e-04
2.888511097334019065e-04
2.729216263999683246e-04
2.614603595730729028e-04
2.554357283415643973e-04
2.457345214804854778e-04
2.364509660491258139e-04
2.257980108111723601e-04
2.166124292351566741e-04
2.098284084013116136e-04
1.979490206227939439e-04
1.924044807685348153e-04
1.837740463529208973e-04
1.709826054634511552e-04
1.625838527702883291e-04
1.567412901050376037e-04
1.519150272451348031e-04
1.442596530994709502e-04
1.384827824470002782e-04
1.349030863105939453e-04
1.294924241404605322e-04
1.241198464794815155e-04
1.191595134775003757e-04
1.140036181641280934e-04
1.111754429708747082e-04
1.051765317154978546e-04
1.004855142761650402e-04
9.686011265231079680e-05
9.223022821793623756e-05
8.875196590395095677e-05
8.608791611810950504e-05
8.315985401358227220e-05
7.867714364695371277e-05
7.550949102232253150e-05
7.161385455789187734e-05
6.970398317541143870e-05
6.731038985250550693e-05
6.427030131402282473e-05
6.110082629174912877e-05
5.829943056237448944e-05
5.543158464495930829e-05
5.322006240897835075e-05
5.145552983139913298e-05
4.866186574356080511e-05
4.687656233991317024e-05
4.492218511851027760e-05
4.237806237389233293e-05
3.880668453338639645e-05
3.733208967011229242e-05
3.477272822196958142e-05
3.222263224572904846e-05
3.109939808402959550e-05
2.858603177167029331e-05
2.672298963328239546e-05
2.450064190225076691e-05
2.332370995708100218e-05
2.189871408370018668e-05
2.116089954552661951e-05
2.009209294141904668e-05
1.923794612219850586e-05
1.838362291132292225e-05
1.754049610849319583e-05
1.657080701744579869e-05
1.565016171490460104e-05
1.450209125767077849e-05
1.381289309286704946e-05
1.331061053098656888e-05
1.279331385962033851e-05
1.217066050969138387e-05
1.161355746358793958e-05
1.090918400402974238e-05
1.025455599572803983e-05
9.993335115594366517e-06
9.206999582757387714e-06
8.567922174394215830e-06
8.194577939437414573e-06
7.915636013228209472e-06
7.582018579006521466e-06
7.204320271195117583e-06
6.926505725484391884e-06
6.648944277746165282e-06
6.493372628975437822e-06
6.122428126117156293e-06
5.865370289125865603e-06
5.630964322602541890e-06
5.474768905577886368e-06
5.227529619703325661e-06
4.959904109419432206e-06
4.718545535356750285e-06
4.490195819203801196e-06
4.241506280148685496e-06
3.909019552994724956e-06
3.736170693615330687e-06
3.438183031015914403e-06
3.245461687713187055e-06
3.072200181101983312e-06
2.850920493243769944e-06
2.745773870184112681e-06
2.625288921548584305e-06
2.398439062823265005e-06
2.333655979730872409e-06
2.174889425613255024e-06
2.074738689637995239e-06
1.969262652635559715e-06
1.818756309588559434e-06
1.740134963725027760e-06
1.690391962693025425e-06
1.565719180315751023e-06
1.484545795299368054e-06
1.441358075312633656e-06
1.384410011300084748e-06
1.316220607458306970e-06
1.254554217805991096e-06
1.216954622933709497e-06
1.172297795616935736e-06
1.132110823684134653e-06
1.081295909789431753e-06
1.055901054283090412e-06
1.007508858679801790e-06
9.507793823512384401e-07
9.083603438267147337e-07
8.582431800114048045e-07
8.247757492671831388e-07
8.049085989055581285e-07
7.557580463159590570e-07
7.337189389842975420e-07
6.975134264831311724e-07
6.667570433070084052e-07
6.318305918484758020e-07
6.124287115598911288e-07
5.820576813281922501e-07
5.519029748494636676e-07
5.246747320151792130e-07
5.037535318419634997e-07
4.787083697433576392e-07
4.636718059217244765e-07
4.382779708328003312e-07
4.256230537048816341e-07
4.004465713999246122e-07
3.854908422512518130e-07
3.567718140373796172e-07
3.427913423788117277e-07
3.225187205223632278e-07
3.103968376273240764e-07
2.980492839653072200e-07
2.873245125592797253e-07
2.746936204520164150e-07
2.624880153326458418e-07
2.440548098664438646e-07
2.310991933798277672e-07
2.230268327507677871e-07
2.108404356608684631e-07
2.045534030349799177e-07
1.900095553342058946e-07
1.816499080163009894e-07
1.733476951303688562e-07
1.610307921408782230e-07
1.557840810165841010e-07
1.505873861874523031e-07
1.415497348586602825e-07
1.372983653877613768e-07
1.284759240425418665e-07
1.234242165915360433e-07
1.208770235397553957e-07
1.168056505545598769e-07
1.120234541022922804e-07
1.092388277061948310e-07
1.050492363002239318e-07
1.016959318951163482e-07
9.839219494024149916e-08
9.493762254021478832e-08
9.303785676842119200e-08
9.023000350252399350e-08
8.839918501543694293e-08
8.460428032352951923e-08
8.208903096092840304e-08
7.841598121707264338e-08
7.444665259725739661e-08
7.287511529419058592e-08
6.845409202019460378e-08
6.468172305753766182e-08
6.148938804460423239e-08
5.744536639508921421e-08
5.455202691260948966e-08
5.241734124106313326e-08
5.101378125536989439e-08
4.744770405972328134e-08
4.607219503439601929e-08
4.361142668113923772e-08
4.225646947878156041e-08
4.007638559251711721e-08
3.805319652302954349e-08
3.692238598203137589e-08
3.548140004489710743e-08
3.430302657059734042e-08
3.285264054985882360e-08
3.159858560361129603e-08
2.968262974556449090e-08
2.855395465122056957e-08
2.744377643566370249e-08
2.657922608377358198e-08
2.565350798019167921e-08
2.406837216487167132e-08
2.329916003884043484e-08
2.258093514676613129e-08
2.133851750072032881e-08
2.078477367566057393e-08
2.013593931207164684e-08
1.918848954044525581e-08
1.801666092928203278e-08
1.761625532554431078e-08
1.670466063221755728e-08
1.582062651140555166e-08
1.551518839795386698e-08
1.481461701380587701e-08
1.429527877099525708e-08
1.364073955869292217e-08
1.274245104787064510e-08
1.223170207644460528e-08
1.180963888507756604e-08
1.137560344653307983e-08
1.086432243697868485e-08
1.016318798793010157e-08
9.887399029059810406e-09
9.102697332673776447e-09
8.628384233248552465e-09
8.042306839897181139e-09
7.828725995683729046e-09
7.095821364931326833e-09
6.798181393410364727e-09
6.286123648649337855e-09
6.024355583103256809e-09
5.738707624144222094e-09
5.571641909598402192e-09
5.347808703962718286e-09
4.945162548493786304e-09
4.743798112213832436e-09
4.471150684021750838e-09
4.243193337755740810e-09
4.081943749828499843e-09
3.935576934338312446e-09
3.673532811975071284e-09
3.512430648897834607e-09
3.238257525930603397e-09
3.058022417722662771e-09
2.850720564847285698e-09
2.664416738347984393e-09
2.584984143482275838e-09
2.426923419943205846e-09
2.284207465366972157e-09
2.158254922288129292e-09
1.968921078909114325e-09
1.857795168444391243e-09
1.793935393913877704e-09
1.684121232134239584e-09
1.642626136003977018e-09
1.557848446149696010e-09
1.477455237640140645e-09
1.430521040297085245e-09
1.355365317094753383e-09
1.278716113288440546e-09
1.226866662063103771e-09
1.165881741007610631e-09
1.101253893676978354e-09
1.013864356958925109e-09
9.715883924494811606e-10
9.340179531221737984e-10
8.920324627118276466e-10
8.622897284046431850e-10
8.302578109695362763e-10
7.954027428486823008e-10
7.552196158754252446e-10
7.393988162094899934e-10
7.040465990598405938e-10
6.776894257915061598e-10
6.574801803960028579e-10
6.299825470136911660e-10
6.085583329572239610e-10
5.770355505007874812e-10
5.549034156521370246e-10
5.259849479248226359e-10
5.014549625307991294e-10
4.758584811149376192e-10
