9.634236950751681183e-01
8.827888290815246730e-01
6.992108653549439223e-01
5.656396738386509915e-01
4.556600362651226366e-01
3.792208057712432301e-01
3.433886440441310528e-01
3.234546103732183764e-01
2.936918692739766135e-01
2.752457227074741053e-01
2.616534930829540473e-01
2.457860275326780308e-01
2.351406299741117534e-01
2.262117686628238034e-01
2.198434113020000802e-01
2.097541931069741017e-01
1.998827486693343092e-01
1.903483698202841079e-01
1.828349513917830182e-01
1.747294155601218923e-01
1.684946083911464942e-01
1.621398615013087130e-01
1.579350381789578761e-01
1.537141865243037975e-01
1.489571190071935780e-01
1.460989587460671257e-01
1.437222805373137291e-01
1.401321924188992929e-01
1.373831320913704857e-01
1.333728239498718771e-01
1.302125838321767093e-01
1.265613715434842634e-01
1.232205903585708029e-01
1.199685045625526192e-01
1.171381878255785686e-01
1.140880684131195671e-01
1.126728387324023029e-01
1.102402603482531968e-01
1.073704321397046246e-01
1.053628949397400622e-01
1.035611527950994343e-01
1.015560549651778055e-01
9.863763344836840030e-02
9.644869793317602247e-02
9.422135115965704633e-02
9.220321423908453551e-02
9.064129438669787930e-02
8.920379144965984164e-02
8.713051844645758326e-02
8.558146893341320172e-02
8.244159190536259896e-02
7.951971935610485653e-02
7.635630107658615551e-02
7.359122835498486948e-02
7.070992367312065041e-02
6.757526021584953080e-02
6.625663062967310224e-02
6.478108262960449726e-02
6.339584003205009366e-02
6.124531314674318966e-02
5.959025424343983302e-02
5.756141626250708271e-02
5.527086836198804448e-02
5.270987979050258121e-02
5.052771046982259401e-02
4.927242566283302622e-02
4.772967830148742985e-02
4.698397151449004022e-02
4.492871061923640885e-02
4.366795222748120348e-02
4.185172868350186398e-02
3.985548051736385877e-02
3.791345386217492147e-02
3.670415383875109960e-02
3.562580275035958505e-02
3.480161928595781884e-02
3.363904505878919510e-02
3.330110551408624331e-02
3.213107160501540299e-02
3.141449788558246803e-02
3.065155789356743821e-02
2.967113390068044920e-02
2.909876508895097372e-02
2.825241853349504811e-02
2.776844947680322251e-02
2.690977806109541917e-02
2.613052629008317390e-02
2.571136377101007273e-02
2.499991476102244453e-02
2.385794630219419121e-02
2.277757717786823080e-02
2.214349028263715158e-02
2.140850689889244735e-02
2.080641243515570296e-02
1.968941578752201119e-02
1.861511352423978263e-02
1.806194997047431278e-02
1.758518071634092642e-02
1.647182873135466519e-02
1.557227834963800447e-02
1.476545886541654438e-02
1.408061829974397404e-02
1.336829532656324745e-02
1.279055563531805370e-02
1.197443763791573162e-02
1.128960208289516397e-02
1.057809811579856450e-02
1.010564300710356696e-02
9.068924446332813499e-03
8.542341292845803333e-03
8.110800254560063607e-03
7.493390509457485693e-03
7.050600093236048839e-03
6.434336383329129425e-03
6.009163122961666548e-03
5.523673642082623826e-03
5.289924053228167201e-03
4.922354702669309336e-03
4.640554200869711349e-03
4.243508761687659996e-03
3.928644083191122627e-03
3.738787493005407692e-03
3.570099551826019964e-03
3.357518453707864989e-03
3.147878719097742511e-03
2.999728226520009897e-03
2.931695479540404135e-03
2.844323576237497552e-03
2.705230608857849429e-03
2.542505602546519649e-03
2.419214619365066439e-03
2.299625375634181765e-03
2.203935393921328898e-03
2.089493119988172169e-03
2.001802147568831295e-03
1.950814856561105181e-03
1.875650468958837448e-03
1.745721728199560755e-03
1.676893765237151470e-03
1.599353146794279612e-03
1.496292746408968031e-03
1.427540533771209886e-03
1.362629985044807842e-03
1.315924531047429989e-03
1.234095324877095218e-03
1.177250241151295024e-03
1.157488265232129365e-03
1.089069074447710384e-03
1.049506917020551038e-03
9.955804502944588710e-04
9.554315729983977202e-04
9.140321975121500336e-04
8.709579410433256237e-04
8.150427905611191525e-04
7.849972366112940945e-04
7.569718884463955003e-04
7.274395741919243395e-04
6.920745786211065283e-04
6.651602784553189507e-04
6.279025769470826177e-04
6.012061908565947055e-04
5.789421058765901974e-04
5.568214976864959516e-04
5.271151337527614543e-04
5.069032410897582460e-04
4.913368845108479063e-04
4.844884121615810019e-04
4.614371440461003857e-04
4.387541317240938933e-04
4.268842167361816694e-04
4.109658335609961128e-04
3.928176720873196117e-04
3.876513796549072629e-04
3.724290916708906810e-04
3.661364811539475554e-04
3.560606380768346988e-04
3.452027644889750740e-04
3.370598002415089761e-04
3.262905539478444853e-04
3.147722256322693798e-04
3.025560280759794158e-04
2.873923628382853796e-04
2.782002832173068518e-04
2.623793518188597741e-04
2.586220233817481621e-04
2.413432560320443983e-04
2.309477904456058977e-04
2.201630333163342014e-04
2.140103519563918660e-04
2.056543180386133688e-04
1.992193276315881376e-04
1.905488364684674002e-04
1.820361875685799476e-04
1.766410017827301372e-04
1.733602504988004478e-04
1.662176384580046158e-04
1.592698557417470719e-04
1.535171505695215734e-04
1.478275532392893474e-04
1.381081518252548826e-04
1.316544705500673727e-04
1.266294028120775134e-04
1.208231316210229373e-04
1.193497435997233395e-04
1.167886634143928861e-04
1.137143667495133566e-04
1.121708937928170936e-04
1.086221354591180210e-04
1.061248607209420319e-04
1.033332486288883191e-04
1.016859375839868616e-04
9.969087805972542244e-05
9.896144943603353171e-05
9.744061533474823169e-05
9.599297340411146390e-05
9.413413236709386553e-05
9.207756386195570903e-05
8.946196824282394682e-05
8.764983047123103659e-05
8.515415595044779158e-05
8.376743290588778597e-05
8.167135008815025324e-05
7.987627346190835620e-05
7.875641672196096431e-05
7.551072883297293742e-05
7.323981173346422635e-05
6.949385035985938494e-05
6.657742422541504683e-05
6.406799081914159885e-05
6.112774629388937036e-05
5.843114241481814851e-05
5.640523972032112802e-05
5.525607441156642094e-05
5.271195310510401981e-05
5.109717161981516988e-05
4.851724527784810452e-05
4.631812676300019503e-05
4.454740157947148445e-05
4.269179868322173341e-05
4.087701924514477948e-05
3.861496402223898924e-05
3.669272581414035765e-05
3.565598470093459882e-05
3.395358486295223612e-05
3.100395629576658125e-05
2.803461307275449888e-05
2.602609208528142132e-05
2.401772775351820863e-05
2.229919708716236691e-05
2.097365156890485237e-05
2.005485253563442887e-05
1.932213391503396807e-05
1.776367158107913151e-05
1.645514962331457313e-05
1.582453905443201165e-05
1.479038824718906804e-05
1.378456833354580889e-05
1.280761112440742126e-05
1.227169243862674134e-05
1.151175204666271895e-05
1.123697052260411804e-05
1.066114521358806013e-05
1.000580555806956346e-05
9.486725106623962125e-06
8.622190668220974628e-06
8.316059457391748169e-06
7.648954405747678990e-06
7.357538420368568915e-06
6.977498857626387734e-06
6.881628450177835384e-06
6.453326813093283179e-06
6.284273619665741886e-06
6.055461334361936765e-06
5.701894393826662526e-06
5.477115123273238802e-06
5.188173179925603670e-06
4.879346732725749401e-06
4.588799015234049109e-06
4.418191598406373922e-06
4.216770185534432647e-06
3.945233249386191706e-06
3.695963658617394637e-06
3.414298533412997747e-06
3.135656157076020774e-06
2.976680364474304298e-06
2.787162846617396682e-06
2.660405863767899912e-06
2.527225134421201569e-06
2.378435453700975381e-06
2.284812557083682879e-06
2.156311371557031591e-06
2.078690799777595172e-06
1.926044520047963233e-06
1.860985259394174244e-06
1.762962322139246510e-06
1.671840448650704902e-06
1.627657819450105136e-06
1.601725095178617998e-06
1.520797220389740386e-06
1.453302675341623832e-06
1.408220591189287054e-06
1.358145965512900416e-06
1.318799467905582461e-06
1.288239274445450564e-06
1.239510090606359463e-06
1.211034657576812249e-06
1.190795619920065384e-06
1.157231650669974418e-06
1.120680369645769199e-06
1.088752418705208968e-06
1.037779124512445528e-06
9.929283949614263702e-07
9.390633948592239973e-07
8.867785782578310393e-07
8.449785841091803088e-07
8.256460904750629706e-07
7.923257538840139304e-07
7.601092128288431218e-07
7.086237297814038578e-07
6.815428065150286573e-07
6.286792587056450931e-07
6.074316209988324024e-07
5.773004207990851677e-07
5.320947656916191524e-07
5.182947013189409626e-07
4.939995772199533903e-07
4.680615651026880108e-07
4.379634074003596083e-07
4.157199793974294962e-07
3.752498836112296430e-07
3.485096151930800701e-07
3.182730287108793654e-07
3.045334491726728598e-07
2.883021507663891353e-07
2.801472430469220603e-07
2.586571076325141265e-07
2.337561168885903319e-07
2.224716715975485574e-07
2.093630361881570054e-07
1.986678673621585549e-07
1.882132574575065543e-07
1.752467552213769234e-07
1.655508734884654649e-07
1.583732985450995370e-07
1.500448276324328080e-07
1.334317233393658160e-07
1.289148542627633710e-07
1.178977331755331247e-07
1.098984715593433522e-07
1.026461212588848805e-07
9.426098501453180112e-08
8.943044144934045583e-08
8.631283597779856570e-08
7.977288243205715098e-08
7.538697086930453614e-08
7.050617854866406296e-08
6.659101504343904444e-08
6.389261553119682891e-08
5.900799963616088332e-08
5.571291130632889503e-08
5.242714567675267652e-08
5.049156828987886233e-08
4.722900565640035125e-08
4.532823369340349669e-08
4.228174321325869132e-08
3.779267224368422646e-08
3.448708401859069569e-08
3.096851431288876427e-08
2.829819780703644153e-08
2.568710749218731205e-08
2.488859796093256370e-08
2.315923728112608463e-08
2.170196415741470377e-08
1.942320741310137744e-08
1.748968889156310669e-08
1.650397218749260015e-08
1.556746068812344596e-08
1.427045767916673502e-08
1.308495307889628262e-08
1.254536805857211061e-08
1.195863730804682783e-08
1.096771538516583716e-08
1.032533632848648181e-08
9.140602700797290943e-09
8.304344015676357964e-09
7.435923046563655826e-09
6.559196644685955193e-09
6.054152699469321304e-09
5.578494822387844404e-09
5.325882934942539239e-09
4.850321034171050478e-09
4.518648675799936484e-09
4.263853404320790919e-09
4.055853197827187192e-09
3.853868964602232305e-09
3.711792917767189967e-09
3.503709003455263062e-09
3.401041332364766686e-09
3.319560579859604868e-09
3.237283391020548368e-09
3.082823165494303536e-09
2.970591110307358352e-09
2.860629306022276103e-09
2.727847674485156508e-09
2.602371576848563034e-09
2.489021489911822518e-09
2.420438368826570626e-09
2.396683497593093344e-09
2.302111140607632129e-09
2.231034224921973294e-09
2.173759167580299811e-09
2.088432386024036952e-09
2.005690723906521568e-09
1.962355369977391589e-09
1.879660698162732098e-09
1.827175928083260349e-09
1.771164883045786070e-09
1.733478733126221202e-09
1.686544438473660048e-09
1.602176897894935757e-09
1.563488286962120241e-09
1.452256336678433027e-09
1.370806528435228841e-09
1.308177006165303015e-09
1.247822906170173281e-09
1.205030079686584026e-09
1.164462181351798741e-09
1.096702224661181272e-09
1.011095238637100667e-09
9.712089195183829251e-10
9.002539508141429910e-10
8.615970354392907338e-10
8.112578749429522415e-10
7.531379260319480430e-10
7.092772245747951470e-10
6.809007454131940926e-10
6.301695583270240169e-10
5.709761678250841164e-10
5.366620049811606760e-10
4.854646143284085239e-10
4.569938863891574825e-10
4.212919128864130180e-10
3.923296858206393940e-10
3.707324081312587414e-10
3.589362151807285169e-10
3.335682837325886214e-10
3.191641077368269879e-10
2.975418760204738685e-10
2.875762067826887883e-10
2.721355738304710856e-10
