2.207894084210807684e+00
2.927618678531493490e+00
2.732561473142248953e+00
1.932331622694690498e+00
1.481263612963725107e+00
1.417990946207699388e+00
1.069185385260691623e+00
1.068462091144913639e+00
8.231171702127212386e-01
8.184227920768966102e-01
6.621350828467774674e-01
6.599531787048785736e-01
5.026003625531808572e-01
4.850676901543786723e-01
4.136095441997044153e-01
3.694144472298261372e-01
3.588167103634277710e-01
2.908889081844173163e-01
2.895421524758546861e-01
2.384412410794451154e-01
2.378399976496441970e-01
2.186242192968696207e-01
2.081418481229952988e-01
2.035791449819192023e-01
1.765914237826258226e-01
1.763632487106240598e-01
1.556641544048363024e-01
1.551964857658652552e-01
1.436146334107162859e-01
1.384241370128999338e-01
1.370453656494713124e-01
1.227861165982543634e-01
1.225980315718174646e-01
1.139360714371533134e-01
1.137178766009198788e-01
1.054859453878288916e-01
1.026956662876957194e-01
1.016741320595308945e-01
9.263426523501011589e-02
9.252254305488138986e-02
8.339426200902373687e-02
8.297637661071140258e-02
7.915435331309698952e-02
7.289788697089234770e-02
7.275118279327361104e-02
6.369353314121435627e-02
6.334147417041451067e-02
5.915503709299260032e-02
5.269768587230780343e-02
5.263750912191345055e-02
4.425725691028976894e-02
4.373879416049261670e-02
4.136801571033095481e-02
3.717351905618859753e-02
3.710382888343455310e-02
3.154260570792325608e-02
3.127687982196850069e-02
2.887309474627301406e-02
2.684983258963485192e-02
2.682273920966608133e-02
2.252293699905182772e-02
2.229612767074215171e-02
2.128738991770652567e-02
1.911938138350896890e-02
1.911004436309329813e-02
1.633177147620472336e-02
1.609782807665513515e-02
1.517952154927501053e-02
1.339520447968979913e-02
1.338825076875080518e-02
1.111822212626167351e-02
1.095915876640619208e-02
1.025607315103225885e-02
9.027390112956595186e-03
9.020785168167675880e-03
8.020628639457355255e-03
7.964882646164140809e-03
7.594165110662527696e-03
6.818922180699522016e-03
6.816738274806234330e-03
6.284319005629091827e-03
6.068698315652963811e-03
6.048432516619137514e-03
5.324240137103377311e-03
5.289641406376255871e-03
5.178788157934284715e-03
4.773300849651134457e-03
4.766238130946899056e-03
4.370816702621672240e-03
4.236770929482350408e-03
4.228076071614897055e-03
3.798953945535885578e-03
3.772423147300086200e-03
3.727939406693330480e-03
3.444303664244719679e-03
3.440569790675714664e-03
3.272993827684428890e-03
3.196329873329197945e-03
3.188767965535187730e-03
2.958604259601928157e-03
2.953051737800968263e-03
2.887264042707011601e-03
2.739989697789154549e-03
2.736542600894083417e-03
2.498352872807300083e-03
2.470169030047867764e-03
2.448352955562028803e-03
2.233499755110528694e-03
2.228723748986231705e-03
2.024544708314373383e-03
1.932926019776239849e-03
1.924487392658718156e-03
1.607415052699767352e-03
1.596082651312784274e-03
1.540066769866415500e-03
1.235796128797842560e-03
1.233444454353994522e-03
1.114682540934986126e-03
1.039168014604990647e-03
1.032373893518163162e-03
8.632663721648631749e-04
8.578789289252675056e-04
8.187800367163484581e-04
7.001301815513215907e-04
6.984512733654574387e-04
5.896569890298845006e-04
5.500146756808008434e-04
5.458184464469317213e-04
4.091423281337755566e-04
4.026719155403170694e-04
3.860677059393820124e-04
3.197115395471043439e-04
3.183307737594224976e-04
2.561378458626577259e-04
2.362034613010956718e-04
2.355404909665706329e-04
1.800783577553493719e-04
1.745832159050100352e-04
1.699440666818017882e-04
1.385823846688247294e-04
1.382837178569812462e-04
1.223490727890723265e-04
1.027003515248830573e-04
1.021763424339521172e-04
8.016120841058262212e-05
7.634129864206244784e-05
7.596263169390302583e-05
5.844523492154597526e-05
5.710465551645697320e-05
5.643194459139424781e-05
4.468038263150858928e-05
4.435941869007529260e-05
4.339378846825702325e-05
3.714819094089415603e-05
3.698182788549407004e-05
3.311671204990672087e-05
2.831782634677576255e-05
2.825627616827154853e-05
2.374364127207400250e-05
2.139420360120898750e-05
2.130872123511623310e-05
1.720995406357761240e-05
1.611187414262749330e-05
1.600185399107200598e-05
1.198185162998314032e-05
1.163989993717237313e-05
1.145247964595997357e-05
9.137202531148487758e-06
9.058418927784666022e-06
8.480893646945192644e-06
6.256141795602327890e-06
6.251011451121929637e-06
6.032760070517330738e-06
5.292424660160066803e-06
5.264959541312356184e-06
4.741946839832107005e-06
4.446114784367943419e-06
4.449536157350172844e-06
4.060252828713176641e-06
3.865861126900726714e-06
3.848290920980347628e-06
3.386619804970795212e-06
3.301243687768458803e-06
3.301913888028021200e-06
3.015314725684406546e-06
2.873110177221953585e-06
2.861390603607238494e-06
2.639451857880370100e-06
2.605754246571864494e-06
2.605112212215559816e-06
2.322170649497654428e-06
2.246440836672607799e-06
2.238757601102468431e-06
2.027969001061929540e-06
1.981992084563609705e-06
1.980991656861508718e-06
1.777145472186826127e-06
1.705804339851459758e-06
1.700009471234713439e-06
1.511106558044823175e-06
1.456723189886932551e-06
1.455456997653475592e-06
1.311240644902100347e-06
1.258953203955979495e-06
1.253424109401610335e-06
1.081715960246923905e-06
1.047659053296578798e-06
1.046229283296047397e-06
9.144215465740809226e-07
8.744894537851087162e-07
8.709544522288785230e-07
7.614150376866776933e-07
7.411386468890584767e-07
7.398649399536314929e-07
6.675016390478015413e-07
6.503489343634380094e-07
6.491628205297383059e-07
5.951377529751719514e-07
5.721431662756447275e-07
5.715278019208303754e-07
5.327350768453358869e-07
4.996157724855087888e-07
4.987110312858284934e-07
4.719612151761648659e-07
4.463841235500346929e-07
4.458184728103705758e-07
4.228076970551224385e-07
3.880132634515514340e-07
3.874266958512404223e-07
3.782098745696902888e-07
3.280815635280303492e-07
3.265979015919982443e-07
3.225150026553938411e-07
2.796506891958280392e-07
2.776146002384111538e-07
2.751594781749886914e-07
2.417579365739646586e-07
2.395189350624904559e-07
2.371572130581973730e-07
2.018989780299895454e-07
1.995638109046918284e-07
1.987424793170916916e-07
1.683592150994371860e-07
1.631082872779717446e-07
1.623302926835980183e-07
1.390142238838746369e-07
1.325888621220188805e-07
1.324685223799382759e-07
1.197591098158655549e-07
1.101169994173776973e-07
1.097150995063011479e-07
9.924334235406844793e-08
8.610083479403764721e-08
8.603476177158957127e-08
8.424460330774235619e-08
6.911329532462450645e-08
6.811112063255690475e-08
6.725058724652945067e-08
5.641630532263928497e-08
5.538195833493448836e-08
5.533485995292369605e-08
4.894191701813833619e-08
4.598727428105150889e-08
4.580239899352339443e-08
4.151925302888475060e-08
3.779418533634215571e-08
3.778631842913175328e-08
3.708039369099625808e-08
3.222901678739392860e-08
3.196985608804279639e-08
3.176191351868561367e-08
2.898128118454212538e-08
2.863132495764777472e-08
2.862242703115826274e-08
2.724456054277236860e-08
2.632500794709137905e-08
2.627969472363145296e-08
2.555130598347424813e-08
2.421797683666933156e-08
2.420050961304852796e-08
2.409314448470420375e-08
2.240074534748456421e-08
2.222647039357494841e-08
2.217592987495026651e-08
2.098485761014300108e-08
2.063801734683938654e-08
2.063060542309522137e-08
2.017671246217659602e-08
1.929710426326659893e-08
1.926811604034641082e-08
1.918306013254188228e-08
1.835827678822086559e-08
1.828875357115657275e-08
1.828171539853371297e-08
1.773655030930217789e-08
1.713061789874840158e-08
1.710948706757642512e-08
1.698521769620539609e-08
1.608138751200591082e-08
1.601342726130795327e-08
1.598221486987660114e-08
1.475499238433353801e-08
1.411544941266564262e-08
1.409301728770826129e-08
1.383267223345806140e-08
1.236895912798886369e-08
1.228850192654358903e-08
1.225914491236248622e-08
1.097709868395178587e-08
1.022187737855651170e-08
1.019401171144004080e-08
9.877967846497515142e-09
8.821252256686908434e-09
8.786157311910059704e-09
8.754698298754407701e-09
7.840612921172668371e-09
7.590979612241617999e-09
7.574462961815297354e-09
7.192625355174130510e-09
6.473363262477643453e-09
6.457270391792677255e-09
6.424238448237781101e-09
5.695981954709147718e-09
5.534518395932368226e-09
5.522686672232660496e-09
5.235884503675598667e-09
4.705244184146389424e-09
4.689538219074672600e-09
4.666106669030636948e-09
4.119712477542053819e-09
3.957558532608074826e-09
3.949127521108469279e-09
3.748133262248914668e-09
3.081435227985802087e-09
3.048534623306694123e-09
3.032688640910913562e-09
2.591712076290372987e-09
2.306131632921595099e-09
2.298728509494789683e-09
2.221759806619280338e-09
1.754733039283620950e-09
1.712353188349712980e-09
1.702391780475849524e-09
1.462612545548242533e-09
1.183099577849179415e-09
1.179460316545109935e-09
1.174754652088779252e-09
9.724863953005122223e-10
