1.015918051521899068e+00
8.001081902680700075e-01
6.027991621547328371e-01
4.909809428922956021e-01
4.284388677065421591e-01
3.751179017083516865e-01
3.431060667844548773e-01
3.150791091224512952e-01
2.946093206301425571e-01
2.736587892869077887e-01
2.556745116785893446e-01
2.372566051010715493e-01
2.158970769575289939e-01
2.003095158521965846e-01
1.824450525676010182e-01
1.648802668791843618e-01
1.491036780756454239e-01
1.414655732364172858e-01
1.297429924075401697e-01
1.182162183317355536e-01
1.093160425965858940e-01
1.011899779104866309e-01
9.349118171377783504e-02
8.821065253627270730e-02
8.370151858595062389e-02
7.825130211931502489e-02
7.275088043150494677e-02
6.729518701576533979e-02
6.205073633190889143e-02
5.899987909893376209e-02
5.574103522106165637e-02
5.302139420660983288e-02
4.904700272769856040e-02
4.433692569150834983e-02
4.012838619764373671e-02
3.632110962655558939e-02
3.345441527825909755e-02
3.055322911277095002e-02
2.856471295627669230e-02
2.731997523206423570e-02
2.584657761904218809e-02
2.473476913000920499e-02
2.294912404348185136e-02
2.137085936739642825e-02
1.969649561680103869e-02
1.728505241835285797e-02
1.462897926110229112e-02
1.300405034916228032e-02
1.129335947269030638e-02
1.002940609886035679e-02
8.608591943889777609e-03
7.196103339758208248e-03
6.596968131102625213e-03
6.050861518623913173e-03
5.400976476519474961e-03
4.812674165555612914e-03
4.239227770383559822e-03
3.821720501950140111e-03
3.557648408408404812e-03
3.257494466564482462e-03
2.955214447510726237e-03
2.622071318342461457e-03
2.344399776358043440e-03
2.178093737996141498e-03
1.955838536227279267e-03
1.881993652641322703e-03
1.698508982318403752e-03
1.515548201661765654e-03
1.377215507430832372e-03
1.270088740669914236e-03
1.170537303026894732e-03
1.025122278299626672e-03
9.117667006676305214e-04
8.317448729574748994e-04
7.589331017272734617e-04
7.095108672898042118e-04
6.339540189686028882e-04
6.132444166556365187e-04
5.568969777001742680e-04
5.271988508507424991e-04
4.939855645771161312e-04
4.509060302847552222e-04
4.136389072809816526e-04
3.825544938754549197e-04
3.506753230564013993e-04
3.258807485175721605e-04
2.872643053800256487e-04
2.609179678933547068e-04
2.429780420919958267e-04
2.249098679284663451e-04
2.032651802819599059e-04
1.841812522915840041e-04
1.607237945557004894e-04
1.500201210943959075e-04
1.259118181797687353e-04
1.095677918522062859e-04
9.379869057637630118e-05
8.196413564444235053e-05
7.018289871573887265e-05
5.943030073553884661e-05
5.302825096877647611e-05
4.286545252370847070e-05
3.562985277266717926e-05
3.361481650519985791e-05
2.894798717620755159e-05
2.525791203774043763e-05
2.322007192325951114e-05
2.021251342025671367e-05
1.739911679590410860e-05
1.574507829046114935e-05
1.402158649004332367e-05
1.254637497087534873e-05
1.107626833770150248e-05
1.000573537927659214e-05
8.906087574868207268e-06
7.975020803672158820e-06
7.519203765723375392e-06
6.383679362286241087e-06
5.498919482520506970e-06
4.721890992622155855e-06
4.126502168770934272e-06
3.428380769507427457e-06
2.990281570726909531e-06
2.575800501274719877e-06
2.365032587061874443e-06
1.995944411960201715e-06
1.653200004851716108e-06
1.526208327083549979e-06
1.392384662942110756e-06
1.215830557426043660e-06
1.098716951536230021e-06
9.940695203280458146e-07
9.164001366068298524e-07
8.119888315230029830e-07
6.830380210209742578e-07
6.036671635353835168e-07
5.342664889443123498e-07
4.656910628430232760e-07
4.260766447592383164e-07
3.803377584480735434e-07
3.371912200444460378e-07
3.028756018886359766e-07
2.751653333963161872e-07
2.421087878681270679e-07
2.169135623231938702e-07
1.837138815641834916e-07
1.654254489010859821e-07
1.418834904184176576e-07
1.237537346823356216e-07
1.024762417389990015e-07
9.549948982198178976e-08
8.249132808831667702e-08
7.630996553823310217e-08
6.449378786599729027e-08
5.524835846541392713e-08
4.894043088237628198e-08
4.058040171338776013e-08
3.372138905291072328e-08
2.983398814601442182e-08
2.495585281995819528e-08
2.224485752677570168e-08
1.827597284759545854e-08
1.732022888488872783e-08
1.435696244274668438e-08
1.286658919359374266e-08
1.095457799793055687e-08
9.800627895074897201e-09
8.880502962848831168e-09
8.242180455900227100e-09
7.416199322528147222e-09
6.594159422628528737e-09
5.831531309617042536e-09
5.071667134243621787e-09
4.755737312457482638e-09
4.087770059877694830e-09
3.817844692573291188e-09
3.259895818897112101e-09
2.921009473343362235e-09
2.457019218820816503e-09
2.172391775439107100e-09
1.851278561717317153e-09
1.531227498846509586e-09
1.363530726527540343e-09
1.199368052172400004e-09
1.065549361486370303e-09
9.982544132216678332e-10
8.959064432500327691e-10
7.738263876502116471e-10
7.242697337261016148e-10
6.518128995965582074e-10
5.868793211553742548e-10
5.459394797978058719e-10
4.927020814986043832e-10
4.535185319689187989e-10
4.005496218541757391e-10
3.306366744208848899e-10
2.792326084774363271e-10
2.590184822637652956e-10
