1.365254772479677081e+00
1.723557485330746264e+00
1.894075468598147793e+00
1.822437256866485278e+00
1.598880665537788959e+00
1.438050182265953714e+00
1.267525432349484005e+00
1.140167372177377514e+00
1.011774844902332937e+00
8.993392599139942156e-01
8.304567126558308754e-01
7.636979286663755362e-01
6.901078611296362908e-01
6.362593941826719668e-01
5.594830528946882486e-01
5.161515170845099032e-01
4.815202907970422275e-01
4.623204959153978111e-01
4.303145204569310267e-01
4.010210156279045979e-01
3.899788821515845494e-01
3.725607854193048740e-01
3.508345235882533442e-01
3.383176502979858835e-01
3.264777977898095651e-01
3.063782022061517507e-01
2.912959466135465747e-01
2.757470243098649743e-01
2.649846849215430900e-01
2.554904343581577142e-01
2.463750314757232329e-01
2.412001701837676315e-01
2.342443479645195670e-01
2.249200240714399890e-01
2.184596988190029010e-01
2.134729583995305935e-01
2.096000761690398062e-01
2.036579847062739701e-01
1.988839862277353432e-01
1.929210756605742871e-01
1.871754626946142419e-01
1.820416382012620682e-01
1.785348218190940806e-01
1.720351282289020733e-01
1.685319977375493716e-01
1.641765753133475059e-01
1.581282375637326487e-01
1.534503661605888247e-01
1.502639284290723520e-01
1.469583572997183729e-01
1.450270456906519179e-01
1.412798159516788499e-01
1.390965447737092520e-01
1.345530652359400448e-01
1.302933616422984608e-01
1.274597785949759532e-01
1.247391160049616254e-01
1.229639816431469523e-01
1.173983705057571464e-01
1.157338632286830787e-01
1.112072479618685383e-01
1.088900017235226308e-01
1.053087107607233452e-01
1.010577612002846459e-01
9.937385972435845705e-02
9.640569375740691560e-02
9.428351018814278006e-02
9.114158243318520869e-02
8.858158688160429339e-02
8.677478518462150570e-02
8.461721570601618558e-02
8.179411229416276574e-02
7.999802108342267404e-02
7.826030265309273648e-02
7.556013430025318445e-02
7.419334169649340061e-02
7.202726006653378810e-02
6.999306391687216966e-02
6.784336740083379835e-02
6.659593115167281030e-02
6.405075992636734272e-02
6.209941861256347562e-02
5.953008161587859670e-02
5.849258033047978478e-02
5.667923342192068836e-02
5.482702404361536330e-02
5.300179550289219055e-02
5.191446571130599319e-02
4.949805090277963060e-02
4.833090093655242891e-02
4.714931684736715922e-02
4.643114334730558124e-02
4.507678405304373082e-02
4.408379515491642198e-02
4.323921909824617049e-02
4.233018436413853863e-02
4.156853881638598869e-02
4.086716525011713924e-02
4.013896148091902066e-02
3.954823531819697674e-02
3.868131894247588826e-02
3.808933648989174664e-02
3.685115678255351801e-02
3.583492087877166582e-02
3.482658821912847785e-02
3.421365412029418740e-02
3.367267831679507384e-02
3.268573586379491802e-02
3.240163397347235047e-02
3.132953220418126239e-02
3.093194205463439816e-02
3.011731234032702029e-02
2.937288697274286972e-02
2.854204428665008814e-02
2.762964680214305760e-02
2.705563750187133659e-02
2.585158415015197803e-02
2.530864523171609884e-02
2.452322332042372252e-02
2.392475839297737369e-02
2.335338165950910302e-02
2.290597001234631613e-02
2.198921685110330829e-02
2.149058409042915382e-02
2.062710113675460255e-02
2.000434106305376200e-02
1.950931209304183553e-02
1.885289150774859326e-02
1.823746538263350953e-02
1.728531756774842956e-02
1.644322563082353805e-02
1.582938965602175702e-02
1.480791513525132365e-02
1.452833147802369031e-02
1.403980781651016294e-02
1.332412940608053604e-02
1.281867990007034067e-02
1.212432656827312251e-02
1.161550512835236339e-02
1.121435009471460735e-02
1.054165116792327161e-02
1.025101308225173993e-02
9.814829350794852109e-03
9.333403427205740066e-03
9.092060719551015024e-03
8.519269010301484812e-03
8.294694067137259319e-03
8.034649153452175924e-03
7.824412608167246805e-03
7.546053029834665603e-03
7.232779099016372303e-03
7.045485338501491362e-03
6.761622065663886773e-03
6.510888373427655383e-03
6.429605210292226904e-03
6.129901116483144410e-03
6.014004609817281619e-03
5.926627891447197594e-03
5.675248216533511532e-03
5.587819328945793293e-03
5.450633720283891426e-03
5.367855317841882523e-03
5.213850797800866944e-03
5.087455157980429361e-03
4.990765900310487058e-03
4.865224908719800387e-03
4.688554387462576939e-03
4.597681422588352496e-03
4.373270636453065879e-03
4.279480649665945609e-03
4.149691823825246359e-03
4.048664728954971467e-03
3.965398175735022207e-03
3.871268091285730469e-03
3.687058142569776299e-03
3.593400506343403470e-03
3.394575522725990467e-03
3.215902014345030022e-03
3.110805601972530757e-03
2.963657925488394438e-03
2.879549116076365010e-03
2.781284216236566600e-03
2.639682220603084377e-03
2.579891054285602010e-03
2.476041301060619149e-03
2.381076770721593950e-03
2.338965922234689798e-03
2.264211305069920195e-03
2.222177899554397210e-03
2.113228703919538959e-03
2.060459742497419613e-03
1.994439224741361566e-03
1.940519239331217095e-03
1.863842807131706842e-03
1.792284926568907862e-03
1.721892364353836422e-03
1.664586196747998769e-03
1.623458155831839769e-03
1.600281046025858311e-03
1.545812635546477782e-03
1.508565262768680852e-03
1.481234393044295571e-03
1.434982201411872651e-03
1.397686171162604470e-03
1.367620771268252553e-03
1.327229229004784836e-03
1.301605347380582799e-03
1.264488592079184102e-03
1.233944245458185951e-03
1.180660547429602343e-03
1.147277637905829003e-03
1.087552729693460913e-03
1.048088178488448168e-03
1.019524815791890155e-03
9.793524769583865884e-04
9.484663179117694149e-04
9.084958665175693355e-04
8.658998181780978073e-04
8.422034091045033392e-04
8.182075187242133715e-04
7.709087479607475363e-04
7.586081258611226561e-04
7.314207996930550352e-04
7.071724760943830452e-04
6.893837771080533723e-04
6.728461772543441795e-04
6.516241697481685996e-04
6.404065217417623636e-04
6.237858217449993763e-04
6.009476493232390618e-04
5.877126109611356328e-04
5.734809808249984953e-04
5.485862534479955506e-04
5.405349678649008132e-04
5.247752052630266307e-04
5.046303915569322210e-04
4.973363197045538699e-04
4.872075916725210083e-04
4.672163292973790854e-04
4.582722717831739481e-04
4.513541814167869228e-04
4.402344240450672486e-04
4.259573964384791322e-04
4.148408308673980278e-04
4.070237650491946861e-04
3.930644231218995404e-04
3.748597137372646675e-04
3.674978661774147819e-04
3.595173252356090678e-04
3.488244851474017099e-04
3.343275881808041778e-04
3.281026161624776318e-04
3.210590771186868199e-04
3.100292788829911591e-04
3.042501921042581694e-04
2.985171742008182008e-04
2.893681981071370029e-04
2.770825193048939011e-04
2.700506471244558870e-04
2.595436459160946905e-04
2.508447565719875805e-04
2.428642643087368955e-04
2.352387239316248784e-04
2.311124680244046651e-04
2.243845536017513261e-04
2.178875833098285763e-04
2.116037381342442244e-04
2.060320980526049710e-04
1.984724394550020849e-04
1.940999448955522228e-04
1.878611014274789333e-04
1.824815503067609790e-04
1.740586097526556676e-04
1.659447302246583919e-04
1.607603583390691912e-04
1.546337833366073799e-04
1.480339582896449807e-04
1.423889937207375523e-04
1.371662943302172431e-04
1.325352579658208821e-04
1.231169011114664963e-04
1.179432332301195085e-04
1.138338587814376651e-04
1.060225089290726133e-04
1.005112516187961795e-04
9.558333258774675428e-05
9.217303689552987125e-05
8.617588135318748801e-05
8.066874348716630361e-05
7.515464992929361690e-05
7.159710209787859892e-05
6.901497557517016800e-05
6.571381662125336547e-05
6.388189358282663692e-05
6.149686840025933056e-05
6.054050975382081908e-05
5.856279570610832931e-05
5.645886082396308307e-05
5.470956599263601325e-05
5.322199609728380285e-05
5.109554656996749929e-05
5.011336456067984102e-05
4.826405306299724437e-05
4.577665659341137889e-05
4.429864907083467900e-05
4.263548787389305294e-05
4.178551018816595248e-05
4.039475622389095502e-05
3.922711604147601145e-05
3.771179224566942290e-05
3.619944834981457396e-05
3.493991495013096406e-05
3.350286549437549421e-05
3.230386992417940301e-05
3.111003659332288001e-05
2.966206356243661319e-05
2.921056185278923863e-05
2.794456622626797937e-05
2.697513666459164266e-05
2.639235443611681625e-05
2.586985832645173546e-05
2.510298725876028596e-05
2.410574898460737101e-05
2.312717049580943025e-05
2.213052581608365357e-05
2.132467085881954345e-05
2.062577752625709647e-05
1.984024776245908470e-05
1.902921525912807163e-05
1.821862589263382020e-05
1.722733526594545449e-05
1.685471647748174588e-05
1.590970303939077867e-05
1.551644302149942110e-05
1.499380187896201487e-05
1.445755233283931368e-05
1.390714764277770588e-05
1.328558086947615816e-05
1.258903058270234983e-05
1.238894681229271263e-05
1.180963781938110685e-05
1.160061870073446144e-05
1.140816182915099783e-05
1.106391449339436670e-05
1.083809588498382489e-05
1.070299937666433484e-05
1.035218993994648880e-05
1.015382257332306231e-05
9.985806862309245667e-06
9.755819697449907933e-06
9.591037550248529843e-06
9.399440836898065478e-06
9.128401516185616810e-06
8.932391047069312330e-06
8.653026381540652529e-06
8.574497674454902913e-06
8.334697091798652692e-06
8.130674544016289204e-06
7.970985882064655540e-06
7.812958445988052412e-06
7.615919233396557953e-06
7.394311572789327690e-06
7.269612428673318782e-06
6.956433428758500782e-06
6.824598652921032749e-06
6.712261358172995358e-06
6.519954840311908787e-06
6.322138790275643469e-06
6.245056292239977974e-06
6.121625297084979154e-06
5.961509753074915539e-06
5.802566793800012737e-06
5.638865224793916756e-06
5.473779539694918117e-06
5.306860930460864175e-06
5.204633856469714601e-06
5.126561440168152197e-06
5.025894970484098590e-06
4.816487355955654274e-06
4.734238839832144110e-06
4.657415815057395757e-06
4.509450394769770867e-06
4.399854141454596218e-06
4.294230556633942954e-06
4.178452171673049976e-06
4.024714492906420367e-06
3.901218333886475384e-06
3.814991227693916014e-06
3.712056651658239027e-06
3.600616164415799652e-06
3.495364106574309566e-06
3.355649301958220117e-06
3.291622381516101137e-06
3.149027545735290366e-06
3.105831368432325879e-06
2.905561687065120539e-06
2.792725003801099329e-06
2.740372230091217306e-06
2.641864142022280577e-06
2.566565437909365259e-06
2.484761752107203957e-06
2.366979394398202426e-06
2.298472623020264839e-06
2.215974291141289395e-06
2.150444260552141205e-06
2.081405308037459054e-06
2.038128958412403222e-06
1.973486516088546746e-06
1.889472292263000495e-06
1.824005085879815184e-06
1.778295257340705486e-06
1.705051013817614706e-06
1.628649032322976361e-06
1.588052908595506669e-06
1.551707276823100913e-06
1.491014084086238807e-06
1.430918617605331901e-06
1.387035457459458618e-06
1.345887222461328366e-06
1.307284089833758618e-06
1.260857957997081581e-06
1.218380227386601730e-06
1.150544790599579355e-06
1.112163085993671868e-06
1.085134288765774608e-06
1.030027762124641111e-06
9.832992709161382057e-07
9.353831900676083500e-07
9.154092309885654579e-07
8.613853168813380084e-07
8.418412535129058379e-07
8.117767374364499281e-07
7.874072506141854014e-07
7.657420511771288847e-07
7.181083244877823171e-07
6.998957708254145178e-07
6.474260609656939211e-07
6.303366493734167898e-07
5.898018567209727494e-07
5.693655519663760549e-07
5.368869870549116779e-07
5.077562691762090121e-07
4.929044444718745378e-07
4.766847801260147650e-07
4.539273345773242163e-07
4.434882498155057560e-07
4.155491405324884162e-07
3.942052258955589593e-07
3.799926707437547501e-07
3.624749641005172907e-07
3.382598845385296402e-07
3.275485048887874540e-07
3.040683964656482107e-07
2.883586665225902126e-07
2.792113156882877786e-07
2.669500992113838284e-07
2.580450607432291503e-07
2.470206277198547576e-07
2.319489046517779336e-07
2.212914720199228082e-07
2.070095269438353134e-07
1.987349838356633071e-07
1.904024249903269827e-07
1.816260346286761969e-07
1.738608550700167238e-07
1.628445413256618568e-07
1.560445299444515076e-07
1.534217078010399895e-07
1.451592832391207136e-07
1.383776975046530808e-07
1.347114673041058924e-07
1.294621551223659046e-07
1.250541415179300064e-07
1.211552102677104765e-07
1.143120200903547296e-07
1.115874851445085764e-07
1.063520045176369479e-07
1.001913900345562432e-07
9.802825120071444257e-08
9.549671415931352310e-08
8.949661564332246674e-08
8.819506510561766397e-08
8.508900368887705912e-08
8.098954990605271189e-08
7.477476590587463278e-08
7.171650675060789536e-08
6.865127386770249151e-08
6.605269978538509123e-08
6.390657109316211978e-08
6.023822035049589783e-08
5.806622721938567075e-08
5.628264131633968405e-08
5.421273150350261613e-08
5.078130745086045591e-08
4.865804105016153715e-08
4.580690056158184716e-08
4.380704177589883542e-08
4.210686154272730148e-08
4.037795122579138924e-08
3.723231022689969027e-08
3.537668887149019597e-08
3.343044540195478854e-08
3.213464315049977339e-08
3.139113475123592571e-08
3.050175587647739614e-08
2.943376321804412584e-08
2.844138519825298138e-08
2.745763097713792060e-08
2.559388605211582708e-08
2.509038541039465476e-08
2.416403281856013074e-08
2.317763194284317887e-08
2.263045298786771908e-08
2.148316469385698198e-08
2.062216693190805495e-08
2.011665626923698298e-08
1.963037152801114999e-08
1.899394834026785659e-08
1.857638470747587532e-08
1.766208790436879691e-08
1.710080455832006232e-08
1.649800303789416049e-08
1.608114076015278629e-08
1.541639134290335486e-08
1.486215119411110226e-08
1.456996600103300782e-08
1.435392787209117680e-08
1.397224983609297670e-08
1.349789497400564654e-08
1.339207246114197645e-08
1.299543837462747120e-08
1.278067362986477594e-08
1.243562398943110064e-08
1.229794863970144720e-08
1.202527268153916611e-08
1.174312543829219558e-08
1.156958072429039432e-08
1.143843322272381150e-08
1.122247718612713334e-08
1.106634557868439995e-08
1.083383367959267131e-08
1.071590662783953260e-08
1.049725882442255001e-08
1.037259184265431297e-08
1.019642075637737234e-08
9.961490259621864741e-09
9.701747414266895555e-09
9.251557638980742758e-09
9.038969203149214748e-09
8.779461224737580853e-09
8.625771931333721409e-09
8.502770319430965264e-09
8.319364775943589715e-09
8.239655433335826027e-09
8.107094642077362326e-09
7.934961040993935000e-09
7.734113312400318847e-09
7.607073148633672211e-09
7.431284923547809082e-09
7.280464010108633815e-09
7.160716469910857075e-09
7.058728340747658914e-09
6.790842734171086419e-09
6.545176402788760879e-09
6.322274406627847609e-09
6.230137809086887026e-09
6.043241811692835781e-09
5.820142785523393179e-09
5.673483702458510727e-09
5.565202659524274816e-09
5.350882769616291353e-09
5.201506756428225639e-09
5.016271780090824593e-09
4.894608962898891096e-09
4.717934688146942204e-09
4.449915410075351500e-09
4.383363692628480285e-09
4.198363884002967159e-09
4.043028361874192725e-09
3.892435026429683584e-09
3.793093261133027567e-09
3.567180402555827417e-09
3.396892509200312861e-09
3.212674172943725280e-09
3.063191585613101695e-09
2.903556208669449092e-09
2.816896554827832819e-09
2.695604454070312861e-09
2.552359260587394680e-09
2.437145569907476457e-09
2.296234699958099465e-09
2.235151047528029887e-09
2.122489995380102578e-09
2.048048707939349183e-09
1.962133023202189794e-09
1.899500352089813516e-09
1.801811851718209410e-09
1.707397171551337250e-09
1.626859247012849052e-09
1.523738644204955370e-09
1.474106288530754151e-09
