1.327063874950877409e+00
1.028654860091133827e+00
7.804193186782952818e-01
6.302512649843428072e-01
5.115322642224707783e-01
4.424911415458963049e-01
3.789209177507936732e-01
3.257029141768183478e-01
2.859404471979590801e-01
2.454980134644226819e-01
2.152164480390950929e-01
1.892983427653009976e-01
1.703529610446441467e-01
1.455042096044719679e-01
1.285431614725564831e-01
1.136943397731202399e-01
1.037657330987939303e-01
9.495118806108855669e-02
8.924129516851474209e-02
8.473965375201440720e-02
7.833173579504348893e-02
7.095585892055494837e-02
6.486013069530374708e-02
5.881189413688778234e-02
5.294642631994882220e-02
4.846755797009427713e-02
4.340180295477228528e-02
4.032160903340369085e-02
3.537320922663601125e-02
3.020654902842639239e-02
2.525375667696839327e-02
2.098922759807474517e-02
1.915922098514523039e-02
1.693778064761639057e-02
1.548116993064519060e-02
1.379624352035846435e-02
1.248959324168047100e-02
1.127504204820934872e-02
9.721611199018391838e-03
8.452232026600170478e-03
7.487812223155154018e-03
6.026536835655794434e-03
4.690309475693955725e-03
3.710444158095797546e-03
2.997854556090798293e-03
2.616771657722808449e-03
2.232335581582876264e-03
1.920653131944443466e-03
1.724553087602212573e-03
1.433990301178713700e-03
1.287709587626051280e-03
1.040132594785238675e-03
8.024964957512452672e-04
6.736461278008714151e-04
5.332334405183448197e-04
4.287352719401565037e-04
3.625370460117536132e-04
3.065082354808498668e-04
2.607775931067233622e-04
2.075187296603907706e-04
1.641855248201409465e-04
1.407940305668923002e-04
1.195618008476761546e-04
9.530230892299622314e-05
8.759141391719626264e-05
7.416613657740946466e-05
6.540062823731010563e-05
5.950220837687435655e-05
5.220577334063255176e-05
4.737540838469873140e-05
4.398230407286006478e-05
4.004088827965889013e-05
3.605696019975990782e-05
3.259788676113179557e-05
2.922756782336561433e-05
2.612809068579830543e-05
2.364183182093061326e-05
2.132762333793986607e-05
1.934325814126215123e-05
1.793697675810763600e-05
1.631056077483035441e-05
1.446605699082268871e-05
1.301076306019154830e-05
1.056735905911610584e-05
8.448886315834858675e-06
7.091986899182370475e-06
5.912756139714964190e-06
5.125256385848680796e-06
4.604780486338172915e-06
3.964729480922305933e-06
3.657173818415926639e-06
3.191939899130163432e-06
2.766246392462559212e-06
2.499372161696136857e-06
2.210669341539890675e-06
2.012858542182231507e-06
1.824490814864511461e-06
1.651335976564375541e-06
1.440440629881900534e-06
1.159509048183055121e-06
9.139149824880099616e-07
7.586448997758213578e-07
6.084674090282175457e-07
4.303651823600628544e-07
3.144819887337766014e-07
2.650597689127224943e-07
1.878026031559770608e-07
1.245309489610537085e-07
9.533484176172365865e-08
7.475951422673440104e-08
5.893115381459862556e-08
4.934001785642145967e-08
3.796846739149408821e-08
3.420170837615384258e-08
3.001219005836710018e-08
2.599104886801869113e-08
2.267940636080049771e-08
1.907050455099820110e-08
1.470359466869348064e-08
1.060931403056432206e-08
9.038167509739699391e-09
6.432608984429060199e-09
5.451262559528249261e-09
4.363378739314025790e-09
3.847592661056715588e-09
2.806599061372610436e-09
2.035817408241364747e-09
1.663176409535554188e-09
1.132500991967352961e-09
9.777719662197084099e-10
7.635531805356197284e-10
5.958369751631576012e-10
4.610431635057189319e-10
3.901507645053213725e-10
3.189039207142131699e-10
2.353496970769641346e-10
