3.360450739087311511e+00
4.758030944741232560e+00
4.524033248616786906e+00
4.010176775652361414e+00
3.566148910557391805e+00
3.043079480997243458e+00
2.673510797226887892e+00
2.419385166953985422e+00
2.177217277311232380e+00
1.949388903839639919e+00
1.828402069334443603e+00
1.710061688123090340e+00
1.554207549952336898e+00
1.437461803841171504e+00
1.346457442033121898e+00
1.218157005469474141e+00
1.108418296650137913e+00
1.003419276070317556e+00
9.231138624096749679e-01
8.705348293036070384e-01
8.043054401338487480e-01
7.316418509618339838e-01
6.967464937723505392e-01
6.469386431227241996e-01
5.695529680182893628e-01
5.178054168305954441e-01
4.943464650119011594e-01
4.640315616390097153e-01
4.224983716938249256e-01
4.020294476901509761e-01
3.771186424465962084e-01
3.474707138291193709e-01
3.337884888739349187e-01
2.910611528751677612e-01
2.739040104837687228e-01
2.577716286937552503e-01
2.401680684220827700e-01
2.212680370157874277e-01
2.042062579924055488e-01
1.963671019904718040e-01
1.808833781432389876e-01
1.627845416618349805e-01
1.527462937306746926e-01
1.463796838868572092e-01
1.390521591819120217e-01
1.346178321682226231e-01
1.263035003366516917e-01
1.193237214739934771e-01
1.163292487142574133e-01
1.112085495041573030e-01
1.056026753880087710e-01
1.024417640781020850e-01
9.346975339865257193e-02
9.077925506452580451e-02
8.472347636103980117e-02
8.252219988224131220e-02
7.868835612171591609e-02
7.485614235505559655e-02
6.897294288058694600e-02
6.638400279835669771e-02
6.345654227461398900e-02
5.707423900155239593e-02
5.628575544654793039e-02
5.160455982993981949e-02
4.926703124441278447e-02
4.710981166133926257e-02
4.295599954597809772e-02
3.898227965252420296e-02
3.729408939190401867e-02
3.618660295145580824e-02
3.461175036641315345e-02
3.328968111798893958e-02
3.231418469752150857e-02
3.086742775709630862e-02
2.972836368435921583e-02
2.812529239003864340e-02
2.713818789095948092e-02
2.560514713068434700e-02
2.481759197405281753e-02
2.340499421035045421e-02
2.115307433987851163e-02
2.071743949818991362e-02
1.875618254021561501e-02
1.789258475228975090e-02
1.578426112150448438e-02
1.488613806185503513e-02
1.444332597331342977e-02
1.300535366309297190e-02
1.248460487585625542e-02
1.144264731810344660e-02
1.082723351022250521e-02
1.056795902072969924e-02
1.002944213854778562e-02
9.604907833152629554e-03
9.349246492457805729e-03
8.674945783138396024e-03
8.367210024463299367e-03
8.083552975669336046e-03
7.516249632342739823e-03
7.334098819494679414e-03
7.080054629529712769e-03
6.833603731673723071e-03
6.575744902519101674e-03
6.334922038239891931e-03
5.869373852699397848e-03
5.617734238657082907e-03
5.460856698210871975e-03
5.367927667802714804e-03
5.110063629588781908e-03
4.960717483845208595e-03
4.773770724636074332e-03
4.531488091259749940e-03
4.231112472272762111e-03
4.127166762925883747e-03
3.901961469602879817e-03
3.682237252998481637e-03
3.592288938489078456e-03
3.441626339700106299e-03
3.266069201494364513e-03
3.109744381231536580e-03
2.995328470528297107e-03
2.779231453774306387e-03
2.593670575472826253e-03
2.396652290802889565e-03
2.342681441393001680e-03
2.203684520477650153e-03
2.006136287262744785e-03
1.924958913731344978e-03
1.824545128589351306e-03
1.723289863564761611e-03
1.649102123157078882e-03
1.570167983524279080e-03
1.509439817285776171e-03
1.441022276962062362e-03
1.373048519484465187e-03
1.298905374830801969e-03
1.219435275419566977e-03
1.149449717843410886e-03
1.082699176616529679e-03
1.065436484015251390e-03
1.017880792307493355e-03
9.537291388837603433e-04
9.298470166540726825e-04
8.781597298993942813e-04
8.352534083764964583e-04
7.698941509417310362e-04
7.333380859986165850e-04
7.073515835883888202e-04
6.457679568015493388e-04
6.194103847561989408e-04
5.666172692437377104e-04
5.242096043347419529e-04
4.985624219342339996e-04
4.433389768694961995e-04
4.327969849860104469e-04
4.001199222095260790e-04
3.712234087585406395e-04
3.418822886910986457e-04
3.288286806868596099e-04
3.170188735593597968e-04
2.913357952657472322e-04
2.859394197698241803e-04
2.713826178779284257e-04
2.601854281677717083e-04
2.434294883674869160e-04
2.339793427844544032e-04
2.161775910056999055e-04
2.037751325838648461e-04
1.981576793391570245e-04
1.902982873354957421e-04
1.832679824792429052e-04
1.708326610787183988e-04
1.636295682031998111e-04
1.598082758901599458e-04
1.387154587642385145e-04
1.335924231885198758e-04
1.213114120338005294e-04
1.151644346429025583e-04
1.087806867494456260e-04
1.016052910240829252e-04
9.822534093689876448e-05
9.148050613503760670e-05
8.879364725179122802e-05
8.543780047902856383e-05
8.339599383383331432e-05
7.838309123544492409e-05
7.441309773878172925e-05
7.143378431006361005e-05
6.477884555085622917e-05
6.249923234927648246e-05
6.028678333318627841e-05
5.626112891916902999e-05
5.411075638990825611e-05
5.215299197643146921e-05
5.095355697118541827e-05
4.749770612844367025e-05
4.375758167361012464e-05
4.278089353293628783e-05
3.934636082694413500e-05
3.696497150112793077e-05
3.342456787929644731e-05
3.237940889969246949e-05
2.974655390902678946e-05
2.739149514539547533e-05
2.545829239345047466e-05
2.328429322997083517e-05
2.153286643261337924e-05
2.001172808052896401e-05
1.937436185361355166e-05
1.796145538231019875e-05
1.737321393685601118e-05
1.593651194638601805e-05
1.557975461967367169e-05
1.524957074246423126e-05
1.426306442850561683e-05
1.394658963501980723e-05
1.318089860046331716e-05
1.236200550193462115e-05
1.129772536802358814e-05
1.098600167939177835e-05
1.057896742843612187e-05
9.771751714878434310e-06
9.552962614914256836e-06
8.892404073422956198e-06
8.656791869228388782e-06
7.760803139498598257e-06
7.380010575599340603e-06
7.203434309362426953e-06
6.580134597283360407e-06
6.177048522358526963e-06
5.910044235679821666e-06
5.522663547968995194e-06
5.391048760664950918e-06
5.077660351579315859e-06
4.836972007962231349e-06
4.735152990936266108e-06
4.538968800132114674e-06
4.360819079063421694e-06
4.193375324888718203e-06
3.717474307895393084e-06
3.624122125926426889e-06
3.532736450413465529e-06
3.172975436882623355e-06
3.026888830570757599e-06
2.815074926596123415e-06
2.500561786037058022e-06
2.324578175827790342e-06
2.082018830393821241e-06
1.929949149148109035e-06
1.879061221132843964e-06
1.701610131365531298e-06
1.618175262413751951e-06
1.562858723657935363e-06
1.483177887168922916e-06
1.370254274936591617e-06
1.285802510503982101e-06
1.228093238520737407e-06
1.202119343601821852e-06
1.148949116647275047e-06
1.087293007570456036e-06
1.028516099549469887e-06
1.004098605798689356e-06
9.129011930636716405e-07
8.954391722388001249e-07
8.692374749530874699e-07
8.047416757844275571e-07
7.327720334569249148e-07
7.019455425059666978e-07
6.483017965478552508e-07
6.240891844579116526e-07
5.897235966126026931e-07
5.596547828832783285e-07
5.232605402012874688e-07
4.850458992856209577e-07
4.605526342595950087e-07
3.982742082705937245e-07
3.754925013715725512e-07
3.580076889664789843e-07
3.100122594760339954e-07
2.975864880941519725e-07
2.700379305094876277e-07
2.390374926024679164e-07
2.250084911411568296e-07
2.119841291127421952e-07
1.928841818414458551e-07
1.688311839960449556e-07
1.661223255712350736e-07
1.452462188110622629e-07
1.400409253351866825e-07
1.361134818061857830e-07
1.283631164267756645e-07
1.235345936886446749e-07
1.140022781742690681e-07
1.040072723992857927e-07
9.933432294656511349e-08
9.292424975856784233e-08
8.732701193155893275e-08
7.961606236368300882e-08
7.649535163127682126e-08
7.254672197200883518e-08
6.787817484863082522e-08
6.607094780095193573e-08
6.260224547642078403e-08
5.972471916853892352e-08
5.773562046777262124e-08
5.550842483430992936e-08
5.326282280355675916e-08
4.904220818452834785e-08
4.576918337895380543e-08
4.398840493629617731e-08
4.010281610385503334e-08
3.871738945749706324e-08
3.380941835013306230e-08
3.295570895405841258e-08
3.127187038959957568e-08
2.990377074660532009e-08
2.886832900472356507e-08
2.781925274668958960e-08
2.707490173580655034e-08
2.579917641992006582e-08
2.473808270492853511e-08
2.375140201638454326e-08
2.307594697392248660e-08
2.146257921585907716e-08
2.073300928083172291e-08
1.969679370297781021e-08
1.846589140957576025e-08
1.715655283467040097e-08
1.657642728909807507e-08
1.536149231665889225e-08
1.453753858380451767e-08
1.407946089224707721e-08
1.314184934799078022e-08
1.278415868600020122e-08
1.209951154135218880e-08
1.140046721110571653e-08
1.077655504819930797e-08
1.027591152515528248e-08
9.633934854625984765e-09
9.061592452779269254e-09
8.595382997253196097e-09
8.417301138953306735e-09
8.129264088403322555e-09
7.640490570570482279e-09
7.521846810896658914e-09
7.140869428812779220e-09
6.892784999823387215e-09
6.560418572829241847e-09
6.168610281201971875e-09
5.961327455566485197e-09
5.498418116163966890e-09
5.108727883830728903e-09
4.837118055836507965e-09
4.490978254761448470e-09
4.352321065016365157e-09
4.056960718449942032e-09
3.651755772770414181e-09
3.506914769677944871e-09
3.333577362027073720e-09
2.874978343890471524e-09
2.754943893609873848e-09
2.608684337896853205e-09
2.371979964124706904e-09
2.257759824342784131e-09
2.095493474163794061e-09
