5.365035078373063815e-01
5.047788607236861624e-01
5.012699976835242044e-01
4.974826686189666725e-01
4.938032959525138765e-01
4.849805194332897362e-01
4.712073295356494773e-01
4.647732848886762524e-01
4.615581898035205910e-01
4.620582421360592829e-01
4.462936892678054379e-01
4.244833487030637009e-01
4.083249582546513712e-01
3.924842287579476396e-01
3.780453239961831802e-01
3.655620308091728221e-01
3.516656283330370503e-01
3.501606145772477308e-01
3.352319918266861709e-01
3.216644079173314186e-01
3.189136721537761954e-01
3.072476683154630184e-01
2.959135405916462624e-01
2.846293610881356906e-01
2.800564854665305581e-01
2.713190303496359479e-01
2.631253372445510053e-01
2.611288938956802808e-01
2.497674996419338156e-01
2.400778334431975802e-01
2.377706824250542805e-01
2.371719295854405329e-01
2.312319057348815321e-01
2.304522274163496864e-01
2.250590092469623160e-01
2.231375528290869270e-01
2.167712837602152054e-01
2.143295838613127891e-01
2.119078573935485044e-01
2.068552704666772879e-01
2.018625295716839629e-01
2.013965497071502908e-01
1.984172477116710465e-01
1.964691605611898761e-01
1.962739701496158395e-01
1.921544640059495712e-01
1.890786222783371884e-01
1.869934392380790122e-01
1.780500747110043136e-01
1.684583531048988447e-01
1.680826974858380674e-01
1.661500460557494008e-01
1.589734600525720132e-01
1.582322454829988012e-01
1.532420180266198806e-01
1.525058310520543137e-01
1.519109674921283459e-01
1.483833155808102211e-01
1.474438347057296095e-01
1.458370784314870494e-01
1.380854538553026589e-01
1.338009825437365408e-01
1.297683236612135749e-01
1.286332929084345045e-01
1.233294983171224213e-01
1.229851560508702785e-01
1.227434481945699762e-01
1.198568374726541041e-01
1.156138330000658770e-01
1.137407222880890967e-01
1.128887735744188991e-01
1.124440795073112093e-01
1.034556133723809057e-01
1.020259815428771338e-01
9.825663638089864038e-02
9.664071251886482972e-02
9.578163534379936783e-02
8.790082037896977674e-02
8.667602299923031495e-02
8.254972481621861147e-02
8.244338958997853017e-02
8.131661622455166327e-02
7.956231239334375649e-02
7.568889552958374400e-02
7.523683824444131474e-02
7.196639783207894880e-02
6.908933579519127566e-02
6.872126014221668910e-02
6.858412568617416882e-02
6.203694702900394709e-02
6.099347746714845614e-02
5.951451818226152768e-02
5.784640790162418056e-02
5.757549410682557406e-02
5.720168715042167618e-02
5.692488993278641690e-02
5.616980385422457728e-02
5.509936318343906791e-02
5.483776250222500287e-02
5.268002678110313836e-02
5.262056301235026878e-02
5.189762164336793326e-02
4.993532776370897958e-02
4.986586627754915207e-02
4.905279284975497950e-02
4.669668462017192989e-02
4.646545793593871709e-02
4.522491124615934943e-02
4.419652644733067931e-02
4.353787777430694061e-02
4.318907934445290198e-02
4.264125749828327067e-02
4.236738355694835007e-02
4.084551369186752851e-02
3.955739399767832509e-02
3.876929015816801133e-02
3.864547526414729289e-02
3.818455090212981989e-02
3.813695689181192255e-02
3.663430509922803446e-02
3.585218176540979490e-02
3.567691317146876040e-02
3.564725091728184608e-02
3.492168115651537313e-02
3.465671547503314937e-02
3.355700256813354959e-02
3.176322991546445818e-02
3.172178782651162432e-02
3.154525333888587996e-02
3.110934968095360395e-02
2.952603271188054129e-02
2.941339223313649623e-02
2.553266140416758645e-02
2.547608274444100596e-02
2.535448570699158979e-02
2.423611366980443077e-02
2.396626334363954891e-02
2.285770408788547273e-02
2.205679785040435409e-02
2.191145183706759078e-02
2.169871156675038520e-02
2.116136533597870462e-02
2.035422096369491132e-02
2.005115527462548314e-02
1.891849270423566140e-02
1.815786616937601489e-02
1.804425191106694831e-02
1.795143367983133981e-02
1.788674076296691354e-02
1.787779740685633764e-02
1.758110646162331508e-02
1.737775884414833119e-02
1.673006612301124879e-02
1.669667204861515625e-02
1.659412503432335095e-02
1.633690853288351577e-02
1.632594424731013266e-02
1.541916012438910612e-02
1.511203613830013753e-02
1.469148024412325788e-02
1.442286041050481159e-02
1.427810809896904419e-02
1.404118224560943137e-02
1.375634413970367419e-02
1.362108262661100404e-02
1.353623639979031727e-02
1.350188990538447528e-02
1.237167291882113399e-02
1.236434207705802008e-02
1.232483710623898110e-02
1.231192470164367732e-02
1.169662109296497506e-02
1.130229225540918363e-02
1.128512732881042230e-02
1.113757545584023040e-02
1.109765376829809601e-02
1.103617392044279298e-02
1.089296171060458347e-02
1.078365503866367606e-02
1.046265651029493551e-02
1.044288627541175782e-02
1.038839714186737435e-02
1.036179385470748643e-02
1.024618775800586329e-02
9.748169354221640839e-03
9.730693180920539295e-03
9.582798847702819409e-03
9.111891822256756174e-03
8.862263105472110644e-03
8.859923803621510066e-03
8.702518253271587095e-03
8.678127273909765418e-03
8.600563784566608166e-03
8.222822991690871205e-03
8.051277961481029255e-03
7.731350975796416440e-03
7.699303002667163588e-03
7.639415180043403024e-03
7.625342307075586544e-03
7.005659739589265717e-03
6.899403623698265910e-03
6.875719209615905117e-03
6.843801695460399390e-03
6.800016082803279731e-03
6.336570566711173351e-03
6.322501504695375238e-03
6.238105992021363358e-03
6.130628577694335023e-03
6.064171850681318067e-03
5.983586045378954874e-03
5.902987452242485812e-03
5.679580601154687707e-03
5.485810694240408902e-03
5.467441953299281496e-03
5.370317227231165627e-03
5.281137521702487618e-03
5.246586968789798515e-03
5.097020520395197270e-03
4.921490699609178468e-03
4.796605706786955144e-03
4.780150780070224932e-03
4.752552141826507301e-03
4.679362609719167794e-03
4.596596232660152964e-03
4.330813476023274815e-03
4.269167169754639092e-03
4.263972617743401992e-03
4.187753396743786917e-03
4.164149436846959450e-03
4.159875156134946496e-03
4.155940840951137180e-03
4.087922906443295333e-03
3.687563224238431681e-03
3.656103422435022249e-03
3.616741773827219023e-03
3.537109824747544217e-03
3.504947828657976883e-03
3.487280553616114477e-03
3.432467672128061351e-03
3.328650986021020747e-03
3.301328354934682848e-03
3.269519137368411595e-03
3.215047810135101321e-03
3.194445235241390787e-03
2.970495527913261363e-03
2.830757888148499341e-03
2.758617189833144964e-03
2.673447762861500335e-03
2.641411179185625298e-03
2.399253325740805486e-03
2.309481879789665546e-03
2.296696777018574897e-03
2.279658050815769072e-03
2.260372802098467148e-03
2.240339085532970075e-03
2.201616424395337005e-03
2.197444459254885209e-03
2.189307519275285677e-03
2.068597569354530680e-03
1.922483497766978465e-03
1.772605717520508951e-03
1.753742362661461817e-03
1.709386553498543678e-03
1.617480805279049956e-03
1.505000918539244276e-03
1.405164289517144612e-03
1.403240079662392611e-03
1.395040825573167506e-03
1.388395498944986839e-03
1.379786904993505082e-03
1.356323920631646212e-03
1.349002071707016814e-03
1.313263741015011999e-03
1.250227862100048923e-03
1.242525311615021947e-03
1.220918477521386889e-03
1.116420338641531613e-03
1.103060628891274235e-03
1.102354500057149819e-03
1.053010832070887075e-03
1.022016434726460716e-03
1.006645585698445495e-03
1.002860943242246628e-03
9.732573055602946731e-04
9.654567612479221820e-04
9.052406242544054106e-04
8.923474931102784533e-04
8.864770355087183513e-04
7.670244831507379984e-04
7.660461673635963337e-04
7.418022478497222558e-04
7.367384013421201475e-04
7.345221518113683118e-04
7.255513328762315224e-04
7.164369998944829492e-04
7.134470569899092939e-04
6.629501694248283745e-04
6.562097195239140202e-04
6.388660169471575227e-04
6.327336865202327128e-04
6.144415497086535638e-04
6.102354524229515204e-04
6.026152621199680134e-04
5.912097049358662829e-04
5.836296418839770741e-04
5.735489285888468796e-04
5.490997619606794973e-04
5.212127687576142716e-04
5.077810856567376799e-04
4.906377356677016008e-04
4.867210963178089981e-04
4.864602307216351305e-04
4.840215100707974004e-04
4.676594095821648314e-04
4.571987272300463874e-04
4.540411453025247038e-04
4.114341788920302225e-04
4.056990086161358332e-04
4.027502521945537108e-04
3.988698749856353708e-04
3.822950617366701362e-04
3.809115632514021156e-04
3.797429225910820059e-04
3.783923018732982414e-04
3.736990368181265245e-04
3.629443590105390976e-04
3.388314522834098841e-04
3.369908612971774702e-04
3.206854567577157667e-04
3.146785128037376091e-04
3.028988100460035943e-04
2.976674040789740517e-04
2.902866510438784813e-04
2.819259329252671309e-04
2.750668072739610292e-04
2.743978483092740723e-04
2.733127236278443876e-04
2.645342597999101805e-04
2.455940099159610308e-04
2.364083281101959314e-04
2.318583093381091796e-04
2.259239914927588786e-04
2.257129114274273284e-04
2.241163645787671937e-04
2.228076030063355618e-04
2.175560646842443046e-04
2.166800049651706008e-04
2.163264026230520335e-04
2.161451681799294536e-04
2.159190072317143769e-04
2.146924564292277706e-04
2.072541581743966811e-04
2.044392884371738837e-04
1.962881989532420121e-04
1.960937095113406787e-04
1.864969360790200408e-04
1.849805297233591791e-04
1.817359157236754432e-04
1.744591640206276373e-04
1.742231758568082436e-04
1.732336055738275876e-04
1.694691951265935937e-04
1.691958454258958165e-04
1.680904473195921186e-04
1.670799186670430625e-04
1.630635220038601071e-04
1.603408041747995862e-04
1.510153470878742329e-04
1.413088824517749656e-04
1.362107766431107153e-04
1.342724920108277818e-04
1.316306183036461148e-04
1.272766790130499214e-04
1.266929329862347641e-04
1.250375650296684145e-04
1.206305644867604646e-04
1.189441444608431545e-04
1.176696838382412428e-04
1.118446623642094419e-04
1.092493504951463446e-04
1.079926492496102833e-04
1.066737049708813809e-04
9.587521527243171593e-05
9.287126278341381613e-05
9.203456990319258343e-05
9.186061245848958193e-05
9.177395161607754064e-05
9.160625383994670573e-05
9.152603837916007019e-05
9.056455948305296741e-05
8.896375789888959782e-05
8.802471099887672703e-05
8.536019562574671739e-05
8.313824772143085459e-05
8.062707360442512546e-05
7.880703957651890754e-05
7.801541702800006829e-05
7.537210466225916135e-05
7.373884529159909071e-05
7.320672139034393501e-05
7.271035639162867889e-05
7.004259363167954352e-05
6.543705249404227931e-05
5.800794432549161839e-05
5.557438057396965701e-05
5.350875043873280551e-05
5.299868438012244129e-05
5.283545119292808303e-05
5.240126893935510854e-05
4.568489655653549262e-05
4.486498312329826124e-05
4.457210519791202644e-05
4.244233317368635095e-05
4.091480183661259825e-05
4.089918596065131962e-05
4.088711281793944895e-05
4.001727412120803230e-05
3.998095286132819789e-05
3.543756489997497558e-05
3.496916197961442410e-05
3.405705702376428043e-05
3.348367350055031066e-05
3.282615436969606968e-05
3.244362502102434429e-05
3.181942121148662359e-05
3.119370097369552930e-05
3.077851505331679840e-05
3.026598584235204350e-05
3.013350871202601306e-05
2.984715478809191088e-05
2.914481723364052227e-05
2.905415498937840741e-05
2.875974855292941289e-05
2.755553232207228579e-05
2.614458042485412397e-05
2.608435204220789150e-05
2.578683515334806881e-05
2.559373857940308830e-05
2.557131895442508286e-05
2.553694318999246183e-05
2.540991507117566675e-05
2.521219834858749202e-05
2.389075030678085084e-05
2.314150026232648520e-05
2.299819729998889650e-05
2.231476685508324210e-05
2.076749036278912743e-05
2.073382057996683625e-05
1.912100265351596902e-05
1.904414197831489714e-05
1.728375078473513968e-05
1.725087984551452924e-05
1.720912780672577465e-05
1.714376220675528360e-05
1.709462981594032943e-05
1.699515529301559797e-05
1.693637973825346121e-05
1.685319436149733459e-05
1.632153897655798323e-05
1.614121129216774601e-05
1.591304985277518924e-05
1.590579728815554801e-05
1.586986092597627822e-05
1.561332744010607022e-05
1.531848438665176884e-05
1.424826713347724093e-05
1.356879066964923925e-05
1.338854085303035901e-05
1.330048332320384158e-05
1.320734911069198379e-05
1.318393982545636106e-05
1.309951953195062880e-05
1.304675989686353608e-05
1.282977062939378778e-05
1.253951896187476187e-05
1.233157760005502905e-05
1.122174208877966403e-05
1.086348043471693145e-05
1.043706596150206022e-05
1.037289374351849861e-05
1.020428131163713261e-05
9.626048519704937415e-06
9.569742612353479588e-06
9.523166793348250683e-06
8.939830001170989937e-06
8.610405207761351022e-06
8.571320617619155812e-06
8.303438875275515757e-06
8.290273251497646799e-06
8.262363669738952501e-06
8.221981042732022665e-06
8.215224374580572725e-06
7.693885613254493111e-06
7.514453633132748329e-06
7.132011294447151405e-06
7.103212906689910072e-06
7.077218372883796636e-06
7.063319313408805057e-06
6.276612153893870171e-06
6.005024883023977649e-06
5.988855580187014467e-06
5.979063820683800069e-06
5.700570865125267470e-06
5.693366763874337283e-06
5.605176081024039728e-06
5.211315729658688573e-06
5.151704305777076496e-06
4.681762449648741958e-06
4.661027162219622081e-06
4.498222879859117635e-06
4.394864396609155675e-06
4.213173785108654679e-06
4.166620974841962723e-06
4.133639311729302664e-06
4.062374787468539213e-06
4.024205994580518141e-06
4.017303205659859987e-06
3.925604421763374040e-06
3.921183224441667502e-06
3.807362866705407280e-06
3.693011979775488295e-06
3.493598975799846525e-06
3.346184857412127116e-06
3.299914998975334654e-06
3.266878791366616026e-06
3.193090285516440000e-06
3.150554635507040523e-06
3.139964854762636059e-06
2.950954777326650588e-06
2.844842071566413153e-06
2.843640957539607417e-06
2.830529031118354439e-06
2.825565690244437984e-06
2.762954084114258332e-06
2.675177280425903396e-06
2.618322832415006981e-06
2.600084433753252066e-06
2.524690612909908184e-06
2.434836755534656505e-06
2.404476345314289111e-06
2.249117565754401285e-06
2.229087856159886749e-06
2.213801156610307404e-06
2.210508221820081965e-06
2.072281348723542893e-06
2.066186475775210879e-06
2.059790146670744000e-06
2.025663285139924814e-06
2.017921133935077456e-06
2.009619602764563229e-06
1.811549501056587765e-06
1.805319959157076310e-06
1.642647265218326117e-06
1.634477229982398621e-06
1.602651672951323189e-06
1.550387975601495580e-06
1.547885760055981517e-06
1.547080024338703847e-06
1.342079662817838424e-06
1.337625110273708470e-06
1.335108218528118786e-06
1.294058504515809033e-06
1.278582885546485317e-06
1.270175768016910493e-06
1.269359889817674097e-06
1.260083006879305528e-06
1.258478958885991389e-06
1.231272918559744131e-06
1.225857412084128453e-06
1.222179344880954663e-06
1.219952519213152659e-06
1.212004432449771938e-06
1.196355199636954061e-06
1.177030295739762587e-06
1.128573358653060502e-06
1.071044118232719916e-06
9.983599338284582255e-07
9.839633544168243523e-07
9.817899882866513696e-07
9.716678678918271827e-07
9.694161419474747348e-07
9.553194909162918240e-07
9.460590824423895797e-07
8.463280631865666267e-07
7.648373338526457831e-07
7.554075008850583703e-07
7.273891498802561608e-07
6.786644255944109571e-07
6.769874502582626124e-07
6.756262078832144104e-07
6.748527302491813580e-07
6.737432646909036304e-07
6.684866265125050294e-07
6.651667720392697808e-07
6.613318948758799197e-07
6.516131724735736474e-07
6.405056066372297204e-07
6.215802035580240151e-07
6.201439861069817433e-07
6.192556631707135000e-07
6.076337280158811988e-07
5.921903858550566566e-07
5.542817687021304571e-07
5.468613425787351145e-07
5.466972285082813850e-07
5.465585073598176132e-07
5.372817355537876508e-07
5.194708540631701354e-07
5.104283023064255838e-07
5.071200331451116907e-07
5.027579499558251259e-07
4.762536489902547749e-07
4.724541087434492331e-07
4.682397490582253678e-07
4.665153212657403267e-07
4.611402615361291391e-07
4.606610071518519346e-07
4.604476913410057888e-07
4.569840720407284220e-07
4.502462263164561344e-07
4.378977519373323419e-07
4.248113501909296739e-07
4.128065322723345077e-07
4.107214157691680793e-07
4.030267029065159193e-07
3.925080263175866374e-07
3.909646497825438072e-07
3.798928482340439949e-07
3.791120189414410419e-07
3.787677434492065741e-07
3.547310702606415845e-07
3.538618869643056970e-07
3.376900095840694326e-07
3.225789537469441273e-07
3.211092449566456333e-07
3.122631531774794694e-07
3.062278079220163757e-07
3.039832146753207457e-07
2.838153523748167217e-07
2.449965137623636268e-07
2.408304479845265647e-07
2.391719374665279884e-07
2.387965167079186469e-07
2.386471332328695392e-07
2.273992344512738876e-07
2.195522818772894337e-07
2.137687650748801820e-07
2.131575072789260109e-07
2.128634370514015479e-07
2.115946064410983729e-07
2.086038157991913058e-07
1.752367477063454647e-07
1.694719140894048333e-07
1.634107977162897703e-07
1.602245359293961557e-07
1.572365761458109689e-07
1.563370089548401060e-07
1.500461357264974117e-07
1.382878850509172220e-07
1.331397560067484187e-07
1.286520423422866754e-07
1.264770067184285670e-07
1.245754575563392392e-07
1.223636196214837872e-07
1.218552707780545297e-07
1.200439494740816007e-07
1.191579937390127166e-07
1.115589883518900534e-07
1.034773902863703443e-07
1.016941711641943413e-07
9.764674262409139197e-08
9.746106422348605207e-08
9.736512181821663578e-08
9.720065944211708403e-08
9.651093739734141471e-08
9.508668981931684454e-08
9.426136037245823589e-08
8.658773025400761237e-08
8.629348132904029969e-08
8.513420171371688428e-08
8.436638194899594935e-08
8.397921611071966336e-08
8.365999773377887021e-08
7.913165392064625998e-08
7.631895729774907410e-08
7.524009584087266647e-08
7.377056238437442465e-08
7.191223703896769955e-08
6.097102421389355876e-08
6.085711378460499104e-08
6.062180644930980098e-08
5.927572112491782628e-08
5.648870304925631427e-08
5.643399616575165520e-08
5.629082459685270808e-08
5.264426207972026830e-08
5.152104589575446075e-08
5.133766189661050761e-08
5.083531254525275533e-08
4.875938992689556944e-08
4.790165736479376479e-08
4.542063490876965434e-08
4.530966078961083433e-08
4.432200629854948101e-08
4.287595205419693743e-08
4.231910823860476540e-08
4.214694528411351748e-08
4.115177162748844606e-08
4.051183722873948391e-08
4.048044370257985721e-08
4.024118443496151853e-08
4.017009941035448508e-08
4.012563120650155988e-08
4.008475061698315073e-08
3.626209025626663483e-08
3.601820236523695753e-08
3.597468624988062421e-08
3.496174931529703137e-08
3.399831265629850292e-08
3.379728988076357695e-08
3.349837770491808791e-08
3.125136450634743837e-08
3.093405233780730837e-08
3.069877535005609227e-08
3.069250983037821613e-08
3.052801517194827256e-08
3.018837807504425389e-08
2.777670079055073049e-08
2.691917392430906991e-08
2.683215939449970174e-08
2.585695379688844070e-08
2.534174404615902473e-08
2.514470810280069038e-08
2.502773490369914910e-08
2.501338082451776505e-08
2.460234588150556859e-08
2.455113323295666104e-08
2.439441917351760545e-08
2.437182505545809778e-08
2.403873817239017723e-08
2.401747764357241967e-08
2.324312592781140419e-08
2.289729952515438806e-08
2.283741858888346917e-08
2.142492228052791195e-08
2.056904790583847317e-08
2.032717408758936744e-08
1.842985382678830698e-08
1.800156570026993239e-08
1.780677389296077997e-08
1.772524845013590133e-08
1.772317180100846001e-08
1.767145317116260325e-08
1.756113964844430147e-08
1.744598223090115866e-08
1.741829547950748782e-08
1.739584468310979000e-08
1.735279161044844888e-08
1.649283023825705005e-08
1.623439516171036388e-08
1.615255534752373110e-08
1.600869179384702261e-08
1.547038418790073548e-08
1.540537053050393808e-08
1.534409437531092049e-08
1.523543983153930985e-08
1.444161254634687523e-08
1.431083976769127996e-08
1.430334454007718496e-08
1.388581098499936451e-08
1.353358846664646980e-08
1.348286586030948296e-08
1.347175566453103930e-08
1.338381549757930890e-08
1.292512636125397389e-08
1.126160469187963898e-08
1.107938760159938245e-08
1.098619839355625173e-08
1.096023253261277012e-08
1.050066639332721877e-08
9.945383338523269017e-09
9.863809039903743830e-09
9.764343166052238825e-09
9.683793397738595288e-09
9.225621900745459739e-09
9.196731512788126250e-09
9.191416223630862360e-09
9.024043389317840071e-09
8.677547105561172885e-09
8.464407930245796115e-09
7.882924053209048797e-09
7.567515015834476517e-09
7.415644877289835853e-09
7.106015023910313930e-09
6.770623063859695376e-09
6.721248578468283614e-09
6.567249152185259990e-09
6.524901028988066029e-09
6.486273470918116846e-09
6.428632817484548832e-09
6.389562911146182759e-09
6.384007065338473019e-09
6.367002155509354474e-09
6.348317014121442263e-09
6.242892529065622609e-09
5.981971109588498278e-09
5.908954081837919146e-09
5.904686516157708432e-09
5.659149119464481259e-09
5.319429356037532461e-09
5.260325324538787592e-09
5.020880716298368865e-09
4.287521522867516146e-09
4.054454480709121979e-09
3.998607071293039723e-09
3.988414397274960632e-09
3.970195026801557877e-09
3.964861848508394074e-09
3.957296211815706366e-09
3.955199290547185447e-09
3.934304369542674770e-09
3.930995785460655551e-09
3.841996471750506868e-09
3.624298175951467625e-09
3.414960537641534251e-09
3.183903886208914099e-09
3.126705324073250839e-09
3.080015242428106561e-09
2.889277682297685415e-09
2.879949599329949007e-09
2.877461767241726061e-09
2.817431437365342547e-09
2.809877715757464254e-09
2.798414637754162500e-09
2.737022512640140836e-09
2.711932694968207595e-09
2.571756089470966272e-09
2.560202392173198277e-09
2.555669008039682927e-09
2.549400765326599755e-09
2.538719402183930848e-09
2.216787660573488115e-09
2.209988107592658118e-09
2.186614157355558261e-09
2.181084833560945007e-09
2.041395499558813103e-09
1.950737364872331264e-09
1.805580223219485618e-09
1.803185656277138778e-09
1.794761928314704525e-09
1.791929858151229650e-09
1.787737319563520081e-09
1.778163043354396765e-09
1.751277777740129963e-09
1.743026115411122920e-09
1.643338444436443125e-09
1.557548316267068959e-09
1.548335555917233698e-09
1.547490914171493666e-09
1.536724121119251256e-09
1.296601139245573811e-09
1.294238353508906942e-09
1.240617249976032188e-09
1.175291599898651221e-09
1.169175326606466276e-09
1.135101466889607411e-09
1.117399124220388702e-09
1.109205024969895800e-09
1.107602730395406749e-09
1.095635880237569790e-09
1.086165845735818703e-09
1.081792665449172954e-09
1.075297272293218493e-09
9.266999023611154911e-10
9.125559730134110490e-10
8.926010860916273318e-10
8.870609520078584401e-10
8.236462934081222220e-10
8.006365670437160070e-10
7.861277861879737491e-10
7.565387968392785510e-10
7.078987886728988181e-10
6.938403099900475596e-10
6.902280824073718938e-10
6.868146791436029464e-10
6.833651396431443063e-10
6.797495289547493799e-10
6.792771171364773715e-10
6.783005385333390334e-10
6.765435408189752641e-10
6.741849377789936118e-10
6.735779961707707867e-10
6.685155239375273490e-10
6.419957463031368464e-10
6.296970716303523943e-10
6.188875211416381154e-10
5.673639487267031100e-10
5.346919221345654337e-10
5.287466228313684064e-10
4.797503939705155402e-10
4.719088699694157295e-10
4.706300349373342526e-10
4.694254949468303733e-10
4.678146901358252967e-10
4.497151502274300822e-10
4.329551248878184054e-10
4.240489451926253461e-10
4.233219697714619697e-10
4.154447368447184531e-10
4.136365929513832579e-10
4.135338676372762374e-10
3.968684242242845592e-10
3.929565319544283913e-10
3.429677742522342783e-10
3.211135382646391730e-10
