1.050877353619518617e+00
1.195569521442789718e+00
1.172962561784674396e+00
1.003999156408181381e+00
8.420680546208461070e-01
7.023733988159868158e-01
6.101362937142655873e-01
5.647275744858974988e-01
5.217627677349182536e-01
4.813474945095279622e-01
4.423905705391935617e-01
4.214426287278312810e-01
4.034232532977348185e-01
3.883118566125786653e-01
3.706071820863275912e-01
3.378815010358088844e-01
3.274092787220506118e-01
3.133023143826335621e-01
2.974596339398039579e-01
2.825185490509990460e-01
2.645278298030977471e-01
2.584217777581191977e-01
2.512838375855587225e-01
2.385878447086431653e-01
2.271615503096337529e-01
2.164520414382251901e-01
2.065397640152056291e-01
2.007587261494840625e-01
1.922708986067194759e-01
1.882798741121366470e-01
1.787825524392512300e-01
1.757797193654046519e-01
1.700863034381810135e-01
1.621350264845592970e-01
1.578261334499483082e-01
1.494707844405459563e-01
1.403986823140157270e-01
1.320383700692401574e-01
1.229263596559264371e-01
1.170571067179493330e-01
1.146303384379876306e-01
1.104263658447428714e-01
1.046989889692428455e-01
1.031479572574323517e-01
9.713874438531278077e-02
9.176574341516595401e-02
8.747830872649564604e-02
8.255060202532334135e-02
7.833304069510825529e-02
7.572254020588120582e-02
7.160126896363507021e-02
6.760446633197539357e-02
6.623787136569106448e-02
6.454276386470883531e-02
6.201257855551194770e-02
5.947290477943044384e-02
5.750026230253516696e-02
5.523215793584462796e-02
5.349071062220494416e-02
5.114889981623558374e-02
4.879680307191278099e-02
4.754078399104089830e-02
4.641050285705795864e-02
4.485497472328394547e-02
4.278482270581775160e-02
4.221580698977532575e-02
4.057476248228153448e-02
3.949089096417280481e-02
3.724990979131857782e-02
3.607324212501487187e-02
3.464264946285267044e-02
3.427120560092090928e-02
3.346551236342826252e-02
3.196420530101911489e-02
3.067133229360162819e-02
2.926190991828335822e-02
2.778154952116252199e-02
2.743456980383354379e-02
2.591953267941756248e-02
2.504742799144471857e-02
2.418710047189408588e-02
2.375890361714121102e-02
2.311893501395230477e-02
2.201481463965823324e-02
2.126259291811147603e-02
2.008687830711392355e-02
1.940833184118536184e-02
1.849832911682652847e-02
1.768835894105570336e-02
1.739676747860566600e-02
1.685518984449434210e-02
1.659710396317505207e-02
1.632819951614777887e-02
1.572960186742994662e-02
1.511891786919354955e-02
1.451569715895545225e-02
1.386017093155719054e-02
1.361238879634301367e-02
1.306045471073841689e-02
1.298023884276988497e-02
1.259489929738124431e-02
1.230013035615146015e-02
1.215049950383171630e-02
1.169451426347615543e-02
1.151412488530910092e-02
1.108198246224919442e-02
1.056439476396416402e-02
1.033904438135318203e-02
1.012851893196120567e-02
9.832548905900977479e-03
9.520927336212792191e-03
9.271601695434509433e-03
8.824533392049064076e-03
8.615992622609813800e-03
8.459113365480537203e-03
8.206047835592944831e-03
7.966489494490662168e-03
7.714841425314984680e-03
7.584427049407016161e-03
7.442991510524013185e-03
7.093591728520939541e-03
6.827060166947465647e-03
6.596632889185427388e-03
6.376181135571308382e-03
6.255425945223254923e-03
6.170460062314433135e-03
6.053931506520294700e-03
5.985543551144167917e-03
5.818034105178753433e-03
5.637833135946683678e-03
5.510503381125626647e-03
5.320112515021642625e-03
5.170505720539861003e-03
4.926386981928051502e-03
4.776262937608874957e-03
4.641662739606247298e-03
4.491290568363258580e-03
4.302133957585482782e-03
4.104205854235842311e-03
4.010441582622461566e-03
3.794963541194405418e-03
3.590128096817180731e-03
3.433358719207427190e-03
3.306381010058015782e-03
3.265755848346645930e-03
3.142138432428389586e-03
2.992291261935685603e-03
2.921013039132057485e-03
2.793285418976280271e-03
2.685342196172991330e-03
2.606083507626528410e-03
2.553330248627835256e-03
2.432103537885231710e-03
2.362004486700056138e-03
2.339560859840902115e-03
2.238029219936257894e-03
2.108937377861126901e-03
2.054406695178358829e-03
1.945856091129941848e-03
1.863371078160288088e-03
1.773531785209705915e-03
1.727405337518499043e-03
1.706768343527596560e-03
1.658455044643117847e-03
1.615215702397797401e-03
1.569926545079502285e-03
1.478475698248396097e-03
1.419673838567769896e-03
1.379669916940044327e-03
1.303734069761512075e-03
1.189591446444396251e-03
1.180585977341803679e-03
1.079245989836570075e-03
1.045799561286320407e-03
9.901459488767109293e-04
9.425782346020117677e-04
8.811013039243279985e-04
8.072126185152773753e-04
7.578426239878773181e-04
7.160477218942052583e-04
6.791594811746319658e-04
6.439793592261676197e-04
5.923496257310652052e-04
5.693267201983504911e-04
5.254525102168288928e-04
5.144065111456757201e-04
4.986986608800249689e-04
4.686735687744095864e-04
4.452704219773097002e-04
4.403218061758682237e-04
4.150874146994820756e-04
3.780328037207006039e-04
3.649314422293526176e-04
3.444295686975545347e-04
3.295671638083285120e-04
3.128501534982759810e-04
3.026110168998130310e-04
2.991576390302802795e-04
2.895378246829956423e-04
2.761128047832709645e-04
2.692762637030270134e-04
2.574285309783620572e-04
2.412219316373309067e-04
2.275258985403784558e-04
2.158810612031824845e-04
2.054508212284751221e-04
2.026991511887693814e-04
1.985128724439005974e-04
1.881237631170865586e-04
1.777196300017354965e-04
1.702075356857989336e-04
1.676771350086808578e-04
1.588579772145804825e-04
1.554064458149467495e-04
1.485868867420856332e-04
1.475943212879817033e-04
1.414077877172539974e-04
1.341371378184997155e-04
1.319553637438725124e-04
1.268742608924256019e-04
1.207732382165715269e-04
1.158661081434337204e-04
1.140054023932887510e-04
1.096238942775423894e-04
1.081223359979917238e-04
1.054569639680357803e-04
1.023367266199232242e-04
9.747162364676609464e-05
9.299422049723494316e-05
8.827093682280788014e-05
8.462543756315009803e-05
8.002784914355006894e-05
7.865574437573078480e-05
7.293796452883151568e-05
6.985680318808096213e-05
6.811341643178725014e-05
6.445061866293368884e-05
6.153453966669530798e-05
5.842916847930738834e-05
5.584746528295433872e-05
5.396859231215408580e-05
5.279014463267363657e-05
5.095370543727008647e-05
4.836901821976359242e-05
4.689282671085055819e-05
4.416232686148502352e-05
4.229549401743400356e-05
4.080244223383975124e-05
4.024756025580418175e-05
3.860376623932772769e-05
3.705153983909574295e-05
3.659029995088785843e-05
3.513029989041341642e-05
3.391412398862594002e-05
3.260961409906013584e-05
3.049009248027121776e-05
2.938811776974412551e-05
2.834261152469784101e-05
2.761733098897927683e-05
2.710535331384565405e-05
2.635867189639119651e-05
2.549477969043557066e-05
2.492615217425645684e-05
2.368229122047074380e-05
2.304822056863653330e-05
2.176675799937837080e-05
2.126892972986750948e-05
2.081983795212411970e-05
1.985591135890599728e-05
1.907513577901608854e-05
1.858694742996584866e-05
1.757232709915959755e-05
1.723015100347666614e-05
1.669652564772488202e-05
1.622619660523009230e-05
1.520820862068865374e-05
1.509438687277930216e-05
1.447604310744220516e-05
1.372499549558054384e-05
1.332603480401199528e-05
1.279929671322662096e-05
1.250269588559059961e-05
1.207866913252038688e-05
1.193314112007461113e-05
1.171002247403448240e-05
1.162192784749490734e-05
1.101809210820197773e-05
1.074163366338502097e-05
1.040445484696367444e-05
1.002607943041298674e-05
9.835917236764856754e-06
9.531703899241568293e-06
9.151458527810087462e-06
9.073847696983221935e-06
8.804442612131171446e-06
8.560473375626823133e-06
8.438036753834313218e-06
8.234424832227110462e-06
8.013811331271805205e-06
7.672839727306466948e-06
7.438056619776222963e-06
7.343443100002194590e-06
7.253852621424547411e-06
7.112588687978600491e-06
6.786446463846315966e-06
6.676778062145904396e-06
6.415746437246401923e-06
6.295224769200076647e-06
6.233881143534781488e-06
5.961663832819599362e-06
5.779813966165405383e-06
5.739999480525547429e-06
5.606451614808528151e-06
5.379905765238848462e-06
5.244640070427403111e-06
5.056682820460686132e-06
4.840018912740027515e-06
4.642819321664114420e-06
4.563608101008074209e-06
4.382166016181994047e-06
4.290269356206241129e-06
4.172673658875951323e-06
4.002948925088340195e-06
3.868736679106039713e-06
3.654399259038723030e-06
3.427381878517328455e-06
3.318578557214418676e-06
3.075688361568793707e-06
3.025209952698220223e-06
2.883377355231620222e-06
2.696983776656423627e-06
2.645736429462903336e-06
2.452822101387815796e-06
2.295127430682911029e-06
2.206834664573266552e-06
2.021800546244754333e-06
2.002695109103675826e-06
1.823854582392199139e-06
1.774705228839181205e-06
1.620793903042330491e-06
1.554713027869938252e-06
1.488745507268299639e-06
1.453599493605150520e-06
1.391736764696589845e-06
1.329672068977893878e-06
1.254399835111765091e-06
1.223009710372465425e-06
1.179105421876950298e-06
1.052765111661467798e-06
1.007431149348336266e-06
9.743051785436044362e-07
8.939093470804499740e-07
8.507784276548888805e-07
8.367833775890358441e-07
8.083464265786890064e-07
7.844492437885558772e-07
7.524087088956255572e-07
6.941916136171168906e-07
6.760543519939972691e-07
6.480339037358209458e-07
6.083644703549409425e-07
5.810807217755354066e-07
5.617377861483059550e-07
5.499629000762090570e-07
5.259653709599856152e-07
4.980096332708072753e-07
4.910887456203915863e-07
4.696564603210977574e-07
4.446703637549049495e-07
4.341481301819360060e-07
4.180096117694546693e-07
4.069271892403006785e-07
3.965349443626987194e-07
3.791102429024669547e-07
3.686577400287273619e-07
3.524557785431240953e-07
3.395258440752898823e-07
3.330472214911441255e-07
3.197788057646602389e-07
3.097812023946662977e-07
2.935554294059904404e-07
2.901317171069163625e-07
2.803739753939518822e-07
2.677014320209353207e-07
2.486584904750235740e-07
2.293571341907418307e-07
2.154358247277608030e-07
1.974497582991486180e-07
1.927292992253992566e-07
1.847282852645749627e-07
1.823607838185836065e-07
1.600080456243555461e-07
1.521820016763084633e-07
1.449344162052762308e-07
1.347933723149044638e-07
1.273294237887917433e-07
1.211286794350431089e-07
1.157570691882225870e-07
1.127365636052370315e-07
1.071507561722699639e-07
1.003322624861720952e-07
9.802001817897076870e-08
9.425784970150842947e-08
8.691871311735202430e-08
8.325249904760291435e-08
7.898183491248347968e-08
7.464646689252588430e-08
7.137479665456373187e-08
6.974095493962931271e-08
6.497244781364034216e-08
6.017057716918027690e-08
5.680480224860394621e-08
5.469845178670401093e-08
5.234052437751010982e-08
4.967268918781853896e-08
4.363481478049373169e-08
4.296649503398469366e-08
4.209475796074912488e-08
3.966004778201327964e-08
3.701434618862550983e-08
3.490650594408061613e-08
3.292732626832891277e-08
3.166604735433548669e-08
3.042927073441781331e-08
2.916390058726495596e-08
2.828230201781936138e-08
2.804006890320944299e-08
2.580329975761150252e-08
2.430212618294236649e-08
2.272877640129672085e-08
2.185783733427982274e-08
2.038849362681185734e-08
1.867378358286048965e-08
1.835445124694104558e-08
1.716256160291089368e-08
1.667666046744930504e-08
1.601445041792749697e-08
1.527410383352859979e-08
1.481917713492632205e-08
1.327551111388392935e-08
1.226067122071317245e-08
1.169137691641803595e-08
1.126545298335798710e-08
1.059732337227083400e-08
1.009114849559417320e-08
9.416010043745505875e-09
9.021186983626610170e-09
8.758277582292685799e-09
8.270567758305878125e-09
7.829043860011641652e-09
7.436345935649130871e-09
6.840138226823556232e-09
6.727943099280471969e-09
6.318411991853432863e-09
5.953717572776821869e-09
5.552763220093290707e-09
5.160915718586587347e-09
4.965573727950354510e-09
4.821249781354941205e-09
4.634778627946494240e-09
4.422687160041882140e-09
4.231632746889534384e-09
4.085186736101074245e-09
3.783230089904625002e-09
3.483934922345613709e-09
3.235221176386933612e-09
3.048900254439509537e-09
2.886662630366865736e-09
2.674305785883604858e-09
2.585608749858637462e-09
2.477708470637524359e-09
2.394234121520926304e-09
2.297434051257546188e-09
2.172132765910376202e-09
1.951376587245847810e-09
1.900952317116881136e-09
1.785779028817801359e-09
1.732381792249695603e-09
1.697767052129007295e-09
1.579810617647258681e-09
1.541492865217343838e-09
1.429293988670904104e-09
1.382070749656481400e-09
1.337032385571086797e-09
1.272067252231971402e-09
1.221128779018096748e-09
1.154240901322757974e-09
1.128139028845843799e-09
1.080152909474489029e-09
1.006811444683334878e-09
9.490550610860841587e-10
8.805197034641508069e-10
8.058901961248846062e-10
7.832570629356741018e-10
7.463475774405977051e-10
6.946720251282198867e-10
6.707118477029092267e-10
6.547195836278158293e-10
6.299917598256866740e-10
5.801588805826335206e-10
5.530565601776052215e-10
