5.797224008734018774e-01
5.532482854158203844e-01
5.488765947740720241e-01
5.439478991889498127e-01
5.391316571276313363e-01
5.276765704313441940e-01
5.152057353048531407e-01
4.999923370620229512e-01
4.801826100689913779e-01
4.679856116252704701e-01
4.429607238359465349e-01
4.243252975630191770e-01
4.108789622636090932e-01
3.938592807159246867e-01
3.821624336179912929e-01
3.713720405678987424e-01
3.607033280314718149e-01
3.553756235657742901e-01
3.503172983859303979e-01
3.397102689586895541e-01
3.301986663563317159e-01
3.282819381745854526e-01
3.214422456727473176e-01
3.090177202560843162e-01
2.949381920689359560e-01
2.844384596870337401e-01
2.823901353094018796e-01
2.777948744514922019e-01
2.753079765430003212e-01
2.686092261944900694e-01
2.656737957172399800e-01
2.596036099502506134e-01
2.539833868686479090e-01
2.513833558744237862e-01
2.502410283547164549e-01
2.400456202432222630e-01
2.310533632737572785e-01
2.294417738054885525e-01
2.202792819326890861e-01
2.126311192419373108e-01
2.090094545111340074e-01
2.024385175591258690e-01
1.956348657960687021e-01
1.907652407089332480e-01
1.886433383387428331e-01
1.848603377557594685e-01
1.830092646249873167e-01
1.826557711617856627e-01
1.770333597819881977e-01
1.765497229771782750e-01
1.709557746435802772e-01
1.692012794969661726e-01
1.636172087139358966e-01
1.611444501660286022e-01
1.604858188185510903e-01
1.548861928783421271e-01
1.498183953811623448e-01
1.469109554412165175e-01
1.452659661139076575e-01
1.371204204751913236e-01
1.362253323900162183e-01
1.359109839936299136e-01
1.301362689215671553e-01
1.286944832767542291e-01
1.212019872920972741e-01
1.209147048791887197e-01
1.195423821294561151e-01
1.184851389267504163e-01
1.158506807745708078e-01
1.125933447495502254e-01
1.118057106824785762e-01
1.055893764811965951e-01
1.045189839542689375e-01
1.038131775205174134e-01
9.715670644662927069e-02
9.695442913443522159e-02
9.572047468891130284e-02
9.444314337659075187e-02
9.428100898947060216e-02
9.098943011942377257e-02
9.082905037862851194e-02
8.944363684258785363e-02
8.904294632814814536e-02
8.649409655841973354e-02
8.453065743836142565e-02
8.388832941399404497e-02
8.251525368342398081e-02
8.220401583150002689e-02
8.022098922406505073e-02
7.988504814296035206e-02
7.978152945787193862e-02
7.911718184119435893e-02
7.467873226332984171e-02
7.315051481289765178e-02
7.122275003727376874e-02
6.848159771070627677e-02
6.826699848586761932e-02
6.804902733388079605e-02
6.460149260339746735e-02
6.447129763675762959e-02
6.394939379311656569e-02
6.316980864098779846e-02
6.180145289807771614e-02
6.109772783741094365e-02
6.060440286439175428e-02
6.045064468205903901e-02
5.742911876584291808e-02
5.620054252915294285e-02
5.555905625828418820e-02
5.517012346843030296e-02
5.497464041137383600e-02
5.466968843172521908e-02
5.294870755641689630e-02
5.293059754108806608e-02
5.063774793107019695e-02
5.042875212197485413e-02
4.860734774366100297e-02
4.804348392227941744e-02
4.790555900530520800e-02
4.569707801705462369e-02
4.544342727870445686e-02
4.515452044404481835e-02
4.459711271658831078e-02
4.400964438797703993e-02
4.351941972739879760e-02
4.293377767082467988e-02
4.206698127112191293e-02
4.188090749860143291e-02
4.181703208732887034e-02
3.960704220285795468e-02
3.939210030394854622e-02
3.798190813208644073e-02
3.730662823503005238e-02
3.607263081240894703e-02
3.437664066283460662e-02
3.308773857953282299e-02
3.295877978540273645e-02
3.001096990891818223e-02
2.966035153601782534e-02
2.946310203135877118e-02
2.900092234501871341e-02
2.892596147989750024e-02
2.785717385594814119e-02
2.755605106321883102e-02
2.713231426851190828e-02
2.473221978230830467e-02
2.462381133058010735e-02
2.459261331611154594e-02
2.449334914689003245e-02
2.442888231325336668e-02
2.420054692302466698e-02
2.372735488164710860e-02
2.356946251080813820e-02
2.293298596084035815e-02
2.259601250802754230e-02
2.231734978203348332e-02
2.113170392573207601e-02
2.100771573968855666e-02
2.097086163903004799e-02
2.041978029603293970e-02
1.958486854519346856e-02
1.922237198509234649e-02
1.871870498524090889e-02
1.864096594496471651e-02
1.849787352700018456e-02
1.842307906549540963e-02
1.710463275429061764e-02
1.635935058701467465e-02
1.609207053523771871e-02
1.535089479503346649e-02
1.465042180544274056e-02
1.463222847519058366e-02
1.451145857287428065e-02
1.439283562014158011e-02
1.344547750771814612e-02
1.304139153846829192e-02
1.291867914110282102e-02
1.285394938791081972e-02
1.284375473238506815e-02
1.224608641829178120e-02
1.166856801719649665e-02
1.108656520657156502e-02
1.106061699442149708e-02
1.034153852211577330e-02
1.018833600010029226e-02
1.013978941475620829e-02
9.945924528568284712e-03
9.861266565830206082e-03
9.665053941240399696e-03
8.800642050131698285e-03
8.657684952214661847e-03
8.538114792367214670e-03
8.388963647077900959e-03
8.370807950007845902e-03
7.707457004228671256e-03
7.416663451264545251e-03
7.365267803980024910e-03
7.326532490460786751e-03
7.267345817011054872e-03
7.006142071996740960e-03
6.803683885028684493e-03
6.799512744133278178e-03
6.698760959796717582e-03
6.682606737550010438e-03
6.656402714309934618e-03
6.640872076814248459e-03
5.998330022458273590e-03
5.958952288750212975e-03
5.900263965977980106e-03
5.874374184310206769e-03
5.729810034551271677e-03
5.560106930420151070e-03
5.535800168678497828e-03
5.200350399749269562e-03
5.184052404675526353e-03
5.170496031318676938e-03
5.163485079679410415e-03
5.139261293212782182e-03
5.077889819336232034e-03
5.061796142697457500e-03
4.980343300283298150e-03
4.789535686699749294e-03
4.688589410239702403e-03
4.654139287649275772e-03
4.613611162223921029e-03
4.604753146768263833e-03
4.536696313042370456e-03
4.274228563358080379e-03
4.249182343660160011e-03
4.207839097889652658e-03
4.141211554210741212e-03
4.010620127044921789e-03
3.909710286240600935e-03
3.902929576948909948e-03
3.856090955097844948e-03
3.785190394608454762e-03
3.759488628985439319e-03
3.683714087808218855e-03
3.598300893984130236e-03
3.575110547921513116e-03
3.472814330197954331e-03
3.328640413940296434e-03
3.303784200041257578e-03
3.280836367006184640e-03
3.066657307733302359e-03
3.020639433998808555e-03
2.909390565877787316e-03
2.908030450478096048e-03
2.889272890358680901e-03
2.866124983949099123e-03
2.859467374701556760e-03
2.819561176523779477e-03
2.618840931776693446e-03
2.578831874958470438e-03
2.551364698337618610e-03
2.492974140637324500e-03
2.491215955273714047e-03
2.322659662938690410e-03
2.295334023398923860e-03
2.268256522025600876e-03
2.266566137946249282e-03
2.243478287739309081e-03
2.232597351634918459e-03
2.222546071396582813e-03
2.210989203816258585e-03
2.164074561522428154e-03
1.947220059430457241e-03
1.931708540041764859e-03
1.926667269693011376e-03
1.907965149711540005e-03
1.863450176833943541e-03
1.861662045824660511e-03
1.837966805907267475e-03
1.772251053682418398e-03
1.712310804528604635e-03
1.652655813111751377e-03
1.648045436974888674e-03
1.641502680890385068e-03
1.634870867605399056e-03
1.584132247033506529e-03
1.571156297352297067e-03
1.532900423871799440e-03
1.499831085555236587e-03
1.469923559740945801e-03
1.398201896622113102e-03
1.348591532562391218e-03
1.236338674585671198e-03
1.223654965747776255e-03
1.206341200888378078e-03
1.171821759612425885e-03
1.160161222107164523e-03
1.159787310205703803e-03
1.070394640173333084e-03
1.056037790612461905e-03
1.052905118239686735e-03
1.012279856925467044e-03
1.008499187517204829e-03
1.004196690860308149e-03
9.988738224215882450e-04
9.943238752114626298e-04
9.204297580902575130e-04
9.042075984634196338e-04
9.034028636714710190e-04
8.810597834586974490e-04
8.769791736772085270e-04
8.685315553967220712e-04
8.641003490565587466e-04
8.559986641959719438e-04
8.279005029859008800e-04
8.237495155003735385e-04
7.907380704704071017e-04
7.701810199938875041e-04
7.605205721457863584e-04
7.601848575286239678e-04
7.541521242363542895e-04
7.427827471083536890e-04
7.410763230615298024e-04
7.226327272067807573e-04
7.120170329402139347e-04
6.982920306967344221e-04
6.922231647904916393e-04
6.766182077511879219e-04
6.515433058471453319e-04
6.337806310557884829e-04
5.955673034573965522e-04
5.910819623741690992e-04
5.801421317916524234e-04
5.773746830957481166e-04
5.740707404160287110e-04
5.723086574588330316e-04
5.714518997211930030e-04
5.649170952483837911e-04
5.630340383734489668e-04
5.609069698863617748e-04
5.557467533134380789e-04
5.483856010317017049e-04
5.466325372592904623e-04
5.403778528106259168e-04
4.576455254627393603e-04
4.425288950541653621e-04
4.410207017192943005e-04
4.369778187835579499e-04
4.313820099160333918e-04
4.047694494700160837e-04
3.801284136566533407e-04
3.696749398251577591e-04
3.677794653536468287e-04
3.626478037280249020e-04
3.605840271037965856e-04
3.594695694158635919e-04
3.540486765326089419e-04
3.469865020103681452e-04
3.350876433707165370e-04
3.326764575939270083e-04
3.200927232130252307e-04
2.942848216850364892e-04
2.684701178964972348e-04
2.620427823152350361e-04
2.612676629304547574e-04
2.558081637826072150e-04
2.508256083409355535e-04
2.429773711994291467e-04
2.412332457684374608e-04
2.244344796591736535e-04
2.212655799164100893e-04
2.179930593004069089e-04
2.176655891733465006e-04
2.072092973738657944e-04
2.061473070390436345e-04
2.033798730749527802e-04
1.999399278661055884e-04
1.958330206807798630e-04
1.909947522313039609e-04
1.899528269362917000e-04
1.889497567717974863e-04
1.871961274068683820e-04
1.788068359783634063e-04
1.773069062715267226e-04
1.739907541936652356e-04
1.730160841314555033e-04
1.633432192193139912e-04
1.580956129359373534e-04
1.569532386175380683e-04
1.556839705443149662e-04
1.545022131388923783e-04
1.531935749254040324e-04
1.494429261147721204e-04
1.492795345401493046e-04
1.491791615862201421e-04
1.485184707704167528e-04
1.477326944994798177e-04
1.467796277005981899e-04
1.445203838647050832e-04
1.402941976697031517e-04
1.389232242081874956e-04
1.337796490529522475e-04
1.267032889772901863e-04
1.258808529457464836e-04
1.241407330612362934e-04
1.230704979138814298e-04
1.216623752705469524e-04
1.187479751845561604e-04
1.179993561631610362e-04
1.177107250069449242e-04
1.165375167107726516e-04
1.133204430402959300e-04
1.078860539111918255e-04
1.078615457988458463e-04
1.076660363110487270e-04
1.058738730952911140e-04
1.048468402679586525e-04
1.036005403748006896e-04
1.033570533480007470e-04
9.829556253529810788e-05
9.296248455047567997e-05
9.233621503861841372e-05
9.168841061857106679e-05
9.145716336005829791e-05
9.130586122453078490e-05
9.063303288595025411e-05
8.287793157142980490e-05
8.221973225587628914e-05
8.092726919557646727e-05
8.021867359619001261e-05
7.822881293617844022e-05
7.592379506971348756e-05
7.588251837921806660e-05
7.579569434330721755e-05
7.438257247253359102e-05
7.328304096130681163e-05
7.282563020325039213e-05
7.139548735720154134e-05
6.995452549253653070e-05
6.886905748398178847e-05
6.777712611408434325e-05
6.442449632439031044e-05
6.425368696237211534e-05
6.268418886083593103e-05
6.258832666297530639e-05
6.242896921328521019e-05
6.227905918854220139e-05
5.943670620742902031e-05
5.797033027718652941e-05
5.611508814833840128e-05
5.464540214409690188e-05
5.441140444300256461e-05
5.297826482300820836e-05
5.286414227187714816e-05
4.740766700612899473e-05
4.663179489046054998e-05
4.630154261066324523e-05
4.567641148656452949e-05
4.432942604945548968e-05
4.407597032119862809e-05
4.394151033731813868e-05
4.386511352801579917e-05
4.036367122352992986e-05
4.007142835451545586e-05
3.996747764887493930e-05
3.980642879586561358e-05
3.909258469800551173e-05
3.854462818207652199e-05
3.763964568483071287e-05
3.574486186768326211e-05
3.449083653683034952e-05
3.444416863135673290e-05
3.395820553920139760e-05
3.385636798178062192e-05
3.365197726704988396e-05
3.344981711112255659e-05
3.182379888403009244e-05
2.840995668974793158e-05
2.674481818331920832e-05
2.314235932114068863e-05
2.293597331313677586e-05
2.235316346657169044e-05
2.218009443810890809e-05
2.203784576578607965e-05
2.162839566750050663e-05
2.138360590583915835e-05
2.021933476980892062e-05
1.893633332283664391e-05
1.879131198289934362e-05
1.859795852048663054e-05
1.844907278042632443e-05
1.835462358673562461e-05
1.638509688341949631e-05
1.634637961566002857e-05
1.633912934426801363e-05
1.562061884596831839e-05
1.550786108567999590e-05
1.509168900552840594e-05
1.483838192618280916e-05
1.440112113290350216e-05
1.415959510039772129e-05
1.351429312778858396e-05
1.343258512756767966e-05
1.336028480801396054e-05
1.329769782863305202e-05
1.272628632418552348e-05
1.255911316925645318e-05
1.237415793865867117e-05
1.223758511571557836e-05
1.222617456745584571e-05
1.216892406710202155e-05
1.201833433393034850e-05
9.844233341929397845e-06
9.624859212395113568e-06
9.455091951186978745e-06
9.438928526219603340e-06
9.385571184199389068e-06
9.300837259786619711e-06
9.211287269703220826e-06
8.906655476141481239e-06
8.727544992429406344e-06
8.324167096618988735e-06
8.307551401306789490e-06
7.639949688185890847e-06
7.539380885355464349e-06
7.524904814597910011e-06
7.516358920461797069e-06
7.479960321489020832e-06
7.458881616281101519e-06
7.416555988668936089e-06
7.348805705718450483e-06
7.300417844006408176e-06
7.202754988284092814e-06
6.106034054907592136e-06
6.095355347168140305e-06
6.009114234513863926e-06
5.651900847603732310e-06
5.592250440813453616e-06
5.557682403653569744e-06
5.534366796315450471e-06
5.489394256093139567e-06
5.445149988238556064e-06
5.434250366678584726e-06
5.121597594178436566e-06
4.991269328353793470e-06
4.960982098043544784e-06
4.598988938620557336e-06
4.503911284111949003e-06
4.466210248667324340e-06
4.465234374031882750e-06
4.446787245234483001e-06
4.443751880278726840e-06
4.416277642428622778e-06
4.403339859499857548e-06
4.372166835022343367e-06
3.911480607566872785e-06
3.902870421892116805e-06
3.851546049264314047e-06
3.841654165930285764e-06
3.788213754663712277e-06
3.718674150359553315e-06
3.692615391706709284e-06
3.587818310861915646e-06
3.581404296819534494e-06
3.547743028524167866e-06
3.479319583175345851e-06
3.477224804429219666e-06
3.409985349500308977e-06
3.391889426560604153e-06
3.293091569203431569e-06
2.914121610915499906e-06
2.886558192610993228e-06
2.881396714060423729e-06
2.834726622835766934e-06
2.788513488087093490e-06
2.742944861985489403e-06
2.735910827537712107e-06
2.730729136677573191e-06
2.717753712319252924e-06
2.709595217162315843e-06
2.630527118420696660e-06
2.471327888286752314e-06
2.440638367483895445e-06
2.076854711579289335e-06
2.042472703496308483e-06
2.028395020065053049e-06
2.024051204470325892e-06
2.014233357537756978e-06
2.005495877659946958e-06
1.960076388953824730e-06
1.913235234362069177e-06
1.908303553658119274e-06
1.907432324186348189e-06
1.897278947781069196e-06
1.847749174223530916e-06
1.751791177941051460e-06
1.728854297846847443e-06
1.721594356228219288e-06
1.587102211971187110e-06
1.520428744147166641e-06
1.476332951194910272e-06
1.434651235526430585e-06
1.429443288345761532e-06
1.422829530135638700e-06
1.402967990307141436e-06
1.367822108346575599e-06
1.366387792459491160e-06
1.328276082381674431e-06
1.304813843147641561e-06
1.281999274504957929e-06
1.265557235205190754e-06
1.258569161870134659e-06
1.254124014429139778e-06
1.234242897566928515e-06
1.215627122038178504e-06
1.182339055866854998e-06
1.168053480449357018e-06
1.165866548370726331e-06
1.158896784830908420e-06
1.142500979931192577e-06
1.136062746926524215e-06
1.103788178674842605e-06
1.093756274166599104e-06
1.072980978091966355e-06
1.044504580398556537e-06
9.983791152374821936e-07
9.676071815829225271e-07
9.480335944499915079e-07
8.948393614926896799e-07
8.895803117267489406e-07
8.181784756021923681e-07
8.168604641308059342e-07
8.092480800700497773e-07
7.948765975791484265e-07
7.941360897894720723e-07
7.904325005216658149e-07
7.497832739997525597e-07
6.804503843285654551e-07
6.551840286958169938e-07
6.513732035768765672e-07
6.239608907343958651e-07
6.061827606911269500e-07
6.046864606725954256e-07
6.024070157308913667e-07
5.895496982589526872e-07
5.892583402252063513e-07
5.749734949445348982e-07
5.688446405438390923e-07
5.665518811685141823e-07
5.655522766184117960e-07
5.496564626326939503e-07
5.359923876201420967e-07
5.268696513365094712e-07
5.086394735949826514e-07
5.007894763890941975e-07
4.768851492628506913e-07
4.675228498107288555e-07
4.671992293930802079e-07
4.662613680092156458e-07
4.653560823163379086e-07
4.542417651887650178e-07
4.541345114877791257e-07
4.538114843272652562e-07
4.250279596766326255e-07
4.242324768125126120e-07
4.141720505662765520e-07
3.971025816365308283e-07
3.947592984022407170e-07
3.899880248002750268e-07
3.816682168351700816e-07
3.650737722196996445e-07
3.536931377223988618e-07
3.490547609853210558e-07
3.486093161501508867e-07
3.445059320153465093e-07
3.427619386843437749e-07
3.411845098120267562e-07
3.331001937704307255e-07
3.313631736105973514e-07
3.293365479610342951e-07
2.852160895757609146e-07
2.696342239042903421e-07
2.677318034345929695e-07
2.567016842038367680e-07
2.516381812452237289e-07
2.497242285543774787e-07
2.464460436671020586e-07
2.436249184321593924e-07
2.430666625132529243e-07
2.402647456104609490e-07
2.398812840249893251e-07
2.397115564960172001e-07
2.382031076610576224e-07
2.351337048863688708e-07
2.307419307552655301e-07
2.275284210124980666e-07
2.270039696898155647e-07
2.205285030804222307e-07
2.156176243416223949e-07
2.107424840493312824e-07
1.906730465853737869e-07
1.875247617994770632e-07
1.858847192622616627e-07
1.690732640506758631e-07
1.654791358868892974e-07
1.644903127596833953e-07
1.624551372391371758e-07
1.607954549970491367e-07
1.589369361901340103e-07
1.555503328934923337e-07
1.435611471875188552e-07
1.391263170369440663e-07
1.374057208226753202e-07
1.344715906381547644e-07
1.338927472248645914e-07
1.322996370763257355e-07
1.301111855058832567e-07
1.286445654637928722e-07
1.263605543134536734e-07
1.210021817939410895e-07
1.139204328626200169e-07
1.131700569328879470e-07
1.131072756956177875e-07
1.130599584897731918e-07
1.102157595739551879e-07
1.086294105440910623e-07
1.056721778726954400e-07
1.019378468208456464e-07
1.018893110931616167e-07
1.017573371287739764e-07
1.004681600505591135e-07
9.459129686766676730e-08
9.434885740499124507e-08
9.051756381396619047e-08
8.847431760368775380e-08
8.786993260218083889e-08
8.744092839756445498e-08
8.705068006978603238e-08
8.695111953437401866e-08
8.674113924840201727e-08
8.655433067994740144e-08
8.242993854812810057e-08
7.222913897811027884e-08
6.794008305987348494e-08
6.744210819786658945e-08
6.727837129701028759e-08
6.720322771164787210e-08
6.568282823530505596e-08
6.453156604374389064e-08
6.414295236836626956e-08
6.316462695977401527e-08
5.991779327268584390e-08
5.638445979179012804e-08
5.451131120387222848e-08
5.424448183289053147e-08
5.395287852284998043e-08
5.391101191637775356e-08
5.192152290141762390e-08
5.095268893446824040e-08
4.994923334792954731e-08
4.962294298289140891e-08
4.764590014906475888e-08
4.705630419731792542e-08
4.691451222965027606e-08
4.679411218451451193e-08
4.406635037483101636e-08
4.321711214293813840e-08
3.663778202938028762e-08
3.629046951978682711e-08
3.391020793542374735e-08
3.378547700742133637e-08
3.230003095523036276e-08
3.200397848993659479e-08
3.139367502201034506e-08
3.098889862675718634e-08
3.065913042900093109e-08
3.057673154074921509e-08
3.029443253940453556e-08
3.025556549779590963e-08
3.022685255030875187e-08
3.015045551434803661e-08
3.010527086102346716e-08
2.982211905670873886e-08
2.977077187683700140e-08
2.950166934833802678e-08
2.943499157662962563e-08
2.458126918912213819e-08
2.358575773744395245e-08
2.351057082626347089e-08
2.316689462673688722e-08
2.239768677072714605e-08
2.215117158976505546e-08
2.094575596035269994e-08
2.089168693567957928e-08
2.087205508534174669e-08
2.046816343092224553e-08
2.021763587163114030e-08
2.002238821684357132e-08
1.967751029186208495e-08
1.908524597059242972e-08
1.863752672352129848e-08
1.830895785760522693e-08
1.779887921048983532e-08
1.765374748167619684e-08
1.758793531174520960e-08
1.632844212637755493e-08
1.591571523739144914e-08
1.581465303394179627e-08
1.565622648312226545e-08
1.564642783094735855e-08
1.562734698354380718e-08
1.555266188891084330e-08
1.530498376316222134e-08
1.523123789222002944e-08
1.491382794076437062e-08
1.384828387352722815e-08
1.251024656686157968e-08
1.249631430761295094e-08
1.249006754010376388e-08
1.215503833833660626e-08
1.207771402209167691e-08
1.195667701317798183e-08
1.185541798530633767e-08
1.173619332538156436e-08
1.141260634564370999e-08
1.136442826562870756e-08
1.131339549634243279e-08
1.087040085819157486e-08
1.068923561943184533e-08
1.064149880221573163e-08
9.691463113433647350e-09
9.653433914825766394e-09
9.539064078156650667e-09
9.111495069490766915e-09
8.403504209662347482e-09
8.337439807219010393e-09
8.331663531017403575e-09
8.168339926677395226e-09
8.117615436735590741e-09
8.100023602093134863e-09
8.046810561866664430e-09
8.002885833929725083e-09
7.975069594742182900e-09
7.944396436693830074e-09
7.854036535261998574e-09
7.744272342057110356e-09
7.373652699187714947e-09
5.807309875133340108e-09
5.749947156476657833e-09
5.669161248722136937e-09
5.629894140311611469e-09
5.503947076990198313e-09
5.486210386034656307e-09
5.385653199630323570e-09
5.290556585608773049e-09
5.194069666757708024e-09
5.149588201876981216e-09
5.104302375861128699e-09
5.091747725445830930e-09
5.085459389990461683e-09
4.978535402794642352e-09
4.957045659663129518e-09
4.808633318021688866e-09
4.774703552494754764e-09
4.753481468970540373e-09
4.631843742884212239e-09
4.492949951749497608e-09
3.998598287888902995e-09
3.981351115377959721e-09
3.961582419667452620e-09
3.958027648841786158e-09
3.939877185476917618e-09
3.915616666054763746e-09
3.906903884027731142e-09
3.890857753875485151e-09
3.837164761484046516e-09
3.831922918804422010e-09
3.728395798858937404e-09
3.707870835591364691e-09
3.622490686487757144e-09
3.341320513986364311e-09
3.286235464267671753e-09
3.189914272622912790e-09
3.167399234844337064e-09
2.604443192356812614e-09
2.566238792416673722e-09
2.520106014603704415e-09
2.508995417571141490e-09
2.499794586686636326e-09
2.484928059987153949e-09
2.460262993815192135e-09
2.443462193339567801e-09
2.440235112166989633e-09
2.415037358720406385e-09
2.406836581905122681e-09
2.381100310154873764e-09
2.342206571741762931e-09
2.181051736683651283e-09
2.102527469002045341e-09
1.993940121842242852e-09
1.987355557527781027e-09
1.951385257820374742e-09
1.834828583105735475e-09
1.833282957469129716e-09
1.824890338096614353e-09
1.822070223588759735e-09
1.791291201594671143e-09
1.766938469815006132e-09
1.721504077176178557e-09
1.675378409300795611e-09
1.659778700723608945e-09
1.654994309243244985e-09
1.644519035009393014e-09
1.632179915802351315e-09
1.619103355730895835e-09
1.600836084050723867e-09
1.590926974149542187e-09
1.584129381020084836e-09
1.578415596003249662e-09
1.489543050727493507e-09
1.383279230551617475e-09
1.357957803946670044e-09
1.296122879520017981e-09
1.280856644276516720e-09
1.215599621611950003e-09
1.202055439507800277e-09
1.187261456432132806e-09
1.176085213434200975e-09
1.161722958192706882e-09
1.160775668362991103e-09
1.129376700611765684e-09
1.111208096519043601e-09
1.108153854053792494e-09
1.106729476911345149e-09
1.006879600826561280e-09
9.494107790758526156e-10
9.267767690196073017e-10
7.717725318770612142e-10
7.448418995589563655e-10
7.356889385328960286e-10
7.172999603605415820e-10
6.633555197059212360e-10
6.572958828230309919e-10
6.558533116518867402e-10
6.550587143008153241e-10
6.522591541354050148e-10
6.493496955531287710e-10
6.262923318955033509e-10
6.234833384822698747e-10
6.222255524117697310e-10
6.182578880938399327e-10
6.100356706837351277e-10
5.877842334590384711e-10
5.350069014557018487e-10
5.028032098533149147e-10
4.945954328340489288e-10
4.840990747422587185e-10
4.828631554280906977e-10
4.803923016939965578e-10
4.800140265937497940e-10
4.795735009291079877e-10
4.782829107003647916e-10
4.774618868916515749e-10
4.662769741115990618e-10
4.648434836350414407e-10
4.593136110976405921e-10
4.530490399541133094e-10
4.498374043014410506e-10
4.467408562801589162e-10
4.007555343121647683e-10
3.985386837280339140e-10
3.967926027604350181e-10
3.428865744881410360e-10
3.389278569621853187e-10
3.380178569109210071e-10
3.336079450008139925e-10
3.318679461686536518e-10
3.298310895518782982e-10
