5.173561518275187066e-01
4.810362467660930785e-01
4.528215540802581485e-01
4.100393981411535882e-01
3.911931680373832987e-01
3.744619477538977947e-01
3.589565337920959665e-01
3.439997716544842543e-01
3.294702182061443052e-01
3.152482827678295685e-01
3.036963639007118076e-01
2.917245964975163641e-01
2.810769471374565120e-01
2.721359226192029968e-01
2.636482589753860184e-01
2.558009848785666174e-01
2.485666697422070082e-01
2.415616353403702288e-01
2.349341229112531237e-01
2.290945013829065458e-01
2.235633672714678888e-01
2.182866478710144831e-01
2.139679629027035901e-01
2.094967466825324032e-01
2.044190931055387961e-01
1.989333705839304300e-01
1.943647859360202179e-01
1.903209284746589514e-01
1.865398565574946654e-01
1.829871715591026848e-01
1.795415729521467885e-01
1.758650636579682514e-01
1.726331314217401380e-01
1.694599460909418098e-01
1.660792180776041183e-01
1.629146411009261275e-01
1.599658525465325887e-01
1.570121103028050136e-01
1.543105341056875135e-01
1.515211702492134938e-01
1.490608486806649924e-01
1.467100587400541334e-01
1.443541178199068686e-01
1.419541839792187732e-01
1.396076262996679140e-01
1.374456317540715677e-01
1.353635546090733444e-01
1.331496558503103278e-01
1.310585785208230603e-01
1.291382895913791018e-01
1.272528883119675158e-01
1.254760754523003841e-01
1.237143947536709920e-01
1.220374299660142853e-01
1.203449465617223435e-01
1.187518909849227255e-01
1.172266986004113498e-01
1.157852405073801078e-01
1.143515198470345939e-01
1.128233614785073141e-01
1.113299066965591916e-01
1.099579457740377381e-01
1.086444096776156970e-01
1.073718502494194066e-01
1.061273872910866306e-01
1.048322524112305643e-01
1.034946489958781107e-01
1.021778722218071866e-01
1.008147542700456173e-01
9.937140319279585965e-02
9.781325104445984242e-02
9.617967164342290654e-02
9.460969791432796705e-02
9.296925057476654319e-02
9.136697802129982449e-02
8.975418180595678974e-02
8.806031621790490205e-02
8.624158769892474596e-02
8.441198757026163735e-02
8.248372099042319827e-02
8.043689414360211121e-02
7.843384943504290441e-02
7.648278606411534897e-02
7.462253942630833747e-02
7.270758475021592282e-02
7.098280060121626989e-02
6.905937848015446245e-02
6.704634220746441553e-02
6.512370321515752181e-02
6.315296284102527025e-02
6.116561341711382327e-02
5.907146407337424132e-02
5.700170851340453926e-02
5.491764183920094800e-02
5.295940944450096971e-02
5.107154157346654316e-02
4.925650554214866528e-02
4.734366635201586737e-02
4.548580223517045135e-02
4.372428208578089948e-02
4.199893568114055481e-02
4.032221635102471030e-02
3.868477974476759729e-02
3.705702696565042753e-02
3.555313212725463162e-02
3.408436307561841377e-02
3.271068531272359331e-02
3.154595548476666483e-02
3.049165362093070666e-02
2.944457316888835635e-02
2.840929493009091214e-02
2.747127451263421324e-02
2.653703685666072842e-02
2.557802249576704087e-02
2.469481960695502770e-02
2.383353065240590568e-02
2.305041948612335592e-02
2.236394677121646829e-02
2.169251603076472606e-02
2.098078587821324351e-02
2.027291290830884191e-02
1.962308628767416019e-02
1.898976973341513080e-02
1.838308507616291665e-02
1.781156710144395430e-02
1.730632314850639661e-02
1.683445809953514061e-02
1.640785898099062987e-02
1.599994435287609498e-02
1.559800194928577868e-02
1.518674119375273274e-02
1.477886073569698727e-02
1.439279747242917448e-02
1.401883785355712529e-02
1.365326352248832399e-02
1.332716938531552583e-02
1.300080477047223237e-02
1.269684437599865635e-02
1.239549230850529524e-02
1.210618757801500134e-02
1.181053455079621693e-02
1.150207094853086635e-02
1.121642548547597401e-02
1.093428341925346998e-02
1.065145303707517623e-02
1.038081902195184258e-02
1.011378140170348522e-02
9.854032485664182897e-03
9.615552945120607944e-03
9.369267054370590195e-03
9.129199722374213566e-03
8.922974555832850416e-03
8.730129171674292504e-03
8.524643336167724017e-03
8.320956216259178112e-03
8.112543590375075053e-03
7.890634136232156301e-03
7.679746300244930796e-03
7.478868620044055657e-03
7.292372566177351620e-03
7.126091628937058879e-03
6.969407327066683144e-03
6.807711045754049131e-03
6.640094999124791612e-03
6.472148913996675704e-03
6.309111421563750981e-03
6.146753608290586764e-03
5.983311943127513424e-03
5.818073232421496106e-03
5.654902262026269451e-03
5.507638868999877729e-03
5.366223174778721704e-03
5.221990569257230035e-03
5.075291449822947124e-03
4.926261961993709006e-03
4.783757617960601553e-03
4.643865243216309564e-03
4.509362274220804316e-03
4.379825191761912290e-03
4.255820710833978053e-03
4.145586893827311360e-03
4.034129652851438722e-03
3.910501242029250195e-03
3.788975860953930960e-03
3.674216136372850192e-03
3.567395006852815739e-03
3.470134202000655938e-03
3.379026580160207020e-03
3.294638537940629448e-03
3.204992646513556490e-03
3.112975055155313940e-03
3.022993884177409534e-03
2.940993890923610746e-03
2.856916280238700010e-03
2.767292053727660964e-03
2.680852653412717657e-03
2.603668607240042492e-03
2.519773796652342943e-03
2.445251676737335723e-03
2.365554133196632290e-03
2.287283272134212932e-03
2.213370724572672355e-03
2.143769431155172992e-03
2.082104937532274890e-03
2.026672855281265277e-03
1.968969761279917245e-03
1.911111119429135478e-03
1.854976532146748042e-03
1.802921391459061645e-03
1.753400597013710397e-03
1.708064281231232986e-03
1.666549640769833919e-03
1.623940552865559255e-03
1.581324142078844620e-03
1.540871342134033425e-03
1.502895166058823995e-03
1.469340611579170739e-03
1.440266660320122091e-03
1.412737098751675954e-03
1.383970560456262988e-03
1.355692098911686488e-03
1.330572310478084132e-03
1.306463942801044161e-03
1.282336593714743407e-03
1.257667880562517940e-03
1.232848194390625055e-03
1.208645483453654659e-03
1.186290930113657535e-03
1.165061872520430693e-03
1.143084577391612977e-03
1.122885499122654347e-03
1.102251536503275238e-03
1.080364127722649187e-03
1.057805611186576379e-03
1.035053812821553525e-03
1.013869532167394061e-03
9.943900339766100979e-04
9.743332316403388246e-04
9.532596947655151134e-04
9.314577930591695599e-04
9.090106483191672578e-04
8.861813884731357038e-04
8.628227832185468354e-04
8.381687348231715243e-04
8.145224264321884212e-04
7.923760221627753220e-04
7.701870319265166371e-04
7.476138771642697666e-04
7.244003042230989049e-04
7.010385988946987723e-04
6.784985979237643551e-04
6.557736621635422165e-04
6.348287608267650208e-04
6.118216823515252407e-04
5.869744305898960766e-04
5.616742550259022681e-04
5.365007541252573339e-04
5.130150877658488625e-04
4.929230197018091234e-04
4.747622318791135045e-04
4.549336445603764027e-04
4.356893502383874547e-04
4.172217071744378867e-04
4.004205709126637883e-04
3.842063265681396099e-04
3.694598029423456836e-04
3.541423563701332714e-04
3.387161840712140824e-04
3.247919208468606788e-04
3.119884208664713615e-04
3.000469798056009047e-04
2.894880467914561981e-04
2.798974591249682215e-04
2.705999469305510091e-04
2.617197102045302690e-04
2.537554758971475211e-04
2.465263691127325164e-04
2.386895322021633523e-04
2.306291969740737878e-04
2.230610066325991307e-04
2.161981339596687353e-04
2.094083640784972339e-04
2.021535878333365597e-04
1.953116221770750114e-04
1.894694298124376737e-04
1.834487021358324765e-04
1.771638791367020330e-04
1.711085903551460641e-04
1.654921183452492028e-04
1.599255325561550973e-04
1.544949789697571763e-04
1.494890649738679113e-04
1.446093841291065587e-04
1.395105653392391244e-04
1.348599077516781644e-04
1.310179352727583381e-04
1.266485828531000238e-04
1.222773759501191888e-04
1.182448340331116864e-04
1.143683502262114081e-04
1.105055761917082374e-04
1.068464001170514160e-04
1.032686868945671601e-04
9.991771921547440666e-05
9.658213405249752774e-05
9.341885466335407811e-05
9.027841026872989664e-05
8.706741684587002150e-05
8.391266823290067340e-05
8.100864692100647726e-05
7.830860628867141772e-05
7.576126726259493059e-05
7.321021803541315502e-05
7.053089775404827006e-05
6.785241024339601693e-05
6.534347644489361647e-05
6.298661476471811870e-05
6.083901695765020723e-05
5.874402396768835374e-05
5.669395294642754564e-05
5.486455572646179173e-05
5.300984710501911279e-05
5.117515642043251190e-05
4.947977477032646589e-05
4.793333434855154751e-05
4.653375058423106996e-05
4.504960251921279429e-05
4.356160985758562702e-05
4.218025968997497451e-05
4.086751467594049755e-05
3.976598703254590221e-05
3.864671732401450736e-05
3.751583730503457433e-05
3.643441903137060041e-05
3.544740607052526276e-05
3.443844129521393769e-05
3.356675852152391529e-05
3.274366019216971916e-05
3.186839399666464677e-05
3.099705675516303013e-05
3.024816725617062647e-05
2.943670853181695171e-05
2.867997473771981707e-05
2.797655813215327156e-05
2.730421948593025953e-05
2.664499427997355082e-05
2.609290224240344260e-05
2.554910695900822833e-05
2.500291103343110381e-05
2.447864631006934510e-05
2.399549944359237572e-05
2.355123105543443433e-05
2.309885970945024406e-05
2.263949644186655276e-05
2.220969002816870522e-05
2.182603230411876862e-05
2.144844668661365723e-05
2.105388639490667223e-05
2.067310813986804560e-05
2.028297021105985481e-05
1.990435439235060060e-05
1.953479017691885084e-05
1.918072636535467370e-05
1.886855798194671518e-05
1.851544558910009038e-05
1.815299872082570731e-05
1.782110899365769424e-05
1.750935347978106087e-05
1.716314042231331869e-05
1.683263973788313861e-05
1.648891829687617436e-05
1.613791227371422077e-05
1.580378180107309952e-05
1.546554725541076226e-05
1.511487265709097910e-05
1.475743406207327814e-05
1.440615964661988218e-05
1.406281968599832870e-05
1.372753857017422897e-05
1.340570527182076518e-05
1.308890815257924272e-05
1.279726287891692553e-05
1.248354650706282214e-05
1.217730939424524510e-05
1.189315101731201770e-05
1.157653270657754506e-05
1.123413863043939950e-05
1.090574779750140295e-05
1.059424310146008342e-05
1.030910418562951525e-05
1.002565037865472321e-05
9.733171898682892956e-06
9.449956859584568398e-06
9.161825919111657362e-06
8.890688614924743827e-06
8.661435310759656590e-06
8.412438024755001964e-06
8.125959708581106695e-06
7.836941240023843105e-06
7.564681182360074869e-06
7.293186243974520801e-06
7.062752339069096254e-06
6.822904834354201116e-06
6.573277474069095493e-06
6.322627718818975191e-06
6.083358887326093820e-06
5.849011934383720024e-06
5.615093991534320818e-06
5.394876243276428476e-06
5.183391883427399792e-06
4.988270420605671770e-06
4.792551306704861686e-06
4.618174506006721789e-06
4.453379976203957696e-06
4.296824796923069234e-06
4.152032992669414000e-06
4.004004561685893441e-06
3.846416629901293245e-06
3.707245118963014871e-06
3.587724502437316037e-06
3.468880020402465472e-06
3.340305399115428373e-06
3.215072159410188251e-06
3.094103654021876815e-06
2.994957917875602350e-06
2.903940722321208837e-06
2.803681186086687559e-06
2.700660643730121113e-06
2.612857532923998285e-06
2.536254910240163367e-06
2.448114606983827658e-06
2.357049973354057609e-06
2.271695449735984071e-06
2.188764383873974296e-06
2.115682161817861457e-06
2.047210181748526027e-06
1.976929485507202686e-06
1.907631907250102543e-06
1.847259208684073891e-06
1.787784927294305320e-06
1.723808034143925553e-06
1.662864208358848863e-06
1.605826248967625950e-06
1.553216846921332482e-06
1.511696800686557370e-06
1.470231613811264154e-06
1.423587399836657792e-06
1.379109493483363884e-06
1.340036702380090816e-06
1.305390387201753076e-06
1.268088552328216542e-06
1.231427354794536062e-06
1.197491499644996686e-06
1.167879534074167849e-06
1.139457876281826428e-06
1.110282654895033410e-06
1.080661943707446997e-06
1.049317022017943730e-06
1.019966671289966365e-06
9.922512644991758259e-07
9.695754357542230588e-07
9.475586859997225908e-07
9.243655782560584418e-07
9.025721447689596011e-07
8.822201971736111497e-07
8.625426213618946395e-07
8.430636478515883710e-07
8.248243192202066961e-07
8.062045993204443824e-07
7.869632948661191258e-07
7.674445166884679217e-07
7.485878860333652791e-07
7.301584628708517264e-07
7.161583210612542722e-07
7.013861866748220876e-07
6.862690167600740510e-07
6.725982762631567459e-07
6.595748192468699034e-07
6.461836182686086813e-07
6.326826452172567885e-07
6.184193531293198920e-07
6.043855724912356516e-07
5.902025675511913101e-07
5.761816732976182566e-07
5.630576676855703835e-07
5.507798592731258572e-07
5.371623796360866191e-07
5.237771963373499711e-07
5.114764336723298104e-07
4.990948685534717965e-07
4.848987267838139469e-07
4.709354169522152768e-07
4.579628394678902345e-07
4.457698029373115423e-07
4.336207265674978083e-07
4.208763370779393606e-07
4.085808629888923577e-07
3.983605121978335770e-07
3.872200060578686203e-07
3.766088200318995154e-07
3.666109183012189649e-07
3.557809185141724198e-07
3.443551205282670536e-07
3.339659887402882906e-07
3.246212082849783512e-07
3.146003128921612661e-07
3.046315823698378949e-07
2.960563889794147659e-07
2.873743225025135387e-07
2.782917539359408528e-07
2.701683015916562402e-07
2.620720918453326659e-07
2.536650237879299721e-07
2.453884494209795447e-07
2.381269436825127623e-07
2.311857070130631131e-07
2.232087686529098066e-07
2.154469319968095991e-07
2.080731702138942101e-07
2.015038626966027592e-07
1.948172644823125988e-07
1.886136171101346758e-07
1.828318884880829328e-07
1.768445935422167581e-07
1.706558482212622054e-07
1.648345193942318800e-07
1.596217205735835952e-07
1.541165167904372439e-07
1.488110611416830203e-07
1.438734784413334882e-07
1.395186280930594012e-07
1.355150166771993321e-07
1.314090911911899689e-07
1.271629354301583908e-07
1.233100155909487469e-07
1.197310310331422107e-07
1.161623321449537986e-07
1.126053611240563734e-07
1.094650312317429612e-07
1.066676219563478837e-07
1.032954966642078724e-07
1.002101284918517663e-07
9.744619531358296964e-08
9.442456682153540342e-08
9.142910131958308263e-08
8.880080463746215245e-08
8.627025812830300586e-08
8.379955334538840690e-08
8.146338926316691751e-08
7.908163174141540768e-08
7.677161280286456268e-08
7.476356211133847702e-08
7.260794334834453867e-08
7.044027198118104033e-08
6.844751901722696343e-08
6.655133758103460135e-08
6.466319444712832803e-08
6.271857257005615454e-08
6.070448423693332085e-08
5.862098853846601335e-08
5.658021322038956821e-08
5.452317871005479755e-08
5.259996071714788445e-08
5.089464936210770073e-08
4.919305918064650304e-08
4.743183664012009441e-08
4.570000004034171653e-08
4.396635120839431244e-08
4.225191116831482504e-08
4.060136470343292149e-08
3.913213010231989029e-08
3.776703883359516213e-08
3.636209743269643748e-08
3.503252588859033337e-08
3.386781121587531182e-08
3.264977550019959945e-08
3.158218960337752938e-08
3.060026535529492911e-08
2.957257468039639646e-08
2.862125857147330515e-08
2.773354975042206391e-08
2.693173988964995621e-08
2.616451182833380092e-08
2.541661535656687855e-08
2.461748609416899784e-08
2.377210943258409472e-08
2.300381068298975491e-08
2.238401217987525591e-08
2.169312320185095955e-08
2.094744940532083256e-08
2.019578073199058044e-08
1.948659515030076308e-08
1.881779446621161998e-08
1.815492245071225085e-08
1.748427805005170182e-08
1.683308502421259881e-08
1.623076087583257483e-08
1.570207162833569747e-08
1.514836634894984577e-08
1.458047510256291302e-08
1.406325900166770177e-08
1.355870657602695750e-08
1.302059225276616921e-08
1.249397859007051139e-08
1.200672495155093925e-08
1.158047958077107905e-08
1.119301294626982377e-08
1.080058550262314569e-08
1.037771440158442671e-08
9.973416223259038045e-09
9.580565044269399638e-09
9.198723467153944693e-09
8.818672190407638891e-09
8.467988730279880866e-09
8.136154513085642078e-09
7.834852251491299506e-09
7.529844926315775565e-09
7.227909491422155617e-09
6.965285758800804603e-09
6.720199083670282323e-09
6.464289076313701709e-09
6.217740779658556631e-09
5.994351081235215924e-09
5.791660229704479207e-09
5.574758158346863790e-09
5.373177625020175263e-09
5.188544926225432790e-09
4.980706743651289596e-09
4.787021287829915275e-09
4.604539436128257367e-09
4.420174972257775483e-09
4.236258992405584177e-09
4.062696461239223667e-09
3.912092361809116015e-09
3.770209969971872160e-09
3.632038077844068639e-09
3.492276622013151745e-09
3.358850942449067851e-09
3.240547890841621792e-09
3.118133120880454463e-09
2.995004904969209783e-09
2.879944041767936524e-09
2.776520278480289974e-09
2.682755072671482884e-09
2.601201965037952327e-09
2.524074456693649042e-09
2.442816440881891486e-09
2.357725628386292280e-09
2.278978238346216085e-09
2.209262166894484630e-09
2.137425333485653292e-09
2.071742740576117573e-09
2.010302476080940123e-09
1.944477378373621677e-09
1.883311721974197220e-09
1.823863275246368463e-09
1.771547316200127690e-09
1.728237708052219773e-09
1.684341160819445641e-09
1.638705448052657417e-09
1.594170917014800140e-09
1.549645322056758285e-09
1.506822137713902943e-09
1.465779218048358457e-09
1.426662624697451993e-09
1.394091832035028270e-09
1.358096869897545626e-09
1.320791552610597134e-09
1.283712271143296871e-09
1.251760108743883745e-09
1.221837951005098021e-09
1.192298885161804390e-09
1.163116551783336620e-09
1.136618077196245959e-09
1.113121661325599046e-09
1.086720937094150900e-09
1.060089828630816399e-09
1.035060396398509446e-09
1.011120144768290212e-09
9.881574568388584460e-10
9.662659480031561869e-10
9.479947941888759032e-10
9.307979133779104495e-10
9.108075639554954560e-10
8.911576024432296356e-10
8.729710078117499242e-10
8.525875720297151907e-10
8.322375774584868301e-10
8.132446443902924993e-10
7.952911997140714978e-10
7.788250758386068404e-10
7.622025327748599944e-10
