4.358358129821888749e-01
3.871266040983684098e-01
3.824381838537102007e-01
3.781663257120852495e-01
3.773741324317969603e-01
3.768098247302574255e-01
3.739864842947250856e-01
3.722002300974933120e-01
3.709646952574108814e-01
3.666119114447927707e-01
3.652615191765821168e-01
3.609229857064580882e-01
3.578739987157356639e-01
3.557114645584351087e-01
3.520965082792033018e-01
3.517151487068012061e-01
3.462515068208372737e-01
3.434631861588277602e-01
3.419463708161488147e-01
3.356712556195929342e-01
3.248525305155507970e-01
3.226777972924763649e-01
3.216126905940790981e-01
3.159464318152296891e-01
3.066339891599628165e-01
3.036238463739439064e-01
2.960883588909222763e-01
2.952831448469449005e-01
2.945314375100101523e-01
2.847151888531074815e-01
2.812968857293106084e-01
2.741450676570580391e-01
2.739216222386249289e-01
2.496461850121105830e-01
2.478181384755673011e-01
2.396959653595742978e-01
2.382226863326503963e-01
2.336939362846542911e-01
2.327780459110652123e-01
2.244398691136033352e-01
2.191254455903821619e-01
2.094424589883051580e-01
2.065913351387306529e-01
2.033346117063896119e-01
1.955591072702481115e-01
1.952896693757947277e-01
1.935489035029556437e-01
1.916796933831687588e-01
1.808037975572510392e-01
1.573392421318031420e-01
1.566034350641365425e-01
1.564147847650291245e-01
1.559254495412754626e-01
1.517799441534959937e-01
1.476650805534706901e-01
1.440301605119292394e-01
1.334199136882335823e-01
1.333099791387207800e-01
1.328705947391397302e-01
1.290544685014447801e-01
1.258963731354893478e-01
1.258147922111138295e-01
1.249107454239200277e-01
1.242535888064458111e-01
1.143002188911082934e-01
1.130551077560295048e-01
1.108614694251620625e-01
1.015883433525861385e-01
9.991386608753623222e-02
9.644171903754059083e-02
9.109467038208456102e-02
9.079325454114597904e-02
8.974155156929182475e-02
8.921040011486949806e-02
8.898322390396998238e-02
8.613807735901496399e-02
7.645406447262355354e-02
7.495821627979369628e-02
6.399660657195657687e-02
6.388648539923194591e-02
6.365321488216946211e-02
5.860207132399630758e-02
5.603795166899165625e-02
5.601738235706493763e-02
5.579781436124182231e-02
5.264834557139932286e-02
5.200865512674525404e-02
5.145946235218067794e-02
5.125387677340367126e-02
5.004549198592562337e-02
4.988662343143372702e-02
4.614276061561442543e-02
4.339179162896707881e-02
4.202524476615346338e-02
4.199137416210883128e-02
3.542908405652585996e-02
3.537013815573725184e-02
3.497152244650555269e-02
3.461283152339110492e-02
3.451566331559176304e-02
3.372757931082655952e-02
2.842454083157301345e-02
2.839672940571706314e-02
2.795870748381919582e-02
2.764495576155082818e-02
2.415592637583480196e-02
2.343065273881386398e-02
2.307896727760109373e-02
2.212703425587014827e-02
2.175814381773830478e-02
2.158677544170094914e-02
2.073372987994010277e-02
2.003200730502559604e-02
1.959247638643288325e-02
1.955807436359207133e-02
1.947650744577514650e-02
1.941345853666841606e-02
1.887308613458499665e-02
1.749385404803209185e-02
1.600943517908495067e-02
1.551236786998752212e-02
1.546527670144346236e-02
1.545822377483658215e-02
1.521829732512476087e-02
1.507480897686893848e-02
1.496162440433589959e-02
1.406821999006882193e-02
1.311907208644874472e-02
1.308310992086300119e-02
1.292824885956984741e-02
1.135200391475595441e-02
9.972380884861083150e-03
9.783503685882601400e-03
9.779089653886042025e-03
9.777424915774051914e-03
9.123258358866922699e-03
7.937152150864937999e-03
7.761414929520568488e-03
7.699540698815174507e-03
7.285292802335978542e-03
7.275798746001219987e-03
5.834136517486115774e-03
5.810518494990874437e-03
5.725414323554866777e-03
5.206658757408910189e-03
5.022676126585335320e-03
4.877898252942615073e-03
4.873378999703328190e-03
4.871705003780036659e-03
4.765076804196351906e-03
4.760702278398376737e-03
4.685950069626923509e-03
4.577184248647917994e-03
4.482432227821342256e-03
4.070934181957280851e-03
3.842439723449311319e-03
3.756657797440997402e-03
3.745314951710183773e-03
3.744338482882755316e-03
3.724725332690904684e-03
3.114607330873167112e-03
3.064011169708050729e-03
2.998959359004695156e-03
2.980570609129673011e-03
2.876240640221555418e-03
2.854269715471725692e-03
2.760580136655921279e-03
2.717068194424976553e-03
2.684464596544623282e-03
2.211813141458911398e-03
2.169894255486985203e-03
2.164263485269307848e-03
2.089637567917628815e-03
1.998218703819265411e-03
1.993564230966127487e-03
1.886726372513737983e-03
1.595469959289624699e-03
1.352664266333051266e-03
1.344356072482315182e-03
1.330264894037963726e-03
1.328665743912020884e-03
1.328285773089472009e-03
1.319761471192203769e-03
1.309668568634664689e-03
1.309372085772045552e-03
1.256239587036742707e-03
1.031852629210184375e-03
1.018251514008714463e-03
9.428885594750744661e-04
9.313384854013469173e-04
9.260746984877699399e-04
9.217205431324414786e-04
8.737200851255040070e-04
8.701669226247897354e-04
8.643437587986036504e-04
6.809306978138439815e-04
6.527603936375706234e-04
6.179002036874993789e-04
6.178368508338637297e-04
6.162691930970597360e-04
6.093005028953589388e-04
6.005397741227985016e-04
5.938447365560967691e-04
5.868290286094383608e-04
5.759625442698431286e-04
5.458099390830035980e-04
5.446827058552187843e-04
5.235186556726711569e-04
5.190784607683342601e-04
4.739160440116895910e-04
4.735520569857158105e-04
4.561317278496679339e-04
4.542288193218855532e-04
4.377121447223485660e-04
4.344682002095198356e-04
4.339932745845481634e-04
4.172428303562504071e-04
3.779506531915431157e-04
3.499771975264172200e-04
3.388999582118524569e-04
3.383657606490347836e-04
3.373077149919658218e-04
3.368172941234738919e-04
3.194874429411080261e-04
3.179171995987699383e-04
3.083723265423351178e-04
2.110244274834274314e-04
2.071925235428858335e-04
2.066156670033166194e-04
2.023482937185642355e-04
2.021877416609823511e-04
1.999296627570576251e-04
1.997112660355223463e-04
1.894598159798459238e-04
1.865881387421159776e-04
1.791665926946112977e-04
1.689648978685381084e-04
1.563168342612209090e-04
1.509744791593174294e-04
1.426810243876736007e-04
1.281839270457568942e-04
1.278876617595788880e-04
1.277578303918042993e-04
1.276849073649624687e-04
9.146416632608013702e-05
9.132210772966342389e-05
9.030225095164434290e-05
8.753554032383551386e-05
8.674463102575787315e-05
8.596823698428705351e-05
8.561698776189124332e-05
8.548775696302319074e-05
8.530792921187610608e-05
7.559101590818517139e-05
7.527613122109546109e-05
7.389788920879868941e-05
7.330866561143228736e-05
6.241537583219272374e-05
6.237263558133546485e-05
6.211002528255862582e-05
5.183744027383215409e-05
5.053992447961488910e-05
4.924300358349217540e-05
4.743014318770642735e-05
4.693034348899101377e-05
4.672648010658890413e-05
4.540329818605092307e-05
4.516911975916976517e-05
4.416444165235155095e-05
3.693189498739342998e-05
3.684668564540279155e-05
3.546380032137170412e-05
3.476499652088993697e-05
3.400859642310655781e-05
3.342376621998913080e-05
3.333811403948287906e-05
3.317705482058446413e-05
3.286033254058420134e-05
3.262214266209807089e-05
3.220834335677474859e-05
3.216039178351974022e-05
2.329232930903667067e-05
2.128248940742521070e-05
2.093673794502526754e-05
1.920204889641284856e-05
1.790275448221741026e-05
1.767632459171621507e-05
1.762167624859959134e-05
1.753590101168430655e-05
1.711763716525468952e-05
1.663214714870605776e-05
1.661834462389117392e-05
1.616369031835110761e-05
1.562966772474251486e-05
1.029899048434702917e-05
1.025442459839326649e-05
1.009919303527484700e-05
1.002400895562087648e-05
9.475011306267189825e-06
7.937982538848683002e-06
7.888787293864221080e-06
7.805580833180342310e-06
7.803763386920867638e-06
7.668046758501318670e-06
7.385742675805852933e-06
7.175857058807227544e-06
6.403023578909729605e-06
6.057872848278485615e-06
6.055106999753341291e-06
5.494948826702766703e-06
5.487113142408511259e-06
5.484473886607151625e-06
5.464289002523524015e-06
5.452778488967672053e-06
5.150608920997734967e-06
4.486437046737048117e-06
4.198209759499253319e-06
4.191502462674498532e-06
4.144537742553433317e-06
3.936759547198243032e-06
3.921330962645900233e-06
3.890522865634537470e-06
3.855996987172884706e-06
3.832244880233102286e-06
3.819461704477724482e-06
3.812398768271572629e-06
3.704773518640730400e-06
3.648912896868858550e-06
3.619430880447543219e-06
3.228874205563070275e-06
2.700507138878930594e-06
2.568771482619338178e-06
1.582443522502040231e-06
1.549214417083248538e-06
1.441954357525416913e-06
1.425544851245318225e-06
1.422573584010733221e-06
1.420447684348579211e-06
1.296005435821454756e-06
1.194571865247696440e-06
1.193336102270813545e-06
1.191568437902643112e-06
1.190775141500035977e-06
1.166514782576297517e-06
1.130429976183966779e-06
1.123278870948345619e-06
1.058394912906786325e-06
1.052829231170923786e-06
1.033353047422003422e-06
6.689982485082049113e-07
6.438984622377697929e-07
6.438183288434859706e-07
6.399328836330920813e-07
6.334003746494387167e-07
6.325178316001986216e-07
6.311440282770037280e-07
6.237243931349605422e-07
6.119811101933819707e-07
6.107139204913564271e-07
6.104640093720991509e-07
5.935636260145921546e-07
5.922321586785263266e-07
5.570525834760471026e-07
5.233443126651490839e-07
4.884735223792271824e-07
3.884129742445813561e-07
3.633269838120221368e-07
3.519523601619708672e-07
3.506769268961123990e-07
3.471580737415734717e-07
3.449743466450157882e-07
3.448411573848687667e-07
3.348088183167077022e-07
3.278455812670632663e-07
3.254657554321665020e-07
3.215620477174196906e-07
2.969614206934304007e-07
2.466822715432818654e-07
2.366466175065710999e-07
2.255930100493292239e-07
1.779587488734304359e-07
1.691087006571640860e-07
1.522390541995141918e-07
1.502578804807055535e-07
1.485204127505633539e-07
1.434818113833684519e-07
1.428308109755735215e-07
1.417602837858052908e-07
1.416332881588634852e-07
1.416119085459520106e-07
1.406146334698668950e-07
1.369861422387988559e-07
1.231240625481574226e-07
1.222433771400304107e-07
1.203831931972053492e-07
1.174495608405312562e-07
1.172491174134173866e-07
1.081079626394047625e-07
9.387521518805915251e-08
9.336675214144831345e-08
8.523972949938578109e-08
8.230226257758487353e-08
7.896587835209480240e-08
7.598917750249880183e-08
7.595265756693809578e-08
7.591413617291529542e-08
7.588225327308226618e-08
7.360192767160746026e-08
7.355057555403001154e-08
7.085821228724607747e-08
6.770348253370218111e-08
6.347464077784447246e-08
6.343429288625332347e-08
6.304429054532101422e-08
6.053368017390144441e-08
3.844100367971756060e-08
3.821614829928946063e-08
3.696495417706898749e-08
3.225017116532387659e-08
3.076608295477369056e-08
2.947687352146330953e-08
2.925461304023498346e-08
2.873499956359855603e-08
2.856496692381333114e-08
2.855704530625640878e-08
2.852273282309412921e-08
2.810377341306553479e-08
2.809621818917018316e-08
2.806614142841268796e-08
2.776172727836114854e-08
2.724030778487643178e-08
2.686163459316099171e-08
2.682378808865550192e-08
2.653592818685482005e-08
2.587955340082565269e-08
2.196852953534983177e-08
1.928705965457169746e-08
1.705589041121976083e-08
1.474379116489964700e-08
1.407245868642882408e-08
1.406827167355780478e-08
1.403795455053302123e-08
1.175378146838776466e-08
9.646166335176284912e-09
9.613254824215556870e-09
8.959156680404416876e-09
8.905597994197916667e-09
8.400069094669781773e-09
7.918849846927783957e-09
7.306102683464382307e-09
7.274730918724042190e-09
7.009837033355150511e-09
6.951682991036594629e-09
6.899767710604803012e-09
6.412700761366682353e-09
6.103322015063626685e-09
5.467998352415560979e-09
5.348613200484494974e-09
5.021344587076237405e-09
4.964770127729851581e-09
4.957305569084792927e-09
4.955090939043697888e-09
4.952924564884338914e-09
4.946273177227874392e-09
4.943667838779143914e-09
4.941862684997549065e-09
4.927914818201108982e-09
2.892186437539208381e-09
2.856861101300337369e-09
2.814733465778981095e-09
2.782433855855745418e-09
2.779124439691658649e-09
2.718672939705374342e-09
2.717204903308503243e-09
2.691470152376687656e-09
2.673284961526826379e-09
2.668963814505648732e-09
2.667512680222609575e-09
2.664051861606576791e-09
2.525352254104693191e-09
2.252100840038050026e-09
2.202893633416609000e-09
