4.897642866400385153e-01
4.516880417826041327e-01
4.484291180876609495e-01
4.457264329110559031e-01
4.449183970706582780e-01
4.435266911070517848e-01
4.372878261343649542e-01
4.338471232740575001e-01
4.317087109120953392e-01
4.319608172110676048e-01
4.306709779719672393e-01
4.285149389116741370e-01
4.247950985824796577e-01
4.215062045928076873e-01
4.144472186553124216e-01
4.078295574457834749e-01
4.011481622020829363e-01
3.899696928665475903e-01
3.752010380660658062e-01
3.727129031811948212e-01
3.648838037728323602e-01
3.497643282646770713e-01
3.396116900934199045e-01
3.383488584817934686e-01
3.284937484377106198e-01
3.182470274553022005e-01
3.169155790075049439e-01
3.062381288754414399e-01
3.056521506307973701e-01
2.898038989316085723e-01
2.886863178621983383e-01
2.798475599679119963e-01
2.773504889454690425e-01
2.623807679282111893e-01
2.620048636321902213e-01
2.413572771277603390e-01
2.395479493012712402e-01
2.294646008613931976e-01
2.287229640480518134e-01
2.199897647713908999e-01
2.190992793208746126e-01
2.134300884528431141e-01
2.060126893046210772e-01
2.028821121403227290e-01
1.956955909967845464e-01
1.950539840077193388e-01
1.814940561282371856e-01
1.800228330200535631e-01
1.761747317629116516e-01
1.682334924982394897e-01
1.639756624917825534e-01
1.609748176063809377e-01
1.586846649384012764e-01
1.577521738187618039e-01
1.574223523662262592e-01
1.512470127482003490e-01
1.472897357992221379e-01
1.392990095373277393e-01
1.390277824235352788e-01
1.295681347323577870e-01
1.280699397070161338e-01
1.278902735762163234e-01
1.260093307695013265e-01
1.180804967388006527e-01
1.179729687632340290e-01
1.179035950244279041e-01
1.173742126316177636e-01
1.161741998111994051e-01
1.088284306655253469e-01
1.031874762784898841e-01
9.798416583704962213e-02
9.779900434986973923e-02
9.576321591423894719e-02
9.382828791320120543e-02
9.197858316454912697e-02
8.906184524751488418e-02
8.887657300614082434e-02
8.884840302240062937e-02
8.774183519538335252e-02
8.470270681157190951e-02
8.400155527162582458e-02
7.581086498198205681e-02
7.556868560450222261e-02
7.416716419245539260e-02
6.693120593141818619e-02
6.537503230129428078e-02
6.488637719356915579e-02
6.427660961556755370e-02
6.310979885082643182e-02
6.100497343719138432e-02
6.096446201304077384e-02
6.040309808706958994e-02
5.984724325266797124e-02
5.962224196902925211e-02
5.843712667302752156e-02
5.757778854479026626e-02
5.547276743199423127e-02
5.526305566744220410e-02
5.080134529201516674e-02
4.877403960598839655e-02
4.872458281120294055e-02
4.761573614243641561e-02
4.748448254352904963e-02
4.741006269157340552e-02
4.716134616802978435e-02
4.685363046191824699e-02
4.602540771340447173e-02
4.512625653308167256e-02
4.497082200985453443e-02
4.322189061122606868e-02
4.126245922923169052e-02
4.104940665710642145e-02
4.083917006692866503e-02
4.066041102264901508e-02
3.801685565255995269e-02
3.784024166867042821e-02
3.768215013822643483e-02
3.718552634002040419e-02
3.713240814680125040e-02
3.705516037855244998e-02
3.684890733420616293e-02
3.622501428721016520e-02
3.589480593577601408e-02
3.445538528470219047e-02
3.377374116005989885e-02
3.371460083754732051e-02
3.360874056056347564e-02
3.303701904959892993e-02
3.222560388457137298e-02
3.133400775982922437e-02
3.060992769567617497e-02
2.967160470942215716e-02
2.701134116504676219e-02
2.692326844638335756e-02
2.679503017020059066e-02
2.673935688216141915e-02
2.320411245832484579e-02
2.318504734319157268e-02
2.315727244997362738e-02
2.278448957523276919e-02
2.277060157707964244e-02
1.952916286501400062e-02
1.943546244925880434e-02
1.919439859392000486e-02
1.861188825123906779e-02
1.857157379848773521e-02
1.782537566317532463e-02
1.760550278814077343e-02
1.634984129570351413e-02
1.632188869431089664e-02
1.623333859005783933e-02
1.434080156788141054e-02
1.426594870116536413e-02
1.416722745207178724e-02
1.410922443738600249e-02
1.373474848448775695e-02
1.333139523773160112e-02
1.311336594070193658e-02
1.308836100135846343e-02
1.279896705204079839e-02
1.157925788712941932e-02
1.151562440222821462e-02
1.148142625359031832e-02
1.147076923686555540e-02
1.132640183072537200e-02
1.009214315908048450e-02
8.874154815715214542e-03
8.719027160552849515e-03
8.697782246083526209e-03
7.926873783773534868e-03
7.881607275578182345e-03
7.668339505770708012e-03
7.344032216561277061e-03
7.226476485209664888e-03
7.169725802241878887e-03
7.157822579365235791e-03
7.144124633991701979e-03
7.112988235774306972e-03
7.092916031145216071e-03
7.080006741578173668e-03
6.254686558390181936e-03
6.170794688484940345e-03
5.686946412270689824e-03
5.460324770250612331e-03
5.446480659938171889e-03
5.431696332879992414e-03
5.390021916417206058e-03
4.400928600155872179e-03
4.355329221813330522e-03
4.343599052066239412e-03
4.330469711432752972e-03
4.210933012224192182e-03
4.117652205633827965e-03
3.487070965320701078e-03
3.482360105629358007e-03
3.478368415926285512e-03
3.477727777377952276e-03
3.463167676285643006e-03
3.355345714243152932e-03
3.342893566195243027e-03
3.278871798406550984e-03
3.166842579581800529e-03
3.100848339438788074e-03
2.847952591630874015e-03
2.806947833736519668e-03
2.799669775713487224e-03
2.781881528803025611e-03
2.763465512159489837e-03
2.753356981962876669e-03
2.586919683185391096e-03
2.485604639847849816e-03
2.394039732771506383e-03
2.262752281585407154e-03
2.262070176704837534e-03
2.259556765170268530e-03
2.254268503532930006e-03
2.013142675494021278e-03
1.969784621475022517e-03
1.963123109601260137e-03
1.862473756919154431e-03
1.849241940060761388e-03
1.846833266760032014e-03
1.839476920326986540e-03
1.717466258207349340e-03
1.645550675108435916e-03
1.611651785119798570e-03
1.608906352250014755e-03
1.593344857547989010e-03
1.555828995424216998e-03
1.476818732667861027e-03
1.473040409601011208e-03
1.465655077453541363e-03
1.462964030983439963e-03
1.461307017620710243e-03
1.458913264376407752e-03
1.328352570791792395e-03
1.268649189369960850e-03
1.254262475886091296e-03
1.208259024238364293e-03
1.206485887311156387e-03
1.206023964875776577e-03
1.086696475289789356e-03
9.526691394652206856e-04
9.462099051038182218e-04
9.441498755100653003e-04
9.337543925082695574e-04
9.079699726613119602e-04
8.735883038712600893e-04
8.299728302839867473e-04
8.203660474633062876e-04
7.742668971178778316e-04
7.703871404203600001e-04
6.935269380569225855e-04
5.695908995996800403e-04
5.667274980357666497e-04
5.564034909664603229e-04
5.561465233848572479e-04
5.118277882789583474e-04
4.512476423181243593e-04
4.275852773579454959e-04
4.146064829699422859e-04
4.114014764396953542e-04
4.050509876958656398e-04
4.025075734679032916e-04
3.980691194941251253e-04
3.913976336266470615e-04
3.854617647259264376e-04
3.815648778937675905e-04
3.782276208530923754e-04
3.781020470961109258e-04
3.658426633759453875e-04
3.633517206567891109e-04
3.222903753285030651e-04
3.077251257152151059e-04
3.070771031825146710e-04
3.058184059968055294e-04
3.053863165652062248e-04
2.928242074047906216e-04
2.741150959036984082e-04
2.729551321782322450e-04
2.723917108839745988e-04
2.709635781744625582e-04
2.666532570556999103e-04
2.638486196716669104e-04
2.596990018983127329e-04
2.497132345476609557e-04
2.476751286726975405e-04
2.474268245437263457e-04
2.444964196240837157e-04
2.349940281151819831e-04
2.313641597142251515e-04
2.140010527448300555e-04
2.066919021413538926e-04
1.998902569073754041e-04
1.996898560560680653e-04
1.932832428083413169e-04
1.907934023726499842e-04
1.893233516477832966e-04
1.877288516564037816e-04
1.872753729560135507e-04
1.867908408337161494e-04
1.750863860382995769e-04
1.745024342251846352e-04
1.738471768941165195e-04
1.722856738087761848e-04
1.541020699916670128e-04
1.539015996627954015e-04
1.532174467207061963e-04
1.531030042254997797e-04
1.511380988051602497e-04
1.510791813409281218e-04
1.403008864087008836e-04
1.356390618572933288e-04
1.344485595357590728e-04
1.324475281061090559e-04
1.153643819223739369e-04
1.151867164048046925e-04
1.151273454466435100e-04
1.108710877114299731e-04
1.032116033084360171e-04
1.031156475083104291e-04
9.672590040007067111e-05
9.571464394846392737e-05
8.265393789235614148e-05
7.817100906384187489e-05
7.527459130269468569e-05
6.696298784664430162e-05
6.589770720696687986e-05
6.159213306781074690e-05
6.140324378319565138e-05
6.106057800272409451e-05
6.047735585438965365e-05
6.029817121596760986e-05
5.870289214355299730e-05
5.585885470423387406e-05
4.918951177949986824e-05
4.826298985107327252e-05
4.670988138211912017e-05
3.868236281183495752e-05
3.820389249497313532e-05
3.813629000853567509e-05
3.806807468151915641e-05
3.804370941157895466e-05
3.796578346838030054e-05
3.768051966040653522e-05
3.567979612586583577e-05
3.433831532141025399e-05
2.973395947894430199e-05
2.735051595285420263e-05
2.639051149830451003e-05
2.474541092467867466e-05
2.466509026459072566e-05
2.401561161885042075e-05
2.395365697126480682e-05
2.389776764106325553e-05
2.375184827642153480e-05
2.346982864262821351e-05
2.340407345591443818e-05
2.329424134084874155e-05
2.183326795600985104e-05
2.174614042131179032e-05
2.072781122896168781e-05
1.986325648164805649e-05
1.975393520791549206e-05
1.879815633135469669e-05
1.877614213149498673e-05
1.875798309703580218e-05
1.863834293859334873e-05
1.857300729369946115e-05
1.819238030209852983e-05
1.644901832607322109e-05
1.630243537797511775e-05
1.553070883362397739e-05
1.548303746019880263e-05
1.538895660922828554e-05
1.536269610445766519e-05
1.516239670137310412e-05
1.471583383188715711e-05
1.444054528270347844e-05
1.429829617868734042e-05
1.416928209796003030e-05
1.384850350966194309e-05
1.380374445428441521e-05
1.362221867678455006e-05
1.227202022352198466e-05
1.154117752285106749e-05
1.114641195894203456e-05
1.108531577294015111e-05
9.947559986666891659e-06
9.566204430616360643e-06
9.526302275386327973e-06
9.505582319801876790e-06
9.297660887926332209e-06
8.770983634728077435e-06
8.583780567258152141e-06
8.576553980604081562e-06
8.540439260998940801e-06
8.348465094382025831e-06
8.302605240660782560e-06
8.002674595431824925e-06
7.775205380247736956e-06
7.572378502939940458e-06
7.164243516019173269e-06
6.218761797385844559e-06
6.045527366999162955e-06
5.712250513480602135e-06
5.677991441243104673e-06
5.671866065130485318e-06
5.659651574643385989e-06
5.632468475052096719e-06
5.367542954942636314e-06
5.269517115126902949e-06
5.247666730359706069e-06
5.200151907133199236e-06
5.198771957148257781e-06
4.011992955863419481e-06
4.001818071514943907e-06
3.933746864955807101e-06
3.894461694492757080e-06
3.861457386209388665e-06
3.855706329469186556e-06
3.222011832782727436e-06
3.157027287294040711e-06
3.136608471046438673e-06
3.066541410629535495e-06
2.993926363618039560e-06
2.989316370277138378e-06
2.974280711831333681e-06
2.849462598498193493e-06
2.734875313621034373e-06
2.686953927870586512e-06
2.630999236680723185e-06
2.609562655805680082e-06
2.476379457045854591e-06
2.428235778958294406e-06
2.414313038793799448e-06
2.413034756780788085e-06
2.376218117658609810e-06
2.210254363695277234e-06
2.168230906746691662e-06
2.080551811467190164e-06
1.902883633642584023e-06
1.715668989261201875e-06
1.715321339094510583e-06
1.713981702721565483e-06
1.704821256453144831e-06
1.694785375912177036e-06
1.656158796289606231e-06
1.588486623945344657e-06
1.581995486817466615e-06
1.551591726297913505e-06
1.541893161543903020e-06
1.534206542353597584e-06
1.467373249734699620e-06
1.406844266540040976e-06
1.157907067661006379e-06
1.134247612514900319e-06
1.128816233653961540e-06
1.107390134317231602e-06
1.105284846172260996e-06
1.099153162169618057e-06
1.091199501950719117e-06
1.086856602701396049e-06
1.036800019366760537e-06
8.632149278261688225e-07
8.507589532720108037e-07
8.471725833447704489e-07
8.420876494908440920e-07
8.350596347443132190e-07
7.019462402016444796e-07
6.984619976128032045e-07
6.973608322231669164e-07
6.901892619878754492e-07
6.872209139860362539e-07
6.850821364450800367e-07
6.609943449528893280e-07
6.534814075901224224e-07
6.247284644062254042e-07
6.192237673664057686e-07
6.006132103653533420e-07
5.923634876386790830e-07
5.769872963628348401e-07
5.704100500661880079e-07
5.650935242457335867e-07
5.557622513912401850e-07
5.448744118254285195e-07
5.266899333415599828e-07
5.128682287078395369e-07
4.561442478961529246e-07
4.125044862583363554e-07
4.036352512760492665e-07
4.015466740669124770e-07
3.949870026735197791e-07
3.948895612785314389e-07
3.946651385251514457e-07
2.472238633237233367e-07
2.395740930816422681e-07
2.363006810510117920e-07
2.346139303114972099e-07
2.288832967289863996e-07
2.249684241369415199e-07
2.185243688633993609e-07
2.166191741657188312e-07
2.165509665682864485e-07
2.159106094328811819e-07
2.134611774777606108e-07
2.042776711607095154e-07
1.988426485878795339e-07
1.981558125929505625e-07
1.893481979826430635e-07
1.855052709358815079e-07
1.837842978094958535e-07
1.350878132009475900e-07
1.335216598471650082e-07
1.243178162143165239e-07
1.238132263278146919e-07
1.237800891141913365e-07
1.231858982772171044e-07
1.223098291131807837e-07
1.215477366044269280e-07
1.209340424537604034e-07
1.202153962452886733e-07
1.199839512011699066e-07
1.198686255691212676e-07
1.159038224950109575e-07
1.134907241960123294e-07
1.053733382351619906e-07
1.033874012429231168e-07
9.954440293910738437e-08
9.910888558147182350e-08
7.604940225326135305e-08
7.417844129811074690e-08
7.326892628036344744e-08
7.226281730296646782e-08
7.191108983338884104e-08
7.163673205512293430e-08
7.154863105877124785e-08
7.107348154977040216e-08
6.987673786417145110e-08
6.928700047109345762e-08
6.913874612469607412e-08
6.705356163306197760e-08
6.628020320885003235e-08
6.600761899663894565e-08
6.528546375781984129e-08
5.334646723179345785e-08
5.190067358429612614e-08
5.103632751162392383e-08
5.014294988106942573e-08
4.937421272810942619e-08
4.852598713181541255e-08
4.833989400984732781e-08
4.497533334658837986e-08
4.462092179276825559e-08
4.418664682398261008e-08
4.362289021390627690e-08
3.793373510331019219e-08
3.775356513523228295e-08
3.767548227389131924e-08
3.708393172195557323e-08
3.693004147799669674e-08
3.613785421365993383e-08
3.365772723206359355e-08
3.251084421755132244e-08
3.175720925216468115e-08
2.792706227702100948e-08
2.790673018229544609e-08
2.758127098587019439e-08
2.646099933906273683e-08
2.595922634697180054e-08
1.793442476211400636e-08
1.773562467244539811e-08
1.772834819449058684e-08
1.772513680954751599e-08
1.738781226966614011e-08
1.732021970445572199e-08
1.723342906853026332e-08
1.722565121300451952e-08
1.707339774248538871e-08
1.696698847667712346e-08
1.676227540513193432e-08
1.660611084319105918e-08
1.654171305052511957e-08
1.627119004722657833e-08
1.622944741489693681e-08
1.618527045097387285e-08
1.574606879007126469e-08
1.471916969834764764e-08
1.214664539878792626e-08
1.017169425151098205e-08
1.007500447847673134e-08
1.004867398180368899e-08
1.004222592767694290e-08
1.003049351786274990e-08
1.000061103373124724e-08
9.971587198187125152e-09
9.805603543174302895e-09
9.636242436570075657e-09
9.632566899761974027e-09
9.626340116839391052e-09
9.604318486143027486e-09
8.798904453073831338e-09
8.771318232645688837e-09
6.904406011208507105e-09
6.803094761474820054e-09
6.746226701834899144e-09
6.637943086527967949e-09
5.515696555997215391e-09
5.346879304236730001e-09
5.268111446882157299e-09
5.188396190317634643e-09
5.159943346496257832e-09
5.156870008477828897e-09
4.988522272589361972e-09
4.924078047987414994e-09
4.909816397885140709e-09
4.894297145103920710e-09
4.871126141420993805e-09
4.857499618034147568e-09
4.826543493827209390e-09
4.611229199355600000e-09
4.511910125085518918e-09
4.379111758458814216e-09
4.331865037595521291e-09
4.196415281755013736e-09
4.192293890138939837e-09
4.183778411533407517e-09
3.919421644572004223e-09
3.450332246142816592e-09
3.261056875995985576e-09
3.073988266396170110e-09
2.531580612620881329e-09
2.530974874681748361e-09
2.487058162408811946e-09
2.468290785742670098e-09
2.456984382642898304e-09
2.455877565190320002e-09
2.448373652477430150e-09
2.381343746761337602e-09
2.372976151200079239e-09
2.352731124511606457e-09
2.348533442194022931e-09
2.210457754084787377e-09
2.038968445560496799e-09
2.015364498594882091e-09
1.846652434333029815e-09
1.842198137048807028e-09
1.839821568419796887e-09
1.733919807530620950e-09
1.368334631201337478e-09
1.299375605258755619e-09
1.151331356815095996e-09
1.066505756458138766e-09
1.055412770885786268e-09
1.043703595818280576e-09
1.031663007817856289e-09
9.926983061926326179e-10
