9.538775198132146693e-01
9.371008961702956830e-01
9.312573932188322745e-01
9.189124729591418017e-01
9.032817105368562416e-01
8.810088444667290020e-01
8.631742947245918396e-01
8.457480653304484397e-01
8.274303129214347630e-01
8.125608694831830681e-01
7.942787037838987541e-01
7.738012132289574518e-01
7.533063570605917914e-01
7.355104966488326124e-01
7.181118248714096763e-01
6.991000588932740900e-01
6.795163352798095913e-01
6.682529395899613478e-01
6.543676110560989745e-01
6.368324662655799884e-01
6.150527900444142659e-01
5.977610925306569012e-01
5.772041470899714755e-01
5.607590032417754111e-01
5.456331087958606885e-01
5.316758806035746243e-01
5.225841677975242572e-01
5.077212659217478219e-01
4.987109400419220684e-01
4.865740344383422400e-01
4.765913803996560949e-01
4.661353022079715025e-01
4.526270479581192552e-01
4.417747923568298707e-01
4.328424864443934372e-01
4.240564407804472968e-01
4.127960135524319507e-01
4.040584409466302374e-01
3.952974705423380475e-01
3.896291391605453680e-01
3.836283287483425175e-01
3.751939662651696539e-01
3.638534460429240780e-01
3.533827774305143832e-01
3.450345572217054513e-01
3.393894214566674505e-01
3.283010465046046766e-01
3.187469767150959976e-01
3.138852316336291359e-01
3.068980214694322917e-01
3.038980213745210435e-01
2.954038497062564939e-01
2.901621045336316707e-01
2.828374569083800250e-01
2.755942564508633286e-01
2.713454730980994212e-01
2.630851760891091407e-01
2.556521498168404238e-01
2.493313551272472173e-01
2.460814835267716161e-01
2.415466675311880584e-01
2.360168582355709754e-01
2.309595689756118453e-01
2.261266897820791155e-01
2.207419389332866411e-01
2.159762153015708508e-01
2.098872503812274637e-01
2.043936261395224441e-01
1.984676616330356136e-01
1.945445851750610133e-01
1.861434706335757527e-01
1.823182467683374386e-01
1.796000691050162190e-01
1.718077809212675833e-01
1.679366592897075516e-01
1.604832169443295431e-01
1.549505297691618488e-01
1.503797097926113935e-01
1.469221564970202010e-01
1.402364460045262273e-01
1.349020001043936545e-01
1.326623526896027472e-01
1.291232985532666799e-01
1.248090008705213527e-01
1.226169137319107205e-01
1.181067562279257549e-01
1.134917319024948135e-01
1.116674825991664233e-01
1.092380152554165984e-01
1.054858738045229144e-01
1.026581512745643743e-01
1.002511052994125990e-01
9.842107418181163248e-02
9.686091579728589585e-02
9.502871434651820326e-02
9.217208934440336565e-02
9.043132948335211307e-02
8.846604294861987183e-02
8.642410596337887774e-02
8.413862468678189044e-02
8.305354534715274351e-02
8.107109031525423781e-02
8.020365723477357323e-02
7.780656592611424893e-02
7.720088067930647169e-02
7.452934577796145599e-02
7.347374033409853622e-02
7.168071235864208191e-02
6.987924985624688334e-02
6.833672549243599570e-02
6.573208715679194902e-02
6.353760454252527223e-02
6.218790717910992194e-02
6.040754886655640837e-02
5.917810377054778109e-02
5.765524061750814527e-02
5.590026951207772293e-02
5.442787468884057595e-02
5.343519956181493058e-02
5.131856986868279374e-02
4.974141206155771600e-02
4.805308534855549929e-02
4.718552001113274219e-02
4.562894023634515850e-02
4.416004569059303608e-02
4.324191355823601285e-02
4.246063912059456352e-02
4.098142669811665612e-02
3.998547325364019273e-02
3.873104808895593693e-02
3.766893067461542233e-02
3.580796380702624265e-02
3.455512005840032097e-02
3.369930870469574347e-02
3.305551984823282274e-02
3.237100946573651800e-02
3.173130270342740256e-02
3.129856908980122726e-02
3.065818856365407422e-02
3.011070689248766113e-02
2.914677351909990971e-02
2.881882802654498962e-02
2.830048265734764687e-02
2.791779281494150347e-02
2.740497889801567569e-02
2.702966377063818065e-02
2.681131252782456564e-02
2.641031767369517863e-02
2.599818468567920843e-02
2.563910496369296160e-02
2.528080943887055579e-02
2.493639389417156085e-02
2.456272053092992472e-02
2.429654878831849843e-02
2.399600077484678740e-02
2.364379110372854045e-02
2.317059311558756357e-02
2.282087340453640631e-02
2.252739417774664299e-02
2.200501992396126580e-02
2.170077198936858076e-02
2.121248618667820329e-02
2.092355117471379755e-02
2.056960510813571688e-02
2.003735614851904004e-02
1.961919820605381379e-02
1.920990412454352120e-02
1.899425987969796323e-02
1.846039684031522410e-02
1.821302922671502039e-02
1.774200116662666069e-02
1.742099673691193187e-02
1.693558198401326834e-02
1.655840742459674386e-02
1.614041729398376160e-02
1.585410868423531988e-02
1.533418544738112538e-02
1.490403158540998078e-02
1.471939366938380261e-02
1.435925296206692556e-02
1.391326999355679134e-02
1.349526856002754294e-02
1.316321188268419068e-02
1.293903953858051292e-02
1.236032672187300369e-02
1.208886433140642612e-02
1.180870200748523370e-02
1.136167298214290321e-02
1.110172798967605512e-02
1.091527368038639270e-02
1.057126771489939020e-02
1.026067175921830700e-02
9.997802239377025224e-03
9.719587816383993412e-03
9.258967857989795422e-03
9.074162689467049625e-03
8.826890050707287758e-03
8.538046985074715031e-03
8.399288164708097401e-03
8.216840431717222296e-03
7.969727756515410447e-03
7.825979798806143029e-03
7.559121406111500574e-03
7.358234482647835716e-03
7.148685445977637741e-03
6.974991489787123883e-03
6.656341482936943554e-03
6.493717299175042791e-03
6.269060024381055245e-03
6.083725886029371296e-03
6.002290608304885165e-03
5.831341407488058355e-03
5.685747150204637466e-03
5.571005958703059181e-03
5.473579964719237773e-03
5.352487842108394692e-03
5.270111442822467129e-03
5.185016060749948232e-03
5.083141945283288499e-03
4.999879344513243930e-03
4.894345346067367937e-03
4.852255018113249378e-03
4.753347630902694451e-03
4.667909683637258382e-03
4.572665835002547204e-03
4.513308616778949692e-03
4.411455572060794458e-03
4.312036239668915784e-03
4.220300480158634820e-03
4.110364708587306050e-03
4.027501251301682759e-03
3.984458233963203595e-03
3.852275282142643507e-03
3.784408579190911767e-03
3.662710211400377683e-03
3.583252972896699279e-03
3.479583757002472060e-03
3.389057630805493351e-03
3.291038178577503082e-03
3.148931228771790786e-03
3.086819562575407461e-03
2.998206633516154688e-03
2.900473676565063288e-03
2.813885067395893898e-03
2.739761124094602929e-03
2.655648253007961840e-03
2.543151202926403984e-03
2.479886491363486514e-03
2.365192586935924244e-03
2.292670918167594597e-03
2.252155265727140854e-03
2.176570738654012155e-03
2.124232183429509199e-03
2.077673262334118337e-03
2.017367684257008638e-03
1.952730654054721151e-03
1.889957520631888564e-03
1.858247194837735292e-03
1.799195017921916950e-03
1.767807307387447022e-03
1.708848488699054756e-03
1.685440801965645439e-03
1.662829839943984591e-03
1.636195845614805619e-03
1.583218531007681354e-03
1.561826315987116997e-03
1.538970838346390754e-03
1.498104889870207571e-03
1.481904866080350049e-03
1.453889121856372308e-03
1.420547765604326549e-03
1.396091966612137032e-03
1.370313118141796866e-03
1.356615092361837180e-03
1.327292320554957460e-03
1.295587663390330904e-03
1.254346939834404462e-03
1.231699668895202627e-03
1.217990115223939939e-03
1.188330670725328822e-03
1.151907708131875594e-03
1.134133527128148699e-03
1.113589204806953413e-03
1.086940554182593477e-03
1.067422578872788842e-03
1.035427434580377766e-03
1.016281990002340478e-03
9.951986516640600432e-04
9.763428614292370220e-04
9.528356956538000478e-04
9.265115282365826016e-04
9.092362938133135295e-04
8.918264819758286825e-04
8.737583801114289644e-04
8.573147120637133025e-04
8.419661517790695462e-04
8.087824498548140673e-04
7.981455246487968421e-04
7.842642716597023403e-04
7.679170454635942744e-04
7.530487988676127717e-04
7.399936916623786175e-04
7.169463088496576438e-04
6.976414035463643316e-04
6.828082056239379331e-04
6.719473174495553536e-04
6.517200888696138717e-04
6.290805680762352097e-04
6.181186405155042083e-04
6.052256411920464317e-04
5.829387408330645665e-04
5.671567624839338228e-04
5.518500945825943575e-04
5.323729678012781687e-04
5.257362923233676157e-04
5.130621930999948715e-04
5.065622408571461913e-04
4.966477247275441617e-04
4.883465118895219436e-04
4.721386649902941518e-04
4.664989297642551476e-04
4.537843144542186768e-04
4.454700221577808207e-04
4.317747289028848849e-04
4.210963263992577549e-04
4.144161235402349245e-04
4.074436999920771148e-04
3.989679359379513443e-04
3.899022653439609097e-04
3.835755393849234847e-04
3.762870667325932984e-04
3.668850737229779804e-04
3.593841813063403568e-04
3.525283308721076630e-04
3.405512056419788408e-04
3.304741908150802426e-04
3.209425265876504965e-04
3.167695261387527394e-04
3.091437047116216900e-04
3.023264318231417029e-04
2.960611173074158124e-04
2.905149832676170302e-04
2.815657304008566640e-04
2.722493219004092297e-04
2.681433777620971948e-04
2.625534668843941067e-04
2.572285718939283975e-04
2.484940811816011919e-04
2.437201489545096197e-04
2.395866929826309070e-04
2.341283502565433652e-04
2.289684527088205386e-04
2.243298981977876849e-04
2.195892219730488702e-04
2.135497489922309191e-04
2.066143461018548418e-04
1.994969740975370499e-04
1.954060851822855610e-04
1.896634466216110763e-04
1.866070483943313863e-04
1.828716350095183887e-04
1.795432960932329927e-04
1.757500241855890948e-04
1.726974950398970179e-04
1.676009991843506908e-04
1.640843781595032467e-04
1.594804927482061543e-04
1.543027593849844879e-04
1.512567229272727628e-04
1.472072404075413967e-04
1.437908270938988804e-04
1.404519180427595297e-04
1.384222620553539221e-04
1.355254795337252564e-04
1.332508218176805441e-04
1.312040031653420385e-04
1.262594714950177640e-04
1.246306065912172831e-04
1.221476143645535556e-04
1.197493773623282021e-04
1.166239179338014368e-04
1.150207183953590493e-04
1.115940649851527460e-04
1.099005243989205696e-04
1.079420635715493419e-04
1.060279696184372375e-04
1.045566600548849417e-04
1.017095940691238072e-04
9.925038296299970467e-05
9.684088236781324295e-05
9.448300311291281026e-05
9.230439554166925840e-05
8.905710437227080663e-05
8.715796651367759636e-05
8.425908094331680833e-05
8.288709610695437966e-05
8.081310724495872281e-05
7.927034640922668031e-05
7.686234051822002269e-05
7.461887301249799575e-05
7.303596644188520000e-05
7.148909831614331872e-05
6.994194420452740351e-05
6.870491507187225107e-05
6.660760443424993283e-05
6.561652273869055321e-05
6.417185733830295033e-05
6.215185931682792192e-05
6.035795447231884740e-05
5.973973985499116059e-05
5.754443519117988297e-05
5.513106358792365459e-05
5.373550203537359298e-05
5.175354738216360041e-05
4.968750216285884217e-05
4.783316701410756186e-05
4.597835220273759559e-05
4.500804659690484897e-05
4.360286758443554761e-05
4.252297404480809864e-05
4.172185689928370342e-05
3.981730761783656693e-05
3.873881298295938920e-05
3.779345483919929933e-05
3.667076248876736944e-05
3.546428838758711725e-05
3.460613154928881679e-05
3.364065024467477184e-05
3.263984761926902749e-05
3.157077712308668397e-05
3.042075863769567659e-05
2.996281913600242129e-05
2.924410049165182093e-05
2.795613745683251842e-05
2.685104834797192818e-05
2.633194995546104712e-05
2.550529575870784220e-05
2.469604039393503528e-05
2.391740045450200516e-05
2.310103689741317917e-05
2.235264868880815973e-05
2.159369051948286600e-05
2.090245849245699712e-05
2.055915175617108661e-05
1.990098701996711696e-05
1.949622870099290825e-05
1.885056649637671875e-05
1.828207761598043434e-05
1.780164776484185842e-05
1.750155132500426291e-05
1.681220453366477261e-05
1.635626056350119255e-05
1.596171890312071370e-05
1.563700199496480757e-05
1.518433348012323137e-05
1.454750636794242068e-05
1.406955923816836441e-05
1.345089898330912685e-05
1.320305097930904167e-05
1.273406753113759694e-05
1.209808773900938676e-05
1.158153933095086917e-05
1.112666281944837989e-05
1.085528748729145821e-05
1.012734040526639984e-05
9.555027935753126008e-06
9.364567208617802685e-06
8.770749655937143665e-06
8.532655901629515385e-06
8.349283108104587362e-06
8.112982284528642347e-06
7.647988944064377048e-06
7.492016795584742898e-06
7.142747832345755569e-06
6.790288617729112114e-06
6.390310338763894606e-06
6.109394576241681500e-06
5.838824950822585020e-06
5.524398323068104785e-06
5.328706179727287031e-06
5.204080851032625129e-06
4.826130741378014571e-06
4.670237359068714996e-06
4.530826180220500874e-06
4.353818866597723379e-06
4.223292907540674336e-06
4.045186795720635615e-06
3.907091082180782966e-06
3.690883424099316842e-06
3.582150057803834876e-06
3.467759313622024330e-06
3.395874681886383048e-06
3.306294237873361020e-06
3.186718784126308997e-06
3.116216919458509080e-06
2.994592239970572701e-06
2.865049310358678253e-06
2.809305570264587283e-06
2.701751282322275920e-06
2.604895741178171205e-06
2.558463487227095407e-06
2.491332296479765416e-06
2.424897070557477303e-06
2.389560282124985305e-06
2.290032323712754226e-06
2.244302664966931071e-06
2.183179343166581143e-06
2.108013851653616290e-06
2.042787693450647666e-06
1.972771113032411838e-06
1.899156858035193324e-06
1.849104654979328643e-06
1.808618305898059003e-06
1.754864878882290474e-06
1.718420980207275116e-06
1.625781083417487771e-06
1.604546771300240560e-06
1.520526581176163434e-06
1.462430568586308261e-06
1.426379347309494144e-06
1.364177594969503361e-06
1.324956824184730151e-06
1.282684833671041051e-06
1.261015503267212310e-06
1.230103824673200384e-06
1.179958369847345078e-06
1.148185393600772018e-06
1.104810098927056163e-06
1.042842565256064969e-06
1.012093664823382843e-06
9.741864779865448808e-07
9.395438231010332483e-07
9.089730639353958606e-07
8.886769089356327469e-07
8.535069783397749521e-07
8.355219457938106590e-07
8.107910356748990360e-07
7.814085910798048814e-07
7.604183895464248272e-07
7.399962244476560354e-07
7.102119679130039957e-07
6.841479958211905820e-07
6.624977452590308104e-07
6.446744320964378227e-07
6.316993566655344514e-07
6.231628284278300595e-07
6.076595983218674384e-07
5.897021055789961001e-07
5.781742784131157583e-07
5.636713993111933504e-07
5.525041011508358730e-07
5.326726665793324731e-07
5.175836531384309350e-07
5.029558085990015691e-07
4.905938657729488968e-07
4.815781289829248125e-07
4.731410590666450721e-07
4.617992643643755178e-07
4.518838466362468087e-07
4.392026749071466381e-07
4.253981289270234794e-07
4.106913374557502723e-07
4.035172116541116616e-07
3.889736490213403302e-07
3.797400637732172564e-07
3.737569665438193310e-07
3.607991816553859147e-07
3.537277807271316472e-07
3.473856972088017715e-07
3.375271019050917068e-07
3.224545120827680241e-07
3.125819113498794071e-07
3.063111409483741932e-07
2.928486036667902585e-07
2.787932503613373805e-07
2.672784416758929093e-07
2.548019809173720069e-07
2.486411980305455828e-07
2.401234742733495075e-07
2.303581158509792447e-07
2.244205546913398130e-07
2.179352682183397276e-07
2.079573304244153806e-07
1.995936413674837107e-07
1.916359585740279180e-07
1.839031533288574199e-07
1.730675577636289012e-07
1.688962367088779973e-07
1.613367820299160000e-07
1.593578965111203631e-07
1.505830361570963857e-07
1.449233972342257767e-07
1.414074951021841349e-07
1.347440991430544090e-07
1.303022875571612062e-07
1.272386792436135766e-07
1.224154219215407379e-07
1.190623626880507929e-07
1.113069053585790152e-07
1.072857650766690878e-07
1.049887067183783241e-07
9.995183643453283320e-08
9.636034437939722839e-08
9.294607394109789236e-08
8.988222113576036761e-08
8.496306237343247865e-08
8.299044961656071343e-08
7.995200651511555170e-08
7.822763466744617311e-08
7.517747011192555363e-08
7.338409388020484567e-08
7.174516183330125932e-08
7.028382613247485448e-08
6.822196664244032739e-08
6.547889523833389868e-08
6.329870864097679342e-08
6.149671232714613274e-08
6.007344131553320257e-08
5.743516719926880359e-08
5.593215023932161768e-08
5.339124196592599121e-08
5.261117396749912375e-08
5.011012966886199025e-08
4.905044542069730187e-08
4.777187240227459274e-08
4.638553857185090917e-08
4.536576316266758666e-08
4.364368184962956428e-08
4.248496196843510618e-08
4.099698396361425844e-08
3.967373019048648175e-08
3.811262317291298241e-08
3.674303793781852956e-08
3.578481891398369604e-08
3.450292696580388484e-08
3.280284765663293094e-08
3.137911224944849832e-08
3.041819802389253468e-08
2.916792302083673138e-08
2.808435598665379109e-08
2.721971200970057773e-08
2.642183762673700639e-08
2.562938169933673182e-08
2.455845398360022096e-08
2.426517650460116328e-08
2.320514900321226279e-08
2.205399907703209766e-08
2.158538848331335580e-08
2.075786922959182491e-08
2.011127036085242753e-08
1.949864138907539879e-08
1.897825391374229179e-08
1.842816453504056434e-08
1.802974675646572458e-08
1.735023821536264286e-08
1.701685761646882888e-08
1.639383702432533578e-08
1.606866656579520098e-08
1.566990866206965257e-08
1.519178834678001998e-08
1.477615583337635668e-08
1.425567963685255976e-08
1.392658108172558515e-08
1.354472284654177294e-08
1.331834501316668347e-08
1.304137657567761441e-08
1.257749878489461916e-08
1.206161681556055212e-08
1.177982160338686916e-08
1.148267894878697807e-08
1.122082401502272341e-08
1.093639549193950358e-08
1.070501229649540236e-08
1.037700078993622566e-08
1.014125717486900945e-08
9.918694138344982446e-09
9.676788371359489965e-09
9.515208852541807642e-09
9.200340441199492942e-09
8.804953991669363457e-09
8.607419504905323602e-09
8.357016475258621192e-09
8.021574066703117167e-09
7.824187032970374819e-09
7.634019674944825368e-09
7.498074992940188297e-09
7.334139213695152347e-09
7.109977117710083940e-09
6.960884349653174540e-09
6.848936312129245646e-09
6.610664972511413824e-09
6.309927904887366972e-09
6.159704780624829003e-09
6.006626878266074057e-09
5.802213524195059226e-09
5.704450249860361739e-09
5.539291493166576039e-09
5.434570878341230287e-09
5.275284520763893313e-09
5.003826378396090259e-09
4.869383153254393396e-09
4.683843701932995949e-09
4.601560206981934636e-09
4.353627920735540403e-09
4.206106474029084533e-09
4.083957333749573657e-09
4.018022144981468350e-09
3.817950474482081725e-09
3.731227496917667140e-09
3.639010934098827211e-09
3.531400349402243032e-09
3.427159774756810878e-09
3.311069102597906241e-09
3.212364545514264950e-09
3.134717751365916948e-09
3.020898782951091041e-09
2.934885583778327507e-09
2.873222280517597053e-09
2.770311074502247843e-09
2.662696108312894166e-09
2.604056902070024079e-09
2.479869648409523930e-09
2.366726497669262572e-09
2.243692242818526311e-09
2.066921822349381924e-09
1.998181052040830496e-09
1.905566345152404947e-09
1.833249003194606830e-09
1.750526170661372519e-09
1.647846500792897463e-09
1.587080280462028421e-09
1.538058414424931664e-09
1.440247364920160127e-09
1.403236584348964596e-09
1.324306555074097814e-09
1.267573096298445086e-09
1.206653817887116041e-09
1.122105727578999893e-09
1.084340160151291634e-09
1.028372888740755333e-09
9.695466712276184165e-10
9.237498403539628373e-10
8.702634898705690721e-10
8.242348001707769548e-10
7.653988594525782319e-10
7.401945826299871916e-10
7.190404157151101698e-10
6.809976968605102416e-10
6.580756981270263546e-10
6.446683325775527049e-10
6.181438854434512527e-10
6.028324880743907459e-10
5.760175600552519736e-10
5.625163941216154661e-10
5.485784435632710099e-10
5.315015414444505062e-10
5.137843333970408479e-10
4.996193215641009804e-10
4.946867923741228659e-10
4.794030376100204554e-10
4.692873528900988768e-10
4.612877919144487249e-10
4.503575116792869752e-10
4.383452040622700411e-10
4.303229223319790516e-10
4.180570099801921986e-10
4.015677635214066012e-10
3.890246011067337296e-10
3.772024911732344424e-10
3.693290876896542381e-10
3.584578793293013183e-10
3.465966165420089416e-10
3.386319353591669242e-10
3.257724579019610161e-10
3.167037865189636074e-10
3.020862276130534472e-10
2.965905055308606655e-10
2.857037907258482312e-10
2.732782652804908312e-10
2.650440671940584832e-10
2.583028075520547581e-10
2.491406698283718273e-10
2.375515943241315492e-10
2.262757588383382838e-10
2.193646791585303265e-10
2.077993580530611031e-10
1.993216325139241108e-10
1.888325021119929837e-10
1.822435167750360735e-10
1.722159935105488582e-10
1.656529500625342869e-10
1.587176535776724162e-10
1.502756605645328793e-10
1.445433415405055668e-10
1.371697810105812420e-10
1.312667143792029664e-10
1.267705808507443427e-10
1.179439684804939392e-10
1.146291073499792423e-10
1.088285155535499667e-10
1.061812190082940895e-10
1.031927178953883160e-10
1.000620417661833676e-10
9.464405789948138574e-11
9.274190685244749978e-11
9.011545942909033045e-11
8.847518465306691278e-11
8.513247989361227332e-11
8.395172559322530602e-11
8.077711684684514529e-11
7.966818790972530345e-11
7.742131238933177166e-11
7.605759252022890532e-11
7.199754522911401911e-11
7.038398332106731018e-11
6.897735840577353076e-11
6.588367244086366242e-11
6.308462272733612183e-11
6.153067846496435848e-11
5.986660207720977400e-11
5.843604329806020427e-11
5.687162828583843477e-11
5.589046617736902797e-11
5.456464943032255971e-11
5.241761355422161205e-11
5.068209958369710061e-11
4.923709890849125947e-11
4.768167682934218590e-11
4.662831872061050413e-11
4.558424994502719547e-11
4.458480540066914176e-11
4.342985059599299809e-11
4.229960456777937305e-11
4.073422638821201200e-11
3.995729372401123261e-11
3.904682863678827768e-11
3.784864269893384710e-11
3.701914648818901785e-11
3.621959652667772028e-11
3.521762313057559085e-11
3.436908259265727309e-11
3.382538028637638052e-11
3.292377989163631426e-11
3.174047056127588081e-11
3.111025857367210485e-11
3.028509905036749369e-11
2.910371517627274818e-11
2.838938798530669437e-11
2.766268905059412994e-11
2.713339109198290451e-11
2.652161165268953319e-11
2.605999590900670691e-11
2.545026878285781279e-11
2.497557783818604055e-11
2.428535652119345199e-11
2.384078392460158446e-11
