9.013698243756675943e-01
8.670624240161733942e-01
8.437913261916373253e-01
8.042856289973447925e-01
7.564196565508247705e-01
6.911625364592930421e-01
6.438153683889908940e-01
5.904557540431005780e-01
5.455088911628376280e-01
4.977531410647935139e-01
4.445890868692999320e-01
4.091401767970919146e-01
3.674953774281857766e-01
3.220557685082260369e-01
2.920713533974476084e-01
2.631378753110065749e-01
2.435705608651266285e-01
2.304650664388416537e-01
2.150909781386382835e-01
1.963637698936376297e-01
1.832233353793860930e-01
1.719066648607735781e-01
1.586419165549102783e-01
1.449338904280110529e-01
1.316066542212666057e-01
1.152267823005349301e-01
1.049506433691575341e-01
9.498266548123510122e-02
8.757401276558068881e-02
7.994495302599555209e-02
7.448395004612701209e-02
7.023112118077660948e-02
6.703839317279913779e-02
6.183429107601060015e-02
5.615880982652326353e-02
5.264046018462709142e-02
4.994180885088007199e-02
4.642862665844497971e-02
4.278060467498900898e-02
3.924972809095704507e-02
3.583563027469123530e-02
3.381739197297149030e-02
3.102505050640611689e-02
2.805237222428582505e-02
2.560808073467501014e-02
2.435963212135057454e-02
2.253513161792701155e-02
2.097581293835559108e-02
1.899580978750613561e-02
1.661142716795847851e-02
1.465075391454149015e-02
1.353383361384524058e-02
1.254502675906823267e-02
1.113039039757900486e-02
9.927843160390886768e-03
9.066293466016223448e-03
8.511646662938250618e-03
7.660408581408273583e-03
7.092036604048971779e-03
6.779986472228941713e-03
6.209215354617900716e-03
5.835651531163338866e-03
5.466756635604886998e-03
5.012613558046863892e-03
4.726857106591275844e-03
4.508452589569183003e-03
4.237767252852497543e-03
3.909651815470581784e-03
3.641075955385365999e-03
3.261170965262340411e-03
2.922159098142016777e-03
2.713215025317859078e-03
2.562389221075122171e-03
2.389926961545859544e-03
2.155266923763359509e-03
1.892940984218651531e-03
1.763378097398145663e-03
1.620328221529628281e-03
1.502492341342350022e-03
1.408522954473058475e-03
1.323340547977192375e-03
1.240832662149978600e-03
1.135688947713796261e-03
1.003842345827571023e-03
9.122140076543139818e-04
8.084447011272952871e-04
7.664882382983609268e-04
6.975369116766395742e-04
6.399106859509233860e-04
5.877605147129906504e-04
5.145916821223556767e-04
4.597737726059504797e-04
4.203712089422169938e-04
4.010528801755429591e-04
3.821369747866985595e-04
3.601545174448383415e-04
3.392670096786992240e-04
3.127271755295715121e-04
2.850537290753320718e-04
2.676607695962426045e-04
2.534055154661993508e-04
2.263647791378676165e-04
2.134437793808143988e-04
1.950434591811671793e-04
1.749111197481807787e-04
1.574124392292699018e-04
1.437973651254892567e-04
1.333441766140419974e-04
1.235736119283178361e-04
1.151503435991672056e-04
1.025340416514760147e-04
9.206355548291590674e-05
8.314780907725001632e-05
7.333756042351147740e-05
7.039020026066922166e-05
6.213861110778586927e-05
5.590402983922583585e-05
5.080972326282675986e-05
4.647248147209502003e-05
4.235191257975994374e-05
3.992694941575319261e-05
3.639221753156426080e-05
3.467191896241065088e-05
3.218653943778204083e-05
3.071463516747779520e-05
2.898235701333103947e-05
2.735666408717956168e-05
2.557767193122585525e-05
2.329262116634550929e-05
2.239864692185076963e-05
2.087694563819903043e-05
1.906628243361164758e-05
1.674192738911498631e-05
1.546950828887480998e-05
1.320688455993023712e-05
1.165924155966065414e-05
1.024227486134720340e-05
9.457498084943592918e-06
8.512315151768686018e-06
7.442475009277333599e-06
6.271099642321740545e-06
5.712576757118639266e-06
4.969950346242702827e-06
4.522997534338923601e-06
3.999765992848813094e-06
3.756063120484046686e-06
3.470490975095597872e-06
3.099837110962738172e-06
2.792087031956950282e-06
2.683128039196992281e-06
2.469737780124285653e-06
2.321186025675363008e-06
2.110261067372468608e-06
2.042757440285822308e-06
1.834918593786641616e-06
1.700242362663582103e-06
1.589757171535352534e-06
1.494726563368756817e-06
1.430576048275732147e-06
1.298756227757020333e-06
1.210465144809944206e-06
1.083848123017229790e-06
9.850044306330195598e-07
9.107741151488180180e-07
8.368176171848066375e-07
7.143247964247980743e-07
6.498905099866309632e-07
5.958822332034702443e-07
5.431045756113322772e-07
4.807182525269110769e-07
4.336756182375827782e-07
3.943941526758323419e-07
3.641322470263770465e-07
3.411381685828281983e-07
2.967800137987526338e-07
2.742857030275083278e-07
2.475060987550810665e-07
2.266621661786040057e-07
2.006847965585277827e-07
1.816459315469533925e-07
1.664164821163628990e-07
1.459938784025321168e-07
1.331957703663150250e-07
1.191455548672229011e-07
1.102159811029248491e-07
1.005326684218306971e-07
8.844770502584187761e-08
8.194675197240854980e-08
7.307901681026965990e-08
6.578561778045111967e-08
5.710959416498418690e-08
4.978350685067021823e-08
4.278064932114665409e-08
3.860942415459995192e-08
3.445772496555992981e-08
2.908844659209252282e-08
2.750510918276206775e-08
2.324000793350856303e-08
2.164934873706795624e-08
1.977895336567899888e-08
1.866306932522328825e-08
1.728353047071978693e-08
1.530360410655479800e-08
1.443805938855125856e-08
1.309396894030688303e-08
1.189724227112213889e-08
1.109141297833786110e-08
1.019507494032748051e-08
9.563162571828335880e-09
8.700068774852742151e-09
8.150348000586873341e-09
7.485106390746116769e-09
6.618607171629210557e-09
6.043908049008937399e-09
5.482350602597948463e-09
5.080461070917499699e-09
4.412396835546592106e-09
3.734687037798642952e-09
3.181994010354493593e-09
2.917517835592076490e-09
2.511402760328852398e-09
2.291352747753805109e-09
2.070062629257846229e-09
1.894443753245792081e-09
1.667706300771819154e-09
1.458286300686066491e-09
1.209705807041621938e-09
1.121500338639105260e-09
9.631927215096401647e-10
8.599701829449697287e-10
7.731777839417925665e-10
6.796570366288236098e-10
6.052069375209178235e-10
5.540388687578602144e-10
4.902226152768862558e-10
4.591602348531452047e-10
4.419094827778976832e-10
4.172417879434628997e-10
4.002077468623722212e-10
3.683362995278233355e-10
3.385742764045304168e-10
3.183096071781474036e-10
2.977682495536128169e-10
2.882752736820467240e-10
2.679261316363079576e-10
2.438068160053062924e-10
2.214098275942524439e-10
2.096415351052396820e-10
1.963490894286488805e-10
1.847148259282593058e-10
1.748465320471676840e-10
1.613955784943036950e-10
1.524126365063086613e-10
1.375295584858553951e-10
1.230614659475345373e-10
1.132025952353721619e-10
1.040372740260029526e-10
9.804451002597481280e-11
9.253574538888121022e-11
8.162051548689209725e-11
7.408757105320293837e-11
6.641207804379272921e-11
6.176816278579932152e-11
5.760996322986172423e-11
5.042918904465783110e-11
4.576293450515715743e-11
4.165016966970992941e-11
3.687282390238910705e-11
3.362200616492850882e-11
2.935952126052725220e-11
2.592813919733080748e-11
2.422401414177787991e-11
2.047889899688528466e-11
1.904597360700323775e-11
1.643800858965093752e-11
1.422569138321504624e-11
1.308944730129571803e-11
1.191276144608656515e-11
1.045535942604720506e-11
