9.979448863882738330e-01
9.955886361329010503e-01
9.921931276461102289e-01
9.881141954426487795e-01
9.834731110337358029e-01
9.784055933297580721e-01
9.724915433133789477e-01
9.661576593911109789e-01
9.594402222621168930e-01
9.521217609802451465e-01
9.445533030210210290e-01
9.367801948335673368e-01
9.283827818594060366e-01
9.201255271540285108e-01
9.114565101603431252e-01
9.026597699336108560e-01
8.934163341856014018e-01
8.838869715124102466e-01
8.749863431544406822e-01
8.659476973061779326e-01
8.565327330074674617e-01
8.471868882788431421e-01
8.375360314679116680e-01
8.279360179451767943e-01
8.182594722316224312e-01
8.080915266443977618e-01
7.978162996333120205e-01
7.877841946186121547e-01
7.781477044037743429e-01
7.683750802333757512e-01
7.582703679321193269e-01
7.484960869621427593e-01
7.385593579183878932e-01
7.285801161635937495e-01
7.182156826425146745e-01
7.075759602502227352e-01
6.968320500479845414e-01
6.856350266594906095e-01
6.746189953845315168e-01
6.631599915930528333e-01
6.515337290350261545e-01
6.399767701646748019e-01
6.285615700287714436e-01
6.173108931034665403e-01
6.061747390524420132e-01
5.953367803701303806e-01
5.844548445665512793e-01
5.729249855921298984e-01
5.618376987341517914e-01
5.511021892744385475e-01
5.404563474933735678e-01
5.299163657610901357e-01
5.198933928513950198e-01
5.102073408119878195e-01
5.008048987363197257e-01
4.915462908772379458e-01
4.823885331735259241e-01
4.736523659302492861e-01
4.651013296418892162e-01
4.564457131131698930e-01
4.478220982816246143e-01
4.394623232471194796e-01
4.312409142891938107e-01
4.234566886228711136e-01
4.154522622264245624e-01
4.071039790466384756e-01
3.992375635363168418e-01
3.915912718965364747e-01
3.841325478440821284e-01
3.766076501908729446e-01
3.693240572041502356e-01
3.618976867360934047e-01
3.541839436582089884e-01
3.469934441058976637e-01
3.402206128401804586e-01
3.335799983145729675e-01
3.271201606475563350e-01
3.207194493834626958e-01
3.141714071675991149e-01
3.078778332385883054e-01
3.016636424744321143e-01
2.954660731490604819e-01
2.895724571756681520e-01
2.836075493180295060e-01
2.778352092835520426e-01
2.722652632615813473e-01
2.669692944560534964e-01
2.620311155669851622e-01
2.570577625356115226e-01
2.520323361035760601e-01
2.468175846896936421e-01
2.413931922517502104e-01
2.360025677131737665e-01
2.305704530768361016e-01
2.254928624886008426e-01
2.202382246693624368e-01
2.149080788270001374e-01
2.098281437573542574e-01
2.048936035850763560e-01
1.997707963525257591e-01
1.946206453118680124e-01
1.897639434804526404e-01
1.850358780432112826e-01
1.802073225131839984e-01
1.755232520076768221e-01
1.711558280848152758e-01
1.669691552743745588e-01
1.629191906392818689e-01
1.587305039431841092e-01
1.545330862019956841e-01
1.504833995420386539e-01
1.467558494434216543e-01
1.431240696326288864e-01
1.397087496143453456e-01
1.364677147551013603e-01
1.335122047272245815e-01
1.307283929123760069e-01
1.281569051470071718e-01
1.257084775418292055e-01
1.232672601349047159e-01
1.208227282610049996e-01
1.184221586610948590e-01
1.160851049873723034e-01
1.137712834522096872e-01
1.116491559434255043e-01
1.096797408378308580e-01
1.077704887741740836e-01
1.058232546648580491e-01
1.039734300065565525e-01
1.020274330873436053e-01
1.000510565381186739e-01
9.814413416477697771e-02
9.623705332856800909e-02
9.430348455980983036e-02
9.240108476482551680e-02
9.048991286882092366e-02
8.874703226373581444e-02
8.703265943506646729e-02
8.536493540812127578e-02
8.373273396615237008e-02
8.217637129940963403e-02
8.071244860875791127e-02
7.926706538861369444e-02
7.785880880588147424e-02
7.647391350734285276e-02
7.503423317369303791e-02
7.361271476669598024e-02
7.216888437106644405e-02
7.074097388184974466e-02
6.923832981506215789e-02
6.770819516100509694e-02
6.625240443634722309e-02
6.480161388603419836e-02
6.340906875674316712e-02
6.211034425978004259e-02
6.072860399607331316e-02
5.920049098612190086e-02
5.754469856840835340e-02
5.590228375994868437e-02
5.436968321016413114e-02
5.283928007175035801e-02
5.137520900578881888e-02
5.010240188722570043e-02
4.867492739249461992e-02
4.722145102364404268e-02
4.582855003132766530e-02
4.451637107073310590e-02
4.323333789181946218e-02
4.200871191655002751e-02
4.085551570925297776e-02
3.971301197930307558e-02
3.855896624649172988e-02
3.742169761379415815e-02
3.633969879772662448e-02
3.532266020830988201e-02
3.437830782495464310e-02
3.353121995164445174e-02
3.272241429669451446e-02
3.190704363879024591e-02
3.113927186501535410e-02
3.042247067068091018e-02
2.976129991407843595e-02
2.903881923194297568e-02
2.830210747071095281e-02
2.761819008052744315e-02
2.694618796892222015e-02
2.629137080942221816e-02
2.566542660387802904e-02
2.508567320394456540e-02
2.448564653898775006e-02
2.388294978069636920e-02
2.333549550268031875e-02
2.279557744440402142e-02
2.228343188348717516e-02
2.177970125615407912e-02
2.124522920066118301e-02
2.069577923304844608e-02
2.020120346884075185e-02
1.975185028058627085e-02
1.928589907682723426e-02
1.880149481018428964e-02
1.834522154848594599e-02
1.790755688083503147e-02
1.748785137022822872e-02
1.711657982691716304e-02
1.675609691521789610e-02
1.638644933586669294e-02
1.604127231228442627e-02
1.572524262654034430e-02
1.543031291015777712e-02
1.514735608413617443e-02
1.484666141318509956e-02
1.455102651156689290e-02
1.424050211233020106e-02
1.393463526131053128e-02
1.363628462220730676e-02
1.335194224753488354e-02
1.307094411372693686e-02
1.279673776160274862e-02
1.252820370877228036e-02
1.228499870028453532e-02
1.206649212485087427e-02
1.183553026771663394e-02
1.160272916093061518e-02
1.139349092422954624e-02
1.119810538899249260e-02
1.099516772594715669e-02
1.076859473632619385e-02
1.054134083286293808e-02
1.031505356793576550e-02
1.009450779450297118e-02
9.884309311871499956e-03
9.686949493248464896e-03
9.504928048999189416e-03
9.309486881385260412e-03
9.113444242452585844e-03
8.929317247166036753e-03
8.755476345641791114e-03
8.582648587936546683e-03
8.424928442322983727e-03
8.282308043960856167e-03
8.148823647141985316e-03
8.010038765450113590e-03
7.868158355739618415e-03
7.730555341182191939e-03
7.601046168139766190e-03
7.476857598560975038e-03
7.354739748253295156e-03
7.240973699795689653e-03
7.140666644184890700e-03
7.044988104034944146e-03
6.947885573538654068e-03
6.841519288266621410e-03
6.743813596795201343e-03
6.652755118586485897e-03
6.555747566097560979e-03
6.459596976718195646e-03
6.361019788471596048e-03
6.273325562563498124e-03
6.188068991250849325e-03
6.093377053792632322e-03
5.990375787588829264e-03
5.890083209042795177e-03
5.792783565219099089e-03
5.704212436972317009e-03
5.621526550187412943e-03
5.538268011505527270e-03
5.460008314622362587e-03
5.374934538785324997e-03
5.283733111035522449e-03
5.192871170681634570e-03
5.103354454719352500e-03
5.019423839668932762e-03
4.941165611405854731e-03
4.863410062936661393e-03
4.780232060328054762e-03
4.698894058291877736e-03
4.616975667283205846e-03
4.529772287739719690e-03
4.439597130851215268e-03
4.354223559465283076e-03
4.273063784111708410e-03
4.190798666847698507e-03
4.111112570346403018e-03
4.036505835021829587e-03
3.965516087465323705e-03
3.894230371566542986e-03
3.831768509160039370e-03
3.769134286027977718e-03
3.702198408171506871e-03
3.634278768277035207e-03
3.575031475214208044e-03
3.514420985314533827e-03
3.446601799360203989e-03
3.379867073340436096e-03
3.315828647927273731e-03
3.249981091114887213e-03
3.185110122314000185e-03
3.115887294229562933e-03
3.042253688104279690e-03
2.972721765942274667e-03
2.905379732851758479e-03
2.837916343606154603e-03
2.764800166459036642e-03
2.694532955317874203e-03
2.624030927944116364e-03
2.559167222594615262e-03
2.501448375826084963e-03
2.442101245879131199e-03
2.376164528399722035e-03
2.312645147727432609e-03
2.252623052761423307e-03
2.192121958565197704e-03
2.135411543595056375e-03
2.083301348035738760e-03
2.026174333135514344e-03
1.967855575726625787e-03
1.912434415677010573e-03
1.854769089950607762e-03
1.798608664978893065e-03
1.746926255014329306e-03
1.696352252227544769e-03
1.643170657546166391e-03
1.590535349637489443e-03
1.540422957832016018e-03
1.495226588757263102e-03
1.452019049720983546e-03
1.407281032437927588e-03
1.362797235352700446e-03
1.320375419426887686e-03
1.279198323553336087e-03
1.239414812573248585e-03
1.201775930054930618e-03
1.169073485116289444e-03
1.137537922679902414e-03
1.107808343720512395e-03
1.080510226954334903e-03
1.050442295544745967e-03
1.020840713095454936e-03
9.932210341734384624e-04
9.683681964445843907e-04
9.419638001041824322e-04
9.146887839061397431e-04
8.890043001187110123e-04
8.649846885203987465e-04
8.424147490525796082e-04
8.204343916305798391e-04
7.993524788455934121e-04
7.804735183572970338e-04
7.634388838353165299e-04
7.450696546627213904e-04
7.274647532971930015e-04
7.129447313294667897e-04
6.974398510811289677e-04
6.802120810921312996e-04
6.636967258651683965e-04
6.484248304045233400e-04
6.340633124861679406e-04
6.198087925778824605e-04
6.062791501290363053e-04
5.931724575756975931e-04
5.790339927836642619e-04
5.645549664302946125e-04
5.509453022264362105e-04
5.387511327111381594e-04
5.274985650437105482e-04
5.162840704279680285e-04
5.049526564046799863e-04
4.941322748558633210e-04
4.837004237591549841e-04
4.740261727742826241e-04
4.653030937869850957e-04
4.577722849364220664e-04
4.498472307313725570e-04
4.418648796673655169e-04
4.339002945133952553e-04
4.261488405917959309e-04
4.187755614585939468e-04
4.117591083371933687e-04
4.045675211087745578e-04
3.972247861341390179e-04
3.900701709709298616e-04
3.833515005213353525e-04
3.767766671931254536e-04
3.706149467813758054e-04
3.647631066661548489e-04
3.591370790732977556e-04
3.538153103536213285e-04
3.482627939925951491e-04
3.427403985248876389e-04
3.372814564735898148e-04
3.320013486877571702e-04
3.273736466019407706e-04
3.231711858843798555e-04
3.187012158445973057e-04
3.140271490656638183e-04
3.095054753068394722e-04
3.049344296138749972e-04
3.005339062316548398e-04
2.960932352397171769e-04
2.915519860051528247e-04
2.870544421698771761e-04
2.824252006359137470e-04
2.779863327320206243e-04
2.740319915133146412e-04
2.704406170148448084e-04
2.667480847694980359e-04
2.629192437993679767e-04
2.594372191302073637e-04
2.560874344581217711e-04
2.527783794810236967e-04
2.497126438556105613e-04
2.467133280405126895e-04
2.432946914571735739e-04
2.398081293398847413e-04
2.367404028212069056e-04
2.340483355087656734e-04
2.306820890189003356e-04
2.271839593115108945e-04
2.237224422889904903e-04
2.205810023391057643e-04
2.176033169418380869e-04
2.143090013131152634e-04
2.109951193351073697e-04
2.080980758430220606e-04
2.050953474482853668e-04
2.017292814917121208e-04
1.983877871194036013e-04
1.953710730956610719e-04
1.919700225917273103e-04
1.882801713914514122e-04
1.846670202250135168e-04
1.811416435452904141e-04
1.781371780750918416e-04
1.751724378198380784e-04
1.718626691663045639e-04
1.687363976765843764e-04
1.655186032439331554e-04
1.620779720780888948e-04
1.586983226491376362e-04
1.557353207679664138e-04
1.526061779304218160e-04
1.493205058419242424e-04
1.460323364861199600e-04
1.430362419204113064e-04
1.400484921502693884e-04
1.367745955473653448e-04
1.334456268003733983e-04
1.303965347723481385e-04
1.276446771991379117e-04
1.248680611349724484e-04
1.218896145258017169e-04
1.189314070783681424e-04
1.161754199891319375e-04
1.137399984952677535e-04
1.111547672992041816e-04
1.082611988793455405e-04
1.054663306819730249e-04
1.031285287969059815e-04
1.007733371156981555e-04
9.806391745381280375e-05
9.529012437465100393e-05
9.252383228115106974e-05
9.001159812644359958e-05
8.767228150151419358e-05
8.542417246080389855e-05
8.309887860869675255e-05
8.096537618209141273e-05
7.890582756323906433e-05
7.671107521461836528e-05
7.443052779087249327e-05
7.222478977392882344e-05
7.025537957565738826e-05
6.849417999129220065e-05
6.664560659986411262e-05
6.486334063418736637e-05
6.313555719596453651e-05
6.137692047199027169e-05
5.981938370276165942e-05
5.839399795220928115e-05
5.686700504218530010e-05
5.538994338216074795e-05
5.392045063541951554e-05
5.256831936855357781e-05
5.125816165545671029e-05
4.986525726038072741e-05
4.853089383282447846e-05
4.730811155143326024e-05
4.619079615428365714e-05
4.502852391068336735e-05
4.383650656458544292e-05
4.287797512398288578e-05
4.195394180047386744e-05
4.092972555178771152e-05
3.998483284274724308e-05
3.902770781441964942e-05
3.798643881249420644e-05
3.697921286793042856e-05
3.608337064391428938e-05
3.518543884719023201e-05
3.423328253732151695e-05
3.338275317910391701e-05
3.260632875995097033e-05
3.177067764739007443e-05
3.088458765864955717e-05
3.001492892881695934e-05
2.926789548254618388e-05
2.855355779911049249e-05
2.780830719691950218e-05
2.711587447238568503e-05
2.651488161664543089e-05
2.582474625109633349e-05
2.510094879030265149e-05
2.436860866359956773e-05
2.371012470464935244e-05
2.312926341413810898e-05
2.254537321995890705e-05
2.195029275030851046e-05
2.136490177392863247e-05
2.081845300151955551e-05
2.030374969878741005e-05
1.976643901094081730e-05
1.920961770465250899e-05
1.867353735589485315e-05
1.821068138240593588e-05
1.779415847366877090e-05
1.736478105563666612e-05
1.692908533655306042e-05
1.654832759305229926e-05
1.614740325351230461e-05
1.570052905465713791e-05
1.529708741117545505e-05
1.492395118410253897e-05
1.455537685384018914e-05
1.422887970663302088e-05
1.392333828298620799e-05
1.358122685890481785e-05
1.324688217138770729e-05
1.295249760672454189e-05
1.264355134524770331e-05
1.231572115581784363e-05
1.202065037911635824e-05
1.176344326702550780e-05
1.147108636824482032e-05
1.121657734904150567e-05
1.099689704190218440e-05
1.075636145886233777e-05
1.050329072527715935e-05
1.026908174190871750e-05
1.004591583373003480e-05
9.824850738278278670e-06
9.606823370792689790e-06
9.423327414821630190e-06
9.243851034118933337e-06
9.060495714661354245e-06
8.882197194662724553e-06
8.713929156027096589e-06
8.542570850717450554e-06
8.362836960467930677e-06
8.193464244334055274e-06
8.038058242449095276e-06
7.871588542359153289e-06
7.694614257041864109e-06
7.520711436140910949e-06
7.361357891327146334e-06
7.214251825404780694e-06
7.056501098494721104e-06
6.900353298735215947e-06
6.749859237827456954e-06
6.602365770653110486e-06
6.475360383986828796e-06
6.357703355577372935e-06
6.227239781555297497e-06
6.089618195999140730e-06
5.959181822944423069e-06
5.845580543952081790e-06
5.715334715847840993e-06
5.588209170510150305e-06
5.470245233200367996e-06
5.345425909149144250e-06
5.213441447387925027e-06
5.078705690320557358e-06
4.950232682167147789e-06
4.831367978818814588e-06
4.713525348819790569e-06
4.602426224294314747e-06
4.504481612183075614e-06
4.411329938119675997e-06
4.302165468034889883e-06
4.195134642234672128e-06
4.097225915800246672e-06
3.994581629257360802e-06
3.891857546335346176e-06
3.792041826390918589e-06
3.690908747097555923e-06
3.588552395984730900e-06
3.492274608701362984e-06
3.408161174821865286e-06
3.334469161581488383e-06
3.250934535031520737e-06
3.170273013072622695e-06
3.087692221194285793e-06
3.002595981098838143e-06
2.925465686941228541e-06
2.855583025707802296e-06
2.793449121072837214e-06
2.730058772067071743e-06
2.665704940992869866e-06
2.606473686288266484e-06
2.545638972836507451e-06
2.488242366055404748e-06
2.432207651671058565e-06
2.378841282654933104e-06
2.325157705564689321e-06
2.275462838413383571e-06
2.226552942263530764e-06
2.177834156647398242e-06
2.130777101831021316e-06
2.087791234343826250e-06
2.047318953474511992e-06
2.009320666150577659e-06
1.972038704972172886e-06
1.934656798612041092e-06
1.895670098613474483e-06
1.860793327395947325e-06
1.829547066906482238e-06
1.794548996264869528e-06
1.759708301390193777e-06
1.728491418215312437e-06
1.699772534561688631e-06
1.668867094182508159e-06
1.638512887517167946e-06
1.608722238524564050e-06
1.580566693774739895e-06
1.552767254493279158e-06
1.525678016376332652e-06
1.501129647329974799e-06
1.477689589476002748e-06
1.453956132481028398e-06
1.430296628275603279e-06
1.407872372227502298e-06
1.387411187907689054e-06
1.365772928215541682e-06
1.343783137967260463e-06
1.322512750634481171e-06
1.299904726171328538e-06
1.278530533209225425e-06
1.258291318397563956e-06
1.237832925020716239e-06
1.216399206233552174e-06
1.193430797224270071e-06
1.170417870446216398e-06
1.145468799650667506e-06
1.120115485113005452e-06
1.096046812150226535e-06
1.074322710397051602e-06
1.054972129533712360e-06
1.035482976818529813e-06
1.016460609587782496e-06
9.946183110819769168e-07
9.734466181028734076e-07
9.535143411255706132e-07
9.367545021872420258e-07
9.196039754005656616e-07
9.019852845234740751e-07
8.851517221001033146e-07
8.688600662583286779e-07
8.533187532157002190e-07
8.369730124172139433e-07
8.190039269811739179e-07
8.017194510137978776e-07
7.859008515100225519e-07
7.702047853118266510e-07
7.541493091722656909e-07
7.373252512594254696e-07
7.210992981953991318e-07
7.055102131297943004e-07
6.900869990280108769e-07
6.753226806638520358e-07
6.614050776624080613e-07
6.459687237019377716e-07
6.301137431834915770e-07
6.147500299781778095e-07
5.995751095868610258e-07
5.843130159971819786e-07
5.681919548529363982e-07
5.534200284161301188e-07
5.401372087359615182e-07
5.261328895584163285e-07
5.107343856839784096e-07
4.971136579557835737e-07
4.827315510799931002e-07
4.674973459828674137e-07
4.530475816564045927e-07
4.395103905460865696e-07
4.255146499899898009e-07
4.118832640072375139e-07
3.990548651836644656e-07
3.855386192390674424e-07
3.720712015359516649e-07
3.595829256119510929e-07
3.473909584834325901e-07
3.341459870402729349e-07
3.219503381024977657e-07
3.107887274094376546e-07
3.005456194591532849e-07
2.892940160439705140e-07
2.786319164195442757e-07
2.695588523205382886e-07
2.600475267828051137e-07
2.504681322054574687e-07
2.419670788355648925e-07
2.335746604495427616e-07
2.252598020562431629e-07
2.174586181138406781e-07
2.097999337957357927e-07
2.026529908615297821e-07
1.960222163036059857e-07
1.900453138696016663e-07
1.846839795266286972e-07
1.792398859194052045e-07
1.735688427771629927e-07
1.680752225583705105e-07
1.625559775779760409e-07
1.571575585841524024e-07
1.519965954888992324e-07
1.476721076810682148e-07
1.439345047760934868e-07
1.398547573661960560e-07
1.359687104029176630e-07
1.325616842543290122e-07
1.289638790131246171e-07
1.254958948883703920e-07
1.221439619807225421e-07
1.189150866006242840e-07
1.157872500181105273e-07
1.125352294421014271e-07
1.094654813511660351e-07
1.065718914796991876e-07
1.037420975194342840e-07
1.010367857467314028e-07
9.849894645874195680e-08
9.591033542752897537e-08
9.336893880306457265e-08
9.105892927437659221e-08
8.921236007895417837e-08
8.737503125810335981e-08
8.536169267521505493e-08
8.356655136469766761e-08
8.196494277821148831e-08
8.039305036961487692e-08
7.893314455357002058e-08
7.749308008388886278e-08
7.611631719684934844e-08
7.479368341322556871e-08
7.360877454626107183e-08
7.241797366427088659e-08
7.118212665357504474e-08
7.003058795365790225e-08
6.906375655816102006e-08
6.809863251713412343e-08
6.711164111336304532e-08
6.611353547937968579e-08
6.514505795112796313e-08
6.416130747925738571e-08
6.317171052961290728e-08
6.236573870078971114e-08
6.162497433948397199e-08
6.077634200289428269e-08
5.995981361296466880e-08
5.927482670934948588e-08
5.860417045480254325e-08
5.789186306390617337e-08
5.715900352599067192e-08
5.644886161503537776e-08
5.571520551569620602e-08
5.493650928447169068e-08
5.422578891752816813e-08
5.366431813786857375e-08
5.297776155301809642e-08
5.224992852869404185e-08
5.159020516511323411e-08
5.090705992606217617e-08
5.024432232188173792e-08
4.960977288888426183e-08
4.900653504090268901e-08
4.834343781820008653e-08
4.766124314341015614e-08
4.700716282634111424e-08
4.630273778290188580e-08
4.558056965058861076e-08
4.489565572313358639e-08
4.423822888740825701e-08
4.358520754699600295e-08
4.295952706395680456e-08
4.225390434721236907e-08
4.150276244787124641e-08
4.077641312045151619e-08
4.015591047710107834e-08
3.954310854990987650e-08
3.887299208485282665e-08
3.826337443574656730e-08
3.773041980303417708e-08
3.710087924558693308e-08
3.648473581743064496e-08
3.596829661816544224e-08
3.540525037465416576e-08
3.480957679778405869e-08
3.425829786432859919e-08
3.372852879780161117e-08
3.315082162315149451e-08
3.253419418239605906e-08
3.190480565359795962e-08
3.132769187283828752e-08
3.078097669567778310e-08
3.021984552856197480e-08
2.968776861855123244e-08
2.921638130700425025e-08
2.872325380402428995e-08
2.823947111708564243e-08
2.777377794962431337e-08
2.731326907371275853e-08
2.680570511372683289e-08
2.628739308865932433e-08
2.582127740916633494e-08
2.534176948766763756e-08
2.487047480399283341e-08
2.435918267819395431e-08
2.385272101908871694e-08
2.339001061307331801e-08
2.288515215938596958e-08
2.232318802341047310e-08
2.176632275867863734e-08
2.124575666075409555e-08
2.071199635117360892e-08
2.019852112847720033e-08
1.969616411211985117e-08
1.924663890434522535e-08
1.883607757295334031e-08
1.839225479657736685e-08
1.795630714700773361e-08
1.752866161545887637e-08
1.706793311516522947e-08
1.660594441614164755e-08
1.617118533519822998e-08
1.573640915391138969e-08
1.531663711250740685e-08
1.490384435708229542e-08
1.454403820709212746e-08
1.417102786505477954e-08
1.374828712442923649e-08
1.332435413899101713e-08
1.293301368875386759e-08
1.256206287093832485e-08
1.216960317199293834e-08
1.178500623843104913e-08
1.143172350177915029e-08
1.115658027119436703e-08
1.083736958305710111e-08
1.051659498474331774e-08
1.019326724453781607e-08
9.886938451245871836e-09
9.592609031764175290e-09
9.320018086930229567e-09
9.033110196861677693e-09
8.747261458419228210e-09
8.485608053149879600e-09
8.242907573472683456e-09
7.996903399155593569e-09
7.762594430980418155e-09
7.558816375638923243e-09
7.365064729562467342e-09
7.160895558462897443e-09
6.976488463334282261e-09
6.788633420674671556e-09
6.585345086835088749e-09
6.395487331448328427e-09
6.221070121754228830e-09
6.059790578468504789e-09
5.903947828051824757e-09
5.755228360283705499e-09
5.605815289368566604e-09
5.451776737168018879e-09
5.299636949900406185e-09
5.162477021101922556e-09
5.027899573822827118e-09
4.890228762712613330e-09
4.753827375502967071e-09
4.615381951765156734e-09
4.487067818385296815e-09
4.365839774092156686e-09
4.250321045094306720e-09
4.142589976607170420e-09
4.051142067867173159e-09
3.940705423482675638e-09
3.835151506910828905e-09
3.739903868227904041e-09
3.647605361159740296e-09
3.543667342738174381e-09
3.444676736759300845e-09
3.363492056709311751e-09
3.282033793264953239e-09
3.209117216394878265e-09
3.140884104642197649e-09
3.068878758164808110e-09
3.003008391266700981e-09
2.944551341931640339e-09
2.881839383699264378e-09
2.821403542018935547e-09
2.764630958082508829e-09
2.711173630219551204e-09
2.658799275268020722e-09
2.607567903355645175e-09
2.555051940624552940e-09
2.505577155774661456e-09
2.463014460368433454e-09
2.416294781758628097e-09
2.366493120011765823e-09
2.323839958488938654e-09
2.281956805930173679e-09
2.237827495471796548e-09
2.194203040622441447e-09
2.154085123934267995e-09
2.111469388801805227e-09
2.069953757279015505e-09
2.031040467807842620e-09
1.996961540475501811e-09
1.959669185493467111e-09
1.919784958509489949e-09
1.883116702731660771e-09
1.849848292860808915e-09
1.815601619563142960e-09
1.784374117237285681e-09
1.754180221748009220e-09
1.721781439179509446e-09
1.690942219175385838e-09
1.662632665069536378e-09
1.633091367689190614e-09
1.603311545061648401e-09
1.572540970837823128e-09
1.543506326471887297e-09
1.518066426571372685e-09
1.489892423084055788e-09
1.461066484573996978e-09
1.434318715755351794e-09
1.407094247517862652e-09
1.382901763052993395e-09
1.357049752363139314e-09
1.331275253518996842e-09
1.308801897361639664e-09
1.285310214890536922e-09
1.260512113375894597e-09
1.236408254157232881e-09
1.217445050357120591e-09
1.197192133919538521e-09
1.172705016982670451e-09
1.149055938337774633e-09
1.127458656205368682e-09
1.106774201885638018e-09
1.084574607398524594e-09
1.064576032170841379e-09
1.046857508791352551e-09
1.026527904107441353e-09
1.004715331408396072e-09
9.835653085605365139e-10
9.653371989341209480e-10
9.466198556625030765e-10
9.260663064708459009e-10
9.082621691875395562e-10
8.939767374601264229e-10
8.777568334092476619e-10
8.602710252174337131e-10
8.433693286521923936e-10
8.271226435408333704e-10
8.119377452734557518e-10
7.991689738619231675e-10
7.852303818687537465e-10
7.724472195893998256e-10
7.591168617125389393e-10
7.455719284861232589e-10
7.316343936970494187e-10
7.175584833817459577e-10
7.048545088323583938e-10
6.899774564349720042e-10
6.746604119243588616e-10
6.589813195081616339e-10
6.437727177025905928e-10
6.301453693250043795e-10
6.164328005706488195e-10
6.022440146526237217e-10
5.892329323751987375e-10
5.767100866291748505e-10
5.627430378725792075e-10
5.484417866571700313e-10
5.343119261914303005e-10
5.209284646733714665e-10
5.084147580027136941e-10
4.966696081501216318e-10
4.854589796600059197e-10
4.742333257701001358e-10
4.625264772653141553e-10
4.507125179455313003e-10
4.390116192071039520e-10
4.283557905110956370e-10
4.174873828603367242e-10
4.068580931425174120e-10
3.970003496541406196e-10
3.870463599613344661e-10
3.768940910051787643e-10
3.671954613907599335e-10
3.568847621576384545e-10
3.466120461110895396e-10
3.374286588619551101e-10
3.296433390260853024e-10
3.213247091945987169e-10
3.132640943922365974e-10
3.061196341791918329e-10
2.993941516827419641e-10
2.926244642970425855e-10
2.858482587072353036e-10
2.789569901455974036e-10
2.722444087936417927e-10
2.660306018334869753e-10
2.602522063304917936e-10
2.546113712168200748e-10
2.493945753788363796e-10
2.439996209760342949e-10
2.383652386328361084e-10
2.327022927287830196e-10
2.269020988986207858e-10
2.218168897532995514e-10
2.171045701142707301e-10
2.120482330793585076e-10
2.066768975177926676e-10
2.015642477824936815e-10
1.967860235036034912e-10
1.922769329565107862e-10
1.876245142233228701e-10
1.834827674250931805e-10
1.795079616406079201e-10
1.752527731586316382e-10
1.710404573492104097e-10
1.667532733112179055e-10
1.627108010248960845e-10
1.591114451860365719e-10
1.552003302082480839e-10
1.512186770351268979e-10
1.475746586974924456e-10
1.439766198586996544e-10
1.408146798737448801e-10
1.374197948587612046e-10
1.337618331300351222e-10
1.307229455650678618e-10
1.277207219119798041e-10
1.248010065571212100e-10
1.216644438617838352e-10
1.185937165456017152e-10
1.154829626800268122e-10
1.125478272586043775e-10
1.099665522521277875e-10
1.077861341371690228e-10
1.053787887580417167e-10
1.028436085872572692e-10
1.005721885644853217e-10
9.825476036242880216e-11
9.621862057159581023e-11
9.418168683377213904e-11
9.199436641543703590e-11
9.020269120922576379e-11
8.850753933678362114e-11
8.672240869137202466e-11
8.492863287253696413e-11
8.319798089901570858e-11
8.164381165874482115e-11
8.010283722656337662e-11
7.846485238081861480e-11
7.680717211158245130e-11
7.523789527546391022e-11
7.371357362545663013e-11
7.203900006002038873e-11
7.028492874899253155e-11
6.865582483591130203e-11
6.690670096711991338e-11
6.535787422154034060e-11
6.355312954139146187e-11
6.134728119762528824e-11
5.932746532203672236e-11
5.747968200374015736e-11
5.552465213108542773e-11
5.354093734209597577e-11
5.173390883567464520e-11
4.975580957107854348e-11
4.788165145944068551e-11
4.608339333337772149e-11
4.432207340753319516e-11
4.250000041428882986e-11
4.070392521447974802e-11
3.900953584188499451e-11
3.733016672768282500e-11
3.591312738902281343e-11
3.453054288582458894e-11
3.325364829582155288e-11
3.214227233062689354e-11
3.102526868854033107e-11
3.002322330240071044e-11
2.910018614364695646e-11
2.810438160804887566e-11
2.716885290109344084e-11
2.624735587685207293e-11
2.530935722506475346e-11
2.456120105978755381e-11
2.384259977560910308e-11
2.302805017171482302e-11
2.230670761675577863e-11
2.166112427487058798e-11
2.099752053280920969e-11
2.038428873759042063e-11
1.977304247864725191e-11
1.920633214653692581e-11
1.869583166325806384e-11
1.822183497486989976e-11
1.778751441418579583e-11
1.730248694018076874e-11
1.681158453498455217e-11
1.635152250455375893e-11
1.587704621553086077e-11
1.542333981605570724e-11
1.494247682949722241e-11
1.447044497396019068e-11
1.406394502163981264e-11
1.368095082490797318e-11
1.326545954152671809e-11
1.286310436165724319e-11
1.245041284509245101e-11
