9.914550726651971679e-01
9.818962478535225857e-01
9.695400170722838773e-01
9.549604730710952172e-01
9.376709179229895108e-01
9.203385325788115967e-01
9.026853527077992601e-01
8.857862711844604053e-01
8.692521410142081129e-01
8.529635169339516709e-01
8.373557555442160405e-01
8.224802876114303274e-01
8.071988767731550496e-01
7.925517188516548739e-01
7.789407815888521602e-01
7.640374672393024369e-01
7.491075482486951875e-01
7.335486063956188074e-01
7.180940987714727886e-01
7.021841991733662747e-01
6.858558654084589978e-01
6.690453837565237816e-01
6.524916584850525281e-01
6.359968608649007038e-01
6.190047914233777204e-01
6.014453255785505714e-01
5.835212764447383904e-01
5.649729534228119521e-01
5.462003754282312995e-01
5.281701457626233331e-01
5.105981672490402801e-01
4.943183888544539495e-01
4.781471071447178089e-01
4.618095768939946555e-01
4.450547883683454442e-01
4.277208394651758061e-01
4.107076065347988747e-01
3.937497503947475219e-01
3.774082697946286591e-01
3.613982372854315228e-01
3.452957831357439944e-01
3.296835573363998684e-01
3.139553494719862781e-01
2.993541276307575272e-01
2.856291578080134563e-01
2.728518343975220306e-01
2.612863319113488680e-01
2.499127379246556258e-01
2.390744609628856765e-01
2.290961284975238932e-01
2.197490120943537406e-01
2.110781913043517088e-01
2.029600923923731426e-01
1.948623334158249010e-01
1.872166889869093520e-01
1.799228340847721375e-01
1.732390012218755215e-01
1.667832539984938911e-01
1.603649380894045240e-01
1.543690207828433691e-01
1.484937478387899912e-01
1.431977913437250671e-01
1.380920417994244698e-01
1.331745224229846924e-01
1.288446069747642420e-01
1.245375498320696189e-01
1.201687029122597838e-01
1.159987508198027789e-01
1.121445855864135477e-01
1.080859556835887109e-01
1.041812528499745927e-01
1.004686501851131814e-01
9.700929278696583669e-02
9.369716044341271088e-02
9.052529487469081204e-02
8.738305723833809935e-02
8.423916851892801483e-02
8.122926339086973535e-02
7.824773616285154998e-02
7.541067824022219812e-02
7.283717554209052925e-02
7.029286248227427369e-02
6.781895229810698533e-02
6.546297660899974558e-02
6.308903235157009570e-02
6.070270513110634369e-02
5.836363609361723548e-02
5.617167669914643890e-02
5.403796008287489044e-02
5.213596886604859176e-02
5.031180691472553201e-02
4.838385657244432397e-02
4.632017213142645973e-02
4.426948142691874977e-02
4.230425967182153968e-02
4.036846994498289459e-02
3.854275685331425005e-02
3.674924575881222122e-02
3.508317470820026401e-02
3.340069596117144907e-02
3.187202829656261838e-02
3.050879418560370829e-02
2.929249278162391126e-02
2.809599302113915606e-02
2.694351868063302527e-02
2.588674416323933844e-02
2.487058995231293188e-02
2.398838475127645919e-02
2.318406957643804472e-02
2.237034760387520554e-02
2.157189924984087917e-02
2.082622237935975382e-02
2.010136942858203532e-02
1.939682690725869074e-02
1.874153386269337279e-02
1.811318773730109799e-02
1.750674857801391010e-02
1.696070660603116870e-02
1.642608962489198673e-02
1.589668893742734318e-02
1.537491350480227510e-02
1.486038795043153130e-02
1.438173697427659777e-02
1.389523435512986065e-02
1.340952645935962820e-02
1.295712067030824546e-02
1.254612636307774788e-02
1.212193962139308800e-02
1.167714772434987232e-02
1.122429681000288761e-02
1.077809577029957208e-02
1.033976358854862485e-02
9.891218197183367089e-03
9.464680711302124461e-03
9.039052982046743082e-03
8.618629004249749037e-03
8.213419578366572965e-03
7.828242666814451758e-03
7.483701971519388964e-03
7.149401837421714111e-03
6.809064698932345248e-03
6.494995196194587421e-03
6.207424440629883723e-03
5.929624127603887185e-03
5.670597742671955495e-03
5.416075800304817438e-03
5.165304645792131479e-03
4.938479232921096432e-03
4.724469265201852036e-03
4.514132142478207745e-03
4.324997410883293231e-03
4.152187367201530359e-03
3.985149831317121374e-03
3.821538742984683084e-03
3.670512410969186540e-03
3.528029991953600657e-03
3.401136453374010993e-03
3.285827798542217439e-03
3.167940327443429741e-03
3.047968506583490292e-03
2.932709586076202250e-03
2.833384096253614010e-03
2.740875439839495810e-03
2.645075436599130751e-03
2.553941637679321350e-03
2.461068200611939236e-03
2.369062719891698674e-03
2.278432397270166790e-03
2.189094577603576015e-03
2.101723760326968705e-03
2.013171278444267874e-03
1.922924893689818664e-03
1.835107797469008682e-03
1.756087983841728281e-03
1.675702194014703659e-03
1.591437236049464497e-03
1.510636661537153279e-03
1.432746474725680574e-03
1.357892305150114462e-03
1.285143792996592746e-03
1.221210089497506111e-03
1.169447632617452455e-03
1.117772348281665176e-03
1.062773534171367659e-03
1.009027677843801719e-03
9.591794657800554753e-04
9.129082958900551145e-04
8.693517447160493310e-04
8.286952459174503098e-04
7.910247334743669440e-04
7.544209650887997868e-04
7.222993117471861483e-04
6.929292859538971772e-04
6.633129275398902663e-04
6.339680918956661516e-04
6.067787437156705200e-04
5.823658905311267578e-04
5.601587358859499944e-04
5.394772952441174692e-04
5.206201964550304789e-04
5.014872891646342994e-04
4.813978101531450897e-04
4.623983173797343508e-04
4.450297990385841023e-04
4.299931174445397039e-04
4.142398833843046737e-04
3.973913801476973147e-04
3.814232972232380297e-04
3.662787573739814478e-04
3.509992730657488370e-04
3.355487763146138501e-04
3.207810301934422735e-04
3.067322111633414682e-04
2.939298549444132897e-04
2.817580524231284552e-04
2.690972683966983011e-04
2.559751429467262075e-04
2.431839763070184172e-04
2.307358002331937345e-04
2.186921758110385919e-04
2.076520769244845604e-04
1.982811602952217519e-04
1.897549199415137400e-04
1.810139412130376806e-04
1.719653853766209392e-04
1.633068396355763421e-04
1.554137341114628329e-04
1.476835171000405640e-04
1.402169090867680227e-04
1.329085734386720576e-04
1.255884163433134131e-04
1.186950909887619362e-04
1.122440436808139891e-04
1.062343619223295486e-04
1.008834353949808954e-04
9.615584653212676269e-05
9.143096308798326181e-05
8.685055273388060789e-05
8.241946476422687157e-05
7.841675967579112092e-05
7.475064548627720904e-05
7.126044315094248814e-05
6.804231416589155419e-05
6.522786860643699789e-05
6.258694660302178416e-05
6.008458618810192021e-05
5.760576660194923957e-05
5.521873337871711516e-05
5.310852078785746665e-05
5.112168976191833203e-05
4.915066130804160037e-05
4.731377266045871195e-05
4.554971509923153912e-05
4.386049629064142619e-05
4.223071153660867269e-05
4.072683746042572321e-05
3.944109063324241092e-05
3.835605402785588236e-05
3.721078986730538265e-05
3.605342344727519791e-05
3.498462358975508533e-05
3.392383513477096951e-05
3.290673387331706891e-05
3.189499165080927516e-05
3.090557631928425022e-05
3.004985650135674966e-05
2.929776598216491789e-05
2.858930309596443078e-05
2.779610118939674230e-05
2.704748769659899043e-05
2.632857491590250213e-05
2.566269593030500069e-05
2.502904236339651648e-05
2.434419033923433632e-05
2.364698266161849543e-05
2.301057493347187188e-05
2.239548063473690000e-05
2.179553619182863925e-05
2.120622107138780580e-05
2.055651690506043607e-05
1.993427492584044078e-05
1.936346086729080315e-05
1.877583392511902508e-05
1.815632634789150396e-05
1.751086442868067785e-05
1.686193076893733692e-05
1.629153900428801770e-05
1.570496829863974998e-05
1.510055987138715220e-05
1.453798229977383303e-05
1.398816229899667105e-05
1.338816212222510538e-05
1.280164236277955036e-05
1.224326732918733544e-05
1.163528936770582184e-05
1.104383617989510809e-05
1.050468691436772257e-05
9.982750724315806842e-06
9.488279060258258781e-06
9.022800382920252320e-06
8.578071808431691496e-06
8.143464983765349928e-06
7.729819284326580492e-06
7.334071389985438220e-06
6.931985753616417390e-06
6.540858692526499587e-06
6.176217895308715193e-06
5.803443573150861415e-06
5.422540812376920758e-06
5.086176149667070938e-06
4.779597154525924871e-06
4.481598102494960843e-06
4.192780760233158092e-06
3.930606881241179904e-06
3.696433493994800106e-06
3.484387824751710747e-06
3.288763864435162287e-06
3.120218012671831288e-06
2.962062055949620581e-06
2.819755649015065366e-06
2.681247310546067041e-06
2.547705002286804419e-06
2.426146509283857250e-06
2.321800058985578259e-06
2.228642982869757565e-06
2.135399906676689751e-06
2.049654934453524142e-06
1.973206771953865095e-06
1.906572967491263619e-06
1.833691374757243602e-06
1.760570102700978733e-06
1.693797480749216475e-06
1.632266408535899466e-06
1.574476239962651478e-06
1.522477520155133252e-06
1.476283236510257221e-06
1.432674959237777573e-06
1.386782801537069900e-06
1.344392495389569704e-06
1.303171156307088036e-06
1.257988708598646440e-06
1.212863381752272941e-06
1.169454097601514960e-06
1.130237255902062914e-06
1.096185820904435525e-06
1.061663595954030265e-06
1.025702566293076970e-06
9.879376471582890491e-07
9.523910136743662229e-07
9.201711047917774889e-07
8.856285203582672507e-07
8.517941048083946302e-07
8.196605463900004297e-07
7.857481458719659966e-07
7.502031038431313687e-07
7.176427995072315470e-07
6.881974207632207243e-07
6.569305675702381830e-07
6.265311052340641323e-07
5.973545107632524292e-07
5.709885232157518866e-07
5.445713068003582932e-07
5.184916477965633079e-07
4.936289850848968726e-07
4.725710035338469499e-07
4.545673051486498796e-07
4.364719363617099867e-07
4.171816034754745588e-07
4.000649685447477126e-07
3.847996597404571295e-07
3.713029434817067153e-07
3.562029014732067763e-07
3.410092338829175291e-07
3.270008005475725420e-07
3.135848244761957376e-07
3.003089060633695746e-07
2.879262442723054673e-07
2.761998951712881553e-07
2.645192242144472816e-07
2.527748574743995388e-07
2.424254634751011381e-07
2.321494459804400502e-07
2.213931130724390672e-07
2.110326726453011544e-07
2.013874039630655370e-07
1.926845325720340966e-07
1.858203244663549959e-07
1.784990067411352845e-07
1.705120203071979172e-07
1.626845394401860548e-07
1.555409955377485393e-07
1.489308194952639533e-07
1.426794011483437938e-07
1.364275874407458052e-07
1.305279405582577467e-07
1.250467368915071962e-07
1.199529255067906465e-07
1.153569215081448687e-07
1.110145537259205484e-07
1.065149036111690164e-07
1.023612084946179935e-07
9.812175676941569036e-08
9.417440837345116632e-08
9.032744362270551347e-08
8.680556911555595513e-08
8.409343031968046033e-08
8.128196981340324404e-08
7.815469353228246440e-08
7.512457045830043213e-08
7.261170186126686207e-08
7.025047376487287454e-08
6.761143848405147956e-08
6.488762698429010836e-08
6.236784166084233242e-08
6.023287843627967353e-08
5.796253055451198837e-08
5.549500301786363957e-08
5.329170298472937865e-08
5.150274138132279278e-08
4.951215963625223409e-08
4.748250390062922778e-08
4.575823909379065323e-08
4.412385536932571641e-08
4.233823317469996617e-08
4.067633009924246212e-08
3.907982653469109048e-08
3.750682687066865759e-08
3.590144692876094104e-08
3.449476814244835408e-08
3.331315597486397835e-08
3.200575920983680359e-08
3.058188328211454165e-08
2.917515057019423396e-08
2.793609861895483495e-08
2.688604641798806307e-08
2.584783822357617835e-08
2.473257322620584955e-08
2.363258964549690119e-08
2.263499883330575914e-08
2.158877937418841606e-08
2.052992853750958806e-08
1.953467506589780823e-08
1.869405520147328434e-08
1.781276860942750428e-08
1.686764761518188377e-08
1.598549019964899877e-08
1.512920479950484815e-08
1.436522284441330551e-08
1.377491089494154966e-08
1.315254201715342300e-08
1.252010365331149986e-08
1.191614707623854492e-08
1.137679822308965998e-08
1.083499364608458478e-08
1.028602841221042930e-08
9.793187993105700182e-09
9.381971846496049057e-09
9.012084167485054057e-09
8.623794427568769088e-09
8.254066959639070821e-09
7.935651888438300307e-09
7.663735192375720750e-09
7.378321362063930269e-09
7.080099922307271053e-09
6.796193209611632404e-09
6.535303406397176849e-09
6.301776798856724663e-09
6.074167781082531640e-09
5.844569067120697616e-09
5.645847529758790264e-09
5.494612763228490277e-09
5.323085591192030200e-09
5.133957262558938767e-09
4.954652400201558673e-09
4.787217073629017035e-09
4.634835350130875130e-09
4.488864804311346857e-09
4.336358881968837593e-09
4.182272834919755402e-09
4.051191557786039373e-09
3.906365187994448804e-09
3.749247305838822707e-09
3.603471641094229289e-09
3.473092138221352062e-09
3.353534939579160885e-09
3.223178044992384465e-09
3.088852215058500882e-09
2.972443059770072026e-09
2.866382632338380564e-09
2.748692876557716786e-09
2.641593546201920052e-09
2.547786625645640222e-09
2.446683242756502496e-09
2.350967030087310985e-09
2.261631237454039733e-09
2.172494052093197766e-09
2.081910115299099096e-09
1.995477409059403062e-09
1.921585813663136594e-09
1.847840088475251451e-09
1.776066599681335288e-09
1.711949209381660224e-09
1.647383336260091191e-09
1.584277769556307790e-09
1.526157446163001800e-09
1.477156091639252408e-09
1.424551195587443463e-09
1.370096098107865968e-09
1.320003509206906170e-09
1.278240503465790480e-09
1.240322988113064947e-09
1.200482595786784890e-09
1.164876971710787722e-09
1.132874270042930295e-09
1.100417097144955424e-09
1.065263871602237032e-09
1.031030492609737065e-09
9.972381061233244005e-10
9.628112747500073045e-10
9.273829216209856630e-10
8.953448108288299638e-10
8.673343138042037520e-10
8.383376585830333456e-10
8.080344727723738969e-10
7.778083693270663441e-10
7.517611877887441054e-10
7.268662005318302140e-10
6.966792507781666313e-10
6.650893022695205677e-10
6.347557103888099453e-10
6.037189694765905302e-10
5.714947810984889796e-10
5.395491071207095318e-10
5.101854872061084999e-10
4.835234638274115415e-10
4.568002510653207322e-10
4.314301025603546334e-10
4.074932348329868508e-10
3.809889512020802393e-10
3.567945685079317706e-10
3.350775435883979503e-10
3.136381921565183970e-10
2.938138056093156475e-10
2.751869961133678490e-10
2.577171333731692813e-10
2.408394309383040684e-10
2.261139372803607449e-10
2.131205006913916393e-10
2.000903221152397744e-10
1.872563338926878412e-10
1.758446976357451702e-10
1.651390961563233899e-10
1.544720911993607730e-10
1.444240006460555227e-10
1.356481150730830313e-10
1.280761030263258417e-10
1.203533372130704398e-10
1.124659751670270462e-10
1.055332698568504080e-10
9.947988616236702458e-11
9.363326935973437066e-11
8.797032336585989763e-11
8.288800089429080298e-11
7.826868298134871921e-11
7.389868605620097942e-11
6.989042051405652336e-11
6.625657089688870915e-11
6.254243151574045478e-11
5.913101185839240117e-11
5.604419596670459089e-11
5.280797409594248517e-11
4.967932545642426583e-11
4.698021419906888847e-11
4.463136325837446258e-11
4.203666609539177258e-11
3.935530656521351903e-11
3.682818016931202580e-11
3.458307056835323331e-11
3.265357978404549885e-11
3.083735964735443041e-11
2.904764338494634274e-11
2.731609613232874276e-11
2.574031412349700895e-11
2.425528807038115618e-11
2.290430043000425196e-11
2.158475202266801351e-11
2.033405821987207643e-11
1.914222194990924874e-11
1.812002845885469361e-11
1.725167199912712178e-11
1.636117106277616125e-11
1.550803423369645848e-11
1.479964107355895802e-11
1.413001480067676080e-11
1.353221824726063153e-11
