9.009839309972144106e-01
8.841594009088351580e-01
8.699877848924991719e-01
8.562716059874615482e-01
8.299694591599957594e-01
7.889351303428571160e-01
7.634451363185672523e-01
7.393716274728564519e-01
7.119909775252193374e-01
6.917434928380064019e-01
6.719814902850606009e-01
6.434731251805761998e-01
6.201469666971245465e-01
5.986440110182994490e-01
5.778543205412354222e-01
5.626533792097673237e-01
5.270133980583193711e-01
5.016289845230944566e-01
4.722799188368339007e-01
4.420540022965870341e-01
4.178134026477036134e-01
3.998348449151403750e-01
3.824495721177659235e-01
3.572072941459059070e-01
3.367214725866895519e-01
3.245094785068527998e-01
3.123032121028438968e-01
2.957188367981508637e-01
2.744131445204445741e-01
2.556884236162341728e-01
2.444685013280535890e-01
2.352211435244462856e-01
2.185294609531198973e-01
2.061199865456512237e-01
1.874858635422886333e-01
1.712865036058697499e-01
1.664411210936408980e-01
1.524754077662654472e-01
1.405791214834501146e-01
1.324686723283798884e-01
1.265702432594243698e-01
1.163960753192346959e-01
1.029598689953501456e-01
9.559748789195916807e-02
9.151864218858266065e-02
8.382080765255976729e-02
7.924605953183691542e-02
7.492234153923657547e-02
7.141200278684246838e-02
6.838852386114713244e-02
6.477866976730319026e-02
5.945473630843037260e-02
5.425374616332243743e-02
5.049007196954669735e-02
4.624069437169042035e-02
4.391154864917353601e-02
4.225076159580952451e-02
3.894106065156469759e-02
3.659560242672169061e-02
3.574194902187890349e-02
3.346517970105257478e-02
3.152645110517023064e-02
3.046060089789216774e-02
2.871187416141199322e-02
2.658986906895764030e-02
2.566721076351895572e-02
2.413443412918272676e-02
2.257177230237654778e-02
2.149016488768278402e-02
1.980182484585243929e-02
1.938700869716622477e-02
1.787055240421302899e-02
1.666157997759439013e-02
1.516548943779565638e-02
1.450631668282711950e-02
1.349486166369021425e-02
1.223991542987124502e-02
1.111847612144661185e-02
1.015925202264902905e-02
9.591087070197814451e-03
8.336817733141606290e-03
8.035393636114399052e-03
7.162924075038348999e-03
6.799962002233705081e-03
6.108460380397379846e-03
5.601638174718165213e-03
4.716175252639637910e-03
4.117069659648863421e-03
3.659461877536077795e-03
3.495551896940688776e-03
3.183006112897211488e-03
2.933100841606859840e-03
2.732157947473043413e-03
2.639298092563110380e-03
2.397829440875128264e-03
2.209032528164142726e-03
2.093863320895912334e-03
1.922101975290308427e-03
1.841150203755910746e-03
1.746685319133830464e-03
1.669914583004677511e-03
1.553548371124501871e-03
1.442719842392655707e-03
1.329572821363146119e-03
1.287560135232959689e-03
1.194194996060865934e-03
1.087015826646024188e-03
1.043217476247907576e-03
9.333383222640044639e-04
8.194548789817870460e-04
7.166190510005533264e-04
6.495764271875228936e-04
6.114583691548761005e-04
5.303855038259166132e-04
4.827046987279698842e-04
4.489014490320452472e-04
4.140388750377492727e-04
3.923427170596587260e-04
3.638558690380183647e-04
3.283195423980508291e-04
2.939547491602328977e-04
2.742642295486703028e-04
2.498343553006528790e-04
2.383653708632886862e-04
2.224490788747514000e-04
2.006899043885170268e-04
1.824755386990757210e-04
1.664507862038289078e-04
1.576573863127564543e-04
1.376097207905501200e-04
1.249493805649185127e-04
1.191629172367257090e-04
1.044285119429753814e-04
1.007187062347805024e-04
9.005524716789798300e-05
8.319053213989591753e-05
7.575672235630654999e-05
7.224288392919282493e-05
6.935114277869681835e-05
6.752147587068266840e-05
6.573803068624790825e-05
6.160955873843068458e-05
5.910031006593917169e-05
5.620048545231977208e-05
5.204358338801367488e-05
4.799886734456120061e-05
4.641028374389147184e-05
4.473283826128884448e-05
4.208922720812831845e-05
4.067645879816486642e-05
3.906101449939633713e-05
3.791782511696644066e-05
3.585202625808203442e-05
3.358987040137983640e-05
3.155807736703503162e-05
2.973995703785882425e-05
2.727074274069303398e-05
2.637618950337336420e-05
2.503960913866888990e-05
2.315555157510096638e-05
2.138577422023747707e-05
1.965816385842612964e-05
1.887961920878892210e-05
1.790387487230662351e-05
1.687665631443125778e-05
1.534793714935507708e-05
1.345209967376872084e-05
1.282967801396425292e-05
1.181077074125657403e-05
1.082690553089477765e-05
9.869066327981648948e-06
8.722367818593771430e-06
8.195160347470170365e-06
7.837427177358115716e-06
7.031459097750430215e-06
6.699854593066082058e-06
6.201845541047259769e-06
5.329449246437832474e-06
4.776869607488019226e-06
4.478875237156128788e-06
4.184814635357976434e-06
3.747355264563290289e-06
3.488268034995474627e-06
3.312164665488668410e-06
3.045224266006871360e-06
2.916516861875562302e-06
2.556070232599576069e-06
2.299688294578900300e-06
2.078969329279367495e-06
1.853381723350745961e-06
1.690142574813320810e-06
1.567401859593806188e-06
1.473667147130797465e-06
1.408702606234149644e-06
1.319015187172134379e-06
1.269670424577018712e-06
1.213260509039191043e-06
1.140514638508206298e-06
1.102935180511646216e-06
1.029884219565340613e-06
9.867987541027215402e-07
9.471005423992532790e-07
8.923140786087793583e-07
8.371001081594869531e-07
7.927862329413940955e-07
7.481962502448271892e-07
7.286097374806794017e-07
6.751343374896073250e-07
6.176098850296843648e-07
5.693209075843901853e-07
5.414824796724389112e-07
5.084785245432966769e-07
4.787489495311745412e-07
4.367838203963624611e-07
4.002945109487116770e-07
3.796834624944698636e-07
3.620621247939699624e-07
3.448702190640877212e-07
3.166071231305811603e-07
2.920254856354570692e-07
2.647683573314255993e-07
2.335965289355174291e-07
2.143894213982462450e-07
1.928335668530726416e-07
1.679664962389895877e-07
1.593069527209728417e-07
1.437422516673872663e-07
1.289099865908874408e-07
1.225815766194267266e-07
1.125923814990491799e-07
1.026362851481287991e-07
9.848505150260673031e-08
8.685429101014404160e-08
8.083942539147010036e-08
7.777347670588068746e-08
7.207668318100043796e-08
6.843326908782679270e-08
6.509879915205360239e-08
6.220377461912055445e-08
5.755881354969158941e-08
5.461982036783994344e-08
5.041025893727216041e-08
4.757248229867857960e-08
4.493810903534481890e-08
4.234653769935870522e-08
4.041761166945086537e-08
3.725725401601409980e-08
3.535604886200916921e-08
3.423411502686973231e-08
3.264713860762233927e-08
3.010021178938415217e-08
2.815517214098103548e-08
2.675319694642983933e-08
2.379179827695162052e-08
2.154445937195369199e-08
1.981474831708364862e-08
1.781981666005106703e-08
1.605955789040056823e-08
1.496282686502721642e-08
1.387334549745198312e-08
1.342966957323978145e-08
1.183770044493288132e-08
1.100988703596464277e-08
9.935502580524837189e-09
8.975989656879781542e-09
7.657352171161380378e-09
6.941875061307066898e-09
6.223430801157082296e-09
5.462741571939556414e-09
4.883185257961267742e-09
4.147136351649760743e-09
3.829168367952956596e-09
3.274382668724031017e-09
2.788112529931186122e-09
2.530405894474185031e-09
2.272726341745264342e-09
2.076660359583681335e-09
1.819157425142418125e-09
1.607826349497758983e-09
1.487995125718128561e-09
1.342417142831704845e-09
1.203119804319890382e-09
1.153462569668529433e-09
1.050175066081474570e-09
8.878581783711217608e-10
8.418032721097748344e-10
7.733758485366168819e-10
6.697349976868207090e-10
5.499922853663806526e-10
4.794444117587647054e-10
4.077632788961415112e-10
3.708285425650684787e-10
3.383509582098804048e-10
3.010249764465544760e-10
2.676419596063384004e-10
2.335486391409668600e-10
2.179558137266102320e-10
1.870413564416786347e-10
1.673624241409468794e-10
1.436152526294535981e-10
1.337624913578590727e-10
1.227505478970653819e-10
1.186617322809949846e-10
1.031731495412905844e-10
9.719664684398171098e-11
9.080158963496956365e-11
7.957311472969246990e-11
7.358979942740035312e-11
6.598523157076606396e-11
6.014446038013572430e-11
5.326104220875240399e-11
5.040785993931864019e-11
4.497534067857708649e-11
4.333067399613168530e-11
3.961440336280343436e-11
3.570927816247878576e-11
3.068628734050153368e-11
2.643446603708641886e-11
2.357564942541437799e-11
2.190712377935605894e-11
1.977050573918905909e-11
1.710417891552422170e-11
