9.375742907769726298e-01
9.206992097284834031e-01
9.109455771525025725e-01
8.950213796759471929e-01
8.661444058773093424e-01
8.281881611246093566e-01
7.998293790779877899e-01
7.743388200943763788e-01
7.446445686908251815e-01
7.221852952768432754e-01
6.986918349042553489e-01
6.687581548597183456e-01
6.438465103920083532e-01
6.297704766876275340e-01
6.109420014480855254e-01
5.866558962317088843e-01
5.706445317504846848e-01
5.503930946526653933e-01
5.351282147383593646e-01
5.160845101671317492e-01
5.010891802831796138e-01
4.860130552304937068e-01
4.781142680905376419e-01
4.643338403241564216e-01
4.475799174337383723e-01
4.348863574413984190e-01
4.273218967957291281e-01
4.134858322753531268e-01
4.040052283542338585e-01
3.943393855077923504e-01
3.825568381940709362e-01
3.744903154286230995e-01
3.624340122799734054e-01
3.459955667773012000e-01
3.313980637220897973e-01
3.183464628618712933e-01
3.051973116603514669e-01
3.005127271125769828e-01
2.901212214725299443e-01
2.835789896293872681e-01
2.720868350982028616e-01
2.659531172306542346e-01
2.572584602540810561e-01
2.510629657206804866e-01
2.408139225805617789e-01
2.365013296031135692e-01
2.263769934299011133e-01
2.199856262786733518e-01
2.090563397180493499e-01
2.028685083588749327e-01
1.920539378215063708e-01
1.825738266599732096e-01
1.741624998505487965e-01
1.692499423072077180e-01
1.610098151821814094e-01
1.572667654171503171e-01
1.496374983186177232e-01
1.435566640774649239e-01
1.363674036660799949e-01
1.275785729133867841e-01
1.234792106834406294e-01
1.171241439935093026e-01
1.105345161999307380e-01
1.080921695191056631e-01
1.031055828799112423e-01
9.756005272728479616e-02
9.173190990881426032e-02
8.913300915339525399e-02
8.412850411725314448e-02
7.750841806760741526e-02
7.439530272755197349e-02
7.275285842046434748e-02
6.748038289845016691e-02
6.454773215142604881e-02
6.251508191929244784e-02
6.017558392038366982e-02
5.806031979585748320e-02
5.698391061148815051e-02
5.442716566606521644e-02
5.285936480198854398e-02
5.187653160446795836e-02
5.039357839607509076e-02
4.919896788111167291e-02
4.749294560359722250e-02
4.642458308210169193e-02
4.460005082934061227e-02
4.321002727188669873e-02
4.203365334197560477e-02
4.153579538109206798e-02
3.993791170799468326e-02
3.918817590320346211e-02
3.711769137005117153e-02
3.662871199760594360e-02
3.580664081413226923e-02
3.469758471952225087e-02
3.347797433188733074e-02
3.227125396296189747e-02
3.161944120306678374e-02
3.038570257661736551e-02
2.964491594001627053e-02
2.825631189743682548e-02
2.644705597250606582e-02
2.558532402928757540e-02
2.470459846040689786e-02
2.428600345224663989e-02
2.366094671655685766e-02
2.295423901158584121e-02
2.241557681551643519e-02
2.182758560082377966e-02
2.137236329906174945e-02
2.059109527662122963e-02
2.011497368330598598e-02
1.935750923313272684e-02
1.872191809523990683e-02
1.825313992135486549e-02
1.783733113535946116e-02
1.696809595310396629e-02
1.652011956259888392e-02
1.584253558419813565e-02
1.538364005214365796e-02
1.507685503335525964e-02
1.469521299009582047e-02
1.445363021791256503e-02
1.420412370355291290e-02
1.369784649975661767e-02
1.338292195478963352e-02
1.272345576296823530e-02
1.248445965166623817e-02
1.218075215358963709e-02
1.156261101511621425e-02
1.092955167917266344e-02
1.058737775635648810e-02
1.032428280777628223e-02
9.681731204184355899e-03
9.362862578928835000e-03
8.808518305861956846e-03
8.655163746726564702e-03
8.451531344928805978e-03
8.191362016559844417e-03
7.722955462077923765e-03
7.393428473670683038e-03
7.169124208699314584e-03
6.916483628868641369e-03
6.729588965543041243e-03
6.508601595896012365e-03
6.399595356332771559e-03
6.146156242524132562e-03
5.886371925797348990e-03
5.610939474109964513e-03
5.384850514934625375e-03
5.135325573781020572e-03
4.973906989254627160e-03
4.609301907649110061e-03
4.546806554252521074e-03
4.298336557013423924e-03
4.044670323203166697e-03
3.786440413411380507e-03
3.554566690815545282e-03
3.401315212796421350e-03
3.239067703379796236e-03
3.059897098513235988e-03
2.970880158986946833e-03
2.880792403642585143e-03
2.671084764221023054e-03
2.532583871071256935e-03
2.443439553866574507e-03
2.324743936979908367e-03
2.252521119354232177e-03
2.156826001590692130e-03
2.109144300053271588e-03
2.017803406560352963e-03
1.944370010438805155e-03
1.838535200475952761e-03
1.773637077898599030e-03
1.711236780354838567e-03
1.643118694648048337e-03
1.590437455616169025e-03
1.534561204164531460e-03
1.517636601829229406e-03
1.444901065700634774e-03
1.410865594837176339e-03
1.396938530798259859e-03
1.342159414706829744e-03
1.306636484054301108e-03
1.285226525815937439e-03
1.254101760795971448e-03
1.228552194448793164e-03
1.179508761683089983e-03
1.146461854181026786e-03
1.085076086917107982e-03
1.066745757120460096e-03
1.033810500919803057e-03
9.922147359560414947e-04
9.412199655530503577e-04
9.254903709313430996e-04
8.846523451469061588e-04
8.377640279443459041e-04
8.009644406394096552e-04
7.744832835986259923e-04
7.508151933535942577e-04
7.310080908529572154e-04
7.115089221995963284e-04
6.913758427883375315e-04
6.673738277264422598e-04
6.454753691178401979e-04
6.287978088039908537e-04
6.014729033320539379e-04
5.889449527386431777e-04
5.634657098625487064e-04
5.396415409208432656e-04
5.314407444880728552e-04
5.183127296017800813e-04
5.051371837426371116e-04
4.946880908916022595e-04
4.745740894864500020e-04
4.599553272179871454e-04
4.500594333302428314e-04
4.349319763643056487e-04
4.242166000491051224e-04
4.094731986564254986e-04
3.996750425990444069e-04
3.899239506784702726e-04
3.732008819272180679e-04
3.544839160417648499e-04
3.403617398664267129e-04
3.340068853552515958e-04
3.272932113938934232e-04
3.121751884444154933e-04
3.035542915097742605e-04
2.982502366547034960e-04
2.784127350075906154e-04
2.746115061432036469e-04
2.682077334938616931e-04
2.566756716146727214e-04
2.466711671320664977e-04
2.397739155342471927e-04
2.302165087925658242e-04
2.175598900807088260e-04
2.137172275056564989e-04
2.011832170852625957e-04
1.934756412006449343e-04
1.873498593374804178e-04
1.806439969444833453e-04
1.754010654433811253e-04
1.697000221154855546e-04
1.648072379399849311e-04
1.613615790043818228e-04
1.557938096160453383e-04
1.517660176959094995e-04
1.488914060212960739e-04
1.429534642468096401e-04
1.368706075239216682e-04
1.354628124072255969e-04
1.287132541426095440e-04
1.263632424426062431e-04
1.202374178002670469e-04
1.129211366195556192e-04
1.102031623893728380e-04
1.082283235635301844e-04
1.039744113691998034e-04
1.015094284821221453e-04
9.867865869581481770e-05
9.684915863055336177e-05
9.489762420085681087e-05
9.215384811453775668e-05
8.991841092957724671e-05
8.797240065780281024e-05
8.573964262638411344e-05
8.275290698859127014e-05
8.060731561648762562e-05
7.891551497565340125e-05
7.633003306601758488e-05
7.434939962739044032e-05
7.308595735391047081e-05
6.988135419816086328e-05
6.936528259943687742e-05
6.760396377035946794e-05
6.616930315917506002e-05
6.464140325374717350e-05
6.394202401852479116e-05
6.165310015773688200e-05
6.035040113448943849e-05
5.716460651905758329e-05
5.620768617125617290e-05
5.279156311792024400e-05
5.032870108542613317e-05
4.723563873462774100e-05
4.534114066971158848e-05
4.395665624029066203e-05
4.161411436095143889e-05
3.959850033604756593e-05
3.899500195683149506e-05
3.678926089521781324e-05
3.578450856666651002e-05
3.394852681025512203e-05
3.277829250986296044e-05
3.151745029864582039e-05
2.998018165897337709e-05
2.818865663041547178e-05
2.702923895807852206e-05
2.587414584877719808e-05
2.479212337048424794e-05
2.312214097076305413e-05
2.185417644621239543e-05
2.116442241373172895e-05
1.920686555886713946e-05
1.868441791638128296e-05
1.741518307201466906e-05
1.668237951686560029e-05
1.586479521799686210e-05
1.515516182299332398e-05
1.430571256110933441e-05
1.398235032407221883e-05
1.284828584250628385e-05
1.239721123688296765e-05
1.188756280984514194e-05
1.136951312838543676e-05
1.099127888877498409e-05
1.042911957047227875e-05
9.949970907827294591e-06
9.717503221046140704e-06
9.402226813603373033e-06
9.212818768168935232e-06
8.687757597097010140e-06
8.388142340007158335e-06
7.968595125515854318e-06
7.730896306337256234e-06
7.448074904715699129e-06
7.084523204853983271e-06
6.715717349108927660e-06
6.369287857907415009e-06
6.138860340562130368e-06
5.572578929310916070e-06
5.319492818359491425e-06
5.017486324178143494e-06
4.728565857083133798e-06
4.566724537361370731e-06
4.414288601336131338e-06
4.145756688733241466e-06
4.019316507423201010e-06
3.924779556722833407e-06
3.714465210384385645e-06
3.576908266869375693e-06
3.484734577562451294e-06
3.396946392083653161e-06
3.174982275835574987e-06
2.928766175003317016e-06
2.858276966075826708e-06
2.718290597982919021e-06
2.617449311255583686e-06
2.510041380998856269e-06
2.407728521764903213e-06
2.345290831933161483e-06
2.192190747703320627e-06
2.152831058680427669e-06
2.044615691249333188e-06
1.994844501808052818e-06
1.933645877926315528e-06
1.872970445331134979e-06
1.787164754833045955e-06
1.761323864914788952e-06
1.688209161008148961e-06
1.602316888034289751e-06
1.542178690983284995e-06
1.494154782922400355e-06
1.423298613142310367e-06
1.346634408229682550e-06
1.307766474200803703e-06
1.267793957736028386e-06
1.221341862046923595e-06
1.154440565083741903e-06
1.133771126294429634e-06
1.085290552661383485e-06
1.056234152457775729e-06
1.018947354693660624e-06
9.816236536319816459e-07
9.604781570675271805e-07
9.446795338019180793e-07
8.850643032510302882e-07
8.569872516925741932e-07
8.415996532192658379e-07
7.840597567756679426e-07
7.587948094125058475e-07
7.332907995986603451e-07
7.175503990723038784e-07
7.019232882718767086e-07
6.721087128869339571e-07
6.457281823812734271e-07
6.342963254103995516e-07
6.092143342959666911e-07
5.882080863465950191e-07
5.718915713154648238e-07
5.624724250475451659e-07
5.465735430215362803e-07
5.298903727988113764e-07
5.183005593738406301e-07
5.093538731009405047e-07
4.957288179619283106e-07
4.864121148510318078e-07
4.772674846124360190e-07
4.725592117747295144e-07
4.545642867139489818e-07
4.468311373239088732e-07
4.365789697564065907e-07
4.228880001825083839e-07
4.152824108193650437e-07
4.056246437945738240e-07
3.931533294500337953e-07
3.792103854806948893e-07
3.723627897096923644e-07
3.635163470921120261e-07
3.523815886505727338e-07
3.369484388129590962e-07
3.257820889691757866e-07
3.101592761739004567e-07
3.025495529665244497e-07
2.966936846587326674e-07
2.737729489393414290e-07
2.578865338289480643e-07
2.487758390038826687e-07
2.352413451937573997e-07
2.305214918152454263e-07
2.200834219658636143e-07
2.154053871862454355e-07
1.989535779455944919e-07
1.959445024505283464e-07
1.891708031531064400e-07
1.838953147518444640e-07
1.741918709220120992e-07
1.685151128669738298e-07
1.617546509562073505e-07
1.586671095634996256e-07
1.535772045252779778e-07
1.466293297727829503e-07
1.411848904065067034e-07
1.364202622534174587e-07
1.329960320737742061e-07
1.312714656814070669e-07
1.280216292275324891e-07
1.234607408741799357e-07
1.203688981217571063e-07
1.187822742219100582e-07
1.161760272938337040e-07
1.122564729723608034e-07
1.088202854514347648e-07
1.064348572738407860e-07
1.031704365178813935e-07
1.002009230980921562e-07
9.821508729898790750e-08
9.243306709531059180e-08
9.012504779490257562e-08
8.838917995790366958e-08
8.171005722748645090e-08
7.921091858413227792e-08
7.581747726681823024e-08
7.216741003297510377e-08
6.887409556755060046e-08
6.653806130010400439e-08
6.017564296306521867e-08
5.809044443242593868e-08
5.605502315178127516e-08
5.365669683431629373e-08
5.183897026842298956e-08
4.983161797995658307e-08
4.818107958101646171e-08
4.613783994991495629e-08
4.485269165432652170e-08
4.203870216032028280e-08
4.001431506819727750e-08
3.876817845499823713e-08
3.674103373506556630e-08
3.606497642682512789e-08
3.494730072482387226e-08
3.378617859492824756e-08
3.230548285628547051e-08
3.085091818927083202e-08
2.973176286398877476e-08
2.802789426464644848e-08
2.744662449670929548e-08
2.608235561855833546e-08
2.436333300029880555e-08
2.355419470921151428e-08
2.205544590830563069e-08
2.042694276246930667e-08
1.996621848023685861e-08
1.863638902656800946e-08
1.814466419433972236e-08
1.709054537756322020e-08
1.600635697471784910e-08
1.569604350998637885e-08
1.449915918024888486e-08
1.377159159229583302e-08
1.298321268013682377e-08
1.248628481619313242e-08
1.181629931187968755e-08
1.107132132806284197e-08
1.047398993300313674e-08
9.784193867722680342e-09
9.249400610957973540e-09
8.802938305880846850e-09
8.339550774878813958e-09
7.950222862857115539e-09
7.697420362328273572e-09
7.158255224551697244e-09
6.825200549726138837e-09
6.546354698161964241e-09
6.311824066287968644e-09
6.169583842482090106e-09
5.716630364762130369e-09
5.552686584600656814e-09
5.443012626346515014e-09
5.225330233981479380e-09
4.935003653951478537e-09
4.724774434742366759e-09
4.606934878571121342e-09
4.346840185729772394e-09
4.172979840349011393e-09
4.086192931431049708e-09
3.901675037199480717e-09
3.547752400300842090e-09
3.411731957106255254e-09
3.253347958625254929e-09
3.108268401886037523e-09
3.025305952577632639e-09
2.903392572424091986e-09
2.796763522216116673e-09
2.718257166941733867e-09
2.643982034884856739e-09
2.477000665316102514e-09
2.404302818181729431e-09
2.317792400502279842e-09
2.218627577424034454e-09
2.168654438216785833e-09
2.093639796238242059e-09
2.025467007546804561e-09
1.891280666896568469e-09
1.762805134020614407e-09
1.729277623107628014e-09
1.636788682241232018e-09
1.562980004453149073e-09
1.529677242591966670e-09
1.487460573843085061e-09
1.429875224918010226e-09
1.347364095328601149e-09
1.313747312917296808e-09
1.260381212699494580e-09
1.175138073378134714e-09
1.128762215053360575e-09
1.083285990229525676e-09
1.038860354893772533e-09
9.949534115302521352e-10
9.316802873560886897e-10
8.934226948256121424e-10
8.160508886147059705e-10
7.627200928541227175e-10
7.299915114155637822e-10
6.684465809029577684e-10
6.193382908745121833e-10
6.037759987103091279e-10
5.556729685707186529e-10
5.118033908474697357e-10
4.811520842504286994e-10
4.596491017830606875e-10
4.348308575094504156e-10
3.964989915201990173e-10
3.822397656224048688e-10
3.608788633973190124e-10
3.446329888845657725e-10
3.200387573755998528e-10
2.941340045709831903e-10
2.884509063047263221e-10
2.627770671542392405e-10
2.505980757019457259e-10
2.319428312961912908e-10
2.144472534424010886e-10
2.067483816920369291e-10
1.969583892888060831e-10
1.810639786142783350e-10
1.696005648372007719e-10
1.626923501396176527e-10
1.476375974707572196e-10
1.435438208239501986e-10
1.341954959790817885e-10
1.284116588436772433e-10
1.236302083763256204e-10
1.162972381387157171e-10
1.126727306710777719e-10
1.089797858387046408e-10
1.028776739341545872e-10
9.605759738769851070e-11
8.940877526559574113e-11
8.752050267937944197e-11
8.443696550806201654e-11
8.169896561881724445e-11
7.845382808773250525e-11
7.680224866599114593e-11
7.445588994701687136e-11
7.238926214129791505e-11
7.172800747379711297e-11
6.863515066530042319e-11
6.694944332600273014e-11
6.621459049139911207e-11
6.459603089520590177e-11
6.218642850771255161e-11
5.943802700131613040e-11
5.858850509966256961e-11
5.655523892354710273e-11
5.427802579877907808e-11
5.369384226293151225e-11
5.177756664840426879e-11
4.972485993699725048e-11
4.832291609242655485e-11
4.684073013201602696e-11
4.556014662585761703e-11
4.354127588587085252e-11
4.132675833412838693e-11
3.999537002549394584e-11
3.858823917658612680e-11
3.645969273561938234e-11
3.489976976098348663e-11
3.323769856459936057e-11
3.157568429295158337e-11
2.952822906968563594e-11
2.755408081198237489e-11
2.637551826009274376e-11
2.414518335259193352e-11
2.352083417953074371e-11
2.134275900102891621e-11
2.002675668705370202e-11
1.928728733005387237e-11
1.679839961837558766e-11
