8.870355386929011932e-01
8.742009754548425438e-01
8.608006661411786720e-01
8.515409411180990817e-01
8.298796457051597075e-01
7.818668237154500211e-01
7.398989349456858156e-01
7.190169159297007395e-01
6.888967927417760650e-01
6.495386950417381122e-01
6.124914740590278184e-01
5.782247043035116940e-01
5.372431147970916365e-01
5.043821435907985817e-01
4.865094592139744267e-01
4.523642894478133725e-01
4.292845443170170139e-01
4.078327590811173797e-01
3.791515558574009015e-01
3.598170822298631943e-01
3.426931671637349908e-01
3.205440336344325680e-01
2.988046423752133141e-01
2.796852632680022488e-01
2.723075631425423970e-01
2.555226831790237130e-01
2.401746516802868991e-01
2.291932617185430676e-01
2.225193477264932884e-01
2.083367710313662191e-01
2.026682359323297156e-01
1.947400056129850177e-01
1.883978216807594419e-01
1.831813850725626802e-01
1.743748256656288964e-01
1.695938790673479080e-01
1.619595716443655575e-01
1.570506419627583361e-01
1.513266163825602029e-01
1.472106730529601781e-01
1.411981907320177809e-01
1.386994062475183642e-01
1.325607085163735821e-01
1.261588307449669211e-01
1.216825408931816316e-01
1.158556414497135534e-01
1.105972944595046970e-01
1.067155645879775683e-01
1.044597766686893164e-01
9.807506431187675011e-02
9.428261033890635023e-02
8.946395492941595917e-02
8.556583597103523120e-02
7.924414527296361199e-02
7.501241464164838668e-02
7.207994239112067159e-02
6.850829233713434663e-02
6.526330246155642723e-02
6.087249599567440272e-02
5.474890412643765997e-02
5.214448117308439351e-02
4.685088078172174042e-02
4.394130710995050593e-02
4.126876842159648423e-02
3.764742500655300639e-02
3.480270709164534626e-02
3.122046132470828947e-02
2.991982436722153554e-02
2.747722894703338511e-02
2.552219297684502064e-02
2.428793581300291507e-02
2.323808354068401805e-02
2.233036565224512035e-02
2.114237258491815166e-02
1.963888968004738611e-02
1.878431392486314827e-02
1.747581203684844819e-02
1.700396763516470039e-02
1.614876780309095969e-02
1.565269999461575343e-02
1.455525179253716085e-02
1.377293526080185064e-02
1.323672528328861085e-02
1.244963638720283927e-02
1.171125532795355174e-02
1.123134831147250615e-02
1.096924155680904789e-02
1.039112474317685497e-02
9.966496667848209062e-03
9.366764408484339749e-03
9.023506706941566632e-03
8.615214680687917001e-03
8.278792977871466188e-03
8.098802552466709964e-03
7.818174475702413875e-03
7.426882510507205187e-03
7.072229450476786271e-03
6.785505509144449526e-03
6.467949642899433089e-03
6.298940177692071395e-03
6.170322385527522886e-03
5.871691371583311059e-03
5.613470615214250815e-03
5.427930412642566031e-03
5.271764511077417330e-03
5.057382181809334104e-03
4.907619168548631866e-03
4.745136622103228799e-03
4.646129593332066349e-03
4.461413836958793948e-03
4.293143041424408307e-03
4.109848315058921807e-03
3.985896268600865565e-03
3.836788573525142139e-03
3.679835957237369889e-03
3.620407429864650351e-03
3.480481114668975383e-03
3.342723015510833205e-03
3.206697811251006149e-03
3.064963272987538366e-03
2.938963296535646030e-03
2.754941257069834937e-03
2.695574261544807573e-03
2.581238494777155466e-03
2.428441123343687627e-03
2.306394652994386667e-03
2.162266708360800066e-03
2.017529344281672292e-03
1.944000821509035042e-03
1.833674810319821423e-03
1.765844366364921611e-03
1.646979830761825889e-03
1.574198984312209391e-03
1.456165538080799035e-03
1.390719503826542665e-03
1.303534464698448414e-03
1.253896346985295751e-03
1.201763702259475187e-03
1.166603309233080763e-03
1.123171369187596141e-03
1.076425434603398620e-03
1.008910683514967948e-03
9.769887150881595081e-04
9.447074261610434454e-04
9.072161589617703647e-04
8.809389022048806292e-04
8.408044795488574469e-04
7.910248559397034269e-04
7.605755367799869838e-04
7.172515584059121346e-04
6.930284625949324588e-04
6.553757774943669897e-04
6.179139464803451529e-04
6.090141234479986296e-04
5.651844264919150687e-04
5.441575436943634847e-04
5.189896721114269258e-04
4.841275234672006789e-04
4.559628903329149469e-04
4.450441766018648762e-04
4.336326705296026382e-04
4.072835744602641716e-04
3.955591113452934168e-04
3.697954207384503383e-04
3.512691681676692167e-04
3.346192690993764381e-04
3.189612730955230136e-04
3.029151400983043862e-04
2.901581619780448508e-04
2.714143842228973003e-04
2.478033872592585139e-04
2.328050624434946207e-04
2.189006792736434995e-04
2.047953238961273872e-04
1.915278237130369995e-04
1.831101479563591059e-04
1.750795325273043937e-04
1.666753195040363998e-04
1.547151927582236742e-04
1.461918710821557578e-04
1.339842583791076296e-04
1.254595647512611026e-04
1.091204888835032997e-04
1.004745298185684535e-04
9.616793558590643900e-05
8.603718678870240133e-05
8.120483514419363181e-05
7.359633196044572260e-05
6.953260274801976049e-05
6.481644487413889470e-05
6.113424742261821566e-05
5.843658308713248596e-05
5.632758384467032779e-05
5.311524528158774043e-05
4.959355931147783344e-05
4.750542904622344196e-05
4.419515760233684733e-05
4.111418132538200939e-05
3.871093547269072546e-05
3.620361523372879540e-05
3.527201341480987548e-05
3.316745404147742601e-05
3.114620164705306216e-05
2.884163701616512541e-05
2.714912364590859269e-05
2.629537480324464177e-05
2.391865769004069384e-05
2.294892861831741547e-05
2.145192417190788388e-05
2.025751293853075735e-05
1.831014310700698042e-05
1.757801950078369531e-05
1.558068141203614086e-05
1.434617111009175441e-05
1.358530273603896346e-05
1.247330512348211138e-05
1.168272887958539994e-05
1.058952774503254317e-05
9.057529497661379264e-06
8.485330957659833006e-06
7.504280798238398585e-06
6.828991819221994882e-06
6.186969682385302731e-06
5.576858844814532418e-06
5.120789351098084905e-06
4.796957582387417258e-06
4.419917010054695778e-06
4.078028977459817067e-06
3.699689347930725226e-06
3.384401863312544814e-06
3.245163145943188024e-06
3.012451811628136086e-06
2.899849345526436823e-06
2.718100947400168448e-06
2.621637399403587327e-06
2.513203327282342581e-06
2.290462983560768850e-06
2.170548150819555810e-06
2.086085410340689397e-06
1.925740544097062087e-06
1.790257534903915597e-06
1.715419014530859967e-06
1.656825661445767159e-06
1.509680986800670579e-06
1.407996673357835219e-06
1.274338575589841008e-06
1.132358554610975193e-06
1.089665307121045626e-06
1.000549622478712953e-06
9.491805606569531950e-07
9.093287032916361542e-07
8.622554705644022181e-07
8.313822892648012555e-07
7.638595520379360927e-07
7.116783902635053461e-07
6.645619837584126643e-07
6.214500723919078966e-07
5.931836638205340722e-07
5.777048582624134920e-07
5.536975017736575824e-07
5.340662306451751490e-07
5.104576462062535983e-07
4.977843040039673402e-07
4.684971119185302525e-07
4.466427064319107324e-07
4.320189068139940320e-07
4.055457070665490161e-07
3.826219894960515409e-07
3.624294476872054560e-07
3.487819184630518949e-07
3.328482309892035671e-07
3.086718733169217600e-07
2.682634300397242003e-07
2.479534860160800599e-07
2.111384342788297008e-07
1.999800396781620835e-07
1.762226692440991388e-07
1.593826147147371158e-07
1.520267307064087643e-07
1.342030680162602624e-07
1.237605137612373498e-07
1.110421417657080083e-07
9.841715970938937350e-08
8.884315860743878674e-08
7.988116665579559805e-08
7.157390063941529610e-08
6.707362116678273010e-08
6.045957430138901661e-08
5.556317114945142384e-08
5.027557550287594984e-08
4.603131546136826661e-08
4.244967574028162172e-08
3.937491280955229383e-08
3.338707856269896032e-08
3.028218206997544770e-08
2.721992653533181842e-08
2.559310980793476133e-08
2.193766917379416851e-08
2.023127316613700453e-08
1.751814129842882880e-08
1.641007202745449758e-08
1.488329472972636450e-08
1.399798358614148756e-08
1.290931996604083226e-08
1.193732167964345861e-08
1.140722292736638788e-08
1.048048943908746102e-08
9.942080670682854497e-09
9.099341514457670156e-09
8.511894968154939390e-09
7.872748147923274110e-09
7.488935869187660659e-09
6.825532219288669825e-09
6.305257693967262906e-09
6.066877500793456946e-09
5.418770676063708464e-09
5.141263065643622196e-09
4.799508218828798316e-09
4.404000819356000214e-09
4.009840010871675612e-09
3.704768744838747251e-09
3.496111620093659610e-09
3.085649189794900050e-09
2.850992276443372470e-09
2.625400102166896894e-09
2.502110930760381191e-09
2.248335362285060926e-09
2.113327390432707212e-09
1.837407288550634697e-09
1.738070709066784795e-09
1.631439552815114791e-09
1.446142396197346574e-09
1.323813681001912442e-09
1.231687002081022007e-09
1.149116810666340631e-09
1.089487904199132419e-09
9.423439239668159339e-10
8.075597838070115049e-10
7.544791690812621655e-10
6.626147710024427108e-10
5.987800247967535364e-10
5.704520416658914185e-10
5.170675497523791397e-10
4.700961833642472614e-10
4.501462199048994650e-10
4.108849764244318625e-10
3.548419649924279915e-10
3.327074920659166340e-10
2.996558468604134938e-10
2.774158467034445805e-10
2.418259654894841248e-10
2.282680456262776281e-10
2.165083478694149743e-10
2.032970536772447013e-10
1.876604129934373047e-10
1.670701234731905543e-10
1.526856804078513326e-10
1.416293594081269638e-10
1.256845707617230326e-10
1.152096309362335342e-10
1.057548284910670976e-10
1.019288133663268058e-10
9.328308578343800005e-11
8.296343069999101414e-11
7.644081767959587131e-11
6.929962384713282086e-11
6.517128727734103778e-11
5.972129381194190840e-11
5.638687019223648479e-11
5.382360872642429796e-11
4.920646798680047915e-11
4.617209844040300069e-11
4.291699781598337605e-11
3.967506160319674741e-11
3.504483036878973156e-11
3.283911858546935916e-11
2.975051259772587947e-11
2.860217386252789887e-11
2.683084236577253063e-11
2.473186726736536948e-11
2.330157883239882592e-11
2.221186802294620588e-11
