9.998646306312156673e-01
9.996952860582752898e-01
9.992862452212240010e-01
9.987963126285603899e-01
9.980321697749382492e-01
9.970153784245868733e-01
9.957049044709110897e-01
9.939438198762563514e-01
9.913185223511793431e-01
9.900295736216357945e-01
9.874903785860780214e-01
9.847843698878078200e-01
9.812313341327801863e-01
9.781859429438137798e-01
9.746240557565727380e-01
9.689654516296974940e-01
9.624698355401170025e-01
9.535285933633398381e-01
9.394980348896354583e-01
9.302494181904411574e-01
9.287000230902549003e-01
9.173471842133112952e-01
9.063404764955879100e-01
9.040405343100539337e-01
8.948417030169493191e-01
8.791099596823984674e-01
8.642251129381495200e-01
8.485614396384326685e-01
8.337780157576653028e-01
8.111758108149368374e-01
7.926195473588039109e-01
7.726530412562487848e-01
7.691024207965825310e-01
7.516550736060345628e-01
7.489099281717299661e-01
7.239418618014135109e-01
7.201942955028871607e-01
6.973163079186758262e-01
6.754591379262274708e-01
6.645265110874349901e-01
6.609400745012339318e-01
6.432306214694869517e-01
6.395040246171349585e-01
6.148068822824199753e-01
6.086389139902421697e-01
5.905182877048684720e-01
5.639364410027088992e-01
5.580225319604694700e-01
5.394410772210699312e-01
5.100566410889658675e-01
5.072972782058529084e-01
5.054131972415265572e-01
4.919079933280657291e-01
4.854406983235126094e-01
4.591927680628246633e-01
4.471629336178576941e-01
4.355872633061805832e-01
4.342576613813164954e-01
4.191463201400885685e-01
4.019332124362446912e-01
3.987831479440335225e-01
3.754225085225838532e-01
3.501639190198600482e-01
3.421720005680084498e-01
3.285512565906157367e-01
3.271185643817789979e-01
3.255388356567050501e-01
3.094028935676708114e-01
3.062980328669867025e-01
2.997317278069150381e-01
2.880631327536893882e-01
2.784093157967924004e-01
2.725500997598865327e-01
2.686424365052185181e-01
2.668543374015826530e-01
2.648763273824990550e-01
2.537158801474921899e-01
2.484221210716197892e-01
2.420926329152919831e-01
2.414719847122867857e-01
2.325248008064622340e-01
2.304462856065023768e-01
2.275249165781654537e-01
2.188883555955158655e-01
2.148577919161145378e-01
2.048440601584494147e-01
2.041861741056365809e-01
1.932647463733363769e-01
1.899874426137132810e-01
1.869317804042954778e-01
1.839224412719457358e-01
1.784301230119790527e-01
1.778445286689339100e-01
1.763537698321703817e-01
1.717728621922493537e-01
1.672994354326615973e-01
1.658377448334229509e-01
1.612076229239603753e-01
1.580346478253324138e-01
1.504915790430036149e-01
1.482091597497679769e-01
1.470816101254220076e-01
1.435046715226147573e-01
1.388508840972876857e-01
1.381215777363558606e-01
1.300447378926213871e-01
1.260189693296720481e-01
1.247931887996445582e-01
1.222046763478571441e-01
1.166828611162996493e-01
1.149303329322004380e-01
1.145238476821788531e-01
1.142405048191584421e-01
1.112806103232937827e-01
1.094087967025296620e-01
1.042604657431896314e-01
1.025658703229167246e-01
9.690594290988481518e-02
9.613981437627630577e-02
9.546366930003974405e-02
8.981781068701409632e-02
8.818411984653123925e-02
8.653049856345863822e-02
8.312033573007455989e-02
8.278756960846127277e-02
8.226118867062295892e-02
8.066183473787363889e-02
7.535067097685879678e-02
7.500564857881125702e-02
7.450088233053370201e-02
7.025853800625464496e-02
6.881558049904441809e-02
6.793827003090104066e-02
6.663016773527707937e-02
6.555991247512787945e-02
6.351731458897677540e-02
5.952431712758560894e-02
5.872685292253304601e-02
5.770918070418409873e-02
5.652725292723229100e-02
5.458266502867615416e-02
5.333751364442207432e-02
5.286690612862547656e-02
5.268177206986637134e-02
5.230845553583454016e-02
5.088858103605286426e-02
5.052237806817736626e-02
4.863072009714025645e-02
4.554599300068438300e-02
4.388065542162041671e-02
4.323031708329930223e-02
4.169868087706865567e-02
3.997198186321821584e-02
3.973603604386496263e-02
3.883931888049991371e-02
3.833769006277026187e-02
3.669907007595491627e-02
3.614429353724363247e-02
3.589098382621014327e-02
3.572574537972962594e-02
3.516463639272993796e-02
3.396670434979574132e-02
3.370646904668201521e-02
3.298312121814665765e-02
3.263832143734236163e-02
3.171401097712842065e-02
3.061821960982236482e-02
3.056313562458826474e-02
2.992388783106147629e-02
2.786472518176674046e-02
2.778567503341694209e-02
2.683483092041821089e-02
2.671776912388987638e-02
2.574536625671667092e-02
2.526883095574737961e-02
2.517967440328088002e-02
2.489218301228295419e-02
2.481208034761264031e-02
2.315730309971853265e-02
2.193610900910112835e-02
2.140728818446834686e-02
2.119625961370405140e-02
2.101181956698437020e-02
2.065130987288029893e-02
2.028257280945133800e-02
1.963244535584247885e-02
1.959413301455996750e-02
1.937727579713751161e-02
1.858602343958715847e-02
1.799899271830350533e-02
1.790289044814892191e-02
1.778058445593197825e-02
1.707311109206368499e-02
1.682965106295071858e-02
1.668641288849347093e-02
1.628909204899349483e-02
1.618904612924256664e-02
1.553564936719851151e-02
1.546485904882393021e-02
1.513036435365550623e-02
1.501998856240176726e-02
1.480689210617070102e-02
1.373849114802713420e-02
1.368928285128857489e-02
1.351840330079757090e-02
1.265589075320338631e-02
1.183365647047428769e-02
1.171591726673401265e-02
1.161267508710353905e-02
1.147483664225842220e-02
1.125244787841588739e-02
1.098762841930918215e-02
1.090439585307865535e-02
1.063228995230444153e-02
1.046603535112214031e-02
1.043572194357394838e-02
1.027084838303896769e-02
9.919718090400441585e-03
9.683597667211279666e-03
9.521970030449597097e-03
9.223375264946497704e-03
9.061472985188194149e-03
8.916121675993581366e-03
8.685462265888677091e-03
8.543860289351083367e-03
8.467453950821424852e-03
8.315887250094427044e-03
7.986137947442566165e-03
7.672205640570524225e-03
7.521180429232799183e-03
7.271183301441210174e-03
7.046070840842507364e-03
6.896247066402507071e-03
6.834009062586575076e-03
6.547735549892533258e-03
6.496037701582785436e-03
6.449522891808503848e-03
6.257729729968619474e-03
6.161590552301299956e-03
5.928619966018868620e-03
5.775314987980234224e-03
5.701684037278460099e-03
5.692041063443879605e-03
5.490206012534682573e-03
5.401323860160787624e-03
5.143342447344901106e-03
5.100690094646312227e-03
5.072203189978796538e-03
5.043067171654320134e-03
4.904748023130781585e-03
4.867380880411380228e-03
4.766663226800537528e-03
4.537367082577928486e-03
4.525252418437583635e-03
4.500816017126227885e-03
4.313132328805243353e-03
4.124977142847337415e-03
4.060904991594768698e-03
3.891550223418561993e-03
3.844566361782603657e-03
3.758314705865247775e-03
3.710834237651177044e-03
3.629188233804149424e-03
3.455794915649364803e-03
3.445462839206589467e-03
3.366836402125025340e-03
3.327671340474042550e-03
3.249707834289085849e-03
3.107947860192702451e-03
3.062875165545712614e-03
3.046809168157947351e-03
2.996021450437841727e-03
2.891845097100331340e-03
2.864758004965924608e-03
2.854696104826990287e-03
2.837519609183259978e-03
2.737204860299503537e-03
2.725925939359590249e-03
2.612827196741663183e-03
2.598357173197752071e-03
2.567680532087908158e-03
2.557457087633455573e-03
2.488192307231417572e-03
2.414769778875553233e-03
2.351786491008899145e-03
2.276296489112879240e-03
2.260729145624301630e-03
2.207563468709226873e-03
2.123794238776891517e-03
2.065062320858725761e-03
2.056622628342795467e-03
1.992233708921814419e-03
1.988633698304255633e-03
1.926870272518025305e-03
1.899821555779357104e-03
1.893138945077057567e-03
1.885907832159686680e-03
1.869980863453073183e-03
1.863342670191154996e-03
1.714304905843422235e-03
1.709924414194881554e-03
1.696520960692335335e-03
1.644387138102293248e-03
1.583353614475674354e-03
1.533670371048176341e-03
1.513080131215906827e-03
1.444578560017254105e-03
1.378651268506714744e-03
1.366741033315359245e-03
1.343865640786493388e-03
1.330807548976154289e-03
1.313813960529898938e-03
1.284179392224236906e-03
1.282754107414887197e-03
1.240466457188433994e-03
1.186004907305191532e-03
1.174639596013066049e-03
1.095138524662476066e-03
1.093690335712545680e-03
1.051129244686807313e-03
1.042019527616149053e-03
1.034739568846175907e-03
1.011492510571048017e-03
9.782717590128332287e-04
9.770428674209343575e-04
9.636126348358869595e-04
8.883739957253601561e-04
8.828667128376309911e-04
8.743945904143635758e-04
8.610953268262533248e-04
8.437549917727679141e-04
8.325856930560305864e-04
7.967588496681533849e-04
7.714685971624890342e-04
7.629855413308206510e-04
7.596507314212210676e-04
7.094653521551875499e-04
6.963735620161511965e-04
6.894428616526368991e-04
6.793752440645903353e-04
6.707778709288240732e-04
6.686543040637783590e-04
6.660335457282896094e-04
6.120734601700656601e-04
6.025002828010353646e-04
5.943962076169446518e-04
5.876350283848234433e-04
5.867404032734832749e-04
5.666757714339667193e-04
5.627571286728432062e-04
5.475705344388531346e-04
5.065601356855626951e-04
5.040059830397512416e-04
5.025881229352289386e-04
4.984722067770420159e-04
4.957959426277683138e-04
4.903076548895688369e-04
4.856217516327579779e-04
4.517056171465094598e-04
4.367784281334092839e-04
4.332134858607396082e-04
4.312070680081339755e-04
4.216498054732095214e-04
4.203395637676331513e-04
4.041370759824441830e-04
3.953099557274415699e-04
3.841169027709356908e-04
3.748368998733749534e-04
3.677239396363581178e-04
3.656814161382679123e-04
3.617143006162243097e-04
3.530819436618906431e-04
3.491463878175760614e-04
3.457357830649064926e-04
3.197979934472622537e-04
3.179024085915231439e-04
3.122570430890941710e-04
3.068858899973486731e-04
3.034628071790716861e-04
2.961488315910815162e-04
2.915472203603774255e-04
2.855514383914782746e-04
2.811871758889335346e-04
2.747083308801746859e-04
2.725566325276626502e-04
2.679226364367538575e-04
2.634313731547792718e-04
2.573805846089758992e-04
2.543520916326895615e-04
2.470540777956414802e-04
2.456329832773884074e-04
2.339254989195570429e-04
2.222631466504395366e-04
2.110088221772899776e-04
2.102937715087524061e-04
2.097494505711749210e-04
2.075117393965947722e-04
2.058298254179334770e-04
2.034152844595191482e-04
1.989788408511285981e-04
1.839607591457541737e-04
1.817172340892698546e-04
1.800799155840155405e-04
1.793523003809677392e-04
1.725843919496181198e-04
1.690809919461288614e-04
1.642301722356009897e-04
1.562518471672158732e-04
1.552811377331086431e-04
1.536927239858001623e-04
1.510546548321723402e-04
1.506267765228952514e-04
1.481291703725473867e-04
1.327889625116174222e-04
1.324988955064085739e-04
1.313946333414785282e-04
1.305106549544177630e-04
1.275324366678985070e-04
1.208218440712534309e-04
1.195210292295703392e-04
1.180526720047299122e-04
1.175655810688822366e-04
1.141753875578887731e-04
1.116886203611763476e-04
1.103603367487308905e-04
1.079495978144994205e-04
1.025365626855913266e-04
9.699385354217896372e-05
9.675309277644730495e-05
9.494367196177425734e-05
9.477830701408112928e-05
9.424273127058246892e-05
9.293512921689063642e-05
9.208495565779982407e-05
9.070932641937361532e-05
9.002495485455073770e-05
8.217711766774895362e-05
8.176197678297463238e-05
8.160264147363824132e-05
7.986748679354935807e-05
7.654138076337234061e-05
7.325737211763381921e-05
7.190112204315343041e-05
7.071887949780823659e-05
7.006830378603862261e-05
6.889172415588871144e-05
6.832387739613341154e-05
6.736902555151566769e-05
6.393989495498495629e-05
6.336810781611129781e-05
6.075890105683548524e-05
5.953354092867568618e-05
5.897554591607037558e-05
5.829244008374967847e-05
5.804161931738137717e-05
5.595251590886168126e-05
5.524212479104943270e-05
5.463537943468617982e-05
5.136697735398715250e-05
5.088047570206989239e-05
4.888853313331418507e-05
4.808674294595938523e-05
4.732241805083153342e-05
4.624340154425780951e-05
4.572128514839836761e-05
4.551036308153653937e-05
4.511096235605826653e-05
4.380383163884197319e-05
4.292518056201005244e-05
4.278657842395956783e-05
4.114088548723802031e-05
3.979801347457541269e-05
3.823223244100910380e-05
3.729838501737841320e-05
3.709942795619330843e-05
3.697582225660346053e-05
3.666896585308666634e-05
3.547235830102532593e-05
3.497484812145032219e-05
3.413046097398082963e-05
3.366885316680569371e-05
3.351837280487912364e-05
3.265344588371552970e-05
3.223649968353353105e-05
3.069500994027527055e-05
3.045446979200039649e-05
3.018039017690441589e-05
2.713786732416259166e-05
2.694482920713348360e-05
2.649308585009364436e-05
2.629774513405591036e-05
2.546851705300640876e-05
2.531169682813114884e-05
2.508577258397098498e-05
2.457479830256936935e-05
2.433383553393111102e-05
2.416346259124781083e-05
2.398258609155736821e-05
2.279124191167537631e-05
2.272515537178220244e-05
2.197922644290003220e-05
2.046476673830088089e-05
1.931279871565751746e-05
1.855329668576075378e-05
1.845587529177888155e-05
1.825959929103366418e-05
1.699305144330068412e-05
1.688284435753946197e-05
1.687418882419860832e-05
1.670563877732084013e-05
1.620512763556335447e-05
1.591010041360192115e-05
1.584348167075619863e-05
1.541506064089643907e-05
1.506201904485265556e-05
1.477913063438724275e-05
1.469404797994519890e-05
1.445212044807712715e-05
1.440689282866873156e-05
1.426415091321737054e-05
1.416664042723435393e-05
1.383622723005565310e-05
1.321196233266331408e-05
1.289710005237916956e-05
1.271250656729357277e-05
1.255144024524267324e-05
1.223826033647762441e-05
1.211044338062164039e-05
1.176469876427543008e-05
1.154967178635912638e-05
1.151759062657914537e-05
1.135318337919563745e-05
1.021731484406492979e-05
1.014842792836257561e-05
1.001758948273008415e-05
9.958590122391184583e-06
9.882977590222122842e-06
9.736107610049278809e-06
9.680099461985511322e-06
9.596480512290472134e-06
9.534597046699237375e-06
9.351401890050682031e-06
8.982393748361282789e-06
8.764185155689072657e-06
8.670051575615025116e-06
8.360195756590019727e-06
8.341775391714196687e-06
8.303476106628946243e-06
8.185257179978746569e-06
8.061554646103789534e-06
7.051253213484981573e-06
6.910259373447732770e-06
6.898334458294664911e-06
6.879110512550892374e-06
6.731428054775682234e-06
6.416168236807346119e-06
6.319361755765038757e-06
6.097897244585211091e-06
5.945539004952254458e-06
5.929692521142200348e-06
5.849501517947175071e-06
5.681890912732024334e-06
5.669630831477987075e-06
5.505206030527763670e-06
5.468185168378987097e-06
5.397346643968228835e-06
5.347507977464733598e-06
5.284086289636599968e-06
5.245859358941373986e-06
5.208452358233559548e-06
4.861834590494607195e-06
4.527292823158486382e-06
4.466978266982106225e-06
4.445955082415953934e-06
4.299621418992544597e-06
4.076195237566069173e-06
3.915218332544926173e-06
3.904196987653998383e-06
3.884231124306024370e-06
3.868388184255444394e-06
3.524076041544092117e-06
3.492813159724212983e-06
3.468520102524892538e-06
3.445442105666391134e-06
3.385347575538201672e-06
3.317795584745223285e-06
3.294426008115924576e-06
3.187261008484331716e-06
3.161058478076984755e-06
3.124675160795389366e-06
2.933795768978578938e-06
2.899817216055409449e-06
2.854906937626072166e-06
2.837726318205018737e-06
2.804488208160098544e-06
2.743377900134504330e-06
2.693720661836498000e-06
2.689717860302103452e-06
2.663067824564046152e-06
2.551598282620218031e-06
2.467215711306786220e-06
2.415873847545680778e-06
2.392262881713413795e-06
2.368467431306455227e-06
2.358859009817772451e-06
2.326485386329637921e-06
2.264856808233219227e-06
2.207417662568156817e-06
2.084012788427407836e-06
2.077100325959219707e-06
2.060476924580421436e-06
2.058197656029402646e-06
2.038701331795759841e-06
2.035312837936015558e-06
2.012943927389061743e-06
1.978791852977260551e-06
1.913665789929638440e-06
1.873294222001887537e-06
1.779583726764747423e-06
1.717590018123113144e-06
1.703293101819280469e-06
1.700252384321036618e-06
1.668217702736068899e-06
1.660362508274210788e-06
1.636422993003253867e-06
1.608197167841458949e-06
1.593182742414694543e-06
1.553567205981947488e-06
1.496861678126346105e-06
1.472108201326773933e-06
1.459262904613560020e-06
1.421149411338181952e-06
1.396856675728061649e-06
1.383327745337681661e-06
1.345097331400663949e-06
1.333555189148499702e-06
1.323477792968820219e-06
1.300929171634138575e-06
1.197546571279000188e-06
1.168819568110879976e-06
1.167206570259666770e-06
1.150401906052783450e-06
1.138075548789512615e-06
1.135583744406547317e-06
1.132359178577924537e-06
1.128422597251359343e-06
1.121591765612692253e-06
1.042513127415403430e-06
9.936706471550517577e-07
9.894480828743928923e-07
9.873258188831418669e-07
9.334087651911787889e-07
9.210571972072305414e-07
9.105783791822126038e-07
9.039396816369551054e-07
8.686436189060902780e-07
8.600714414862128838e-07
8.258650773561450135e-07
8.153992773092837908e-07
8.027381345813267661e-07
7.939090923406822448e-07
7.619825624609107819e-07
7.565236019944781301e-07
7.427984642057190450e-07
7.092804539246370053e-07
7.061350788847806345e-07
6.965551205914305558e-07
6.785989910755173227e-07
6.741339138856568245e-07
6.254376015032452501e-07
5.993872056827253852e-07
5.729917303835848258e-07
5.683259490769225857e-07
5.512082845467822066e-07
5.234881812584799954e-07
5.208865638061463763e-07
5.173548100053906121e-07
4.993231022915717989e-07
4.971616300800054611e-07
4.607292883586473371e-07
4.392812180005603367e-07
4.278568565857870204e-07
4.132984003362032533e-07
4.097314952357002322e-07
4.082656276107730728e-07
4.078218050553164309e-07
3.995543773044105089e-07
3.496422509951621306e-07
3.476255736288622789e-07
3.390573547982847224e-07
3.203817487381533227e-07
3.185814287161090001e-07
3.134746827303945557e-07
3.047439326905450765e-07
2.978203619026648423e-07
2.922383049939596168e-07
2.771882678411512259e-07
2.757656597604969541e-07
2.724584112798794312e-07
2.708240823474585497e-07
2.696855173435950689e-07
2.624890124696876897e-07
2.601074346529193865e-07
2.582165346408548235e-07
2.466865933298525993e-07
2.433098641018178164e-07
2.413419553442164156e-07
2.313441001733744646e-07
2.303385511256129161e-07
2.265565395609679547e-07
2.262413882949587614e-07
2.227920628640301595e-07
2.175388214204538531e-07
2.070020212092708052e-07
2.063848526117330416e-07
2.047494659564459089e-07
1.956830763256592374e-07
1.923890005274181835e-07
1.901339527747737692e-07
1.876014361287293213e-07
1.830390221923534027e-07
1.825183040353512753e-07
1.797240523031851784e-07
1.794258587729436065e-07
1.778012634281040499e-07
1.764524202177965616e-07
1.749315378566776704e-07
1.731429268362688528e-07
1.686779050665282139e-07
1.559196400534044482e-07
1.548684974280461779e-07
1.520215079138229457e-07
1.506386341062259509e-07
1.473454120627676155e-07
1.443777176009074371e-07
1.426031161146094808e-07
1.386834326029829067e-07
1.376227832422683846e-07
1.360597804864713882e-07
1.255625022050255599e-07
1.226476127279638810e-07
1.192377323299852487e-07
1.189440278797128960e-07
1.187770763668623737e-07
1.129983350399318609e-07
1.127139878876819709e-07
1.028317095314393837e-07
1.011157458946355554e-07
9.821945227970694131e-08
9.711962893884217276e-08
9.488760434837605040e-08
9.208573166131135028e-08
9.035924602399223570e-08
8.959303045750507677e-08
8.370642109337503320e-08
7.846940082242100988e-08
7.814797568979415287e-08
7.810182459128474616e-08
7.732183620934449380e-08
7.686810359472222747e-08
7.627452071948597723e-08
7.375054258609846836e-08
7.123570925956426679e-08
6.991994550306420216e-08
6.775158382568995985e-08
6.686620192152323409e-08
6.657658104068095756e-08
6.507699786441633646e-08
6.305300722400333002e-08
6.246506668608470808e-08
6.229433675665134521e-08
6.154654415196675220e-08
6.131736306011468165e-08
6.096575472919258455e-08
5.148518754962255105e-08
4.917050195279183376e-08
4.889224782443150887e-08
4.818020222003995935e-08
4.722024834973149476e-08
4.664127681886770798e-08
4.571164017848753408e-08
4.394653015125978085e-08
4.311433078525464965e-08
4.231023866634160530e-08
3.812584781768447417e-08
3.799589598420107347e-08
3.766427074980503196e-08
3.753844034722851377e-08
3.683545358878201902e-08
3.663905557234025086e-08
3.537729085465865869e-08
3.426944434781648724e-08
3.384046216457087072e-08
3.191217806556666181e-08
3.053641476240742328e-08
2.983195507104430704e-08
2.951641728127812349e-08
2.922801644066405399e-08
2.882476205460377903e-08
2.873629770829603322e-08
2.571005105841239423e-08
2.556012550506178672e-08
2.545594453929738249e-08
2.522784392922907299e-08
2.520639950290849027e-08
2.499125449186156051e-08
2.468777504556018188e-08
2.449585305278493192e-08
2.373559324105413611e-08
2.360177469645687557e-08
2.342996896170508996e-08
2.331896477504209208e-08
2.221329118253843429e-08
2.205600820827116596e-08
2.175083101281318294e-08
2.160537717262619309e-08
2.132485038768022276e-08
2.121118250022616516e-08
2.100005829817479272e-08
2.075614822353957331e-08
2.031305808568436065e-08
2.016585008690169120e-08
2.011259847088581553e-08
1.966841488337916157e-08
1.846791868981154283e-08
1.706090610934101438e-08
1.701215954932876358e-08
1.694496716473279062e-08
1.684108057138697651e-08
1.681651354040498341e-08
1.650177580435351357e-08
1.642555632187423890e-08
1.637249856101453709e-08
1.613205130348220201e-08
1.419891133041184791e-08
1.403497185990361649e-08
1.376109532730010900e-08
1.372061145705441494e-08
1.363284873675158346e-08
1.328559596913658200e-08
1.318091889490335114e-08
1.249343285338415762e-08
1.202637394464711793e-08
1.187909147939894053e-08
1.152270071419592865e-08
1.109967385213011372e-08
1.052554943316607769e-08
1.045092135263164301e-08
1.023643625482240084e-08
1.020252830027626902e-08
1.014252491731670947e-08
9.584238719433721736e-09
9.488211228990269884e-09
9.331305554779697668e-09
9.308343092686752161e-09
8.809838069190768518e-09
8.754447934653445342e-09
8.742859650213740194e-09
8.723613433269387950e-09
8.621514875072422808e-09
8.454857871260729261e-09
7.983934171238616858e-09
7.834973873270196469e-09
7.656981531131227962e-09
7.552703947811159955e-09
7.485485208500585762e-09
7.328172881827397839e-09
7.061848264856497394e-09
6.994362822604289627e-09
6.846701557164784544e-09
6.637392040129028139e-09
6.568751650329753272e-09
6.561525012820427898e-09
6.445950715702732983e-09
6.433605023167147408e-09
6.385317013420745606e-09
5.943479673825246504e-09
5.666153157240387271e-09
5.649595809011206659e-09
5.574703090673818126e-09
5.504475279544460537e-09
5.462832686395789231e-09
5.143816176288295906e-09
4.990756638041118192e-09
4.904032109369144669e-09
4.864122730100176859e-09
4.851048384703746769e-09
4.788574703135792885e-09
4.719082993237197885e-09
4.706468017710359982e-09
4.642884331826435940e-09
4.626092000505747236e-09
4.599486974860311190e-09
4.370952110513838163e-09
4.315886669798666231e-09
4.279807755689659310e-09
4.183178034945005783e-09
4.051281430690693386e-09
3.922850851406089805e-09
3.856528953621557810e-09
3.844047399458972362e-09
3.755105028991221251e-09
3.546341372896136838e-09
3.541407879578586780e-09
3.469262587140395088e-09
3.454754327889665742e-09
3.265523143949326725e-09
3.093884019557071449e-09
3.071100922716123887e-09
2.965461488696119371e-09
2.942063590204114404e-09
2.928002691546144919e-09
2.900310890783673726e-09
2.822938744592069126e-09
2.756594030289145794e-09
2.752674440449679469e-09
2.702898272695439773e-09
2.521311249408744365e-09
2.480381644794842517e-09
2.461151908120801111e-09
2.294512517716093765e-09
2.112018784505114153e-09
2.107588080040231052e-09
2.089121749657237094e-09
2.082499316300734631e-09
2.038002189005094279e-09
1.958576044130835146e-09
1.915401790862298291e-09
1.902135234387142898e-09
1.876705717188685432e-09
1.839943237365374655e-09
1.812707743947229888e-09
1.805814777186105042e-09
1.778778524250390192e-09
1.759915927265204951e-09
1.694266588211395728e-09
1.624404191197180927e-09
1.565654172053536701e-09
1.564003414945309082e-09
1.512696197998379448e-09
1.454205193779777990e-09
1.361749887753448080e-09
1.310039649151435578e-09
1.308972040083025843e-09
1.270913688515847736e-09
1.260214944496367919e-09
1.229837096632804846e-09
1.149855634687309073e-09
1.130112149267907316e-09
1.127489227759792742e-09
1.092865524559101144e-09
1.079074519499960377e-09
1.040653909497728658e-09
1.026309621566599956e-09
1.024625803412352994e-09
1.019795504080218243e-09
9.852716281672445299e-10
9.708763349491252610e-10
9.682489392282678625e-10
9.668873885563404055e-10
9.418949274261435458e-10
9.348841268002101796e-10
9.041520230570005621e-10
8.640868909884056230e-10
8.568784047489321454e-10
8.208609028317166256e-10
7.934116521404624547e-10
7.692873853718588082e-10
7.512822995766790760e-10
7.494016940498865136e-10
7.384154683381174318e-10
7.306221513340615568e-10
7.210105948846318155e-10
7.177797183321869264e-10
7.095337687727219186e-10
6.912490199430670654e-10
6.497307058104289917e-10
6.443612131784558233e-10
6.320935942429103550e-10
6.279590190247926754e-10
6.250767369512666526e-10
6.211121292312401714e-10
5.994088623433339053e-10
5.615850716405510121e-10
5.573148038248960684e-10
5.486466096279468344e-10
5.361506020598624695e-10
5.352143466371815886e-10
5.343161623518786169e-10
5.204024433515324531e-10
5.158060595781265404e-10
5.120940097497409652e-10
5.072636912365492594e-10
5.009808728857552339e-10
4.796800013975302703e-10
4.628810178854410830e-10
4.533314583416212260e-10
4.417708396470350890e-10
4.370606669606093407e-10
4.274597001346239527e-10
4.166478536038243973e-10
4.089396666041931790e-10
3.982912653053489428e-10
3.967054024738806975e-10
3.943604796514322823e-10
3.816850580603085811e-10
3.766882706014708018e-10
3.743566514549073050e-10
3.300940329182917091e-10
3.280490888473478034e-10
3.244327946313257325e-10
3.223974226872302002e-10
3.195059550012943193e-10
3.183553183157041031e-10
3.096807021184195530e-10
3.064993515693265163e-10
3.034075298445655232e-10
2.966518588674282010e-10
2.934307772018592801e-10
2.837216692857879331e-10
2.823925151058765120e-10
2.810788076352965433e-10
2.548337278500487702e-10
2.515426105782059034e-10
2.464872201428571076e-10
2.399998671446951430e-10
2.366763707812036026e-10
2.291869122818326744e-10
2.289420568311814890e-10
2.243432323670255460e-10
2.047919816864183807e-10
2.022655220090858841e-10
2.008106146029913583e-10
2.002507632700209498e-10
1.921701407315201188e-10
1.910011921652003012e-10
1.894742980569312798e-10
1.886774190235038244e-10
1.876106834103701687e-10
1.854541146100014734e-10
1.815044191644976780e-10
1.790993114208461055e-10
1.741909630991698194e-10
1.681495892607976112e-10
1.609433290704385049e-10
1.562375323278155204e-10
1.521612026673386385e-10
1.506443397044936624e-10
1.428400191074959844e-10
1.413755615116493339e-10
1.397613648621251706e-10
1.393368844155964436e-10
1.354166486988877299e-10
1.348765505512318056e-10
1.335127825524400196e-10
1.313250794560571998e-10
1.286518719257677628e-10
1.262647490104611531e-10
1.215227047631157014e-10
1.202343966007394667e-10
1.197039191484617089e-10
1.191495757600425406e-10
1.177780207557329908e-10
1.171258198414998170e-10
1.153974078990027335e-10
1.129606856555880478e-10
1.102574898924639752e-10
1.061543337124780395e-10
1.014873524072328155e-10
9.904406964734667910e-11
9.631690396141545549e-11
9.534502553649849143e-11
9.447184657414513633e-11
9.272687167492943483e-11
9.229703743294186972e-11
9.210814653345697935e-11
9.017506021231117845e-11
8.286822643922140623e-11
8.172358934765155262e-11
8.054733049541004197e-11
7.715632787530634344e-11
7.228757919422096887e-11
7.113134190983969466e-11
7.104731922633777298e-11
7.040128536031777693e-11
6.914501351825189090e-11
6.824488828807885017e-11
6.710245485310689671e-11
6.604945519304027319e-11
6.248237861569211723e-11
5.868011538981282480e-11
5.419462109212210409e-11
5.347642319090546166e-11
5.198563767679019584e-11
5.172838179868033187e-11
5.138035906837847984e-11
4.605484058715482336e-11
4.547581628596248598e-11
4.444464931693953697e-11
4.368870766290823283e-11
4.293497906420327025e-11
4.002258884181539151e-11
3.980855503451746068e-11
3.922376461916017507e-11
3.853708658589168036e-11
3.719989250848521626e-11
3.701598005517955578e-11
3.448510917044963441e-11
3.265673352386833367e-11
3.233032864049281302e-11
3.204405894372907802e-11
3.019086754033412269e-11
2.974364733545873279e-11
2.970824786762057064e-11
2.928571990139405549e-11
2.868452688918835255e-11
2.864614953614576963e-11
2.816243828676067858e-11
2.785299094183535152e-11
2.673126600600906484e-11
2.597686747484960087e-11
2.509008909458237135e-11
2.438382444757554649e-11
2.317731736852885069e-11
2.300837504479938677e-11
2.280519198376721059e-11
2.258075598786664145e-11
2.245920053842200283e-11
2.221447988039967227e-11
2.211312877631100615e-11
2.201476957879070507e-11
2.197641852509186969e-11
2.167077487801569710e-11
2.161200273518064692e-11
2.087403162756404805e-11
2.036212488357163735e-11
1.994804046324351153e-11
1.862244692354469115e-11
1.788409623619297421e-11
1.761282178434869419e-11
1.758237142289279651e-11
1.746268234468593265e-11
1.742932264255017210e-11
1.708464898926358595e-11
1.651805427408134840e-11
1.638845635616963013e-11
1.631360008542503594e-11
1.562770770178124635e-11
1.517622762537623035e-11
1.494077215530296160e-11
1.477457737320786912e-11
1.430402984201511721e-11
1.409175262531577409e-11
1.301372353484048673e-11
1.294122530513846282e-11
1.288014866187628304e-11
1.249315626866905597e-11
1.171012152408571890e-11
1.149892160709846189e-11
1.092666017641625267e-11
1.076686934262053533e-11
1.047860161109514917e-11
1.032486338428857106e-11
1.023615892292944582e-11
1.022223607579514072e-11
1.016475256908509130e-11
1.013206606728029273e-11
9.954666423049081588e-12
9.569366064382353887e-12
9.511813325532068115e-12
9.208789373237923971e-12
9.180312362505546147e-12
8.837798967786352131e-12
8.704050254753787591e-12
8.508439175718806595e-12
8.335377172145578992e-12
8.318376672127199352e-12
8.151442005148368288e-12
8.010776443469563243e-12
7.960822291357234586e-12
7.744307285065143174e-12
7.733860430570026005e-12
7.622502583752746782e-12
7.317784806134391910e-12
7.210715338237916121e-12
7.178907664739992594e-12
7.104054461667189024e-12
6.917115560848654044e-12
6.631059962648167715e-12
6.564419212403276376e-12
6.430832679361610988e-12
6.332395571433043544e-12
6.215824861714947078e-12
6.204876554566181717e-12
6.115336818438460328e-12
6.029790265052454448e-12
6.005855434994231029e-12
5.998085736822353190e-12
5.992280102984557766e-12
5.905030206681958573e-12
5.524249466964937684e-12
5.470798376778381312e-12
5.413788784820125257e-12
5.185244895664591543e-12
5.134733726350556529e-12
4.857641639477863187e-12
4.819770923061163263e-12
4.674062032424580858e-12
4.512382904563497947e-12
4.357738369882531464e-12
4.298056075739685786e-12
4.290792664907891722e-12
4.174639859430720077e-12
4.113493547992938033e-12
4.087653301825882196e-12
4.010413802340459728e-12
3.989089054210235193e-12
3.940373542624367863e-12
3.894161547108302317e-12
3.739361041699305695e-12
3.550224105222478444e-12
