9.999398414914092426e-01
9.996135086141222370e-01
9.989659300922001384e-01
9.979837510041065229e-01
9.947615891617721529e-01
9.932405377623310105e-01
9.903761221344884458e-01
9.883592944572497929e-01
9.861279869311642132e-01
9.823087874147871101e-01
9.756734530980749609e-01
9.602261212977368787e-01
9.561966050407613160e-01
9.479857526149743085e-01
9.410327127383496526e-01
9.325327075854389358e-01
9.319101820588617802e-01
9.202741749257919990e-01
9.159224781963248851e-01
8.935449671099706670e-01
8.615775669152809790e-01
8.267267816705755612e-01
8.171585971962845862e-01
7.855743883277003237e-01
7.643730648174666964e-01
7.602925992384199638e-01
7.381072413667200127e-01
7.132573019192808284e-01
7.114992053061236499e-01
7.103361895038526885e-01
6.724864835448324252e-01
6.698268233310935571e-01
6.662216172095326572e-01
6.512453369948244530e-01
6.025130802919029804e-01
5.993422830090590070e-01
5.672582664681248277e-01
5.651901733854385323e-01
5.595433893294783356e-01
5.300516109544795018e-01
5.254911450745095580e-01
4.778966501893340824e-01
4.749897918411116748e-01
4.681905968804658258e-01
4.473804783400434082e-01
4.468451442323329581e-01
3.928962409038336268e-01
3.876700669911017361e-01
3.819975827368992660e-01
3.553324171057777314e-01
3.429900183859498908e-01
3.316835426445674528e-01
3.271118251872850435e-01
3.202394761365695564e-01
3.199164726490836275e-01
2.805300074908692043e-01
2.667724153063088521e-01
2.614233273794540624e-01
2.247287877875143169e-01
2.241415657215652391e-01
2.202631558836539716e-01
2.187738095425071916e-01
2.016402486295570951e-01
2.010101634170704810e-01
2.005935081078454862e-01
1.859123074336898052e-01
1.833327454539745993e-01
1.822795192341076509e-01
1.718831475574010836e-01
1.700757289628755664e-01
1.683322757690964011e-01
1.681677903275911601e-01
1.663894075396278316e-01
1.385619204570310292e-01
1.370772799074291559e-01
1.334390232181183467e-01
1.333942669969525596e-01
1.255879138004466211e-01
1.242052701773819906e-01
1.240957981032318885e-01
1.109755413682222691e-01
1.105164872063871123e-01
1.104091658014041133e-01
1.047138175655618481e-01
1.010747316106201388e-01
9.956213358111046241e-02
9.768696852788878726e-02
9.756790576387028291e-02
9.664805110622687323e-02
9.004041386305979000e-02
8.583919483163331143e-02
8.560532566279029087e-02
8.451552834692289962e-02
8.352798942178334130e-02
8.000759522840594773e-02
7.583608340468211972e-02
7.580524125401444380e-02
7.570833029744566955e-02
7.053608709581196679e-02
7.051011545773239186e-02
7.027258187626789221e-02
6.991590919835483087e-02
6.981042951255064799e-02
6.366270875695452525e-02
6.289340708044351136e-02
6.216200876030832795e-02
6.212196443444363558e-02
5.613333028403402064e-02
5.560315113795900183e-02
5.505839180586616366e-02
5.493625740412096115e-02
5.416146224840161227e-02
4.212971463850466447e-02
4.194432011573152874e-02
4.142171816789559646e-02
4.097258565373103345e-02
4.047939644540288900e-02
4.038976069461499424e-02
4.010204487410665847e-02
4.002149395339492377e-02
3.626129812204727937e-02
3.454643360749590220e-02
3.289112951158672943e-02
3.281761115860268307e-02
3.243620819822432000e-02
3.225182788867533845e-02
3.074599600001129765e-02
2.761912529358800591e-02
2.614406758558606922e-02
2.252822605726232524e-02
2.247422693137806488e-02
2.246481174822394580e-02
2.233240282911525681e-02
2.203205258411345888e-02
2.137791786414025910e-02
2.093961462255230013e-02
1.913585126468857894e-02
1.895200823570264426e-02
1.893852807500989721e-02
1.806852048125574817e-02
1.571591907913087033e-02
1.358299878154564135e-02
1.277491712651345618e-02
1.208230587691479750e-02
1.123146588547773925e-02
1.121635102411114478e-02
1.113522646189250495e-02
1.111396976363375477e-02
1.107849075407181874e-02
1.069068380081321726e-02
1.062849307870273284e-02
1.058882648393427023e-02
8.158398512190063664e-03
8.095788629249416057e-03
8.087678359528855526e-03
8.080142681479739186e-03
7.991552136357292502e-03
7.785621968516585022e-03
6.150277111193170991e-03
5.830156514590601434e-03
5.804058676005264747e-03
5.776312465433316480e-03
5.597697836135051390e-03
5.587442956096237527e-03
5.556299299103883808e-03
5.552135885831949169e-03
4.813750179397665446e-03
4.752725857962865862e-03
4.750502150745595890e-03
4.719717908013276557e-03
4.711129434745633254e-03
4.702050173924697714e-03
4.537761495803768232e-03
4.516854538938845642e-03
4.423862177223925399e-03
4.293211721284731497e-03
4.090440110781110722e-03
4.012740625900933396e-03
4.011905554493073491e-03
3.942106143016370357e-03
3.771775354672035879e-03
2.885158566345383431e-03
2.881446864312359711e-03
2.879222211290141491e-03
2.873699728404557983e-03
2.830280861596353413e-03
2.824667036899729256e-03
2.809010697358058258e-03
2.805910242633108918e-03
2.493909893586870180e-03
2.192617155202148879e-03
1.587481647230997274e-03
1.575304920155728549e-03
1.573182496307336600e-03
1.570720666644055555e-03
1.564210314210809838e-03
1.553054584703568441e-03
1.548203791812410943e-03
1.405900554746088117e-03
1.174542537402396445e-03
1.083563016601488474e-03
1.054320338532723205e-03
1.050718790185458046e-03
1.044327287552656441e-03
1.041031493825415226e-03
1.032827774809725544e-03
1.017998078809274421e-03
1.002142577848311872e-03
9.995401963232724597e-04
9.837690565233070915e-04
9.825855810049037055e-04
9.633588452442606387e-04
9.562877876545946513e-04
7.470717103411130553e-04
6.951308632342968362e-04
6.794763013972892176e-04
6.645640104961775783e-04
6.589028304965701159e-04
6.545993157688400699e-04
6.398110076790297250e-04
6.179591149730992482e-04
5.822358647460775449e-04
5.754709706903680553e-04
5.636728618853395533e-04
5.531508985800585344e-04
5.458592474375825688e-04
5.264092759940792966e-04
4.992040350738344073e-04
4.986292352629789109e-04
4.957809097072734053e-04
3.984543881615098420e-04
3.974462466221420089e-04
3.796501723385520516e-04
3.433306314893479357e-04
3.386158134944749175e-04
3.371039116244507880e-04
3.288795229925333069e-04
3.180127498455506728e-04
3.173260927232891067e-04
3.163409575508911958e-04
3.136259285135159589e-04
3.069465517946488170e-04
3.049908277655124307e-04
3.011687959099421065e-04
3.000784245554511342e-04
2.741871034967830931e-04
2.254624780005545879e-04
2.252656880656578819e-04
2.243752217083045937e-04
2.241010901437441550e-04
2.231126144017075714e-04
2.206272456531534860e-04
1.993024038010246513e-04
1.860848256451493521e-04
1.709634235864037418e-04
1.514434672732452639e-04
1.322815345206773837e-04
1.310968833908744550e-04
1.309122019122686798e-04
1.306726436644166866e-04
1.068989684343946535e-04
9.558706732954690415e-05
9.548605553083782218e-05
9.479245077294079416e-05
9.290922095673618511e-05
8.363784672717733111e-05
8.359978523894553233e-05
8.212161893042872719e-05
7.921310109431392533e-05
6.971041370476657902e-05
6.817328013247868238e-05
6.623313547756478226e-05
5.991214675112234721e-05
5.914231704759305783e-05
5.633483075908047834e-05
5.434602836276836944e-05
5.221813020170493430e-05
5.049053232096164243e-05
5.046934145224381312e-05
5.013705734422767827e-05
4.989331885912240601e-05
4.896846023095478275e-05
4.895614200422661170e-05
4.860828621482646982e-05
4.689135090141706311e-05
4.470967260000192065e-05
4.288906092472886679e-05
4.224688822966454467e-05
3.846556400534798442e-05
3.839570027593655681e-05
3.658912268110763467e-05
2.667925010985166268e-05
2.654203290218499906e-05
2.609996297282848030e-05
2.584424654228661508e-05
2.576442671854937700e-05
2.572741185918008119e-05
2.527050224135925346e-05
2.450860802463501102e-05
2.436415001680796564e-05
2.431092049085590735e-05
2.397642797972285417e-05
2.080827642108199217e-05
1.766354564539195077e-05
1.549236915120528744e-05
1.537327884617066144e-05
1.519119949836782660e-05
1.284769574060155183e-05
1.251035520316246677e-05
1.215436317687078151e-05
1.201665496975215180e-05
1.197959298051356369e-05
1.138039923400506176e-05
1.055976418716692552e-05
7.448259919741501420e-06
7.440791880709359769e-06
7.224791912025093501e-06
6.795566521798390170e-06
6.768234937108520008e-06
6.748537908669075275e-06
6.726774883085573370e-06
6.703896502859009682e-06
6.689594725030757993e-06
6.680339118478081528e-06
6.241576949887246485e-06
5.975068737162965928e-06
5.856389317090086669e-06
5.440404815584014640e-06
4.858498403544870433e-06
4.793770993157716555e-06
4.768929650600559882e-06
4.582141291210726232e-06
4.577911697462148175e-06
4.564715639725714302e-06
4.323176771587443690e-06
4.322440181816483294e-06
4.278882792381749346e-06
4.135270370517711530e-06
4.112820364692141540e-06
4.111431014839491167e-06
3.791096164105130832e-06
2.243597873317066680e-06
2.242902172999870293e-06
2.237004390490518444e-06
2.221036555263089001e-06
2.209942106692896950e-06
2.205349842525076618e-06
2.198189021460710816e-06
2.191770570531448900e-06
2.186251119974307233e-06
2.172109585368590903e-06
2.029436893808081183e-06
1.992643065594983506e-06
1.917812003681797259e-06
1.406862886991405133e-06
1.373959338175580596e-06
1.366250459994455557e-06
1.328379480347551337e-06
1.321966625081242911e-06
1.251132089269556392e-06
1.247883179113895457e-06
1.245283064338714012e-06
1.207605444277851095e-06
1.203733552458964340e-06
1.203143877289443646e-06
1.201632226072879425e-06
1.200051685506433932e-06
1.198245622975319396e-06
1.194901186872466223e-06
1.126247178443825939e-06
7.520802210444910437e-07
7.508800138160975093e-07
7.468540558968235420e-07
7.452422576602681676e-07
7.298568575083724256e-07
7.253758417250819101e-07
7.214537811006343392e-07
6.989683685565158142e-07
6.797719515823169812e-07
6.359898420726465502e-07
6.343481863907452950e-07
6.208059320019470892e-07
6.170245130202468021e-07
6.105119206232246696e-07
6.058667612327433868e-07
5.674163453220035562e-07
4.925032766780735597e-07
3.763103380692010247e-07
2.640620210147975820e-07
2.635343818814060090e-07
2.599188033959346056e-07
2.581742389688830399e-07
2.545987239500060975e-07
2.501333767600498580e-07
2.492954132827799634e-07
2.480145053092407097e-07
2.469432975788968412e-07
2.450801705048115223e-07
2.449049968886550812e-07
2.437251814862699304e-07
2.432918886427632457e-07
2.414709044605266266e-07
2.323563787054128908e-07
1.303885205097253657e-07
1.258625391666266162e-07
1.204226104359666739e-07
1.043674690760959624e-07
1.039225088304531232e-07
1.036195635421328107e-07
1.034571159736400519e-07
9.953270192347453005e-08
9.757124302249485452e-08
9.735809730869594158e-08
9.713982601200957634e-08
8.958001127025659430e-08
8.765537868440090859e-08
8.761423735732782923e-08
8.332704338521910921e-08
8.050672895935228233e-08
7.898836557875241976e-08
7.678713973343434042e-08
7.618555879053360252e-08
7.171140493735897485e-08
6.886498641217221802e-08
4.870935019021282421e-08
4.778262945861579443e-08
4.666747747877295260e-08
4.634342939081401507e-08
4.632944281691294476e-08
4.630634124491774768e-08
4.629479342749152198e-08
4.626714357028540866e-08
4.621501247490418022e-08
3.908188230854182372e-08
3.848991339026841009e-08
3.761005397405612988e-08
3.713717709970357701e-08
3.710387520611208305e-08
3.702150140481315433e-08
3.205224391413279575e-08
2.812954184508166494e-08
2.143684257125362226e-08
1.957565714778305848e-08
1.921768910396171099e-08
1.900098477091761774e-08
1.893477073586638444e-08
1.872985106065036659e-08
1.810459212409191625e-08
1.809862428524314071e-08
1.809436357645109427e-08
1.795250546607113069e-08
1.774935878123484288e-08
1.695054748781262896e-08
1.684426218352498685e-08
1.653089769341925519e-08
1.637717750189802581e-08
1.625578495596503453e-08
1.582654555997577496e-08
1.581497607555768673e-08
7.890657784392222926e-09
6.803114654451072861e-09
6.782588035364854354e-09
6.779540285815730228e-09
6.681188593485139694e-09
6.651171121625681966e-09
6.641026707921394171e-09
6.634310656602316404e-09
6.627864802338027431e-09
6.600404735023476809e-09
6.567318282930034422e-09
6.534687329973079613e-09
6.523907186077289255e-09
6.334246409340726767e-09
6.292866330258462915e-09
6.223201087319759734e-09
6.168921526898625906e-09
6.082380025149114451e-09
2.658627198136943057e-09
2.607169802036496481e-09
2.606232665065845837e-09
2.601765703588037020e-09
2.451851463827552316e-09
2.095096359744384493e-09
2.092521329965638150e-09
2.081436882690235741e-09
2.074436214623952441e-09
1.951072036124096713e-09
1.948784792447659695e-09
1.943214266750978224e-09
1.895834727474143859e-09
1.817577322423388867e-09
1.814674257614330519e-09
1.794598411364491016e-09
1.790431512124565111e-09
1.190405667042736017e-09
1.101098500215720835e-09
7.547338036542800565e-10
7.467388810739636646e-10
7.461365615221957022e-10
7.440551984563339799e-10
7.431919149846280325e-10
7.362542026849108200e-10
7.330459001061053552e-10
7.304964542490410176e-10
7.265840869104183822e-10
6.864289427243068464e-10
6.842721480265456010e-10
6.829165220767401830e-10
6.818331131693564867e-10
6.433539662786228471e-10
5.802221769947944980e-10
5.402254161934201550e-10
5.110786432961083572e-10
4.440395738756838774e-10
4.419698199224780800e-10
4.286079119601665653e-10
4.210117312326308725e-10
4.204559262102538039e-10
4.201568636404061043e-10
4.028303512175788957e-10
3.617990982481777228e-10
3.413361647982513307e-10
3.349034354260548847e-10
3.341502073909250414e-10
3.315127500441603022e-10
3.311761439003906885e-10
3.241789786032159591e-10
3.234065353988925420e-10
3.226168945700512058e-10
3.221571741876856647e-10
3.215392426268970484e-10
3.212435677115639414e-10
3.204827379011556699e-10
3.167796577088246826e-10
2.537470227689656857e-10
2.519612483207866627e-10
1.353831566740575272e-10
1.308961497064664509e-10
1.307360629809432720e-10
1.305506630525810337e-10
1.305257777523186466e-10
1.284920635512644854e-10
1.283043696804839509e-10
1.282569654534724100e-10
1.274668473498312983e-10
1.273101599242924621e-10
1.272511487434604643e-10
1.267698096159362407e-10
1.263084627988736958e-10
1.262744172919012631e-10
1.242800597913688858e-10
1.036881137649943073e-10
1.036365436719714457e-10
1.034033570205252902e-10
1.024415669205598652e-10
7.631020924057933270e-11
6.263231168083957068e-11
6.203892796810492506e-11
4.612664869324596772e-11
4.537520742111668208e-11
4.520939607169315098e-11
4.454807576907665226e-11
4.442770583121180161e-11
4.440005680960272389e-11
4.419821505814520410e-11
4.257907574651407463e-11
4.256716071739878830e-11
4.253441906068605944e-11
4.055809190544826427e-11
3.894669671170958950e-11
3.172498290037122199e-11
2.335850306602660904e-11
2.098987817503366073e-11
1.984945134114228138e-11
1.724636616605929755e-11
1.631150810284985163e-11
1.609600278786397852e-11
1.558040066677155514e-11
