9.049829050937018282e-01
8.904792172556387220e-01
8.805469244041004284e-01
8.636032487008683534e-01
8.347800116400236892e-01
7.965657772071798037e-01
7.643702202724916850e-01
7.399367469575425238e-01
7.169182724664197037e-01
6.867135968018506231e-01
6.447552981542461481e-01
6.104309210598904967e-01
5.745591221576824559e-01
5.490103854059159572e-01
5.170377731191840853e-01
4.817439220811308154e-01
4.570970432548552287e-01
4.435045833457983422e-01
4.191777700265619244e-01
3.865476981037310744e-01
3.616898349954323355e-01
3.303680797332746999e-01
3.142057876321855958e-01
2.964522575336948074e-01
2.708580735455031752e-01
2.389187534942918967e-01
2.155005249646498033e-01
2.008095813776219485e-01
1.895076158773710828e-01
1.753995586321625000e-01
1.618822143337084740e-01
1.478317003525376205e-01
1.351611375174411878e-01
1.250405464116695620e-01
1.176170188202526334e-01
1.118870588844020630e-01
1.057836177298351471e-01
9.844205824177350295e-02
9.534603979762826254e-02
9.049040214872856869e-02
8.741835459573937817e-02
8.345556072994789187e-02
8.136936970682193127e-02
7.719162652695642224e-02
7.323601577761949810e-02
6.945076151340193182e-02
6.802272906961664978e-02
6.543182028629299096e-02
6.336248173169047038e-02
5.964766805709115216e-02
5.593503098534750168e-02
5.478913308426889422e-02
5.089817144098395668e-02
4.854133970382314839e-02
4.517516090081789837e-02
4.260270770021935827e-02
4.092339078584476125e-02
3.863440757024520777e-02
3.679611612292256473e-02
3.451603500810670327e-02
3.324008680468094890e-02
3.150407342143744793e-02
3.023195784138258541e-02
2.858207412684385038e-02
2.682290081692471559e-02
2.550357173370006864e-02
2.445293150789647207e-02
2.251052737368756246e-02
2.136175936649199400e-02
1.942543566292085147e-02
1.727787669690338673e-02
1.619253241457092873e-02
1.535378145470588616e-02
1.375009657241654283e-02
1.288013649605672037e-02
1.205528136963492092e-02
1.069582648774161648e-02
1.001510557018253471e-02
9.212329539857087857e-03
8.468970884727908266e-03
7.653770504174212640e-03
7.106371969234718741e-03
6.709539179451102023e-03
6.292973452412857494e-03
5.855907024693460423e-03
5.445578300682768144e-03
5.143572332352859544e-03
4.835876816483959673e-03
4.506896412692372282e-03
4.268838528012655793e-03
3.803647473136490334e-03
3.388244028347749820e-03
3.136591943843583356e-03
2.957658633514566055e-03
2.703903041600244639e-03
2.527905479009398982e-03
2.362920491396209872e-03
2.248444332091877485e-03
2.073973637831202140e-03
1.927386182368253861e-03
1.702855175655551816e-03
1.583894562137523349e-03
1.441459464706354313e-03
1.302934267814672082e-03
1.219892688740656286e-03
1.143814636404339325e-03
9.629631700964092367e-04
8.462936522922990829e-04
7.931729977224782858e-04
6.787137043618260857e-04
6.176215870431284649e-04
5.622644548426321276e-04
5.064470510860924262e-04
4.539188488324940804e-04
4.082788602067900048e-04
3.736633957916970952e-04
3.497802213091861481e-04
3.221758721402854034e-04
2.937921629668066841e-04
2.827473529330561206e-04
2.745552660716130957e-04
2.611537121297941239e-04
2.456553276744359300e-04
2.306725404351392297e-04
2.239114364432352895e-04
2.134888362027036646e-04
2.009944703823965200e-04
1.880464203178236590e-04
1.785738483628624221e-04
1.746102056237788650e-04
1.702839605419248308e-04
1.578949183368250986e-04
1.493993870750269894e-04
1.441645577516166316e-04
1.356030891786157275e-04
1.241875455263504878e-04
1.188215649398581384e-04
1.080850809930730265e-04
9.812908375039763040e-05
9.064522966222533719e-05
8.461043257474398750e-05
8.042793475549027740e-05
7.795368044922435457e-05
7.189581867474946757e-05
6.763602024809722650e-05
6.322595335777546040e-05
5.920050928090455993e-05
5.593825361266586711e-05
5.134439522636418383e-05
4.949023049391865854e-05
4.506884801098692790e-05
4.193223991841106335e-05
3.878375343803968462e-05
3.589293398758206622e-05
3.472036879124774998e-05
3.162484527331081897e-05
2.809160320134563240e-05
2.524102898765977730e-05
2.314986147396148696e-05
2.227133337343333480e-05
2.054124972493209062e-05
1.969242208238305622e-05
1.881042896047614300e-05
1.768274817827916192e-05
1.703481995358563329e-05
1.651293775634830595e-05
1.587747950068219249e-05
1.476402152198130974e-05
1.402892567565194317e-05
1.293563194236554163e-05
1.214272166446311234e-05
1.113157143581436977e-05
1.078029678234737363e-05
9.882475101394220176e-06
9.417689396978214342e-06
8.937682677890140725e-06
8.556013837126678030e-06
7.833294775141412392e-06
7.533007859524892285e-06
6.799328787732831504e-06
6.486031168917164536e-06
5.768597561720046687e-06
5.513226853781779119e-06
4.723968957490733564e-06
4.312373593141911713e-06
3.897351825395777201e-06
3.418716533543405226e-06
3.250513919702890210e-06
3.019979038761948777e-06
2.733603477705310551e-06
2.443691405461272598e-06
2.220503633156658434e-06
1.870732586175013716e-06
1.770994448160421099e-06
1.637974459011870979e-06
1.342815218078723474e-06
1.268370467494058775e-06
1.136089070588874000e-06
1.038835691490052701e-06
9.882190055419377491e-07
8.882419451927887548e-07
8.215110115650821657e-07
7.391858931143750918e-07
6.903090865979030991e-07
6.005551509403991207e-07
5.270266699555258657e-07
4.592263173110374306e-07
4.183008146216592596e-07
3.843830355477321641e-07
3.662542794655665225e-07
3.289525752108672784e-07
3.191667902951286932e-07
2.888284547239480252e-07
2.714327328163205384e-07
2.580511768250041504e-07
2.395061908382148066e-07
2.217634306601291949e-07
2.116925233181255161e-07
1.960777966837245104e-07
1.790949740941210983e-07
1.657991277085087278e-07
1.514931113431561792e-07
1.370789848380802864e-07
1.266308795261703837e-07
1.164501578037515233e-07
1.091666094312505579e-07
1.021092743890430062e-07
9.487026365580807580e-08
8.957210463017660081e-08
8.322304981250328774e-08
7.651167572156393154e-08
6.697692055137837915e-08
6.177392052135885950e-08
5.727281320422279614e-08
5.003639044724668804e-08
4.813392090258191758e-08
4.458557894610037641e-08
4.059269481377511840e-08
3.814958119224618065e-08
3.482204202149484993e-08
3.208714271372339510e-08
2.900664735303551018e-08
2.705535390122838477e-08
2.444514080747060898e-08
2.124628233602172328e-08
2.048263740957001223e-08
1.728755071837393107e-08
1.588525022043833590e-08
1.412279453465196317e-08
1.286592358035226313e-08
1.131871732139446855e-08
9.902882657027704200e-09
8.814612207323227145e-09
8.040284064845967890e-09
7.500553774531968056e-09
6.605689521534080580e-09
6.305324045707974813e-09
5.778824771291377887e-09
5.418308098309472672e-09
4.777362018073216389e-09
4.410222503880227396e-09
3.923255141569588671e-09
3.472181230492815801e-09
3.201264791567483896e-09
2.973211315736550236e-09
2.615543397393331063e-09
2.421899255809240483e-09
2.288327926330105036e-09
2.058653674852748257e-09
1.918088961082514580e-09
1.746685713465483320e-09
1.679405669795461850e-09
1.491837533866971599e-09
1.437704071501807865e-09
1.327403722696988901e-09
1.254627513741359119e-09
1.176057131965384863e-09
1.121491932828202000e-09
1.022752077733025267e-09
9.457747331932359501e-10
9.008347318466213246e-10
8.412914926733606962e-10
7.466440665811532921e-10
6.781050517235870630e-10
5.906973932836756204e-10
5.546730090479357702e-10
5.124034263479302694e-10
4.763892784463430969e-10
4.496589149073689047e-10
4.095548148769603908e-10
3.901372643700355573e-10
3.740835639396686302e-10
3.276505622308415541e-10
3.055774210540411801e-10
2.838363970549738871e-10
2.594487265191129302e-10
2.263684611591589844e-10
1.901813972624877323e-10
1.677962465735585801e-10
1.545651267176979657e-10
1.458707644162559065e-10
1.272727738282331563e-10
1.185421115648779138e-10
1.138597164126888337e-10
1.032271420619843590e-10
8.907573684519158987e-11
7.540964598597264895e-11
6.438043105056105136e-11
5.813279547915280479e-11
5.302312872991819998e-11
4.842652000533958851e-11
4.533791481437803419e-11
4.126103246049031234e-11
3.920373688243447693e-11
3.579085586485185468e-11
3.382807375552969170e-11
3.002309222795594358e-11
2.857604763787232482e-11
2.560475238056608712e-11
