9.956308891128928806e-01
9.906612347623982018e-01
9.843748013977327016e-01
9.772913795499387213e-01
9.694833994852619652e-01
9.608227542963105883e-01
9.516634802244378077e-01
9.424153541224817854e-01
9.327483794519082494e-01
9.227946201166579154e-01
9.127839526343555221e-01
9.028647752350450473e-01
8.929493391911650368e-01
8.829639462894605106e-01
8.732594332680807536e-01
8.631891133201228250e-01
8.528627385641392999e-01
8.419769449140453998e-01
8.314977458093085749e-01
8.204325780272007096e-01
8.088816103356475384e-01
7.974268405341757848e-01
7.852037772705480201e-01
7.737632611370804936e-01
7.623896095756345082e-01
7.508592741365811563e-01
7.396689266196557755e-01
7.285431364493761830e-01
7.173988905174208952e-01
7.063193383200607744e-01
6.955063290923133579e-01
6.845275777552191077e-01
6.742316274793108688e-01
6.643456937594806044e-01
6.549701588436661615e-01
6.455095763408190690e-01
6.364105086420670521e-01
6.273845640492472508e-01
6.179865555336727656e-01
6.086255264148479061e-01
5.990493732310118169e-01
5.897561035023460851e-01
5.798510362669300200e-01
5.696095249770352087e-01
5.593667472889332082e-01
5.489452795178592082e-01
5.382578812333415064e-01
5.272667175988894339e-01
5.159131073618596908e-01
5.040429740174899864e-01
4.920205862430359067e-01
4.799322002999145131e-01
4.682925668580797951e-01
4.559892273289305464e-01
4.435878096510599833e-01
4.312926210145308636e-01
4.188363677992601453e-01
4.069803601273244142e-01
3.948998270385273845e-01
3.831981029781569847e-01
3.707512516742074160e-01
3.583230895381042114e-01
3.465056809105229729e-01
3.346625487663653087e-01
3.229312241130322114e-01
3.107332057453407459e-01
2.988300970968540415e-01
2.868182512442379872e-01
2.757010120687732879e-01
2.646109979311103144e-01
2.542337537370357170e-01
2.439132960743987666e-01
2.344006176301343669e-01
2.257827255366814945e-01
2.172249028510147284e-01
2.092842981785326406e-01
2.017332511512648363e-01
1.946692520901387446e-01
1.879356967845897397e-01
1.816821204035257431e-01
1.757535099636023668e-01
1.699503257625042396e-01
1.644931430095677716e-01
1.593236930414226316e-01
1.543497992447237510e-01
1.494078165755351739e-01
1.447567925752115681e-01
1.407201250856610353e-01
1.368047380019937198e-01
1.332473942330186512e-01
1.296427480461754267e-01
1.260297679719530328e-01
1.224627185527891737e-01
1.190736570073705064e-01
1.158696772924269064e-01
1.128960244388207829e-01
1.101242358300378588e-01
1.072321109826172153e-01
1.044039892258939034e-01
1.017239855963600614e-01
9.905149257807642493e-02
9.648418800952582308e-02
9.407548483067924849e-02
9.167008651399678743e-02
8.932409903539417773e-02
8.701338539918486437e-02
8.472100814012070713e-02
8.246269008623464958e-02
8.037927231998910627e-02
7.847919441659173545e-02
7.654342415284400014e-02
7.451678035633875485e-02
7.260501092184958039e-02
7.080256836103891727e-02
6.908420034402405763e-02
6.744196375395095089e-02
6.573383536445964737e-02
6.409501114372853636e-02
6.258364984716267843e-02
6.117161501618393477e-02
5.981067355739556890e-02
5.844057967481998406e-02
5.706533869545849652e-02
5.565782223691752295e-02
5.423598121850520953e-02
5.290417875660593378e-02
5.164274798938994770e-02
5.053857185570422711e-02
4.946270485280816059e-02
4.831618537776248556e-02
4.719919431967095624e-02
4.614140969022184624e-02
4.506846773530325673e-02
4.398833252143651007e-02
4.290083234045390798e-02
4.183194176480708321e-02
4.078748130849971926e-02
3.971977160711991084e-02
3.866301142388395978e-02
3.765618813639195345e-02
3.670730754636580828e-02
3.576377185825622973e-02
3.482255859779339463e-02
3.384939483795778442e-02
3.286536705974846262e-02
3.188578963695719304e-02
3.092079590980783763e-02
2.997634126704083052e-02
2.907049799546434013e-02
2.815542534347944062e-02
2.728765394435318445e-02
2.652616778011078827e-02
2.577751214749867889e-02
2.498168348815858752e-02
2.419347291564760347e-02
2.344879165420497846e-02
2.274473554297980898e-02
2.208732630435386590e-02
2.139917962791516859e-02
2.073026712200344221e-02
2.009460173345496703e-02
1.948798943751374468e-02
1.885063764592124352e-02
1.821096038366385936e-02
1.762085475313292585e-02
1.700855298136874985e-02
1.640882659589788101e-02
1.583880454062399495e-02
1.530847050156654982e-02
1.483223040006324649e-02
1.440055178722722713e-02
1.398893639883075878e-02
1.360028668442317401e-02
1.320111091878020323e-02
1.280138258808048018e-02
1.238971248627553957e-02
1.198471568395101210e-02
1.158681808109936553e-02
1.120600870432582677e-02
1.082183901373109242e-02
1.044675780068708704e-02
1.011268314057249540e-02
9.805411883312985244e-03
9.531339119285078126e-03
9.268955827933836669e-03
8.996865728112379140e-03
8.728793868022742541e-03
8.472195140659135454e-03
8.231858061223468886e-03
8.015961314243971389e-03
7.806034963881667947e-03
7.600695664643724800e-03
7.388251201136083676e-03
7.194348861764325413e-03
7.012365017337730648e-03
6.844833664664805653e-03
6.684181232612024237e-03
6.527307520237205299e-03
6.371623841302693179e-03
6.232246722595923515e-03
6.099957461321647151e-03
5.962494789951321844e-03
5.824257877531115700e-03
5.687748790104158597e-03
5.557840501352518184e-03
5.438813981967589514e-03
5.324241763003167115e-03
5.216720867379368194e-03
5.103875154553641491e-03
4.980820108828049389e-03
4.863975386873231783e-03
4.751814286175323927e-03
4.634302291109900808e-03
4.504309202059052393e-03
4.375291660106952508e-03
4.247648072972680551e-03
4.123223354611038963e-03
4.009440549156435135e-03
3.907823875772955396e-03
3.795035537135006166e-03
3.672397314390290265e-03
3.547329941060504369e-03
3.424997127096916262e-03
3.311139409863096857e-03
3.205126236894520041e-03
3.098445295160475940e-03
2.983964307990411794e-03
2.868942157474562230e-03
2.756476226894096285e-03
2.646858189507415599e-03
2.537354576230608713e-03
2.430964315807265189e-03
2.327013221231160733e-03
2.232365446680170760e-03
2.145052053032055466e-03
2.066979041262507338e-03
1.987883801140080675e-03
1.913426770496659069e-03
1.843493816296391027e-03
1.777232737782687274e-03
1.712478974464657754e-03
1.650900189103212540e-03
1.581931537941425308e-03
1.513148688001668407e-03
1.448635894867274232e-03
1.390792371845056552e-03
1.337909062204252139e-03
1.288576461713459393e-03
1.242545618252812074e-03
1.199864468248070665e-03
1.158934970372411033e-03
1.120007593753242657e-03
1.083102676632057308e-03
1.048980749146249730e-03
1.016981855249624294e-03
9.832260675462932333e-04
9.489685560846216131e-04
9.162716212420191682e-04
8.853880005480642803e-04
8.567212358602748455e-04
8.291729029595173604e-04
8.023253604829609729e-04
7.811813396848427951e-04
7.603968994889410016e-04
7.398755277236056726e-04
7.216348510650261476e-04
7.030575265849250662e-04
6.855025832208983851e-04
6.662930840441923805e-04
6.468254035753006346e-04
6.282428641655202770e-04
6.104550836909663570e-04
5.946208989585211437e-04
5.800610646211184487e-04
5.640984691733432616e-04
5.481899520956988632e-04
5.326162310563784278e-04
5.186724023559944122e-04
5.056514433073547744e-04
4.908881478345489442e-04
4.772788772064173474e-04
4.641672668170303598e-04
4.513576628420876906e-04
4.395915400792308760e-04
4.285189650909750915e-04
4.170376656395603831e-04
4.058900696365126529e-04
3.946870181111278427e-04
3.837238987908093415e-04
3.727954996731991225e-04
3.623352566843141909e-04
3.533012881232296858e-04
3.450588363020554682e-04
3.364183540152266422e-04
3.281057462369866228e-04
3.201447062038958341e-04
3.122272115526747286e-04
3.046494500077747401e-04
2.971436855389761019e-04
2.899350366115979846e-04
2.832707265123377200e-04
2.771449595278239510e-04
2.709574295106433614e-04
2.646907312214356032e-04
2.583514110247537091e-04
2.519806185334153600e-04
2.458309330068000702e-04
2.403302050661734583e-04
2.348934284346973760e-04
2.296788215826319022e-04
2.245711093252414749e-04
2.197075081287862015e-04
2.150706815754802037e-04
2.106920400649602823e-04
2.061475359807138895e-04
2.017153901709389221e-04
1.973679972319703640e-04
1.930552002504021714e-04
1.886900169199693701e-04
1.844363935250818319e-04
1.803909784777629516e-04
1.765285294995810233e-04
1.724609033782839205e-04
1.683907367959646046e-04
1.646526434584694718e-04
1.609387232025622720e-04
1.572763328906135697e-04
1.535953469593943162e-04
1.499780040553945763e-04
1.462787879991589641e-04
1.424845927722554481e-04
1.387926332300996174e-04
1.356007106297854202e-04
1.323046566485503936e-04
1.288222640902479416e-04
1.258728616733458385e-04
1.229546326288612050e-04
1.197200667841687838e-04
1.165896077282256989e-04
1.134458453208747630e-04
1.105554475672521140e-04
1.077730189101064854e-04
1.049445770205934870e-04
1.020757359701898623e-04
9.926231204732748428e-05
9.659973748375521793e-05
9.426700657080422775e-05
9.199574415305092313e-05
8.947488110062222272e-05
8.694394001821417186e-05
8.463927649179731289e-05
8.219501071143512456e-05
7.979017991654892403e-05
7.747049468971612676e-05
7.528692147472361657e-05
7.319232803168180081e-05
7.103464295364344888e-05
6.892098998044996351e-05
6.713605408445969143e-05
6.515800640830410578e-05
6.304223781735976916e-05
6.117612745033342069e-05
5.933493882761656414e-05
5.736252964583882854e-05
5.533549616758909535e-05
5.330802295806779127e-05
5.127687669442789121e-05
4.929884839285168644e-05
4.742106408385136310e-05
4.547936506560444452e-05
4.354189251133142393e-05
4.172768565647972890e-05
3.994084621480080085e-05
3.818761321473637313e-05
3.653933407510592758e-05
3.501934729800361315e-05
3.343043075566981163e-05
3.196931543808593503e-05
3.057115090746563725e-05
2.922035885169214421e-05
2.799428273451806573e-05
2.690947538714802515e-05
2.579632605375505893e-05
2.469034520456863421e-05
2.364587433055743905e-05
2.260476675166873438e-05
2.158378239032848170e-05
2.056201738886512535e-05
1.957228135723769420e-05
1.868472754900718104e-05
1.785434305953853245e-05
1.705528455383271489e-05
1.631630575460351126e-05
1.561910118919634569e-05
1.500519111070223105e-05
1.438333299541653729e-05
1.381373589721673082e-05
1.329342378186086694e-05
1.282128742872397949e-05
1.237466235962032438e-05
1.196507948425180820e-05
1.157787156950361554e-05
1.119201841549803096e-05
1.082341090008634711e-05
1.049958689632084097e-05
1.019186651436321203e-05
9.920699898484369858e-06
9.644130523119750546e-06
9.350625023054512207e-06
9.077072470164282216e-06
8.819450102780330430e-06
8.583924706364584722e-06
8.378144670507126174e-06
8.199229035536002204e-06
8.004351819202978527e-06
7.811184950973102471e-06
7.647659223187326053e-06
7.511868756363588659e-06
7.378338685958382820e-06
7.241521830522147349e-06
7.107936251327623509e-06
6.983422346594631827e-06
6.875662859992064611e-06
6.777094549908137384e-06
6.676394833953789948e-06
6.582486572205721508e-06
6.495746343292597782e-06
6.400401564556224422e-06
6.310697063364484659e-06
6.239943274295804473e-06
6.157823386646653394e-06
6.064706628453224929e-06
5.971630523620956891e-06
5.881753887671718589e-06
5.799823587941171393e-06
5.720335275436955765e-06
5.640289200407603921e-06
5.549804063610383608e-06
5.456266527837865492e-06
5.374484495182716165e-06
5.294734460314297038e-06
5.202382283798489223e-06
5.108618256691199890e-06
5.019947769280566914e-06
4.918689304185419930e-06
4.805277051181404225e-06
4.683219476171645544e-06
4.563519023316711217e-06
4.454609980177083120e-06
4.341684640722938863e-06
4.219471236900421706e-06
4.095241854302548923e-06
3.974777473849845480e-06
3.859342836792663178e-06
3.751597932332754266e-06
3.626074877722135530e-06
3.504102800001622104e-06
3.388917643587501219e-06
3.260410235102494920e-06
3.119330924363464257e-06
2.980158954452897760e-06
2.868653411373116571e-06
2.762724896414174472e-06
2.628753300973832228e-06
2.497556116984111755e-06
2.376155249968009569e-06
2.258540385810077661e-06
2.135357767797701038e-06
2.010999884378280147e-06
1.889442630208844994e-06
1.782314194364847474e-06
1.696232707022602772e-06
1.617297787019843311e-06
1.537208218090356002e-06
1.459564203433080139e-06
1.390366452824617619e-06
1.326085330789077297e-06
1.266033160607669102e-06
1.207676948973732895e-06
1.156014684543125080e-06
1.115270353812496096e-06
1.073961551849871968e-06
1.035116114262264541e-06
9.995442108751872513e-07
9.679742720683283910e-07
9.346612792943778970e-07
9.010259707411151910e-07
8.687916619626605442e-07
8.391172166677615193e-07
8.132824018094394165e-07
7.859858739803688211e-07
7.590098154771306770e-07
7.337187391715088855e-07
7.127700479069213077e-07
6.907416315935998857e-07
6.680240862784258917e-07
6.473210462485046815e-07
6.290597094968218806e-07
6.134817821683607326e-07
5.985835344043963580e-07
5.830437603149897345e-07
5.689985025074670127e-07
5.554452682335510192e-07
5.411853494677448355e-07
5.280001334890856341e-07
5.165199986698824268e-07
5.053010602737516108e-07
4.939511843967222866e-07
4.833423052229086141e-07
4.730916563323246765e-07
4.620782093271211933e-07
4.513100621811860079e-07
4.413367610010522894e-07
4.304915267200506537e-07
4.184984554237814386e-07
4.067109174260138028e-07
3.967330821224496134e-07
3.876915512869357072e-07
3.768332365137847807e-07
3.661766678438458736e-07
3.568675957825175211e-07
3.476245913626906833e-07
3.384461028340835188e-07
3.308143298381771276e-07
3.227120972356270886e-07
3.142463899573138066e-07
3.064058404907019619e-07
2.994939152052808743e-07
2.927749316909084571e-07
2.861150779741509994e-07
2.800140585551625797e-07
2.741428248923572752e-07
2.682242531275784860e-07
2.629201323188460483e-07
2.578680619754566147e-07
2.523158768173539131e-07
2.468552474431340663e-07
2.417349825727414456e-07
2.370304601624497755e-07
2.320087495341908962e-07
2.267958649333298263e-07
2.219166826492830463e-07
2.171407534190951231e-07
2.126597641689456884e-07
2.083246638468520026e-07
2.034000099486306726e-07
1.982085210861860336e-07
1.931007916688824228e-07
1.883059656187039643e-07
1.833143472346247492e-07
1.780449140502933054e-07
1.732962408609636639e-07
1.687606836425140890e-07
1.639861954391180689e-07
1.591760628777266505e-07
1.549784338628713340e-07
1.511501555974147266e-07
1.467170561665152102e-07
1.421128620561034646e-07
1.377241635968661126e-07
1.337784859225691826e-07
1.298478613030922224e-07
1.257839396387718716e-07
1.220750016682702071e-07
1.189897459915231859e-07
1.156839616862561508e-07
1.121835138944887763e-07
1.088233325262853344e-07
1.057128432234632673e-07
1.028336952858363485e-07
1.000674445684145101e-07
9.745868082236326151e-08
9.493356331167716613e-08
9.238214768726425952e-08
9.007105935387271196e-08
8.800592652337744638e-08
8.578045541703018709e-08
8.357793872144395032e-08
8.159069115028131005e-08
7.944791670698961267e-08
7.721011665123148613e-08
7.510720572772825206e-08
7.321416377404297206e-08
7.128487843235446856e-08
6.940212162182698099e-08
6.752805376670780827e-08
6.548682331356540565e-08
6.338267908133604041e-08
6.168274493087496330e-08
5.985203558486277045e-08
5.779086866246285546e-08
5.577222905541716525e-08
5.381426482898595685e-08
5.184050325999045460e-08
4.982908092148080520e-08
4.793228690243717432e-08
4.627754646877787777e-08
4.467655859440549814e-08
4.320083575101444498e-08
4.175904884568022140e-08
4.029669524957010407e-08
3.882646151030539286e-08
3.737079523745733068e-08
3.596979122398867131e-08
3.477169770313926279e-08
3.364887008807957864e-08
3.248533849063646743e-08
3.135122537484863678e-08
3.029813588810757771e-08
2.933059131338723345e-08
2.837721394656047495e-08
2.749590923422203129e-08
2.660329931341600712e-08
2.571847185066954457e-08
2.487869025448423742e-08
2.403051493412827875e-08
2.317553601202382743e-08
2.239271112181614052e-08
2.171178987251143861e-08
2.113363293714008157e-08
2.049145612321035327e-08
1.983749249478081530e-08
1.923867159547736581e-08
1.868364953950977194e-08
1.813384171321993400e-08
1.759642633118529418e-08
1.703483852963263352e-08
1.646592273632016085e-08
1.596857020202472727e-08
1.546877300441175276e-08
1.493871697521034143e-08
1.441615376039723353e-08
1.393856993451961693e-08
1.350068616000188876e-08
1.306419881421106307e-08
1.264536014460628434e-08
1.217244633101506070e-08
1.170854495213836828e-08
1.126598265095180036e-08
1.085627659644750269e-08
1.044411925970895622e-08
1.001562869003401639e-08
9.624092647383839090e-09
9.238983187879306421e-09
8.843916628208856892e-09
8.472359831482158517e-09
8.150840105345355250e-09
7.845426186728896538e-09
7.522029369558536409e-09
7.229382300987190450e-09
6.951600033108646684e-09
6.659315454953468438e-09
6.395524543691884728e-09
6.137268478717725806e-09
5.875745495805781442e-09
5.633329647379777938e-09
5.394580572902271181e-09
5.164877776585149957e-09
4.947564545540972921e-09
4.744044531830812710e-09
4.540827446430411603e-09
4.359814279366963332e-09
4.183250337174328558e-09
4.000602743972975597e-09
3.830024166264698999e-09
3.669269263378489446e-09
3.516736684790572360e-09
3.381919073497340345e-09
3.264282309016265917e-09
3.139840859121305361e-09
3.001186687794917219e-09
2.869206815780370708e-09
2.746609919755740126e-09
2.629691663390702456e-09
2.517290344328726685e-09
2.408841907321394950e-09
2.302360146550060391e-09
2.194639860802523991e-09
2.093026538394504523e-09
1.996175559112757905e-09
1.906077975869667373e-09
1.826577013586471121e-09
1.749920011722526837e-09
1.672233194060924587e-09
1.603079417764477094e-09
1.532679182412152543e-09
1.467813719789612141e-09
1.409782977059141213e-09
1.343993416170732131e-09
1.286036462115725953e-09
1.231537996156447228e-09
1.175352140173487174e-09
1.116599266970150022e-09
1.061012309560043923e-09
1.008794116593995669e-09
9.602407534902042390e-10
9.111760699032353979e-10
8.646131212461624999e-10
8.241408669167601169e-10
7.841552225201945561e-10
7.450715412920411525e-10
7.092574302387798668e-10
6.727457564093040980e-10
6.389144946677839845e-10
6.074458014682127187e-10
5.748039718535999016e-10
5.422836489451768408e-10
5.131553905754390012e-10
4.857762182586879955e-10
4.594266274494112931e-10
4.366422036952458889e-10
4.188574448833114729e-10
3.976093607102018447e-10
3.779082886737023009e-10
3.609179146006985128e-10
3.454146684687559435e-10
3.305712634516346571e-10
3.161725432704826124e-10
3.024778331798838222e-10
2.893851443811872733e-10
2.770299160597266298e-10
2.651197070407591988e-10
2.532110403727442599e-10
2.416464484514827831e-10
2.308019826412364733e-10
2.201457656621352182e-10
2.101413998172726923e-10
2.016221424196604482e-10
1.930749208563606577e-10
1.850747813922319868e-10
1.773614177319090314e-10
1.706250180493817677e-10
1.649697046624309308e-10
1.592337745106227246e-10
1.538160634605557867e-10
1.489862496037727455e-10
1.441077308593331507e-10
1.395252236462712208e-10
1.356449654879222809e-10
1.318735259965307907e-10
1.278122764971867990e-10
1.237435638007435575e-10
1.200478026934028628e-10
1.169648335568993933e-10
1.137767367007982295e-10
1.109080896112701844e-10
1.085596888110702090e-10
1.059307819981095711e-10
1.032745932614295321e-10
1.009224123750208214e-10
9.871837369419104424e-11
9.651043048887788241e-11
9.442036702106412256e-11
9.248434644953233941e-11
9.048772528125185236e-11
8.854904826681069992e-11
8.685879307415588143e-11
8.528146829435431092e-11
8.361747197478288758e-11
8.199199087107502071e-11
8.049988443664785355e-11
7.901098562578353700e-11
7.753539156082794463e-11
7.609363765551453237e-11
7.473106104067334497e-11
7.340582096378631036e-11
7.189930733475861015e-11
7.035581697028511218e-11
6.879769073020619225e-11
6.736043132956240184e-11
6.609520055657981468e-11
6.466871915424405717e-11
6.324546896878520518e-11
6.197482858601869196e-11
6.069607099914759811e-11
5.940467996909046747e-11
5.816232854513625978e-11
5.685277951940135459e-11
5.553934233566305970e-11
5.423710056480387685e-11
5.287464011485540187e-11
5.145056890953864891e-11
5.017572771584556288e-11
4.901420072048284555e-11
4.786410588122820083e-11
4.678332963473051745e-11
4.571093752433314428e-11
4.457561137584627051e-11
4.343916970922499891e-11
4.235299155664025471e-11
4.131427527127952016e-11
4.041981658426923344e-11
3.946810107133987809e-11
3.848781705474231631e-11
3.744444425112499831e-11
3.646728394811747460e-11
3.555841721351773575e-11
3.471126130150810213e-11
3.388475322394739654e-11
3.308954763970736696e-11
3.223551282448641157e-11
3.137206068656530197e-11
3.051711982110743892e-11
2.979573987926598403e-11
2.905792595465277224e-11
2.827165609014860130e-11
2.751513412457821268e-11
2.684536348528776424e-11
2.610359313551265258e-11
