9.693460382137841780e-01
9.631074717847281086e-01
9.563936215724002654e-01
9.493076633885771942e-01
9.411383286917546220e-01
9.269312995010335898e-01
9.120393524428138665e-01
8.998661939685641542e-01
8.867895329146925354e-01
8.772618676164779528e-01
8.692991802755412056e-01
8.534418066468406616e-01
8.397173974425421461e-01
8.243340438113281321e-01
8.103826852906715894e-01
7.963323393939319983e-01
7.884699583864692718e-01
7.751716432585912253e-01
7.594832378649690741e-01
7.436281233563769577e-01
7.284337941466206834e-01
7.179375466360267133e-01
7.063279851983650381e-01
6.951814716172393105e-01
6.806545396097891665e-01
6.649663273277385267e-01
6.496250638219482898e-01
6.377836038823773146e-01
6.265774321773652789e-01
6.160046662813365437e-01
6.052117991978452904e-01
5.917465284491882915e-01
5.788921753318416741e-01
5.631965401556442430e-01
5.508030673058575966e-01
5.393852668993691646e-01
5.231714655089914068e-01
5.077428823954907022e-01
4.909599500652003234e-01
4.809502748496051194e-01
4.614040049566481283e-01
4.412228040696568598e-01
4.279141821910756316e-01
4.179726578693512828e-01
3.991215577359806810e-01
3.790178698832354365e-01
3.576198482373814103e-01
3.397500899808915120e-01
3.298263570105189335e-01
3.186570901039314507e-01
2.993121995144133463e-01
2.936067837407413395e-01
2.796409028191376711e-01
2.706333082805813528e-01
2.623436788890802784e-01
2.564983028522865860e-01
2.466491506217653729e-01
2.375271185491050763e-01
2.295591362738794161e-01
2.176823841078723842e-01
2.100965942680606824e-01
2.039032453834832004e-01
1.944696531791231531e-01
1.875797037691957769e-01
1.830130630240952294e-01
1.787937272185698701e-01
1.749894602477298777e-01
1.712105958828830654e-01
1.664293034452891118e-01
1.631000662976283822e-01
1.587551475388831734e-01
1.562189780928232297e-01
1.525321223501666379e-01
1.494442124606473188e-01
1.449762904192499757e-01
1.407403219306345987e-01
1.376445545752446875e-01
1.335933052397724474e-01
1.315699075060781931e-01
1.288802407146371620e-01
1.269009604582622963e-01
1.246325303407770230e-01
1.220811020566129335e-01
1.202438158795139655e-01
1.187385824852881938e-01
1.160754501444418579e-01
1.122240031071914806e-01
1.098346847925043696e-01
1.073880804630359120e-01
1.050263166945582527e-01
1.036072702967829190e-01
1.006557773519423798e-01
9.917427450249260978e-02
9.794410535283114283e-02
9.479731256110299209e-02
9.322673469664102819e-02
9.009540644227129191e-02
8.890510764761570817e-02
8.622001769516761394e-02
8.431491871302534968e-02
8.259705257734069328e-02
7.998498057706895925e-02
7.888876854965432006e-02
7.594120478482670189e-02
7.423092874134688823e-02
7.349519756437107587e-02
6.998577392454700952e-02
6.728849766369138230e-02
6.602120096506580715e-02
6.461806728332250560e-02
6.247974119604540050e-02
6.106633101977455153e-02
5.959422318272267899e-02
5.790131363822612065e-02
5.680944479036378891e-02
5.433417222823822001e-02
5.318079171580626652e-02
5.197700521356607428e-02
5.073184186789492234e-02
4.951860185934880282e-02
4.757977018778828532e-02
4.665221797988794439e-02
4.505734207612024922e-02
4.434246641083646606e-02
4.274493614200051972e-02
4.117281043340138835e-02
4.059559597780927620e-02
3.912138159491813927e-02
3.776097926426781604e-02
3.715402892069819690e-02
3.639321914092666366e-02
3.538785910653681477e-02
3.451462077538481471e-02
3.367548698906255161e-02
3.239164587179165639e-02
3.102617267860199521e-02
3.017728939605496263e-02
2.919988930620200790e-02
2.853538436098213005e-02
2.817397423014429345e-02
2.770592894397728642e-02
2.737461700455617875e-02
2.700668650341088092e-02
2.659659129555658197e-02
2.610728902580950264e-02
2.569222320190367101e-02
2.520053771785054839e-02
2.486107329832884169e-02
2.445495303495456504e-02
2.413603152097966789e-02
2.375576398752476254e-02
2.302671087301382674e-02
2.271434189191636269e-02
2.235376495473452574e-02
2.209433355067746269e-02
2.171498217186406537e-02
2.146797056951309929e-02
2.114716920935809374e-02
2.071379388358743009e-02
2.032243617751109538e-02
1.972510567160302639e-02
1.933196039147482351e-02
1.887633067621443186e-02
1.833566032137386517e-02
1.796821117792579345e-02
1.752139309714262003e-02
1.695138355572404013e-02
1.663672555284614885e-02
1.633423093935686826e-02
1.586066547147978872e-02
1.553678531403488924e-02
1.501859460463765041e-02
1.459690640495485241e-02
1.421694939280145238e-02
1.392478480331491020e-02
1.349763764043178556e-02
1.305082378450052663e-02
1.270169236106871886e-02
1.243546332394342493e-02
1.203424112832839413e-02
1.159488211624058046e-02
1.142533910707068875e-02
1.104617761416200675e-02
1.077430839099017407e-02
1.058304117673817754e-02
1.042994427377726130e-02
1.004936997877134246e-02
9.862268366250913701e-03
9.503393052460149676e-03
9.267499394823247236e-03
9.051029013230569784e-03
8.741124190417913498e-03
8.481116674683028545e-03
8.298148121198958838e-03
8.159699402823251610e-03
7.805530412981712823e-03
7.474207197167299054e-03
7.216479956604093284e-03
7.060973373464943768e-03
6.957736613495800991e-03
6.759571532951271465e-03
6.559651678539349384e-03
6.425279310349375425e-03
6.281627803051395044e-03
6.124945687577211008e-03
6.013365791469496395e-03
5.881246690395349093e-03
5.704477416070216807e-03
5.634584735703793666e-03
5.549076593636174080e-03
5.315990649068899794e-03
5.254315763653870028e-03
5.116589719623500059e-03
5.020824846877658398e-03
4.900430011200640999e-03
4.820963125637006165e-03
4.747145850278982129e-03
4.618146087400567742e-03
4.524660949151878414e-03
4.394569989209503452e-03
4.311246842449179342e-03
4.271346754944177135e-03
4.134645812428131006e-03
4.051913544366152718e-03
3.983855423441181980e-03
3.886733039491650690e-03
3.812484742473537611e-03
3.745950496969129104e-03
3.627351554578273074e-03
3.537592988651414635e-03
3.487512404044653541e-03
3.410949563908550856e-03
3.287634201086888242e-03
3.242113278161903259e-03
3.169706790402559374e-03
3.092060552385219371e-03
3.027219882106314906e-03
2.984764966339678409e-03
2.837627268456917404e-03
2.768304480943179456e-03
2.669164537524276737e-03
2.581420691127378052e-03
2.498794071888415288e-03
2.435958085796790032e-03
2.347594709035832374e-03
2.296118838710128895e-03
2.220689199917687089e-03
2.120310407152272651e-03
2.049456226736917717e-03
2.027685682541758346e-03
1.901571968041748661e-03
1.860792130188311522e-03
1.764191010735661298e-03
1.690717486799490693e-03
1.659071168318103189e-03
1.574016314127937117e-03
1.523515552671099883e-03
1.470009840148853685e-03
1.439779039743558893e-03
1.397035736192327399e-03
1.374260862983015972e-03
1.346241857950529388e-03
1.309832183150108067e-03
1.276948799570861749e-03
1.242503680823319433e-03
1.222636658710810542e-03
1.167794184482431928e-03
1.142614799572418604e-03
1.113385860155767081e-03
1.073843911925430241e-03
1.040877351691469298e-03
1.016665539817311874e-03
9.944494671727467823e-04
9.648422002146499156e-04
9.382685472382471447e-04
9.138808695512107109e-04
8.920382350743481705e-04
8.590375966082495606e-04
8.421995083351684107e-04
8.020557122671685083e-04
7.833574036348291613e-04
7.461992819176302069e-04
7.167024822285580259e-04
6.889033749947517634e-04
6.634567365665203264e-04
6.471556043807123130e-04
6.179439504056223956e-04
5.802007673201475335e-04
5.533085031969298389e-04
5.188646887480057425e-04
5.005488237706216684e-04
4.768935198259713739e-04
4.602679210368963172e-04
4.339744989583758125e-04
4.102566897710226992e-04
3.991939137794315142e-04
3.837063613333186688e-04
3.702402547996939638e-04
3.639972083540061044e-04
3.536493548479340107e-04
3.430376765825048947e-04
3.269325165514202288e-04
3.127330558560165240e-04
3.052897381945529945e-04
2.928697004996777585e-04
2.843309537282356111e-04
2.797493053441509319e-04
2.666018591483650178e-04
2.567130341204736381e-04
2.528360209478580753e-04
2.452035462472417653e-04
2.385194762789092130e-04
2.325258280989724784e-04
2.226427597070596584e-04
2.168198791793529484e-04
2.110181427844131632e-04
2.055083687127592701e-04
2.016081542746682746e-04
1.932108798369394718e-04
1.899413952640586285e-04
1.865244431261816954e-04
1.808004493696136535e-04
1.769561266820377757e-04
1.735633380779082571e-04
1.672097505353236193e-04
1.620089154842579255e-04
1.595632134121375070e-04
1.547822128056312537e-04
1.487560585875027930e-04
1.458024905280955977e-04
1.390990646931740534e-04
1.348607316611849191e-04
1.309969460266296505e-04
1.285940086808961126e-04
1.247940438585445747e-04
1.204161843004193476e-04
1.178553912519935743e-04
1.154584964667563552e-04
1.104769790424940256e-04
1.066359981675217528e-04
1.045057317012071006e-04
1.003866912010072077e-04
9.690233263302409960e-05
9.473925417418425194e-05
9.157760585595860355e-05
8.889030309747750691e-05
8.763402629818518191e-05
8.600975730489604856e-05
8.279877679398645030e-05
8.008069765531901905e-05
7.673967809741572747e-05
7.564328147764034344e-05
7.108206966772244559e-05
6.870960930784572368e-05
6.498966980977764036e-05
6.309217050559972272e-05
5.932407175075154299e-05
5.670673213203583928e-05
5.470434370836865459e-05
5.238129740633179249e-05
5.108592864037562569e-05
4.881963097939330190e-05
4.560143698147410335e-05
4.320276475074974378e-05
4.180252739649318732e-05
4.059912286719280825e-05
3.714217773005100431e-05
3.633948140524429377e-05
3.443386132732670308e-05
3.276714236664004924e-05
3.108595057151610451e-05
2.975336695645352982e-05
2.807422497650118986e-05
2.716594184937986452e-05
2.597480097027395483e-05
2.541631660365121275e-05
2.472334504268951935e-05
2.342613604524330708e-05
2.286704446685070645e-05
2.245160930489820155e-05
2.146470664536123408e-05
2.084329907826406022e-05
2.049229384146773189e-05
1.992759452861940053e-05
1.919143805254158031e-05
1.868711257674679260e-05
1.778460238712973519e-05
1.751919873012207287e-05
1.713055013246518021e-05
1.682962736399800559e-05
1.637284332700552722e-05
1.587949448787191219e-05
1.554449063979889228e-05
1.481378879452963631e-05
1.459081976942564015e-05
1.392214158787020888e-05
1.347436928809696715e-05
1.304073848235221321e-05
1.263477842249215791e-05
1.215571690044235558e-05
1.187807951624012840e-05
1.155471090632709030e-05
1.116877387949986412e-05
1.095139662538881334e-05
1.053626104649819658e-05
1.005429880497402005e-05
9.740227496913393893e-06
9.570453201206610881e-06
9.265278330313698649e-06
9.036547502567567503e-06
8.793426933812112034e-06
8.653430436413080072e-06
8.391847266856107207e-06
8.235509633647562482e-06
8.083646677038285687e-06
7.740640863735397977e-06
7.566471924526357822e-06
7.362808513452525563e-06
7.056215717109815742e-06
6.938241551265978904e-06
6.759669984600011260e-06
6.557900832955757229e-06
6.450806441692078538e-06
6.334593239538093797e-06
6.218238123162877171e-06
6.109627948116778815e-06
5.951339875170406938e-06
5.841010539933209093e-06
5.724801703489611885e-06
5.540029297430724064e-06
5.442575798231286448e-06
5.311544606472198118e-06
5.157131950617750654e-06
5.087305666314938277e-06
5.001029625646689596e-06
4.922695948307075298e-06
4.808314642544161651e-06
4.708238967479478760e-06
4.524327987501114027e-06
4.468979414897664319e-06
4.379256463018590554e-06
4.213659933481015844e-06
4.104662821281229741e-06
4.007089707510566228e-06
3.860278659162775910e-06
3.816296837723541957e-06
3.742111422395712047e-06
3.666175457604639178e-06
3.608577558909042714e-06
3.499715939384046895e-06
3.430795092581277869e-06
3.339729984491031673e-06
3.301683961616053658e-06
3.226508093583659033e-06
3.164331813639253249e-06
3.106292962306411947e-06
3.072597992036849685e-06
2.977166542606081322e-06
2.935964537485229528e-06
2.897873131216454475e-06
2.813837141720948713e-06
2.734877853418325309e-06
2.658886501179697319e-06
2.583980517743522242e-06
2.552795769568541796e-06
2.497847738307724307e-06
2.458081073376306324e-06
2.416970261679543951e-06
2.380900234265520417e-06
2.325013429455493327e-06
2.296750561124415474e-06
2.275013747197437267e-06
2.205881049469759493e-06
2.145583107295579420e-06
2.102599113642196299e-06
2.008946908732676147e-06
1.981260835227942819e-06
1.910410887452189128e-06
1.832181987044750862e-06
1.766606329028639811e-06
1.733086893079746003e-06
1.669451827906899668e-06
1.607039739455940976e-06
1.569928411977329944e-06
1.499919684210627519e-06
1.445962116535350245e-06
1.385953119916160819e-06
1.304498103668242042e-06
1.274176915987925679e-06
1.201457550210203316e-06
1.140255338324185658e-06
1.076517738297270826e-06
1.042023249276780817e-06
9.938698755224984294e-07
9.581084564323706731e-07
8.899735263420217928e-07
8.553261509197466828e-07
8.289780112939226431e-07
7.792393198727069390e-07
7.558064067906822560e-07
7.216302581653904556e-07
6.942174129482190937e-07
6.447744798675560436e-07
6.062662403201192224e-07
5.820524868975563639e-07
5.514640727844242328e-07
5.278700956358812937e-07
5.044295655347080584e-07
4.876489736343313103e-07
4.546682109301465194e-07
4.381113411371530481e-07
4.222716808793138905e-07
4.024282525123736672e-07
3.891496089933437223e-07
3.747841255746264165e-07
3.570886398401363153e-07
3.449526734652331476e-07
3.348364631597129658e-07
3.180738361800208988e-07
3.080801915376992624e-07
2.931557533527497945e-07
2.854122809710607771e-07
2.718827317257064132e-07
2.570653516893359352e-07
2.471349749438204978e-07
2.237708396459329764e-07
2.156116517297420351e-07
2.102836651958003557e-07
1.966421138822406736e-07
1.916987323242445650e-07
1.853707054881856802e-07
1.757831524649778913e-07
1.654701376255724834e-07
1.596399524247769944e-07
1.540796796925382017e-07
1.449614509278870212e-07
1.408274655455648558e-07
1.342148134025067191e-07
1.301516398450208209e-07
1.264389584011743034e-07
1.216480442375084678e-07
1.188207628602331609e-07
1.127406420569053296e-07
1.077774108162957805e-07
1.040071381556416527e-07
1.005466453517053806e-07
9.727245741258378218e-08
9.329754005692546298e-08
8.926075875890518102e-08
8.447266371890055267e-08
8.271789361947784599e-08
7.921633028767096279e-08
7.670195544675898135e-08
7.432680765796214627e-08
7.113014356070409194e-08
6.842026085363632683e-08
6.507550197662048768e-08
6.117144845475896244e-08
5.928509079500666167e-08
5.807512283702909912e-08
5.513675705182680735e-08
5.387138420900103514e-08
5.260659579261421287e-08
5.058906462019552331e-08
4.988130217218234166e-08
4.820182338258602538e-08
4.694994149154180668e-08
4.490029907549307972e-08
4.345610624294700524e-08
4.235097778115555118e-08
4.087417781673943538e-08
3.933849964241352548e-08
3.849067774350849107e-08
3.666294902136203437e-08
3.570062083827386011e-08
3.496018850262042769e-08
3.384976975801393150e-08
3.326403784568860124e-08
3.197420730644868075e-08
3.032210314488216152e-08
2.956079220252405800e-08
2.840943350002178201e-08
2.744614197880556343e-08
2.682411447234422632e-08
2.550676925292662598e-08
2.503524043165071887e-08
2.428784436197355320e-08
2.387464018719549045e-08
2.282895078700255373e-08
2.222760415655555620e-08
2.197912839604490112e-08
2.100840178544243942e-08
2.074280094656015728e-08
2.023506983456357774e-08
1.984256870833217135e-08
1.906512638015086442e-08
1.831272047568489538e-08
1.797663134364255142e-08
1.773840488361447994e-08
1.723607589244995098e-08
1.688652310668986898e-08
1.640778550950229009e-08
1.571502906106210034e-08
1.543368368222407179e-08
1.512925718930625398e-08
1.467511503921448646e-08
1.441356268798202900e-08
1.414981454771541542e-08
1.374763430848117644e-08
1.346136939696335796e-08
1.317823616712728143e-08
1.299111630650439844e-08
1.283276878864352876e-08
1.241186110095397347e-08
1.220335077088856400e-08
1.186792058695984039e-08
1.163001351552525523e-08
1.137106648430070695e-08
1.100686712404493889e-08
1.080794355430344116e-08
1.052651872193198190e-08
1.040737169191741758e-08
1.011074798732382049e-08
1.000199168311047554e-08
9.796546004312961914e-09
9.470386718038217387e-09
9.329061523564992713e-09
9.125314633309382069e-09
8.870292431537716611e-09
8.594554606546185441e-09
8.418781757726394556e-09
8.271896727832511402e-09
8.101864959103729281e-09
7.858412441394160055e-09
7.718566623683294637e-09
7.613492116085504519e-09
7.286518666352389357e-09
6.999656476201153015e-09
6.887779213018581371e-09
6.673957315688201976e-09
6.408955900262419430e-09
6.311473267906713798e-09
6.133144482013957606e-09
5.984686059027009950e-09
5.888880673254762484e-09
5.667614527294081028e-09
5.562537685537738567e-09
5.415088526701802212e-09
5.159334666443209939e-09
5.034576757997077108e-09
4.801515189966131976e-09
4.702559761190351891e-09
4.413614441739339507e-09
4.260566493279236129e-09
4.097840384595614916e-09
3.965454214780786437e-09
3.842681873035479948e-09
3.636118955825234722e-09
3.544218320900682177e-09
3.302720973920113483e-09
3.197224637524175881e-09
3.130772205103237243e-09
3.056942121757017985e-09
2.892256516196912546e-09
2.788404390918517400e-09
2.733213704324483963e-09
2.610370448337398496e-09
2.530824930352869039e-09
2.468398815643337313e-09
2.388525564926751311e-09
2.303300786656772642e-09
2.185519855015717664e-09
2.104541879471383150e-09
2.048564053760015085e-09
1.961089545075060268e-09
1.856042023490946034e-09
1.784305902963690269e-09
1.677967190009542604e-09
1.639383468265876570e-09
1.585895253819498630e-09
1.496401082737303990e-09
1.441445927204930743e-09
1.420803245104361837e-09
1.329063575894730313e-09
1.308900555882542353e-09
1.253393086591500815e-09
1.237471416329702207e-09
1.192382009399891251e-09
1.163138144972025047e-09
1.141502984901237321e-09
1.124343752968077917e-09
1.105530936780591608e-09
1.090177958791378763e-09
1.064384527582669625e-09
1.042788910166933297e-09
1.017963061865658155e-09
9.921744406839022042e-10
9.795901578664137702e-10
9.707929531636097669e-10
9.328048648315556124e-10
9.148622403646341730e-10
9.023481327134320323e-10
8.866507622576170232e-10
8.606540283377726834e-10
8.376693698225366188e-10
8.231498970869884144e-10
8.043955942640736998e-10
7.800473297864125636e-10
7.641010843355975228e-10
7.346054133526774161e-10
7.219881453428658612e-10
7.034070208356905589e-10
6.900785637776146974e-10
6.720755867181626980e-10
6.559738974657479003e-10
6.409762985818719962e-10
6.293088623109477889e-10
6.043591568907386618e-10
5.824558866949429583e-10
5.671282798577226337e-10
5.423673606552490395e-10
5.165041359976406577e-10
5.021757002419998475e-10
4.754146707428183592e-10
4.619180717288824210e-10
4.408644345389876080e-10
4.206206097947834893e-10
4.107619847196470748e-10
3.962288234188998078e-10
3.837235650680991986e-10
3.741059258105880490e-10
3.603217665284307904e-10
3.521294007223712641e-10
3.355155939837813385e-10
3.235752565798765479e-10
3.140157151983910045e-10
3.047737897283625739e-10
2.921042368006439289e-10
2.806254461256076467e-10
2.705853131203390320e-10
2.555773124881125170e-10
2.425697612598319900e-10
2.350609215077546560e-10
2.227771858066490097e-10
2.194866807811595459e-10
2.007979328660399187e-10
1.982748867142389683e-10
1.871972839086351804e-10
1.836977048368545050e-10
1.755834097900889546e-10
1.710494915015641861e-10
1.665325751226698371e-10
1.601108094040838542e-10
1.572519899289483114e-10
1.532707755054245369e-10
1.490960039953498244e-10
1.458180025558723934e-10
1.425215227888939140e-10
1.408949802975184841e-10
1.376142048707382381e-10
1.350062772357574319e-10
1.327368752478251574e-10
1.301409650446391739e-10
1.256746644526073768e-10
1.223411978031850082e-10
1.170428497819233387e-10
1.135631442421492651e-10
1.087412181287417405e-10
1.065483837433882765e-10
1.045536995630522008e-10
1.020867082082578728e-10
9.928039470267102143e-11
9.546047757555469669e-11
9.203935038555697356e-11
8.968002418711769775e-11
8.657287271146597577e-11
8.470263891660382561e-11
8.253719186758231793e-11
7.965233803835518553e-11
7.686143969181373672e-11
7.326175474112150943e-11
7.135371394920771401e-11
7.011374926692208794e-11
6.700957101539314717e-11
6.465105156365548423e-11
6.178461020144470742e-11
6.008218826819265727e-11
5.786650279114931634e-11
5.495920684844470277e-11
5.422542468212502932e-11
5.167918178753352439e-11
5.054403650195461605e-11
4.846959186896351977e-11
4.744405300043581441e-11
4.623788088827220883e-11
4.337492208707408389e-11
4.178252093487509268e-11
4.021134966363708507e-11
3.862329440412187333e-11
3.687629828010214949e-11
3.539358121835473007e-11
3.362631300630744810e-11
3.259087234326589859e-11
3.174787487080841299e-11
3.097140623161075379e-11
2.995169527133563613e-11
