8.329553955705973900e-01
7.857470407825729586e-01
7.577114485337019811e-01
7.126591053684770971e-01
6.475150259438742228e-01
5.786919754300491325e-01
5.413999374204812032e-01
4.956214161007340135e-01
4.461641424183722116e-01
4.094658710327250817e-01
3.844477140581322727e-01
3.537069814534150591e-01
3.206356355662653423e-01
2.854072432902744483e-01
2.537183235067831388e-01
2.229287277016163693e-01
1.972760872451545799e-01
1.760512159533122178e-01
1.597372652620062672e-01
1.418602178186598728e-01
1.320941010747400668e-01
1.233383587582205093e-01
1.124145329600853699e-01
1.035268053458271026e-01
9.690493696030597071e-02
9.241253874872676355e-02
8.781073247451952335e-02
8.252843110440284680e-02
7.743282817757646264e-02
7.012294360298047813e-02
6.495894294202488040e-02
6.075251193943729394e-02
5.648859876007253367e-02
5.405559875308806050e-02
5.092977755273939838e-02
4.761869758063194680e-02
4.579294404646112177e-02
4.338532643998926908e-02
4.080682442214928624e-02
3.906082401488659289e-02
3.645726009191269101e-02
3.345224755500887659e-02
3.141203372239123603e-02
2.925090769042985525e-02
2.637921662380647223e-02
2.489348876014334938e-02
2.229644171892348689e-02
1.998967889091889452e-02
1.825178217697683361e-02
1.662295825390615323e-02
1.555617526182143280e-02
1.475977358073970666e-02
1.323688026241323992e-02
1.223564664872216906e-02
1.128203586394375089e-02
1.022585225312727143e-02
9.578370660292656602e-03
9.038711003703549240e-03
8.382029242754964610e-03
7.891299875211402540e-03
7.277598938657877693e-03
6.995850555764640544e-03
6.529290350148468473e-03
6.148642378344182542e-03
5.721223368177016759e-03
5.503568467496997192e-03
5.087447644497800764e-03
4.881980436723427560e-03
4.386107020928871683e-03
3.972054230223642270e-03
3.577385396435788911e-03
3.073975632020049201e-03
2.700843582506144962e-03
2.467801533908106464e-03
2.157344696255207410e-03
1.946484988983536836e-03
1.697806372540859544e-03
1.590837291757778854e-03
1.419875159436848619e-03
1.316441113275894099e-03
1.206325119425222595e-03
1.100883508522827346e-03
9.732760688476199034e-04
8.561652203945428795e-04
7.906752838091718168e-04
7.333500132198674925e-04
6.811436847826350498e-04
6.076271124177702035e-04
5.643560519416350365e-04
5.023360367466743167e-04
4.685915391818367380e-04
4.180689892765626419e-04
3.733801136485200445e-04
3.496751469083676615e-04
3.115601463106382522e-04
2.801654855388803402e-04
2.391483585510949912e-04
2.256996957457725400e-04
1.935359379274283740e-04
1.740914920636144070e-04
1.523197481801200342e-04
1.335970948133050225e-04
1.107972622908075933e-04
1.003605836970098694e-04
8.782395808824176116e-05
8.161508167696901819e-05
7.640263339850907563e-05
6.996888447121495525e-05
6.538002549986534945e-05
5.808173171004289963e-05
5.287584630295096130e-05
4.937147408770829868e-05
4.659323570619788580e-05
4.357758625484559262e-05
4.130104348008144303e-05
3.898662376599531295e-05
3.580771750370338112e-05
3.403275466353954733e-05
3.107336146388439658e-05
2.771998751733668550e-05
2.584614818190919663e-05
2.407956748685322542e-05
2.219936517580937979e-05
2.038002669830332904e-05
1.768961380542073567e-05
1.608132766661067589e-05
1.449723213458440421e-05
1.280790339040328385e-05
1.123003028957161269e-05
1.027936172195573581e-05
9.328647975451018784e-06
8.552036186824824805e-06
7.448338796275979458e-06
6.975943949643306767e-06
6.255583950089603689e-06
5.908560812667259730e-06
5.135877007388700406e-06
4.666261063437887665e-06
4.097944118937613303e-06
3.509577273971050289e-06
3.182143767376983916e-06
2.838630575992850804e-06
2.498008656902816533e-06
2.238423212905091928e-06
2.012360497014130367e-06
1.740439571239006193e-06
1.625639241588908011e-06
1.483675356566948424e-06
1.397666785624432562e-06
1.262156270851564087e-06
1.140154157506091115e-06
1.065855009877140724e-06
9.802731399740110547e-07
8.235560700420596678e-07
6.727409134964242033e-07
5.788691534394328507e-07
5.006025546758406762e-07
4.428050432037323853e-07
3.888732621066296838e-07
3.432755100281494514e-07
3.174746807337451290e-07
2.862290816305693805e-07
2.607045192675313128e-07
2.341867859460614142e-07
1.968581183741898866e-07
1.795464059970427455e-07
1.436639963676860643e-07
1.303751692041320604e-07
1.150875370547542802e-07
1.001167999536648343e-07
9.489516768201398915e-08
8.264699008126609024e-08
7.507572052076132874e-08
6.856934502412982881e-08
6.175610636552161131e-08
5.677135388721406869e-08
5.452152742707049306e-08
4.895746022502026539e-08
4.551959875642287245e-08
3.962727874552335818e-08
3.616695230687831637e-08
3.208946931008974667e-08
2.823184323229448497e-08
2.548196014899332038e-08
2.388996790284423956e-08
2.166741570830920451e-08
1.963868047039111672e-08
1.818607032971688944e-08
1.671056411348450138e-08
1.456027998927085627e-08
1.347653003955784111e-08
1.200479728663391327e-08
1.106882347319241443e-08
9.852600618796604767e-09
8.937679984571226307e-09
7.697432175400204282e-09
6.746842739169828761e-09
6.095832630707580596e-09
5.273173652852009797e-09
4.684494702862859352e-09
4.213327445451335860e-09
3.659742985593228685e-09
3.409326827348256648e-09
3.185987668338342461e-09
2.653150320866519113e-09
2.421053272672511286e-09
2.234870397819456242e-09
1.812518513727166490e-09
1.527995706562341200e-09
1.292088208633711785e-09
1.186280103392998912e-09
1.072185741395490754e-09
9.292433866904257540e-10
7.800230541602689097e-10
7.067451892923410320e-10
6.067465917089916524e-10
5.716573700727786983e-10
4.984857410728758456e-10
4.591690894815283691e-10
4.121265705267115203e-10
3.389775342841172440e-10
3.183824372718637857e-10
2.860865065953574849e-10
2.690052442782668712e-10
2.455115139230281513e-10
2.161929920814428335e-10
2.056181299139139723e-10
1.787682539890322641e-10
1.663643210765898560e-10
1.543724068828540670e-10
1.421857012201241562e-10
1.301846210471762640e-10
1.163461261148096096e-10
1.034937727160189789e-10
9.429849660809609949e-11
8.244149235215504347e-11
7.307415894125960687e-11
6.676662589580967091e-11
5.666240399532378609e-11
4.858472039784430233e-11
4.434862162912293539e-11
3.570726711953626236e-11
3.208856763911486649e-11
2.886731833939431113e-11
2.551839205679066840e-11
2.319454100910767578e-11
2.031881248654350351e-11
1.799492180715475208e-11
