9.072749885802940950e-01
8.696129802582049928e-01
8.487550252659258332e-01
8.079316373712825960e-01
7.540955419299670837e-01
7.149157530905176916e-01
6.897639396607354589e-01
6.608927191197417894e-01
6.262923518105060205e-01
6.002951967906735575e-01
5.761632885016934047e-01
5.520442913366205850e-01
5.222435540226949557e-01
4.921224502295885039e-01
4.687568922697853413e-01
4.364975216848770989e-01
4.094264782129126701e-01
3.797743381161051146e-01
3.509694125769319273e-01
3.280770371655740147e-01
3.134644847070085505e-01
2.814345637560786706e-01
2.537332844982485014e-01
2.305024326859806960e-01
2.124447778339867421e-01
1.955635239852452911e-01
1.817534115630185521e-01
1.727068766788251442e-01
1.627837465720912979e-01
1.513598655578850538e-01
1.397962171278346599e-01
1.329370474933919688e-01
1.232821901824516370e-01
1.111399188872840144e-01
1.024201818538503506e-01
9.750646829523985926e-02
8.807931956654826977e-02
8.062735943521627535e-02
7.565715167102037009e-02
6.960459131235653685e-02
6.236111542465749835e-02
5.643901388838099692e-02
5.235507872848628452e-02
4.753479731038767059e-02
4.150087048714892063e-02
3.649605161737960041e-02
3.379156119353636523e-02
3.125810960244247705e-02
2.881835198352606861e-02
2.641240228839686344e-02
2.470228308791282829e-02
2.267413873535762542e-02
2.029756243057343271e-02
1.893524105399095603e-02
1.703507180496323034e-02
1.550934432168989477e-02
1.398055045970167040e-02
1.236200916264211004e-02
1.127835219926118758e-02
1.030129984492618098e-02
9.140398579775128179e-03
8.372787551134557721e-03
7.518033111387165471e-03
6.761839595876827438e-03
6.162572016813448912e-03
5.610550044050692520e-03
4.927288545426031750e-03
4.484859877873702445e-03
3.945509540063141599e-03
3.517225035249879096e-03
3.173893843657956976e-03
2.760249853946879998e-03
2.406231697360462773e-03
2.213577918446222714e-03
1.995577375348253461e-03
1.854794190898481372e-03
1.598660576471975419e-03
1.433405226946384654e-03
1.243467611849507527e-03
1.091826748027810651e-03
9.463356709368607282e-04
8.710422062108049823e-04
8.077029675890477160e-04
7.619790393088039099e-04
7.142871399481794288e-04
6.767274312928781618e-04
6.208061289948363023e-04
5.598957516744936230e-04
5.256965347395706331e-04
4.754691176046268943e-04
4.373048405650050373e-04
4.116937994976588083e-04
3.644513360671757267e-04
3.393439351822791976e-04
3.134306007725351940e-04
2.977769533732206229e-04
2.687616050200629771e-04
2.380209327794943525e-04
2.291863143511929006e-04
2.056257690292758854e-04
1.897367494383896840e-04
1.740157646683363748e-04
1.633324529651958160e-04
1.508974586345341207e-04
1.426110295699289780e-04
1.304620715305912905e-04
1.139505500267825748e-04
1.075108276635034670e-04
9.861225869186009889e-05
9.235883351569969713e-05
8.557475363528481123e-05
7.952613163881571703e-05
7.410592441406429445e-05
6.866529372598975938e-05
6.053331481699512971e-05
5.155386128189697059e-05
4.807798204086368175e-05
4.356029041974882667e-05
3.947536025609487076e-05
3.378192181895657656e-05
2.905595192883048895e-05
2.676121697983915594e-05
2.222712110435924327e-05
1.973345336839575526e-05
1.811242396727014741e-05
1.692405841675410943e-05
1.530953078675696983e-05
1.373109631218201117e-05
1.194194592359196401e-05
1.138446935211347426e-05
1.040529328379755311e-05
9.968498525703963983e-06
9.190473238867677728e-06
8.605224713530118503e-06
8.257446173071960970e-06
7.778350007212033051e-06
7.438645882640972296e-06
7.086143221858239816e-06
6.588196212457135320e-06
6.277115922662204806e-06
5.893489419609387939e-06
5.619843760621564943e-06
4.992928893374068990e-06
4.525623248584571290e-06
3.879637383111231374e-06
3.569734792713253724e-06
3.025253572545466138e-06
2.608024573433776949e-06
2.424107366856555762e-06
2.263670454302668800e-06
2.055526763451324401e-06
1.887041601711371223e-06
1.792536710915430182e-06
1.603469619258081402e-06
1.404784864375852684e-06
1.323460584548081001e-06
1.189800497646443081e-06
1.074868177549646608e-06
9.946585641200326350e-07
8.698284448043799359e-07
7.636787913064762419e-07
6.641135144476698538e-07
5.839056043881292705e-07
5.183414765095137984e-07
4.607319854563368011e-07
4.324878509782576338e-07
3.981118559271738199e-07
3.670684156763965040e-07
3.430665916796777486e-07
3.142717912301893093e-07
2.953444514749120992e-07
2.780278346695866783e-07
2.530988293766076803e-07
2.272381489650111311e-07
1.976441174856849535e-07
1.738195081053938672e-07
1.593060109630283593e-07
1.432138117399643336e-07
1.241190928900981048e-07
1.186361697111543921e-07
1.096015587078145615e-07
1.012241291621218663e-07
9.508930733816345228e-08
8.816478950630056168e-08
8.309415033219752498e-08
7.519392565720981721e-08
6.802426320724032385e-08
6.227076115144042057e-08
5.694195593491898498e-08
5.339106955337159110e-08
4.272270819617188862e-08
3.660856397592085883e-08
3.312065770674344204e-08
2.792784678786639644e-08
2.396920140623674241e-08
2.058378939630002104e-08
1.861490132507378152e-08
1.691133511009969426e-08
1.535901859237157303e-08
1.421005808875187380e-08
1.278662299119403162e-08
1.122852082358116095e-08
1.022925191588159417e-08
9.345833848800031174e-09
7.939938983419750964e-09
7.102194208219461673e-09
6.501871407183552048e-09
5.917095622028595620e-09
5.338304456739293395e-09
4.985976713349992774e-09
4.557932123039177924e-09
4.385168440878291425e-09
4.004288661986968751e-09
3.592119108889640479e-09
3.392636432346871458e-09
3.019216996871003339e-09
2.705140572085658866e-09
2.400309965154666754e-09
2.257514577632641477e-09
1.915377955632896304e-09
1.760323058376351536e-09
1.529425523616343744e-09
1.410641912228716389e-09
1.230279926139674757e-09
1.062705414699084401e-09
9.023806037822641450e-10
8.372955482962628356e-10
6.731702136517544234e-10
5.974368132484286487e-10
5.068873901702712511e-10
4.400117693410341018e-10
4.017131036221301281e-10
3.482160261631772803e-10
3.238273189947850056e-10
2.942700461384828004e-10
2.553167395984546410e-10
2.164547524072611753e-10
1.949125815512279508e-10
1.642869694814727642e-10
1.454586775659063230e-10
1.292437108251077177e-10
1.156431995024270929e-10
1.042119869924435480e-10
9.464886002260851853e-11
8.092398591940399680e-11
7.010734046820400798e-11
6.573669074703960611e-11
5.344417779313236499e-11
4.899844541283388781e-11
4.425079876188336686e-11
3.801908896784447727e-11
3.266605226096147055e-11
2.743923771813249414e-11
2.487571557068176341e-11
2.192384569187950378e-11
1.861035993943617682e-11
1.607101962775392549e-11
1.313541375903547135e-11
1.202034778814367910e-11
