9.999142340660881478e-01
9.998016606123497629e-01
9.995191660708558912e-01
9.991740494730548816e-01
9.986555972485824384e-01
9.979463137807587092e-01
9.970489671923827846e-01
9.957679046154073177e-01
9.938081582337855435e-01
9.927697818186723699e-01
9.907101463644922834e-01
9.887453475574810025e-01
9.859636491031553707e-01
9.835945066009095239e-01
9.809818610425846686e-01
9.766359912389858122e-01
9.718168490599675691e-01
9.657182148179113135e-01
9.541015040001742387e-01
9.466657617062881336e-01
9.453459630999496710e-01
9.358038848725795944e-01
9.260586312533803932e-01
9.235968649352316318e-01
9.149378143455183521e-01
9.011936211166831079e-01
8.868783409765913506e-01
8.786810059116434424e-01
8.759633662305910118e-01
8.569657293599798331e-01
8.371321676397236455e-01
8.266376376006402404e-01
8.155749146005287775e-01
7.959328798672985483e-01
7.876281522369809052e-01
7.767694516854724007e-01
7.701297364610770746e-01
7.524064850826234219e-01
7.493402247969906949e-01
7.380438960314250618e-01
7.316047444841232705e-01
7.268753191217902643e-01
6.980731880356481067e-01
6.773777254296229344e-01
6.705269834746847568e-01
6.437510462879804107e-01
6.370833338917307742e-01
6.213245116102745769e-01
5.965577119560900865e-01
5.950598367275508060e-01
5.780818266201721567e-01
5.754381254701351756e-01
5.658473100589467286e-01
5.454835363768395506e-01
5.382587295360700130e-01
5.307469027566761310e-01
5.293807319624160845e-01
5.114991295979944841e-01
5.060515147610276099e-01
4.965043970833856735e-01
4.871753223892607565e-01
4.640959998064085323e-01
4.548347806750261402e-01
4.358024721151078640e-01
4.335358156309622180e-01
4.163587481986560923e-01
4.113331369857757824e-01
4.090995350123989849e-01
3.946312203761159765e-01
3.873438502105220338e-01
3.797319545698598642e-01
3.695012237937276844e-01
3.680949864513761161e-01
3.635619913963504257e-01
3.569372194294731515e-01
3.471036127001293492e-01
3.262997669548537427e-01
3.202563752268680064e-01
3.185806543081695086e-01
3.009309930544977751e-01
2.972004172412180956e-01
2.873903648202009720e-01
2.761340293973462146e-01
2.702046721375424010e-01
2.659119222759915857e-01
2.626024171081009495e-01
2.526066435428377943e-01
2.514313262498313883e-01
2.474920810911073188e-01
2.403147392678106065e-01
2.370108293888654183e-01
2.359175965816400766e-01
2.353357332503627775e-01
2.261381234497101822e-01
2.210281104813971997e-01
2.173114673490427473e-01
2.158246832636592505e-01
2.133554325568327859e-01
2.038071664902175451e-01
2.021125533341697478e-01
2.010137345475325188e-01
1.987670171298627775e-01
1.912187758594625087e-01
1.906238049836156967e-01
1.901476044503246365e-01
1.816054570957179592e-01
1.795923218531935706e-01
1.744363569486162002e-01
1.738607232193317143e-01
1.724194306089281148e-01
1.667928182623545641e-01
1.633521122287127925e-01
1.626797611566304091e-01
1.621330842977797559e-01
1.576684589963771865e-01
1.503331264945290124e-01
1.492869986065543664e-01
1.475175254981547224e-01
1.393319230909379480e-01
1.391109467129477417e-01
1.325425649663046213e-01
1.306951161820252005e-01
1.301020166090049168e-01
1.291934697058538528e-01
1.283121814245253289e-01
1.207669377015781892e-01
1.206175509819907565e-01
1.169887880354506526e-01
1.122353491888164606e-01
1.110749483411666988e-01
1.103208183946775695e-01
1.088429273239554795e-01
1.046933769275238540e-01
1.042734564171497735e-01
9.984916411346282661e-02
9.943856972731852928e-02
9.865489222942204484e-02
9.658153911497825705e-02
9.072774552204256049e-02
8.966045050388397886e-02
8.936250944813599328e-02
8.861661269505760608e-02
8.800457975216979811e-02
8.497137997214419813e-02
8.379341368447559835e-02
8.342793059856257187e-02
8.293307500840421675e-02
8.037102326587963752e-02
7.794642450728611616e-02
7.540742338418665591e-02
7.491853398134287745e-02
7.423825405165442037e-02
7.275313941322915368e-02
7.242209941497793069e-02
7.126970553481408455e-02
6.676593851184373096e-02
6.631714495564695888e-02
6.589362271759868772e-02
6.180656363605500220e-02
6.155767598136957508e-02
6.078873984082785314e-02
5.903455277730373235e-02
5.810964437282162276e-02
5.666284582730747588e-02
5.658586483338774731e-02
5.415300196241552844e-02
5.278876760643838595e-02
5.237046374948029631e-02
5.207057485538424402e-02
5.121908459353654436e-02
5.094233165296756932e-02
5.073778606599779056e-02
4.829147646953953904e-02
4.757707413982800032e-02
4.747648535205802045e-02
4.702704921882492478e-02
4.405824597102471485e-02
4.390868862737184325e-02
4.181727410020405489e-02
4.119456406135010157e-02
4.050896195389792204e-02
3.878922873200588844e-02
3.837322512547235859e-02
3.803671849193475396e-02
3.780087364313865217e-02
3.769645548776417304e-02
3.705422133285043995e-02
3.680068326918491811e-02
3.531865679783205425e-02
3.488831107509845347e-02
3.342248635820647962e-02
3.231877887353129530e-02
3.202404358882113278e-02
3.185622264070117615e-02
3.144813964540171120e-02
3.019250429894382998e-02
2.919188768785296179e-02
2.912803224240261002e-02
2.906419790052801669e-02
2.890225554116939224e-02
2.869135988268144838e-02
2.672506801351428110e-02
2.629709961216375458e-02
2.547512461050587679e-02
2.506600428470638631e-02
2.439051697281575601e-02
2.400680530011172972e-02
2.373183264759368832e-02
2.351130794863712237e-02
2.323855808939211814e-02
2.315350428367213623e-02
2.254515566273541938e-02
2.161441503258167141e-02
2.158279506175013462e-02
2.125094759395394772e-02
2.103247435363743076e-02
2.003548318295833575e-02
1.989701578609878035e-02
1.887317798880341208e-02
1.870503417523259465e-02
1.821576613413360135e-02
1.785154134325652245e-02
1.759278555556847284e-02
1.627637840177651937e-02
1.618471625354576948e-02
1.599939039429789864e-02
1.588720185824452069e-02
1.512589371798812692e-02
1.491942282482153562e-02
1.462013563997908994e-02
1.456919505994825476e-02
1.454373317928489215e-02
1.417211237677506834e-02
1.410457150189526991e-02
1.379557019194042021e-02
1.367894356650623151e-02
1.358438351425143679e-02
1.333215673883809092e-02
1.322576238587483757e-02
1.250184402380429688e-02
1.242021465033273271e-02
1.233339697263736642e-02
1.231161746922430043e-02
1.201324843813228287e-02
1.183639730892099319e-02
1.175110646547125604e-02
1.164240464191568930e-02
1.160230826451419048e-02
1.135906782993840146e-02
1.109114721554775584e-02
1.063190899740206787e-02
1.048197999547922227e-02
1.044870413252781648e-02
1.030367326081975052e-02
9.859282311445593736e-03
9.751943649176458145e-03
9.468121263899743553e-03
9.444484679455468837e-03
9.170344450258050006e-03
9.146296156277353845e-03
8.967715926053164074e-03
8.773653983059020653e-03
8.452662131578334709e-03
8.441235908035039578e-03
8.430332172020538889e-03
8.107747971563895525e-03
7.500164446124724105e-03
7.394157327652034137e-03
7.261527060560095392e-03
7.188668477854511657e-03
7.026755021485611014e-03
6.989532430727171501e-03
6.850289459182610195e-03
6.817635100509152057e-03
6.797855771146850586e-03
6.774417587707665979e-03
6.689563756915411358e-03
6.670935695442731413e-03
6.416106787856053380e-03
6.411799658254105014e-03
6.329176046420868611e-03
6.239544923862208603e-03
6.043527213368986468e-03
5.898380286635441019e-03
5.779554194087199552e-03
5.636730341364492615e-03
5.622552766363155506e-03
5.417248187281373945e-03
5.302311695580993502e-03
5.194079808137779669e-03
5.147061909043671585e-03
5.087816757541608649e-03
4.985348789888570907e-03
4.937289252505136679e-03
4.887329787610072800e-03
4.860487995382623688e-03
4.784091652948716661e-03
4.683020635868962063e-03
4.518001086953402599e-03
4.506047028221235248e-03
4.383183533009361171e-03
4.105810120824637290e-03
4.103081150096552984e-03
3.956503063462248580e-03
3.764586143122286479e-03
3.745083361285048065e-03
3.700693853214022128e-03
3.691845290370914835e-03
3.514856391634496764e-03
3.499064923898806932e-03
3.428493609769616649e-03
3.409194382146214352e-03
3.393905432876089152e-03
3.334845712462590137e-03
3.308830160903334944e-03
3.255894617166855878e-03
3.201507649152395170e-03
3.184818188736410465e-03
3.127139458289964272e-03
3.066369491044277501e-03
3.062270384424923067e-03
3.021146848524877693e-03
2.993645800013682544e-03
2.932769452329638590e-03
2.829001592067329450e-03
2.797201558263038689e-03
2.768457152960374177e-03
2.762615037658843874e-03
2.627596602986983967e-03
2.524673554821918724e-03
2.499397101123219597e-03
2.490972389658534323e-03
2.464700062825341074e-03
2.425226464306266122e-03
2.397747693190436895e-03
2.298185440921137607e-03
2.266197633607301785e-03
2.248547071002986956e-03
2.236033767417278714e-03
2.223382917189857359e-03
2.149461975492409152e-03
2.143395970757658916e-03
2.122912183233947783e-03
2.067036918138431562e-03
2.049426473235432637e-03
2.044174819946481102e-03
2.012786028999096876e-03
2.000396537823280908e-03
1.986063020022572293e-03
1.973251421526594097e-03
1.808045221323891383e-03
1.782760925517051223e-03
1.774486957869524833e-03
1.700521478081229313e-03
1.670276758408905391e-03
1.652704131305193997e-03
1.647228707314345262e-03
1.620265539978553481e-03
1.614065385731465897e-03
1.610779148500242602e-03
1.602379234898616096e-03
1.562688977247501682e-03
1.560823877173716720e-03
1.506482723127648650e-03
1.414438040318796328e-03
1.412785848770757623e-03
1.336569844275828194e-03
1.311710867207338711e-03
1.255851482378390373e-03
1.252327361086744400e-03
1.248126606747903449e-03
1.243257778406250047e-03
1.226118624890165871e-03
1.213215212838567644e-03
1.196593857080211192e-03
1.130038873084332138e-03
1.129151362206776187e-03
1.087879510375556850e-03
1.045898207877932716e-03
1.036952821052954197e-03
9.869619893096033807e-04
9.646292789202343988e-04
9.615542838557212526e-04
9.497618091144798729e-04
9.432438800542338820e-04
8.589416921037293633e-04
8.469364357465467659e-04
8.366446642895301704e-04
8.314015484632577245e-04
8.299455138427769317e-04
7.928685601250263972e-04
7.839481517248499381e-04
7.754278761223505319e-04
7.635212648241233207e-04
7.263168199067660327e-04
7.147623333085070677e-04
7.045132910588928436e-04
6.986728546464847757e-04
6.956669878082256822e-04
6.920749075968777404e-04
6.846460559665255938e-04
6.773269790270806641e-04
6.651456460905699492e-04
6.289776491058691717e-04
6.279227834216249320e-04
6.236983660629102401e-04
6.099806064117897992e-04
5.975001156089387042e-04
5.951453984583207494e-04
5.832839239512640009e-04
5.790073830469992652e-04
5.635049767516625606e-04
5.569774863435237797e-04
5.528196749330885514e-04
5.430458676558552874e-04
5.162033591688392192e-04
5.010517581957180935e-04
4.981861049345691350e-04
4.882243153205147548e-04
4.853599745514141088e-04
4.845561404637815299e-04
4.762943463458830617e-04
4.669093287739418258e-04
4.659463231542569487e-04
4.532111305249397282e-04
4.432372841599859859e-04
4.383029365951668799e-04
4.329555643556848017e-04
4.314334671056763507e-04
4.247350860229021584e-04
4.150942187990870505e-04
4.092455953375972295e-04
4.011254914222767381e-04
3.863459377074395440e-04
3.816918773010152290e-04
3.729351032046739393e-04
3.635575158720434630e-04
3.589085328737277414e-04
3.573741357603189318e-04
3.554098357762973978e-04
3.404661305386145749e-04
3.376670681023142520e-04
3.356996004948255893e-04
3.333226890364705580e-04
3.299478453692560737e-04
3.244953583248069489e-04
2.947287905540082846e-04
2.887335467139226161e-04
2.854779484251548905e-04
2.768919560868195531e-04
2.758972780924903246e-04
2.740114827737833011e-04
2.724203388738226090e-04
2.618764403155806253e-04
2.607074740370176431e-04
2.599965456959943281e-04
2.555760528712842082e-04
2.518215186186217890e-04
2.445793652260600925e-04
2.387213318547893421e-04
2.370136355673938282e-04
2.236743902818936764e-04
2.197248717475278415e-04
2.168125983114963862e-04
2.113975755895783554e-04
2.092798572916921033e-04
2.089058831160070322e-04
2.080456764402254389e-04
2.015480944240130579e-04
1.894541751286848074e-04
1.878705399606185372e-04
1.852168120206565904e-04
1.835623135121571686e-04
1.804089760297530973e-04
1.796915564768925856e-04
1.793565590833402063e-04
1.756516954958464640e-04
1.729608231166796851e-04
1.694187913836316779e-04
1.657189516161747505e-04
1.641292792168276375e-04
1.638010625600980110e-04
1.604085739122985575e-04
1.572659151224518219e-04
1.570322095361624927e-04
1.567659177951869983e-04
1.534854102021673708e-04
1.424385215911527227e-04
1.420171270466143371e-04
1.387482951541573882e-04
1.376273212675067947e-04
1.345932838376786113e-04
1.254722696650552131e-04
1.182742916848553730e-04
1.162468531885914433e-04
1.159102364275007798e-04
1.131045457150018670e-04
1.126633701774642317e-04
1.122136451550139163e-04
1.116402991126874401e-04
1.057231427604319793e-04
1.009996531349238030e-04
1.002306013383557997e-04
1.000180193223222831e-04
9.846255646437821829e-05
9.715098439014581660e-05
9.628239817095983726e-05
9.481145972707022526e-05
9.137932115882889470e-05
8.989267064101335734e-05
8.968985333877553816e-05
8.892307448339021518e-05
8.397215283525764852e-05
8.261886600534351383e-05
8.171777966979238187e-05
8.125160382646602641e-05
7.856420703998655676e-05
7.788471140414182821e-05
7.601153678313459850e-05
7.543745678068988140e-05
7.458580917896693305e-05
7.165736374461406839e-05
7.082121965671452123e-05
6.981593585397596034e-05
6.964153808547929672e-05
6.957478872831270489e-05
6.933151128098097641e-05
6.504489953239114288e-05
6.445486059135438082e-05
6.255660004070939622e-05
5.985366551994659068e-05
5.892940423895562743e-05
5.849238058500143598e-05
5.750206202718721884e-05
5.696204437958538914e-05
5.685317249658822025e-05
5.407945420792767296e-05
5.254181575380579059e-05
5.166090178788749755e-05
5.126700515147466065e-05
5.082021953770507033e-05
5.002291626507118392e-05
4.980678509972044133e-05
4.900873313240346131e-05
4.859279774664216034e-05
4.823170384259623872e-05
4.772307901069338412e-05
4.727221948709500022e-05
4.480322434576640856e-05
4.156849334036234902e-05
4.107156640828605747e-05
4.038138110183829083e-05
4.021584688844491787e-05
3.946683116538328233e-05
3.865263655739628037e-05
3.861852980422770593e-05
3.744617553123312395e-05
3.539241621993026899e-05
3.524809765812256766e-05
3.449575839064688686e-05
3.397404839880326582e-05
3.388640529364985143e-05
3.320192856402973380e-05
3.276226335191561494e-05
3.249099335829486754e-05
3.156850639731402860e-05
3.048497958306806808e-05
3.038573693364401220e-05
2.983753697109591351e-05
2.931506968056634321e-05
2.913411730352365785e-05
2.893024573862767440e-05
2.853519200856999028e-05
2.824912238449577703e-05
2.798166460614585891e-05
2.541278401438480607e-05
2.514269487406324847e-05
2.373137251650278960e-05
2.368158687936171349e-05
2.295858224684134009e-05
2.247106271969755097e-05
2.242021168082213112e-05
2.221041309153247301e-05
2.195212103383532761e-05
2.090299834021576463e-05
2.036188180779716176e-05
2.030840510935478317e-05
2.013530784639240329e-05
2.011739683876195234e-05
1.848033317015817891e-05
1.823496890003603040e-05
1.796103642566341903e-05
1.741606408502285554e-05
1.718045216896348749e-05
1.685378439718530322e-05
1.655139500736337103e-05
1.639673603041553034e-05
1.631930975912007805e-05
1.606974068266692795e-05
1.586971189414883811e-05
1.568672394272766982e-05
1.555306516992223886e-05
1.542115702627231560e-05
1.522314852807389500e-05
1.490319328836580822e-05
1.481754915724003932e-05
1.401681373236529782e-05
1.390576839430590111e-05
1.367518496659177178e-05
1.364708794993261162e-05
1.286167496886399464e-05
1.259554644628498600e-05
1.234578800130674495e-05
1.223224768139328589e-05
1.214410335539257426e-05
1.194698431119158411e-05
1.186824244103360544e-05
1.174131860689480357e-05
1.166730393709031602e-05
1.163623589625311150e-05
1.156745137036481729e-05
1.151531973882863022e-05
1.148390928125328187e-05
1.127088356280423093e-05
1.045246037597805139e-05
1.037410613562756527e-05
9.997398684577841726e-06
9.893206184811281361e-06
9.880648992785954831e-06
9.830451161700606700e-06
9.485585035480387431e-06
9.394209104705798438e-06
9.156035335037008611e-06
9.109821281992036535e-06
8.909277678936734692e-06
8.670055194281923162e-06
8.581717667936100328e-06
8.018545262624529718e-06
7.960271067015723488e-06
7.882211766126496970e-06
7.836416355910746112e-06
7.782944312149254267e-06
7.349673091475337126e-06
7.199822463030069604e-06
6.871148321967616987e-06
6.793053922746622859e-06
6.749320647464460299e-06
6.476256366055233798e-06
6.362534742536346868e-06
6.155938702915162985e-06
5.816399398698326629e-06
5.799148490561404563e-06
5.700582582953377747e-06
5.672528312321755316e-06
5.616296880700674577e-06
5.544021766698965827e-06
5.526698039642680469e-06
5.374718251166638277e-06
4.938298199641861808e-06
4.921246359329599709e-06
4.908505206490757475e-06
4.880833313986776401e-06
4.860423396400440582e-06
4.759931674859631998e-06
4.621846022624354576e-06
4.541542995423050453e-06
4.512548270054567102e-06
4.347253737923601414e-06
4.295299760798306700e-06
4.192220733640553420e-06
4.190477775994304344e-06
4.085697898765876506e-06
4.068450646054428642e-06
3.910219870824323711e-06
3.867218160061522357e-06
3.819548770323538751e-06
3.749585453684771210e-06
3.671364594790135424e-06
3.537751257871074639e-06
3.497801394981525231e-06
3.483407844998502816e-06
3.448139717342392784e-06
3.365887105682278216e-06
3.341351300185731293e-06
3.330719392010554217e-06
3.246952186750103139e-06
3.238378239898069365e-06
3.212413380507518620e-06
3.186148939527015478e-06
3.113415350252973704e-06
3.013804875481474547e-06
2.866035537482473160e-06
2.861409292934399813e-06
2.847958636065353219e-06
2.759936107101199939e-06
2.693556230266119722e-06
2.679760535238519228e-06
2.625980748588917841e-06
2.532284361055846793e-06
2.468321472917830193e-06
2.463089907471088486e-06
2.406483931316839456e-06
2.397278673687736477e-06
2.362689228299118828e-06
2.313949863889302985e-06
2.285623985185437381e-06
2.262480186772105531e-06
2.247091850919000176e-06
2.119092671749088787e-06
2.031514215710309072e-06
2.009050227054498877e-06
1.966805366788564532e-06
1.929641271357334842e-06
1.902368467196871267e-06
1.873945459431732283e-06
1.840609118984442489e-06
1.791095497168591494e-06
1.750174396231579304e-06
1.722428765202906602e-06
1.718198612237410803e-06
1.709378065346994504e-06
1.618943090987421990e-06
1.611872963534209540e-06
1.599952995728773160e-06
1.585395302133117369e-06
1.532846059418966916e-06
1.528663098920229981e-06
1.513212281472477676e-06
1.453791172396937757e-06
1.356306628459644491e-06
1.334655557079031500e-06
1.305795137531705763e-06
1.233161217358008567e-06
1.227650707875220015e-06
1.199204671195845024e-06
1.191520378517554243e-06
1.177956466342458001e-06
1.056640757975788001e-06
1.032719843241189626e-06
1.029884547772589801e-06
1.014877901770128922e-06
1.013303561455299057e-06
9.985338841380851532e-07
9.957472477053965699e-07
9.895867466962037069e-07
9.556580321089147029e-07
9.538684636204418275e-07
9.447327074526809719e-07
9.302350878460131355e-07
8.545569179444177383e-07
8.363705666198218709e-07
8.346454460627873995e-07
8.308394938857474956e-07
8.274673540397943169e-07
8.139106853938240086e-07
7.779669238085849366e-07
7.734996830537555689e-07
7.690163241647249254e-07
7.666514820457922707e-07
7.571806645290409842e-07
7.537919047251878402e-07
7.515278363372525127e-07
7.483946172655617293e-07
7.409695895131654763e-07
7.210233300497217768e-07
7.167776117715784644e-07
7.153414909000968122e-07
7.084857270250978752e-07
7.041757236498654812e-07
6.869423031678481268e-07
6.825594447449713933e-07
6.416593015383061622e-07
6.134246981635294961e-07
5.873592196410800219e-07
5.822900508075204792e-07
5.790864073796540591e-07
5.784575028582610547e-07
5.731368342931240751e-07
5.616117960749221432e-07
5.472854246286904020e-07
5.393170019717668220e-07
5.021416786449985634e-07
4.989725205582274916e-07
4.775817660443565936e-07
4.708587367545354040e-07
4.677839472000925233e-07
4.671351951062622152e-07
4.644026228470524139e-07
4.358105999394724439e-07
4.223581575297283863e-07
4.205069473888624377e-07
4.147658035217909003e-07
4.100246924020571999e-07
4.050285820057788946e-07
4.004593241758946072e-07
3.903191734330985155e-07
3.877705465053704085e-07
3.850554912159052409e-07
3.841621544586315466e-07
3.831088113173050227e-07
3.820715896462802886e-07
3.786012281886605183e-07
3.752859457276014360e-07
3.616729671429802714e-07
3.416563548903544598e-07
3.318136279723206935e-07
3.301915329095480743e-07
3.292828485860167294e-07
3.284514134065729527e-07
3.148819036426546892e-07
3.133029371842012833e-07
3.074422772791908011e-07
3.037377082661341416e-07
2.874452282955685444e-07
2.854549937355513530e-07
2.818276095017701272e-07
2.795670693125468097e-07
2.743233454026548412e-07
2.705028203210475686e-07
2.681541709812882665e-07
2.649866408201014091e-07
2.637368388015267597e-07
2.626873445361137599e-07
2.618667975798688326e-07
2.523672263952510621e-07
2.392241116129639462e-07
2.325337875307174708e-07
2.266909298855984983e-07
2.258972102594079382e-07
2.246919475149401055e-07
2.096017013606781437e-07
2.084289814112983447e-07
2.048908856618901908e-07
2.004777465932086012e-07
1.976156160993519595e-07
1.970843563046042585e-07
1.877530894266200874e-07
1.838964796770011531e-07
1.832951959596104755e-07
1.789461587378672720e-07
1.772991881901882768e-07
1.689349867899675162e-07
1.573885960298940932e-07
1.520594094241874031e-07
1.503799765560926076e-07
1.485634626435100279e-07
1.478739075434166058e-07
1.455250326796843151e-07
1.430112728510437441e-07
1.415913571936540045e-07
1.359132097571804313e-07
1.355104545211662761e-07
1.336309544437836221e-07
1.304294778771886364e-07
1.268472713543636198e-07
1.246816481649848637e-07
1.223490391175015372e-07
1.221903700225863484e-07
1.196204565623467038e-07
1.186186785860616544e-07
1.155892974967806635e-07
1.143950558082999179e-07
1.137916258291182206e-07
1.090479742243617262e-07
1.061347133242935072e-07
1.042777793009939600e-07
1.033037801402357202e-07
1.022545852441861932e-07
1.017207507170853954e-07
1.010534339552124821e-07
9.633858802401837457e-08
9.597597829223021638e-08
9.142431854884155017e-08
9.088561754471620553e-08
9.055458974231481712e-08
8.624909154595461580e-08
8.137915402080615314e-08
7.860767114314520233e-08
7.808126701914929595e-08
7.785604626321409928e-08
7.748276322435960579e-08
7.719600449968440244e-08
7.707557526236805998e-08
7.467978037120876167e-08
7.143751039196133667e-08
7.051675880153387537e-08
6.961594745919986648e-08
6.801552146184920233e-08
6.545642612001086796e-08
6.474423699576875283e-08
6.388142008993821274e-08
6.344798456284606956e-08
6.299846460178564330e-08
6.269187882264946006e-08
6.195953166450835822e-08
6.006414330241120044e-08
5.981952371123720000e-08
5.962993012826002789e-08
5.548292796984259443e-08
5.359432205352395908e-08
5.332350362528016367e-08
5.147207251780396176e-08
5.051927050982139249e-08
4.987387767755767959e-08
4.898300542242536372e-08
4.867407241191289591e-08
4.803489165827284741e-08
4.687528604937969120e-08
4.526067690328691335e-08
4.480736195221004549e-08
4.452688724826648114e-08
4.393454099517051453e-08
4.304056442480939801e-08
4.180175409759736001e-08
4.156332209801121109e-08
4.084017152994960982e-08
4.064116408511650694e-08
3.924045114245425997e-08
3.913827592336299153e-08
3.898814066127930657e-08
3.820722796783438621e-08
3.784819526305584427e-08
3.735101608417836579e-08
3.720168025837232778e-08
3.566956523802144435e-08
3.559408018679933898e-08
3.442424891052439033e-08
3.422608262151485664e-08
3.401320756258044838e-08
3.348071944841649630e-08
3.245369710331700917e-08
3.225197666483814769e-08
3.219643533818556945e-08
3.073690001094178675e-08
3.006947472762785254e-08
2.907317287612395988e-08
2.883300519853492997e-08
2.875206648404239359e-08
2.839393978715171458e-08
2.789109374736638665e-08
2.769507449659076494e-08
2.728706558230999730e-08
2.626357816537028946e-08
2.587557626498037090e-08
2.578781253665924233e-08
2.569327342150085766e-08
2.551426125958969420e-08
2.453478618635107554e-08
2.247948217223299987e-08
2.226644771061204676e-08
2.202584509134932208e-08
2.092427500395344449e-08
2.053931358131805327e-08
2.043006588915102446e-08
1.973340326002162970e-08
1.964660780524368109e-08
1.954094578723206227e-08
1.928761808115145501e-08
1.876427839656135515e-08
1.871590289673263405e-08
1.835279120332188644e-08
1.810163487858794675e-08
1.786569189749386313e-08
1.758770865987164523e-08
1.741100120597434829e-08
1.666776065190711592e-08
1.663799155244455324e-08
1.656641611980415263e-08
1.639074470733955439e-08
1.623599572426631691e-08
1.616732894743078024e-08
1.594696745309758378e-08
1.566403093445285545e-08
1.463711741428159092e-08
1.432477157221763949e-08
1.344312080361688078e-08
1.340506721773066921e-08
1.314282008490499560e-08
1.307089516937398496e-08
1.299888185483226740e-08
1.294560015863553697e-08
1.274599282311596569e-08
1.271337383704682010e-08
1.261891391893171516e-08
1.231836904344434139e-08
1.194849113670905456e-08
1.180182871970403318e-08
1.158813439223911763e-08
1.139580816690039923e-08
1.093333331923363311e-08
1.090004024816221024e-08
1.055449754390872835e-08
1.051941983508485037e-08
1.003501936001864175e-08
1.002125927087099435e-08
1.001362023979022559e-08
9.251513484436513554e-09
8.945704104998974523e-09
8.933996937204393379e-09
8.875954985178701947e-09
8.725853988618601556e-09
8.529486966734138768e-09
8.441894425771996351e-09
8.260848113744193052e-09
8.210286931201543078e-09
8.179435942593205578e-09
8.157305994995639802e-09
8.120591380299602669e-09
8.112544711763725959e-09
8.065598223427282117e-09
7.803863569018561738e-09
7.772104247863246256e-09
7.564834643014408088e-09
7.320765081319088942e-09
7.313915298485501430e-09
7.018059897795629458e-09
6.927405093471584400e-09
6.843016964052385857e-09
6.832591230600772776e-09
6.727577505831758226e-09
6.254573918795643154e-09
6.173417043125169434e-09
6.127226413830837280e-09
6.087409211458444085e-09
5.810232061874994055e-09
5.728551231685396144e-09
5.513163618697412231e-09
5.337536254818805799e-09
5.331084277359225687e-09
5.323035839795027882e-09
5.257481887508480987e-09
5.190965789633544075e-09
5.150359710310586610e-09
5.136847774602794294e-09
5.010753141209065312e-09
4.796436176526522999e-09
4.783181534590799471e-09
4.772587901384965984e-09
4.429238523847934942e-09
4.390897065444990352e-09
4.344263538691930184e-09
4.298151517202354233e-09
4.294635606133440237e-09
4.270058764375201342e-09
4.220220905672864207e-09
4.205715586382135578e-09
4.064538099573003083e-09
3.980993380216688320e-09
3.928997243262871092e-09
3.919398314482919029e-09
3.743944183579429100e-09
3.616361104087946077e-09
3.524303151942666436e-09
3.480381192670059667e-09
3.410572083505562383e-09
3.381037860710850605e-09
3.367137909884468110e-09
3.340991358020097211e-09
3.335874667555716341e-09
3.303095876836960753e-09
3.254738781383845677e-09
3.233002041514483631e-09
3.194465702451778955e-09
3.123086155541304668e-09
3.095301154737644499e-09
2.980423870754679892e-09
2.865505290108371280e-09
2.681616718212071397e-09
2.676570784601557515e-09
2.665704239742942741e-09
2.634125205748540472e-09
2.509477432318678899e-09
2.506315070859035178e-09
2.485196263129390466e-09
2.461573609706362838e-09
2.448606624788155783e-09
2.444087926674481716e-09
2.430773962508263632e-09
2.399336345216968918e-09
2.378989570975278429e-09
2.353928723895093460e-09
2.324736140908211378e-09
2.275856605784459743e-09
2.218579968356293766e-09
2.160979871864981837e-09
2.147759200761986567e-09
2.035928726241180401e-09
2.034216434537679629e-09
2.026669666551718088e-09
2.011019644613809142e-09
1.748093436214259995e-09
1.705745543187342808e-09
1.685182829531259244e-09
1.675167265537976384e-09
1.667336085028871898e-09
1.619502025962063026e-09
1.603129333387357277e-09
1.573303961106107566e-09
1.560729754554314766e-09
1.517355906582431127e-09
1.504541999121211252e-09
1.500539957979902623e-09
1.477325762785930280e-09
1.459860322485823057e-09
1.455859224445582129e-09
1.408055359127313912e-09
1.386799051595815362e-09
1.339897054889408338e-09
1.332012867447819419e-09
1.285897312366719745e-09
1.235518738583550665e-09
1.229125828863024850e-09
1.169154035153358380e-09
1.162414647285428102e-09
1.160271359901839950e-09
1.119671211013542683e-09
1.116577538673954708e-09
1.104768496321524341e-09
1.009460195796525389e-09
9.507091041050271406e-10
9.434699320013574417e-10
9.392735852765537233e-10
9.379996859378977141e-10
9.367930802821063268e-10
9.308494025122984407e-10
8.683058457216390584e-10
8.535712123056143697e-10
8.175145578528288112e-10
7.326184738340941265e-10
7.282257605872059109e-10
7.279583575158041235e-10
7.158482952809101416e-10
6.940553467741557185e-10
6.855594904671198119e-10
6.762053857179250482e-10
6.670942308742041173e-10
6.604625245089241606e-10
6.516693254002685382e-10
6.222733761046706567e-10
6.124180520817060348e-10
5.828496704692720588e-10
5.635280837201796076e-10
5.618400882320517635e-10
5.497289305405085704e-10
5.461519202767264424e-10
5.413458604725258503e-10
5.387260063542759685e-10
5.255534375518868370e-10
5.232161458121430585e-10
5.220327695116979545e-10
5.187068933993782006e-10
5.034289943113138836e-10
4.962856214081360050e-10
4.928025201383463204e-10
4.828280136552896232e-10
4.177045656094909555e-10
4.093059083496354894e-10
4.084437194773960414e-10
3.939451585632667548e-10
3.900173791251723115e-10
3.825106860790532386e-10
3.804195535353191975e-10
3.678030971656858633e-10
3.609214959323243896e-10
3.595634577135579162e-10
3.556440503064790226e-10
3.522658128852695793e-10
3.487877151540553556e-10
3.419165517996375917e-10
3.356904926552845254e-10
3.266808428918283039e-10
3.152163663372748886e-10
3.103034161895849996e-10
3.018640790792945814e-10
2.971114478751455436e-10
2.958753607771494466e-10
2.886513625045050335e-10
2.860600966690192294e-10
2.839002702568003771e-10
2.776826112621853958e-10
2.766415476613875958e-10
2.734957831998513219e-10
2.694962093541254575e-10
2.683839201785935636e-10
2.454268647505380363e-10
2.427651949177435870e-10
2.420750123452106927e-10
2.419445402098349423e-10
2.410716813836272997e-10
2.363395442632743506e-10
2.332834600302059493e-10
2.322220248417074865e-10
2.300200015754479339e-10
2.217241972153822934e-10
2.175516482570510370e-10
2.134055265137907832e-10
2.074200595402036967e-10
2.058172191479715193e-10
2.047849736525078917e-10
2.011776707648109449e-10
1.991010367007153918e-10
1.932473557058713540e-10
1.859512724170866944e-10
1.856692383023540850e-10
1.844700178776779604e-10
1.764309812138922555e-10
1.727304083041884427e-10
1.725246399670101557e-10
1.557612095199457841e-10
1.504612444068678198e-10
1.497208131449389732e-10
1.479011597282970943e-10
1.426556840653985453e-10
1.405569685349485442e-10
1.394064911155100439e-10
1.364442106191698237e-10
1.332396216200452081e-10
1.312725165839557090e-10
1.306343886367104298e-10
1.299694157769265175e-10
1.297116676864481064e-10
1.292229131850167951e-10
1.280358030839418155e-10
1.259223082147491710e-10
1.232916502193736533e-10
1.228103573271402190e-10
1.192018324398746007e-10
1.147389970371550714e-10
1.126317566896530166e-10
1.092269108932054520e-10
1.023824115116597043e-10
1.004589361762808878e-10
9.939229440325525144e-11
9.774126663411686166e-11
9.623244308346585350e-11
9.335245072410286905e-11
9.168030902797668717e-11
9.044597260740254599e-11
8.656744032803142260e-11
8.603249127059104031e-11
8.031352485084417905e-11
8.019030015444673253e-11
7.981694518572382829e-11
7.919214129527516231e-11
7.859496308259630968e-11
7.647744307852012715e-11
7.606388538304376104e-11
7.471681034796168841e-11
7.463511591865181291e-11
7.358471070631266902e-11
7.235856853134213863e-11
7.123669416708108319e-11
6.958683167412115576e-11
6.876648775905532919e-11
6.837459263393826456e-11
6.535715717093709457e-11
6.446810189177355088e-11
6.264714947019350043e-11
6.227376491770554959e-11
6.084182641443450950e-11
5.834540997452937449e-11
5.826267703867877337e-11
5.746452564779098956e-11
5.646393701800540449e-11
5.599832718223115651e-11
5.561885097418156052e-11
5.538528113591419370e-11
5.512398396477952702e-11
5.391943065566499062e-11
5.347826567061954916e-11
5.057799231965388483e-11
4.942616806421816248e-11
4.868287400675675216e-11
4.815240489944224629e-11
4.777967739069170097e-11
4.540993266381100784e-11
4.490994853007428621e-11
4.320072505497834149e-11
4.310814548889564238e-11
4.278812528471378818e-11
4.204001115398513583e-11
4.171012445870657651e-11
4.146435003256552750e-11
4.017833767476371200e-11
3.910718572502258374e-11
3.864795217451907360e-11
3.843624516912600303e-11
3.838605974331714762e-11
3.718332481521887066e-11
3.696721900219036770e-11
3.631492568765395957e-11
3.519992454446209237e-11
3.304975877205879659e-11
3.294129467113233929e-11
3.165684390274214984e-11
3.151360517364137593e-11
3.139959658223741037e-11
3.120827241727082602e-11
3.112760811606706473e-11
3.108299007974784128e-11
3.060342023327361134e-11
3.056163105491258557e-11
3.041398585999379600e-11
3.018216493254260877e-11
2.904666853353908666e-11
2.805257712912517553e-11
2.704579058432641975e-11
2.634657787577139216e-11
2.627804987697282720e-11
2.589456101075170335e-11
2.549095903591310459e-11
2.531138938874360516e-11
2.354055628599693234e-11
2.343724324837274051e-11
2.333617843993905022e-11
2.315076033270533037e-11
2.308143441098072917e-11
2.288837451606797685e-11
2.230160262120127331e-11
2.196111700601775785e-11
1.953686162552227868e-11
1.948407443668303670e-11
1.946205867944750783e-11
1.925078851931245814e-11
1.904052959591755189e-11
1.891547704885870321e-11
1.868014762876190188e-11
1.834953103386253895e-11
1.805063067172658276e-11
1.774092028065534060e-11
1.715756228702462233e-11
1.710536431217603620e-11
1.658143609189912082e-11
1.624573696385135429e-11
1.613017755785270105e-11
1.497525405091375503e-11
1.489446819517055508e-11
1.471516245265529770e-11
1.408359271244139510e-11
1.397878304990270296e-11
1.386269878030825143e-11
1.377067330938139361e-11
1.368909245194659144e-11
1.334484976219069614e-11
1.329241258108138277e-11
1.311561963895006619e-11
1.306948126569760932e-11
1.294448601735946358e-11
1.290221971473895513e-11
1.201929756967677459e-11
1.160375613761933496e-11
1.134376110819836754e-11
1.048355106244976160e-11
1.030322171907985420e-11
1.027777954735793181e-11
1.020382631295238625e-11
9.896430963001830666e-12
9.637704583931035788e-12
9.626791562515831655e-12
9.570565673280650176e-12
9.533198713971211275e-12
9.103832376024906820e-12
9.035193323439389980e-12
8.980833709676986388e-12
8.917696234725224359e-12
8.885558667432134671e-12
8.843696929338891299e-12
8.484790907050941616e-12
8.325074029043980284e-12
7.500746672848443876e-12
7.408048569483111341e-12
7.358479765740494820e-12
7.226690053167205303e-12
7.082218448739867079e-12
7.039230155163998669e-12
7.015463693557619912e-12
6.978762489724803902e-12
6.900693353646965476e-12
6.536195894671912796e-12
6.058781010004085836e-12
5.969481147326591825e-12
5.900707372330509546e-12
5.746224325897042839e-12
5.698359951938376937e-12
5.659946222956682307e-12
