9.383286253402318700e-01
9.130674542722809761e-01
8.978907667175302088e-01
8.809244122153105927e-01
8.597005304117198987e-01
8.335231393541778777e-01
8.051077691778346646e-01
7.561420782000358720e-01
7.329237763415699103e-01
7.046385006525786032e-01
6.899231598414234945e-01
6.740295136385763275e-01
6.507713379483270888e-01
6.380570421281176463e-01
6.134422630408730148e-01
5.949947257743114504e-01
5.773986614934645267e-01
5.608334531298717618e-01
5.373265948197012420e-01
5.148647494340172770e-01
5.004824373365320822e-01
4.786738972513259749e-01
4.612831534340037232e-01
4.525778004112705477e-01
4.377444916618287718e-01
4.111277031045336150e-01
3.987704207771989307e-01
3.829446774941491216e-01
3.624319146980634065e-01
3.515160966255103658e-01
3.369088776936920437e-01
3.186884781522322241e-01
3.077493445585731680e-01
2.900275157771173840e-01
2.844075254998309488e-01
2.674303829960916756e-01
2.475448180099495410e-01
2.377868800379547565e-01
2.244164250303410379e-01
2.150744198649385819e-01
2.085506404156396709e-01
1.984511060144970307e-01
1.873078472453549581e-01
1.846462745000279626e-01
1.788398549625721257e-01
1.711902144787754987e-01
1.649240936600741281e-01
1.517145013145707599e-01
1.453782052951665960e-01
1.379498299169205633e-01
1.320643969433672738e-01
1.229420948813804287e-01
1.189755722401915211e-01
1.136345863874623774e-01
1.094600202894339402e-01
1.063170517554305056e-01
1.010844916652586939e-01
9.727292289424122051e-02
8.971674559914183389e-02
8.432941571630828137e-02
8.077760642232634236e-02
7.575939248398513848e-02
7.418606313815251374e-02
7.110064794414169831e-02
6.933911366866291059e-02
6.625047400591790869e-02
6.341316728869765551e-02
6.070739756433860684e-02
5.879420881939027149e-02
5.728425734896092081e-02
5.505471370949948512e-02
5.233648553524058306e-02
5.136622086251427244e-02
5.007010359224256524e-02
4.866688980941827336e-02
4.753462744527472972e-02
4.566666755970520686e-02
4.350651376439403084e-02
4.256981195725839662e-02
4.067913828046423874e-02
3.996244011833806342e-02
3.884204907455224287e-02
3.818984260633592753e-02
3.736027187741292055e-02
3.698646463745803442e-02
3.549232661829983260e-02
3.443666027192410217e-02
3.372473003241455158e-02
3.257421973668168241e-02
3.181661484390956030e-02
3.113216436668079373e-02
3.002668147180432082e-02
2.948379531200074483e-02
2.870622644953096242e-02
2.818801733534218729e-02
2.761303939224146048e-02
2.697292477768477650e-02
2.577635793558124416e-02
2.489155081926788457e-02
2.375793207495776813e-02
2.235921015822475363e-02
2.172887135909237072e-02
2.099543753591345124e-02
1.964345250488117728e-02
1.943975001175429068e-02
1.870214897364520443e-02
1.767101849658286178e-02
1.661371614005785827e-02
1.571828234960455720e-02
1.532396752370831887e-02
1.435341766966429129e-02
1.387207523244486478e-02
1.318859367766401537e-02
1.259029033634819286e-02
1.224666468409760060e-02
1.200158244451102196e-02
1.118305566058996371e-02
1.078251849427240214e-02
9.999111072395242342e-03
9.346581550819486883e-03
8.998708988710768866e-03
8.554675962607503556e-03
8.285398622166444474e-03
7.370639131137400428e-03
7.185807222261504992e-03
7.067986378023357469e-03
6.283967602764399703e-03
5.791881225378642424e-03
5.425293374184781553e-03
5.155391353240287335e-03
4.982066518420250577e-03
4.590632470092896773e-03
4.436979286637271827e-03
4.129115219174904830e-03
4.045940470212111909e-03
3.984364400744032364e-03
3.698322164640745896e-03
3.535270979652607379e-03
3.293790476001328630e-03
3.207087693142706385e-03
3.075736852071718659e-03
2.966027221963415950e-03
2.856754831094856107e-03
2.738164591151313627e-03
2.592719585383629431e-03
2.540438875827236587e-03
2.503828788640704434e-03
2.353416628628135759e-03
2.269115958198387323e-03
2.210881155769412170e-03
2.150110614722090287e-03
2.031496800009203237e-03
1.912143825915367610e-03
1.826668640846653780e-03
1.798662968530184139e-03
1.778555922335710651e-03
1.713793469731325798e-03
1.647081694219239278e-03
1.598417577271073588e-03
1.568219808159077456e-03
1.472741574428878446e-03
1.409339811643773146e-03
1.348817567797727006e-03
1.293362077233458501e-03
1.276193430241530456e-03
1.236345933328719237e-03
1.195404814090821185e-03
1.141091316781315266e-03
1.105983853671931808e-03
1.069121230391238773e-03
1.021220698487894677e-03
9.803280660518817746e-04
9.477742595210454646e-04
9.299288956901288414e-04
9.054049456624102023e-04
8.623761809497486591e-04
8.488677422831281951e-04
8.146006064055386986e-04
7.926584869620318004e-04
7.653652560441794039e-04
7.477060991376533816e-04
7.100890411610122181e-04
6.761668328871980839e-04
6.518938442524846140e-04
6.418545369096858438e-04
6.220733581887321522e-04
5.975232846988447720e-04
5.769640291405898035e-04
5.196706097462946506e-04
4.970648940517588110e-04
4.836538684610038616e-04
4.634325343343996474e-04
4.382236310157405367e-04
4.301104481349615261e-04
4.189146107818375901e-04
3.959351987491113896e-04
3.815041988163226294e-04
3.620252584950188783e-04
3.489447082120260366e-04
3.291468105561800054e-04
3.107672047486555720e-04
3.019947303641101559e-04
2.818933398635423853e-04
2.665687385637385549e-04
2.609588055051009249e-04
2.457658858325899548e-04
2.370111387290689206e-04
2.187317343237141708e-04
2.121178772169712379e-04
1.957061987745083815e-04
1.843683113686911596e-04
1.794422858556985487e-04
1.749414969665166492e-04
1.605473060453431271e-04
1.565201222514121175e-04
1.503592335998859371e-04
1.458028828573019922e-04
1.389368921402572713e-04
1.314784040185311453e-04
1.278299036808799491e-04
1.201040521667509544e-04
1.112183174976250652e-04
1.063351471250798100e-04
9.930956016439161833e-05
9.643350805325304892e-05
8.923645195134999916e-05
8.385460628197918397e-05
8.131835096404151661e-05
7.054854389830061403e-05
6.700351954077056189e-05
6.531958412232825438e-05
5.994855690989972947e-05
5.478184212405742067e-05
5.271343671226956588e-05
5.124232555475736854e-05
4.948401966264634417e-05
4.540325747035723486e-05
4.432749718602613871e-05
4.265773195137411268e-05
4.025300947970241226e-05
3.930924627127017418e-05
3.601590203110723823e-05
3.456467026840200920e-05
3.260943964645509122e-05
3.081254980553450352e-05
2.898169697882206804e-05
2.758099131076770228e-05
2.531641047278801197e-05
2.432513984884458329e-05
2.359465480806874772e-05
2.255421363132157096e-05
2.180319009349185197e-05
2.060880958828488301e-05
1.925523032386842803e-05
1.909267239219784485e-05
1.804315284172084010e-05
1.750181221087436322e-05
1.646782339491839638e-05
1.588470631976910706e-05
1.544060754694436812e-05
1.494409433831671768e-05
1.411039251858849118e-05
1.317997159089869146e-05
1.269315175264871307e-05
1.207182385552315297e-05
1.169713059642586849e-05
1.111486425959235654e-05
1.083825088061457213e-05
1.043154024598633617e-05
1.002580073094782193e-05
9.560454100308365870e-06
8.981701649915092327e-06
8.459031807786667980e-06
8.154820150900623745e-06
7.804283627114270649e-06
7.703765400435357675e-06
7.560139594514848750e-06
7.341017969810991653e-06
7.087777101464784742e-06
6.838200572744188726e-06
6.550296344336356006e-06
6.339641291248169014e-06
5.858144781858841008e-06
5.696783574994973342e-06
5.392247535902837991e-06
5.332960836459185281e-06
5.114686814237878349e-06
5.005012284716868152e-06
4.805603829382780553e-06
4.680669820236181723e-06
4.336043093055709368e-06
4.175676276934268464e-06
4.001089586964721217e-06
3.809626520896581387e-06
3.740716662634594241e-06
3.567944624988164151e-06
3.519267496889587627e-06
3.404748724229705933e-06
3.331744000315081598e-06
3.050041782586454027e-06
2.963269390119768125e-06
2.878575041048580988e-06
2.651720061669084229e-06
2.514039656612865449e-06
2.441073563739396806e-06
2.361339046694834812e-06
2.281541539374796096e-06
2.133757408307223811e-06
2.094165764919388306e-06
1.973996927089038877e-06
1.862270206876208221e-06
1.800206503005156649e-06
1.748597373783489357e-06
1.704600537047223456e-06
1.595404672970753557e-06
1.559048823456881306e-06
1.474239474832298011e-06
1.430034615560986493e-06
1.417917737789989597e-06
1.367767622827687272e-06
1.292485001459094001e-06
1.245693453380054219e-06
1.208370340421145128e-06
1.144052327751385723e-06
1.103602521222106063e-06
1.079471969249639734e-06
1.042351991503534388e-06
9.925546936484207753e-07
9.796780387338899638e-07
9.423541122538937368e-07
8.955836031155585578e-07
8.535522305998239524e-07
8.043840311622731608e-07
7.863436179895726348e-07
7.411048901694864646e-07
7.066171223525512058e-07
6.976383661049117479e-07
6.780323725791041629e-07
6.463958075668239676e-07
6.357621071003061610e-07
5.977459453741815923e-07
5.581018662353699095e-07
5.472382031921360981e-07
5.119823098875851996e-07
4.979685622516415538e-07
4.818457145494305752e-07
4.656509327359638296e-07
4.425110108558042060e-07
4.175517018392961546e-07
3.992451646058623502e-07
3.720055113852513126e-07
3.456737711027126631e-07
3.349751309399978459e-07
3.162217263188745755e-07
3.028988919360230158e-07
2.979672077077713013e-07
2.744797691192524080e-07
2.565739338478855921e-07
2.468063836165026401e-07
2.308273128387036221e-07
2.213444016278931347e-07
2.057430138938026777e-07
1.932702977255379045e-07
1.878632221815011652e-07
1.821793476249135597e-07
1.729100143256415012e-07
1.587829589109444746e-07
1.477566168984828146e-07
1.382481334010802791e-07
1.317800058375178533e-07
1.277381900084926730e-07
1.201937979322934066e-07
1.158811427610507944e-07
1.144631991206124272e-07
1.077515883371262453e-07
9.791749712364597083e-08
9.475719295394617484e-08
8.597652527923255085e-08
8.241457548679983439e-08
8.039570386116555501e-08
7.712523200756272565e-08
7.396938279694750675e-08
7.173477496541341257e-08
6.898077320383109155e-08
6.516196852977993438e-08
6.208165915462502424e-08
5.901993083384848167e-08
5.602670241516206888e-08
5.369544262525285550e-08
5.060356970386878115e-08
4.949125419023230844e-08
4.772771618737917052e-08
4.638103113241231645e-08
4.547503698846704137e-08
4.171391335661724986e-08
4.036463975366377611e-08
3.915676585053561282e-08
3.709418322376716216e-08
3.605074055112378660e-08
3.542601192309114173e-08
3.504398932939970385e-08
3.380447348989250130e-08
3.264841419310456147e-08
3.220030150699669626e-08
3.163787631900656610e-08
3.027712671139330725e-08
2.945273191882710521e-08
2.843452078544700347e-08
2.803964640718720498e-08
2.756461596719104139e-08
2.670163483449554502e-08
2.581608473187774075e-08
2.420613042835212872e-08
2.356855286202182088e-08
2.221648565538243977e-08
2.059901659240174722e-08
2.014228247695408807e-08
1.978270100235106552e-08
1.900772106633543583e-08
1.850982003341073865e-08
1.743332614145157002e-08
1.677466676667802759e-08
1.571883854067861482e-08
1.478380080881189511e-08
1.429782681528960753e-08
1.372661197804136881e-08
1.272115482074551268e-08
1.240716643155912574e-08
1.179738317654237486e-08
1.085513838286191756e-08
1.060285960263656107e-08
9.558526950577380686e-09
8.913300560268258637e-09
8.215486190901518419e-09
7.930549723825536700e-09
7.790449068621852900e-09
7.276078048348634991e-09
7.012158431425825847e-09
6.667906828448818107e-09
6.302626507550395754e-09
5.969314526263444076e-09
5.706290187256946633e-09
5.324278228247557402e-09
5.196038849120706827e-09
5.091362145360297154e-09
4.886682430373961110e-09
4.590217222200024481e-09
4.282227649274206587e-09
4.212520152635928785e-09
3.987128297235610306e-09
3.783809951507120564e-09
3.497519608636180852e-09
3.350330704587792416e-09
3.278235823259772005e-09
3.131147961609198300e-09
3.056156648200633278e-09
2.891954534054139406e-09
2.811013128608069972e-09
2.725047418262801908e-09
2.655404114465411348e-09
2.474469220716315535e-09
2.303242179314571046e-09
2.283661113492459254e-09
2.170416916051519487e-09
2.096478414570427586e-09
2.007108077063651346e-09
1.914836979642582046e-09
1.873825357443789748e-09
1.798653522065192422e-09
1.750128053482551181e-09
1.632688435059551867e-09
1.596721370891643155e-09
1.549158164537045466e-09
1.454391263124758731e-09
1.388499118309298995e-09
1.269024863759736440e-09
1.230894374956358804e-09
1.191592461018461596e-09
1.122083289835478213e-09
1.077772718512993760e-09
1.054178973458314068e-09
9.962135042506140867e-10
9.734418767570768729e-10
9.229209182611164438e-10
8.773148978448750613e-10
8.296678880051400083e-10
8.030034234608381241e-10
7.794398033817403580e-10
7.263483542582491453e-10
6.998973977058444850e-10
6.843690757549779816e-10
6.516106759063112896e-10
6.325196313090022656e-10
6.096879463195263065e-10
5.964822299223883308e-10
5.830470161352025179e-10
5.636330898100933513e-10
5.448279344121853694e-10
5.396683681713025365e-10
5.262763545024800844e-10
5.051813289637132332e-10
4.880359283809332970e-10
4.809954110322842005e-10
4.726430769555047866e-10
4.494900598849374442e-10
4.341279208995069256e-10
4.260730028962338274e-10
4.169179523755803234e-10
4.016468888897095382e-10
3.882581736260939466e-10
3.791787932501609214e-10
3.520270610610817577e-10
3.379467549434848243e-10
3.348863659900461244e-10
3.157257170772634587e-10
3.040485691863330254e-10
3.014177825204343345e-10
2.917079370330085501e-10
2.856148087905420881e-10
2.703244921021840882e-10
2.551555345983111573e-10
2.504316580858387508e-10
2.456630733799696712e-10
2.360580430770201292e-10
2.288984488581926622e-10
2.248944271601912947e-10
2.168175098825314910e-10
2.108202270742488794e-10
2.051586779070219185e-10
1.952090365566005055e-10
1.768944879013976431e-10
1.706659478260165983e-10
1.636757829349447773e-10
1.613217403871092963e-10
1.559354188062428986e-10
1.387172733616370658e-10
1.331074651842625950e-10
1.261877951653889275e-10
1.202519532105851991e-10
1.122671716885880316e-10
1.057847237965470268e-10
1.006456654181207821e-10
9.848945205425704556e-11
9.461388205944858071e-11
9.161769891773494847e-11
8.504819740130704186e-11
7.938699168978584631e-11
7.717274898027260243e-11
7.254138978903940132e-11
6.531025033195685402e-11
6.115398327944192412e-11
5.891462927798049103e-11
5.413280665449570192e-11
5.240898809324792230e-11
5.005380667082176093e-11
4.644814580442493256e-11
4.194002899061738401e-11
3.991599785823976371e-11
3.652327690577153163e-11
3.477489299155156535e-11
3.236123517088503978e-11
3.058024978388029334e-11
2.790468354166259723e-11
2.650301270727386413e-11
2.473224345328046180e-11
2.251171646098673780e-11
2.100618119060982907e-11
1.892482084025991943e-11
1.808153337349359215e-11
1.774673349783111451e-11
1.685138286720307277e-11
1.518081063746769086e-11
1.394440015785704565e-11
1.346853334796973656e-11
