8.621920192877862155e-01
8.224859971564597583e-01
7.909324822538424948e-01
7.529586085905788373e-01
6.832044907827249380e-01
6.115193822997024853e-01
5.373997416823834694e-01
4.936995487045945930e-01
4.393996419890853766e-01
3.919718955432395235e-01
3.396069083576270797e-01
3.121907322978251798e-01
2.866998808597580606e-01
2.552784055027804699e-01
2.298754041650647173e-01
2.109716119794143585e-01
1.950990811542257786e-01
1.854583954784015942e-01
1.714151059254735154e-01
1.563049086888520234e-01
1.429085397476058950e-01
1.271985522406131053e-01
1.172911825529851376e-01
1.062331128302283906e-01
1.013663762635733240e-01
9.259232897764581305e-02
8.455387797179658715e-02
7.914670873448845234e-02
7.451582003593362757e-02
7.077918355322687649e-02
6.708332040174559696e-02
6.358334196116949277e-02
5.932607829858249637e-02
5.392207591582053039e-02
4.967461974900863608e-02
4.575697512979124554e-02
4.192361182695990285e-02
3.813255698481951561e-02
3.411488666197969033e-02
3.124647940438817634e-02
2.890491446515857515e-02
2.656725047398565687e-02
2.377242294152971322e-02
2.027007570537521161e-02
1.780860303600832403e-02
1.532132774671867044e-02
1.271911990939202271e-02
1.113080030809998275e-02
1.011081604436512259e-02
9.218455419581265964e-03
8.426111810363678956e-03
7.492324638979946071e-03
6.700259881532485973e-03
6.417796676192293048e-03
5.789172965435525342e-03
5.345481079818519866e-03
4.783994148851526337e-03
4.321705993214025252e-03
3.957335175118201383e-03
3.664612402650261908e-03
3.396059656330719257e-03
3.091054358107747212e-03
2.719868999427805124e-03
2.400534421369805542e-03
2.213664568532857247e-03
2.069054308212482738e-03
1.893859992661451426e-03
1.692201870410741478e-03
1.557503538919193572e-03
1.482623329081736224e-03
1.393241946039326228e-03
1.326061927100370989e-03
1.225358932980586844e-03
1.124611748765846171e-03
1.025375497828775193e-03
9.874592437035423654e-04
8.939405031878600548e-04
8.585212648589779592e-04
7.814081963835287255e-04
7.259195945977147063e-04
6.526386858029055481e-04
6.080431681355786535e-04
5.259389384745462217e-04
4.627815365212096209e-04
4.271220070034725575e-04
3.826287963132953430e-04
3.465560035698881801e-04
3.105177206279489239e-04
2.875683515170763334e-04
2.446486814522386925e-04
2.295319555601121517e-04
1.954457519261679601e-04
1.750146727359725080e-04
1.495527957075613987e-04
1.347903483527568801e-04
1.194970023825777891e-04
1.018560929728474742e-04
8.220476433030427649e-05
6.721287049853454912e-05
5.790052971456098385e-05
5.119535988202196975e-05
4.450661368557789718e-05
4.139798920980018357e-05
3.505898651186125715e-05
3.096314732726019529e-05
2.655471342765478246e-05
2.384143263430370846e-05
2.214135749387301247e-05
1.965156586380538642e-05
1.764742067140128009e-05
1.609415541887401080e-05
1.450572630071998985e-05
1.274459166509139704e-05
1.050900823559334828e-05
9.568517166738377855e-06
8.581855190258668855e-06
7.763903042267855670e-06
6.905211471729689423e-06
6.132328166690869326e-06
5.347182887305017933e-06
4.861115509203757339e-06
4.394686265398723056e-06
3.967040790041568393e-06
3.412882590681932803e-06
3.170259435337185052e-06
2.834049243162510791e-06
2.641080480362301750e-06
2.462078707878830620e-06
2.107849076784124341e-06
1.880315872792801451e-06
1.650903221014700975e-06
1.422186538589900208e-06
1.201741869192830243e-06
1.023479874977574353e-06
8.533817087889164129e-07
7.577804569935715660e-07
6.318853018834715403e-07
5.791978673214275001e-07
5.111659123664735538e-07
4.140138088912088744e-07
3.729496094756163309e-07
3.225220503573985943e-07
2.886465519559293720e-07
2.387145556755679661e-07
2.099668053657210573e-07
1.696201785956357026e-07
1.551190943673414845e-07
1.324453932677587766e-07
1.167573136105757873e-07
1.029764150855581412e-07
9.535015039745739085e-08
8.315140048490183445e-08
7.333366209716458358e-08
6.401234405700654310e-08
5.521819196461042763e-08
4.604143847107909660e-08
3.872177073177125189e-08
3.083579182101189182e-08
2.630159015064618398e-08
2.098772700620315784e-08
1.838516006603782216e-08
1.441721052853021563e-08
1.241210107413710928e-08
1.149797330271726140e-08
9.965990513043220459e-09
8.511917771112580569e-09
7.811006086526236872e-09
6.712134397349344207e-09
6.264219265077764943e-09
5.375561311223447522e-09
4.686751990573416227e-09
4.205210967069208284e-09
3.682247255724660727e-09
3.372461474524344481e-09
3.130146279422967867e-09
2.909206624165874262e-09
2.561803150292782806e-09
2.250902226437239589e-09
1.979695953770535370e-09
1.695237815822698862e-09
1.561274075217316046e-09
1.343697517002296155e-09
1.187852172346095290e-09
1.006318425885930712e-09
8.619064626508752455e-10
7.705235939595532324e-10
6.677271702085405419e-10
5.966346604712128586e-10
5.072963080685162071e-10
4.636115024341483457e-10
3.803563930965806753e-10
3.267852133244140446e-10
2.942366183536665599e-10
2.494245071973960037e-10
2.121480664679036256e-10
1.873919166615777934e-10
1.709096204702839420e-10
1.508688271879693687e-10
1.437562342276017056e-10
1.342329134956189185e-10
1.205230207099776496e-10
1.104409160395914693e-10
9.321865352868139281e-11
8.428600099065541725e-11
7.116114031426861234e-11
6.178959072542010059e-11
5.525129792173858383e-11
4.918468632332478641e-11
4.150698228862465122e-11
3.563209829317250639e-11
3.269162725116705465e-11
2.801384251699492040e-11
2.565625672262221289e-11
2.205983095480081437e-11
1.853762453340339824e-11
