9.984250405521689631e-01
9.965262756012863710e-01
9.936431002219298092e-01
9.899936589519412466e-01
9.856642182156841736e-01
9.808005792385066091e-01
9.750337497811222276e-01
9.688178577030202021e-01
9.622288695801773928e-01
9.550753382301560013e-01
9.477618846409912035e-01
9.404515407647717762e-01
9.327460321243977726e-01
9.253283063773155570e-01
9.176170116930210119e-01
9.097962071059406686e-01
9.015862576053239597e-01
8.930694421559736140e-01
8.850037885658619263e-01
8.767324565009622095e-01
8.679906066845483048e-01
8.591932102227058943e-01
8.499974895995977553e-01
8.407131751548702070e-01
8.312904599856331123e-01
8.213427748901258596e-01
8.112301629911573553e-01
8.013452387080343131e-01
7.919610598224798848e-01
7.826444412439204079e-01
7.730410328525380015e-01
7.638102336916936519e-01
7.545873166182777148e-01
7.454018603536781695e-01
7.359300492021177975e-01
7.262229456448321407e-01
7.164507314876989996e-01
7.063336296173535755e-01
6.964700126656010459e-01
6.863695055942171663e-01
6.763700769735391249e-01
6.666438828844419850e-01
6.572244152825522656e-01
6.480213434717569942e-01
6.388670551893420591e-01
6.298267706141615907e-01
6.207010551379884555e-01
6.110900723273818835e-01
6.019898607762951270e-01
5.933095175751974537e-01
5.848591897760254676e-01
5.766380727769133685e-01
5.688881957570722792e-01
5.613868187184203329e-01
5.541114856961597557e-01
5.470082487980135744e-01
5.399863805738702727e-01
5.331965183856882673e-01
5.264403597325546524e-01
5.196178896883170140e-01
5.129495667176139362e-01
5.066080749418474527e-01
5.003901400808448141e-01
4.944885713996108878e-01
4.884899071278542837e-01
4.821207834768779232e-01
4.759675496029181496e-01
4.698873349286253331e-01
4.639262200759802224e-01
4.578711942666805479e-01
4.519557182589727939e-01
4.459317968181757963e-01
4.396651616360079950e-01
4.338698790537284244e-01
4.284471553570646796e-01
4.230769998522461717e-01
4.177418791060519832e-01
4.123556980476759670e-01
4.067804632779723484e-01
4.012954992602845161e-01
3.956922930229727076e-01
3.899232538342273235e-01
3.843386468862655114e-01
3.787070324262123422e-01
3.733686664434827662e-01
3.683044193763861385e-01
3.635329778445020588e-01
3.586991743403639132e-01
3.535247670573836154e-01
3.482664159009418725e-01
3.430695468277450977e-01
3.379647103175094092e-01
3.331474532209231509e-01
3.284808617598202751e-01
3.242751804927386239e-01
3.200544871715085282e-01
3.159408152707923745e-01
3.120440484594997343e-01
3.081331928039814927e-01
3.040714423759182106e-01
3.000614973967419830e-01
2.962468983196034911e-01
2.924171946513517972e-01
2.884713210950879958e-01
2.845765808818224163e-01
2.808927560228011711e-01
2.772626389293905702e-01
2.735658486906428766e-01
2.695434522969398228e-01
2.652841932808191472e-01
2.610146111935664481e-01
2.570428385489776923e-01
2.531420054593974678e-01
2.494169440299867924e-01
2.458028206347278588e-01
2.423503271243625523e-01
2.389099272704354182e-01
2.356064101557506507e-01
2.325016439852015671e-01
2.294447448645237364e-01
2.262893416144017844e-01
2.229718498466394805e-01
2.195191530853761730e-01
2.158960636794002574e-01
2.124110186956181534e-01
2.091107067562572308e-01
2.060478774744752828e-01
2.029689229955880247e-01
1.999876422946494647e-01
1.967973012710069192e-01
1.935822037227781234e-01
1.905224921972120400e-01
1.875289027835859434e-01
1.845343251018391473e-01
1.815826602631940845e-01
1.785639500841491312e-01
1.756200271224501452e-01
1.725044194780747109e-01
1.693642528246107892e-01
1.661859321080373930e-01
1.628667799893060708e-01
1.596439849805648126e-01
1.565224313336835982e-01
1.534688101414429240e-01
1.506718307721029715e-01
1.479398832042053968e-01
1.452977371759360259e-01
1.426864753551192466e-01
1.400774498250242639e-01
1.374425307961678056e-01
1.349425850437375729e-01
1.325042749615810700e-01
1.303197675444803527e-01
1.280174489779082325e-01
1.255857902051681629e-01
1.232658004576433763e-01
1.208981723308880374e-01
1.185332148883446873e-01
1.161475085219225156e-01
1.137579241283395715e-01
1.113014834386435170e-01
1.089826600207097207e-01
1.068178966791999418e-01
1.046129203387464873e-01
1.026434094434402339e-01
1.005946764884244754e-01
9.835989002384623592e-02
9.619813129693705056e-02
9.419952629298510016e-02
9.227771477076318618e-02
9.038931163415836467e-02
8.853073349753583232e-02
8.667676670507581949e-02
8.488224076559125475e-02
8.319562303858998864e-02
8.161627931170140071e-02
8.022473476985632346e-02
7.894048868057136625e-02
7.759029525031466146e-02
7.623508844172423304e-02
7.486576866697081112e-02
7.366605577040280517e-02
7.240929947790884780e-02
7.104892852861201258e-02
6.975274431734317104e-02
6.852141111181653255e-02
6.731618391851958150e-02
6.611565697873324210e-02
6.495389817692323597e-02
6.374648233158038135e-02
6.253811040185144887e-02
6.147431164652548963e-02
6.046466012638023607e-02
5.948287543659985799e-02
5.846681021951693341e-02
5.741114356196772711e-02
5.634786216891809335e-02
5.538432303924782640e-02
5.455003439635180973e-02
5.371439911569429737e-02
5.282055284091122238e-02
5.194174201755145243e-02
5.107546032863030661e-02
5.019525832813616362e-02
4.939151262891110922e-02
4.866367991173756180e-02
4.790311042396522972e-02
4.712441894142109511e-02
4.634493836662043759e-02
4.555089111010512948e-02
4.477129484020726108e-02
4.401515777504166893e-02
4.331801648016719852e-02
4.262535641622890864e-02
4.190408916859756500e-02
4.118826012069265463e-02
4.052540917520608410e-02
3.991224679125772445e-02
3.931960224334501985e-02
3.866013276134732529e-02
3.798939183814942916e-02
3.729338246029677978e-02
3.662630980498916833e-02
3.604121169610436520e-02
3.548655099022361703e-02
3.491979573138920268e-02
3.435318485121476029e-02
3.375702589944419574e-02
3.317254203055614026e-02
3.261807722861682218e-02
3.209871159043860972e-02
3.158073498244236277e-02
3.107090171225124903e-02
3.057133133798511579e-02
3.005581252963856684e-02
2.956126957408015260e-02
2.910852892580904558e-02
2.869269431531240935e-02
2.828100991060832417e-02
2.787355523990450723e-02
2.745322445381501511e-02
2.702587974433244555e-02
2.657181498073288295e-02
2.612350771603488483e-02
2.570142267037666892e-02
2.528976706967074259e-02
2.486685105696796391e-02
2.443274626586925541e-02
2.401735411448303881e-02
2.361803209460544214e-02
2.319563000416602350e-02
2.276799480631714126e-02
2.231624790594318938e-02
2.191535596001285488e-02
2.154012561470522794e-02
2.114179039895760018e-02
2.076083017766237881e-02
2.039768530712118486e-02
2.010010473989946866e-02
1.979741055596012655e-02
1.948092835122759020e-02
1.916235821693803437e-02
1.885822918432799103e-02
1.855569370650136940e-02
1.827631549042192313e-02
1.801687299458823791e-02
1.776353028306886656e-02
1.752049970423947764e-02
1.725882446223823974e-02
1.699108616944671954e-02
1.673875411875080585e-02
1.649777604629069916e-02
1.627110734362434419e-02
1.605417623507386995e-02
1.586253842217505081e-02
1.565231065114593145e-02
1.543088684342034701e-02
1.520830918304145844e-02
1.499023935850866095e-02
1.476212479010063222e-02
1.453899956348907695e-02
1.431715233021400163e-02
1.408750515345573266e-02
1.385060432255056165e-02
1.360222160582265187e-02
1.333966482398971955e-02
1.308953275289694365e-02
1.286582354573480649e-02
1.262941579299676174e-02
1.240618250066363032e-02
1.217575459535529155e-02
1.193165497338033974e-02
1.169228339602006519e-02
1.146095623434635613e-02
1.124157135795375052e-02
1.103477765039697148e-02
1.083928953724340102e-02
1.064606842468693478e-02
1.043584962789950547e-02
1.022292234203528959e-02
1.002748838987945965e-02
9.839665569958615937e-03
9.657714849547137034e-03
9.459674939485037889e-03
9.262778249455422622e-03
9.060100460359422209e-03
8.868326127953192473e-03
8.695255729412491169e-03
8.536759445001235180e-03
8.364262782749008751e-03
8.196137833074813167e-03
8.038963040909395327e-03
7.877329841554600934e-03
7.713578051266599053e-03
7.561702805287659479e-03
7.413933475186857899e-03
7.260991901197143446e-03
7.114923006272630412e-03
6.976827425499545869e-03
6.853463121926011564e-03
6.720611366052130914e-03
6.578637591565424277e-03
6.438782582362473882e-03
6.309144278501732130e-03
6.188555286227850546e-03
6.069642403520397744e-03
5.949365696994660634e-03
5.830079697408433251e-03
5.708255492887171802e-03
5.583357939491015096e-03
5.465538962249204616e-03
5.359870444484897758e-03
5.252156061444245537e-03
5.138438942192223059e-03
5.036186256949926401e-03
4.932070602035545752e-03
4.816894598104640851e-03
4.702914507082286630e-03
4.604543169422452634e-03
4.491221960443325667e-03
4.376305480381260417e-03
4.267523024176402696e-03
4.170515073502349679e-03
4.076643810774405532e-03
3.982672957917661460e-03
3.891824979008845671e-03
3.793222382052673959e-03
3.691986905637877157e-03
3.592682354743226367e-03
3.490574181518888222e-03
3.390644473706877059e-03
3.295969147882216177e-03
3.207630146154387581e-03
3.125897091310128606e-03
3.046399788069865423e-03
2.966569132386314648e-03
2.887585059830158861e-03
2.816764879993817645e-03
2.753437953311095067e-03
2.692015423069892780e-03
2.632275517920599529e-03
2.572009678570047909e-03
2.512409140153991881e-03
2.456439578262195004e-03
2.406102453275786503e-03
2.355796815128563450e-03
2.303659345029534893e-03
2.253219281095893839e-03
2.206929022804511153e-03
2.159402184078476356e-03
2.108849350964286593e-03
2.057929486875292261e-03
2.010278916855100413e-03
1.968314688697627660e-03
1.926108163619024306e-03
1.883333231782555878e-03
1.844181455864088524e-03
1.808413701582917447e-03
1.767501440265171857e-03
1.724737300071236797e-03
1.681272206224689167e-03
1.639854697779866925e-03
1.600443212303380826e-03
1.562748252210736325e-03
1.525680423268513733e-03
1.490410400183475072e-03
1.458864689346374291e-03
1.427008543794854858e-03
1.392916899434512882e-03
1.359182888282770701e-03
1.325342773494215479e-03
1.292020860605339007e-03
1.261410579271916594e-03
1.233560641551148009e-03
1.205370499458989237e-03
1.177155798861698839e-03
1.149812861620763509e-03
1.125349354144975812e-03
1.102275981452648752e-03
1.077644516776389474e-03
1.054267340555021691e-03
1.032169992325255485e-03
1.011417073827996366e-03
9.898270653469647996e-04
9.679604990616466316e-04
9.475735701735437441e-04
9.269950315489780676e-04
9.067575545061600699e-04
8.850728580771737540e-04
8.630127967399345767e-04
8.411765466155294354e-04
8.202580295259526795e-04
8.022981729657468770e-04
7.864187665006630622e-04
7.682032058696259972e-04
7.493845099665352207e-04
7.329684961859745437e-04
7.185614144857801642e-04
7.024189419050886566e-04
6.863405679997065323e-04
6.712531683754391527e-04
6.573833216495892241e-04
6.442155775619675014e-04
6.309981056527596719e-04
6.186591413675552762e-04
6.067086290232193277e-04
5.940140919783486791e-04
5.814521443573187308e-04
5.692942401049437681e-04
5.562655089835779557e-04
5.430440791673948756e-04
5.308210508196931857e-04
5.197251348335555233e-04
5.089479110785518397e-04
4.982503346461003221e-04
4.877975307586219405e-04
4.781739608841015926e-04
4.689841676374267073e-04
4.591725425405749532e-04
4.482963019583890030e-04
4.375591524056554951e-04
4.281523491898806813e-04
4.204350935836918303e-04
4.122540957025973502e-04
4.035577032083819586e-04
3.959356326667040019e-04
3.891233234239865478e-04
3.814912607812823890e-04
3.741453886903094747e-04
3.672699572070220160e-04
3.601643630696247148e-04
3.530398478519982232e-04
3.464739019452947925e-04
3.401984071062148936e-04
3.332282377800751183e-04
3.263351459897684227e-04
3.203147330856398640e-04
3.151486884797227890e-04
3.091231605216555531e-04
3.028972195083079575e-04
2.971029645630553391e-04
2.920556727624475796e-04
2.870169231200249914e-04
2.816865592587340086e-04
2.763375122753048926e-04
2.717395814229583441e-04
2.679510859930574521e-04
2.634667108645306118e-04
2.587589865750938010e-04
2.544847016436453365e-04
2.503085325552197342e-04
2.458865760613862116e-04
2.416672652359598387e-04
2.378392082080918240e-04
2.345682862454462857e-04
2.314617810448132420e-04
2.280954227050590970e-04
2.248420525863863086e-04
2.218675457662557242e-04
2.188637689319273486e-04
2.156816469215859186e-04
2.125291490228725579e-04
2.092893747665832262e-04
2.062683838880708656e-04
2.035660985358108538e-04
2.005939370540765808e-04
1.978019497514996129e-04
1.954968536452534158e-04
1.928262189798579283e-04
1.898956915149540875e-04
1.871317185457218864e-04
1.846367543052056844e-04
1.819198866442979165e-04
1.791942873206788650e-04
1.767657168764894915e-04
1.744501019872400085e-04
1.720083386607251926e-04
1.695124539575977758e-04
1.671355839296296978e-04
1.647608498706405928e-04
1.626802601105383948e-04
1.604914486842800973e-04
1.583285512602448963e-04
1.562555457540588618e-04
1.541638721999411714e-04
1.519249990457677757e-04
1.498163914731438762e-04
1.478488415482877999e-04
1.457463130794007665e-04
1.435077656800322560e-04
1.412874891333505808e-04
1.392620317586521275e-04
1.373427239757578301e-04
1.351728999023601215e-04
1.328856104271091548e-04
1.306238700590333236e-04
1.285107250362143086e-04
1.265072553595592497e-04
1.246126878543925233e-04
1.226397367720180316e-04
1.208834532754084196e-04
1.190860692709362411e-04
1.169858472528538046e-04
1.151612300995732562e-04
1.133146001476878999e-04
1.112141054448944027e-04
1.093704770720545005e-04
1.076275048986970070e-04
1.057583416641018223e-04
1.038142806732413005e-04
1.020327825320315119e-04
1.004936762631983418e-04
9.879492297464650269e-05
9.710900026812572627e-05
9.560126750420867977e-05
9.404981034892891665e-05
9.252745598895574508e-05
9.113937967834515616e-05
8.968720418319411241e-05
8.811540601486851458e-05
8.653453187401323812e-05
8.505964451622320135e-05
8.354871290531169531e-05
8.201007943741958292e-05
8.043262511954905251e-05
7.864131582677035698e-05
7.682622193134705122e-05
7.495864642634993103e-05
7.319852803304742125e-05
7.156315559193773650e-05
7.006499287186770150e-05
6.846399582529242374e-05
6.683622324093689397e-05
6.534143465666956724e-05
6.385669433520683612e-05
6.226289925503955406e-05
6.076402271918073352e-05
5.951815859796984859e-05
5.824704251697845637e-05
5.697154361436090376e-05
5.569458117739833349e-05
5.437650616410479336e-05
5.318270507694652807e-05
5.211842363567207920e-05
5.092339186998206125e-05
4.974491971295325331e-05
4.868688679791595089e-05
4.750741895087661951e-05
4.623596465663569282e-05
4.496978567712676755e-05
4.382375781672803402e-05
4.279331604438357047e-05
4.185638025844544592e-05
4.095391370962454179e-05
4.010539798915436496e-05
3.928855695173909599e-05
3.848351579996343424e-05
3.774420176241016095e-05
3.694738379732327867e-05
3.612975469070210882e-05
3.536537744203085439e-05
3.462448012779242206e-05
3.391439104037341593e-05
3.324870274850416846e-05
3.258019669526251815e-05
3.195116212247719930e-05
3.138739795263753433e-05
3.083704578469788799e-05
3.029650565742483280e-05
2.979973522285222142e-05
2.930509930147841513e-05
2.881446692484250204e-05
2.830323567526844448e-05
2.777704880993440832e-05
2.727469016724555861e-05
2.677966870390041136e-05
2.628525570979547732e-05
2.582463460121250330e-05
2.538227465249388545e-05
2.497414442434400008e-05
2.457302159653648613e-05
2.418692179567550455e-05
2.381569296083781170e-05
2.341773448773540895e-05
2.302441815075669109e-05
2.263222495518117433e-05
2.226032031900096206e-05
2.189638347633469988e-05
2.151702176632846959e-05
2.114209977735028700e-05
2.080791210274304391e-05
2.047650675383551054e-05
2.014549016961477131e-05
1.981522560367396575e-05
1.952935281124263235e-05
1.927290496471126580e-05
1.899136378578649656e-05
1.871350245412098877e-05
1.842432953984538170e-05
1.813245953334807897e-05
1.784311609333732762e-05
1.759016984869887974e-05
1.734868593755135803e-05
1.708852150193849887e-05
1.683081315373689032e-05
1.655433780396595305e-05
1.627625756685478832e-05
1.601859030464146633e-05
1.576327168585268352e-05
1.550271244496862248e-05
1.525831401218281988e-05
1.501849993952401118e-05
1.476468370713361070e-05
1.452237398577059758e-05
1.427695962421533857e-05
1.401470367004198554e-05
1.374151851229165365e-05
1.348199188498516246e-05
1.325333449296517963e-05
1.303201245449392988e-05
1.282237195361505905e-05
1.260705055117892285e-05
1.238080073274435203e-05
1.216386004044992062e-05
1.197174386239833858e-05
1.177994605480721399e-05
1.157445755892984173e-05
1.137224782886034280e-05
1.119098558182682548e-05
1.101427271138464311e-05
1.082323020202702804e-05
1.065251659399785015e-05
1.049670293189179563e-05
1.034165742671455187e-05
1.017969084684058381e-05
1.001876447498951002e-05
9.855452957098647412e-06
9.708497522972368835e-06
9.567069777907452876e-06
9.419562391499332739e-06
9.267309686775702574e-06
9.120495623233942104e-06
8.980471446673743351e-06
8.841050126713618978e-06
8.714943224329492718e-06
8.597962301484862868e-06
8.477009152832035022e-06
8.354881950157966774e-06
8.233388225854999904e-06
8.105140898834564236e-06
7.982933070521831741e-06
7.869368914505579660e-06
7.760460033605441187e-06
7.654494958036612859e-06
7.547244337754451114e-06
7.446728121406579247e-06
7.357071070859014782e-06
7.278740205322165934e-06
7.198703534020299682e-06
7.119614125735348986e-06
7.040175140164384511e-06
6.955268385713155275e-06
6.866050198268942463e-06
6.777986149543617057e-06
6.695490221116487032e-06
6.616638439432999527e-06
6.543122712885846849e-06
6.471699199624347530e-06
6.398683331434294994e-06
6.313056898007906936e-06
6.228363004740969598e-06
6.146927398711286637e-06
6.071883194413298786e-06
5.994793454809403453e-06
5.921256702506592001e-06
5.852413684408386086e-06
5.782570599067609416e-06
5.710110739490481062e-06
5.633733753524899427e-06
5.555499863951709738e-06
5.479399267969677804e-06
5.408036821626662279e-06
5.329167127025136148e-06
5.250801707557721359e-06
5.173285068282038810e-06
5.101278870669236053e-06
5.024386412697549382e-06
4.948403547893597077e-06
4.883599139931829074e-06
4.813317789754380444e-06
4.739188856300820046e-06
4.672375153228679746e-06
4.600295996725366095e-06
4.529852765096206954e-06
4.464060632883545661e-06
4.398946211821632500e-06
4.335523770219541488e-06
4.272226635496588838e-06
4.206653855759615653e-06
4.144286183933587676e-06
4.084866398340678272e-06
4.021068763573059935e-06
3.958559653509021654e-06
3.899026719876313504e-06
3.832546510325293358e-06
3.765175898644936808e-06
3.705063989031275027e-06
3.649130762898935233e-06
3.589709996004663300e-06
3.530614950954836039e-06
3.472109075527007554e-06
3.410648580794596150e-06
3.351951210068899874e-06
3.294328946507592250e-06
3.232285593109244482e-06
3.169408775908183915e-06
3.109887633778214908e-06
3.052547566296218392e-06
2.998563790220030482e-06
2.949343927903681316e-06
2.896852720222793140e-06
2.840972377387489252e-06
2.786386051974266640e-06
2.735163274613847378e-06
2.687842448776019557e-06
2.640002173283017713e-06
2.591006301290589622e-06
2.542892029291052409e-06
2.492716403141205658e-06
2.440660446140613050e-06
2.389654801219756358e-06
2.345035621222092817e-06
2.297618864472738893e-06
2.246421684661138956e-06
2.192765641355855671e-06
2.138405811738333361e-06
2.084575425109135560e-06
2.032111492888040528e-06
1.984445157003625109e-06
1.934985504520978666e-06
1.881234609819496073e-06
1.831977689638775555e-06
1.783427177082618911e-06
1.732005292119657622e-06
1.681573077456850377e-06
1.634839955931463698e-06
1.593864991454631864e-06
1.553198890514098185e-06
1.512647499866915103e-06
1.478329791966482870e-06
1.440338994894311569e-06
1.400952424460165485e-06
1.370782415483086311e-06
1.334517276218656983e-06
1.298201039035311508e-06
1.264127155056821969e-06
1.232807431360063791e-06
1.204090532157089250e-06
1.175903848337812856e-06
1.146666282634128936e-06
1.116474384476925354e-06
1.089423582098364766e-06
1.062512863617493119e-06
1.033008692057106621e-06
1.004427993654767983e-06
9.786403319839620866e-07
9.514192583044391928e-07
9.246224832686181138e-07
8.980797141754441614e-07
8.716931059481928541e-07
8.474896179950266109e-07
8.262684746173937620e-07
8.072729629152401162e-07
7.891333653515014182e-07
7.714016807649838220e-07
7.528501105422716544e-07
7.337971838802678913e-07
7.151740553944345071e-07
6.993048860596149837e-07
6.836912116389528470e-07
6.659249450813514941e-07
6.482662670470134308e-07
6.325748262334804387e-07
6.190718014800411187e-07
6.069008540806530900e-07
5.938054698012237872e-07
5.807384990373301239e-07
5.669093847577686723e-07
5.532453516506771886e-07
5.412124926950434734e-07
5.306787684308229954e-07
5.188414898931166820e-07
5.069564513911415756e-07
4.973097280875347309e-07
4.879009453199911091e-07
4.782105853279838592e-07
4.684634377280606329e-07
4.587448675951200713e-07
4.496972517996565323e-07
4.408296403796558653e-07
4.323151235263864940e-07
4.245687069637289548e-07
4.163507517389748536e-07
4.082488348667473993e-07
4.002271475219919467e-07
3.925493121803924979e-07
3.855609606195926973e-07
3.778185621779930179e-07
3.701241523695536009e-07
3.628934964466272564e-07
3.560221222511211309e-07
3.489957397818953890e-07
3.421322628174433932e-07
3.353410145390036549e-07
3.288898965995301539e-07
3.218053205935812191e-07
3.149031395913060760e-07
3.089103418998763658e-07
3.028180451239426882e-07
2.956681662293886098e-07
2.888743423953016933e-07
2.825573611101147260e-07
2.763946328712901407e-07
2.706633241249230698e-07
2.649449536525488449e-07
2.594251154310311933e-07
2.541516979294167988e-07
2.487986842915589000e-07
2.431280903164648372e-07
2.377444396434460560e-07
2.325206274401030645e-07
2.273053088190481848e-07
2.225201455477279327e-07
2.183962543142431227e-07
2.133794625957832579e-07
2.082892660748903703e-07
2.040006546542017579e-07
2.000627033033654762e-07
1.958275488679399172e-07
1.918285048384502709e-07
1.880218740558503687e-07
1.838235812704124966e-07
1.796305886142838476e-07
1.756752936414367896e-07
1.721045981198075851e-07
1.683516317895855937e-07
1.649074126066522441e-07
1.619847079058543299e-07
1.587426290007432035e-07
1.554513105154095359e-07
1.522634026777812795e-07
1.491274332914369767e-07
1.461371328421327915e-07
1.433998072932038842e-07
1.409062506789921569e-07
1.383250655653058851e-07
1.355972998515981827e-07
1.330753673337898500e-07
1.306217887215034472e-07
1.281694610751484115e-07
1.258400084797398966e-07
1.237638818387864338e-07
1.217747319062854104e-07
1.197118974542184306e-07
1.179101545290506555e-07
1.161367570404361567e-07
1.141776221228782726e-07
1.122318803469747882e-07
1.103318862693249070e-07
1.086365058141357093e-07
1.069644455807534532e-07
1.052757111719070900e-07
1.037067883372290441e-07
1.021645936709266792e-07
1.005851291411475869e-07
9.913383209124019759e-08
9.769069047792691698e-08
9.632231127803122990e-08
9.488016206671629063e-08
9.353994622383150546e-08
9.236137414321221047e-08
9.110260145479830078e-08
8.968758773920009394e-08
8.832087364946579764e-08
8.703889133713092288e-08
8.577526613525677291e-08
8.443295917147980441e-08
8.308819987391684972e-08
8.188667463701681166e-08
8.077070114188991989e-08
7.970740809445871678e-08
7.860309480716134884e-08
7.745717991111794216e-08
7.635096935496143847e-08
7.525999038213106955e-08
7.415907536547812344e-08
7.307147088097452748e-08
7.205686385183330859e-08
7.112875109367425829e-08
7.014853505403908310e-08
6.924672814911102219e-08
6.844128221127988929e-08
6.768886567607776135e-08
6.680552406995530292e-08
6.594612850602991172e-08
6.515848308901291760e-08
6.434530156006851270e-08
6.341116587774040704e-08
6.247012791031546729e-08
6.162595537110132802e-08
6.081071236006626975e-08
5.992920074455105736e-08
5.916215115247588559e-08
5.843120322657658599e-08
5.763656464087731908e-08
5.692835449140885663e-08
5.616567423568707982e-08
5.532242675495868659e-08
5.453113863886180039e-08
5.375691251135817228e-08
5.301764007631417758e-08
5.230389732974559190e-08
5.164822427344141828e-08
5.100193788326965082e-08
5.026566829836499486e-08
4.956475670465389779e-08
4.894800111311664399e-08
4.822283573809787106e-08
4.754460898141373902e-08
4.687193056776908493e-08
4.619837732911539833e-08
4.548148023634616355e-08
4.469838835701946279e-08
4.393780144063143494e-08
4.318666569835910776e-08
4.243590693410406312e-08
4.175945017995784206e-08
4.112820855396194588e-08
4.042291101050473600e-08
3.970213326790718380e-08
3.911556980553849980e-08
3.847589579387082635e-08
3.778939541701151730e-08
3.720605953651453806e-08
3.661135597378668318e-08
3.588206965377160924e-08
3.517939824565470339e-08
3.453385536378443827e-08
3.396525752262436360e-08
3.334973755695655825e-08
3.270974822282307997e-08
3.213641842628765270e-08
3.162494881578534953e-08
3.107161422871269771e-08
3.053655574112728413e-08
3.005590802709340601e-08
2.955661070976307832e-08
2.904669604423212106e-08
2.847978436684220212e-08
2.792828507264749318e-08
2.744915457947192108e-08
2.701070089692918636e-08
2.651217679944993437e-08
2.594639192410149571e-08
2.540410954140070783e-08
2.491686632749883143e-08
2.448237776586032890e-08
2.402735256245078187e-08
2.351865416387629074e-08
2.301659250901903911e-08
2.255349356251919777e-08
2.212530969450249053e-08
2.164673659371583671e-08
2.116012795676241903e-08
2.070416586133505982e-08
2.025971057358466989e-08
1.982814410020594668e-08
1.937945950822086859e-08
1.895953494152065643e-08
1.857872746415273316e-08
1.819156910508555438e-08
1.778969770774066062e-08
1.739398189354010584e-08
1.701295549973888779e-08
1.662779892249058308e-08
1.625513036042512931e-08
1.591093944122787936e-08
1.561748999232775507e-08
1.531281011425868816e-08
1.498027886387162318e-08
1.467405400952804061e-08
1.438195230810023797e-08
1.406248729828432843e-08
1.377483087912711463e-08
1.349468781604372962e-08
1.323118389778266317e-08
1.300377975938869213e-08
1.275171030671151115e-08
1.247032495052151622e-08
1.221849229222865342e-08
1.201238778019661934e-08
1.177017498500256868e-08
1.151047345282144826e-08
1.127325099932958173e-08
1.103228383053425422e-08
1.080396528573295177e-08
1.059521634561000878e-08
1.036118679213376145e-08
1.012828810565417549e-08
9.915710643057069948e-09
9.679725140607731967e-09
9.439993732231322659e-09
9.208347146256542307e-09
8.972903404796629449e-09
8.741305636361498315e-09
8.518582123779335794e-09
8.318573256712114430e-09
8.142601715783073558e-09
7.962065480888368937e-09
7.776721160399182682e-09
7.606455970513812183e-09
7.446063386548917114e-09
7.293316187749942572e-09
7.136850942588717427e-09
6.979461850626143442e-09
6.842316924707493898e-09
6.702699610720791687e-09
6.558965956691504135e-09
6.421413951643889609e-09
6.290474947895713338e-09
6.161755668083778595e-09
6.040392872752633562e-09
5.939653861034791457e-09
5.833714625056344995e-09
5.728460703940203402e-09
5.620761762713855015e-09
5.525475500826491615e-09
5.438958066912661985e-09
5.349168522771397577e-09
5.256248589512003190e-09
5.162173905787433855e-09
5.074034378405570671e-09
4.988853042555067121e-09
4.899197979944783518e-09
4.813579827508517628e-09
4.742719999590799476e-09
4.661362522424210546e-09
4.578668832748468708e-09
4.505008707001258293e-09
4.435037656706682898e-09
4.369929844634691871e-09
4.304691473533876136e-09
4.235815920672120211e-09
4.162141160577075584e-09
4.091057281114642849e-09
4.030310145211444774e-09
3.971127212574252547e-09
3.903601505439360319e-09
3.833601956473158419e-09
3.770979706594945223e-09
3.709386454680906161e-09
3.652034674719600345e-09
3.603911122501130552e-09
3.549479245370164024e-09
3.494216256807452423e-09
3.436551091637649472e-09
3.378766502785121701e-09
3.326486314368842975e-09
3.275417286240541841e-09
3.225996654587417111e-09
3.184174039906933477e-09
3.136462887824286267e-09
3.088120876128856021e-09
3.039325983895096692e-09
2.991489442644779276e-09
2.944236367000893652e-09
2.895793516166344960e-09
2.852460622698853933e-09
2.813200485178051200e-09
2.770541843604243639e-09
2.732018472540941109e-09
2.688213385133258640e-09
2.643182729263778988e-09
2.604483490964046870e-09
2.563895557278437106e-09
2.521884086257629150e-09
2.479599617020244345e-09
2.436278142912618095e-09
2.387408841804123032e-09
2.338979096148831369e-09
2.295517068476430843e-09
2.254121116317210857e-09
2.218249286842717577e-09
2.180183506325976740e-09
2.141512062125936950e-09
2.106957314506022279e-09
2.073860567007140983e-09
2.040689139404069935e-09
2.008626317172605331e-09
1.980739457539618684e-09
1.949562159048249444e-09
1.916775786526176574e-09
1.886651611130643639e-09
1.859465683038213895e-09
1.833461199728590838e-09
1.807632681162798846e-09
1.783883649816620233e-09
1.760903378659056631e-09
1.739907034948220529e-09
1.721654163002615856e-09
1.701025122880030973e-09
1.680704843830506791e-09
1.661270837083540670e-09
1.641134740716874547e-09
1.623698669943180506e-09
1.605368692894961089e-09
1.588151739865454976e-09
1.571742932702963215e-09
1.553871394578490516e-09
1.536973470776266061e-09
1.520679225238555297e-09
1.505362561074476689e-09
1.490048543746754029e-09
1.474315185611164761e-09
1.459787669368885949e-09
1.443803892282070208e-09
1.428470213071124575e-09
1.414140155963372599e-09
1.399577785213945919e-09
1.385394031084321775e-09
1.369488833317122007e-09
1.354378552199778668e-09
1.339397202579780789e-09
1.323181802444821977e-09
1.307884938753092351e-09
1.291616561811867489e-09
1.274774391813884709e-09
1.260008597012660424e-09
1.244201161319098204e-09
1.227618825222013812e-09
1.209396827594393264e-09
1.191614696106798587e-09
1.175818577487345688e-09
1.157818069155188161e-09
1.138777805066609044e-09
1.121854723187809472e-09
1.104660003538911914e-09
1.086137348152558811e-09
1.069219610007765649e-09
1.049625040380021719e-09
1.030790707514018863e-09
1.013268029501639469e-09
9.945307057575754473e-10
9.753521470622775778e-10
9.564821830289591947e-10
9.383106118226553262e-10
9.230589551591413949e-10
9.072227594828090309e-10
8.906736225527550392e-10
8.755250817640642735e-10
8.591750117971975595e-10
8.422645618440950449e-10
8.263927345883992288e-10
8.109717138266101088e-10
7.945956271178896424e-10
7.776372865621463217e-10
7.621481427936743950e-10
7.468781502572317044e-10
7.300002822863220104e-10
7.143693255165009600e-10
7.003398931727778075e-10
6.836448667617732009e-10
6.670812320317362565e-10
6.542057402079526939e-10
6.384502211001612271e-10
6.221390626132546693e-10
6.076379528723336510e-10
5.927294253112561760e-10
5.793471709411593570e-10
5.678266171972956017e-10
5.537149417254712817e-10
5.406225226469686517e-10
5.276789466468250270e-10
5.136440336008330727e-10
5.005694461885985367e-10
4.900162941613958859e-10
4.778471435353617049e-10
4.655093048913003860e-10
4.551390297046535213e-10
4.453763412577131268e-10
4.343610106759225609e-10
4.242016966198494362e-10
4.147837538619851444e-10
4.050650697013700540e-10
3.954141112781035853e-10
3.856134159439347138e-10
3.754389659318750936e-10
3.648699519362067203e-10
3.544999037060515594e-10
3.452709512844658359e-10
3.378613766597792411e-10
3.299731593743784493e-10
3.221771873333221252e-10
3.145828532250593786e-10
3.062825885823743089e-10
2.987738187907465246e-10
2.918490657120960617e-10
2.848325771451364591e-10
2.779509751042987974e-10
2.709760817719926056e-10
2.636083220208077110e-10
2.565878235634773781e-10
2.490750004243682015e-10
2.423753554317282393e-10
2.357835687711881660e-10
2.293610413359046536e-10
2.229381517433360672e-10
2.168018255178777002e-10
2.115361353665274765e-10
2.058188036274500798e-10
1.992261689532816905e-10
1.928510081166778824e-10
1.871566123150406403e-10
1.815874488111263456e-10
1.763759208045991113e-10
1.715909273066663013e-10
1.664594966671118900e-10
1.615023380894201406e-10
1.567840334916538954e-10
1.524498737677905683e-10
1.479994411438716401e-10
1.435398484210258770e-10
1.389802983933537707e-10
1.342827862488237280e-10
1.300364384738993949e-10
1.262834020790208628e-10
1.225462180202236682e-10
1.190869806195723804e-10
1.155227848018085114e-10
1.121036259869124569e-10
1.088170061418000528e-10
1.056550209298948679e-10
1.028736534737184250e-10
9.988725002428958284e-11
9.726574188220909449e-11
9.459455122113371193e-11
9.158859395483284298e-11
8.870951792086073838e-11
8.646344408280123377e-11
8.425690772910207205e-11
8.199796314425012207e-11
7.971995141319251114e-11
7.743074569398599483e-11
7.521638780554949202e-11
7.334698862357648020e-11
7.151419400221445108e-11
6.987107518956930462e-11
6.822712884693145240e-11
6.655499087749148601e-11
6.502358036336664991e-11
6.329876504065818412e-11
6.156127915935554390e-11
5.989912406599972610e-11
5.818906077106885614e-11
5.659388013944296613e-11
5.502338320316234620e-11
5.345940101496801288e-11
5.195286971281281884e-11
5.056574964150963088e-11
4.914375420805088437e-11
4.773861584547944061e-11
4.651990030076475624e-11
4.533204846711919263e-11
4.400288733119230173e-11
4.279058122363127813e-11
4.181443149846617252e-11
4.067576570985074246e-11
3.957339859976416566e-11
3.874620606582384970e-11
3.782377354688284148e-11
3.687833226402328797e-11
3.603516629933520903e-11
3.526503426027850031e-11
3.452592871601585299e-11
3.370591650208660573e-11
3.288181978625222997e-11
3.207089002294683239e-11
3.124432043090652410e-11
3.040544547253288543e-11
2.957442429821689503e-11
2.872149335688049777e-11
2.784079437469866539e-11
2.711999844301507029e-11
2.643488348112686069e-11
2.578892357390636906e-11
2.506642281415458553e-11
2.423474455038275884e-11
2.344487313793736633e-11
2.282911182887369700e-11
2.219708502532940674e-11
2.146485102877402523e-11
2.082397125551434996e-11
2.016646761427522091e-11
1.943990663232632231e-11
1.879603204946382642e-11
1.827606174338327260e-11
1.769967446890711484e-11
1.712986490256435307e-11
1.670393123653985273e-11
1.624229919773777039e-11
1.579332054320084064e-11
1.536723333791223367e-11
1.495631632853108351e-11
1.459377083042502810e-11
1.417690991826389384e-11
1.379852794315234060e-11
1.350045299105591253e-11
1.311494952536265296e-11
1.277666843563922634e-11
1.246159525426885762e-11
1.214305164342819078e-11
1.183862772752012035e-11
1.149936156064062246e-11
1.117080138839004918e-11
1.090369046660863824e-11
1.061180405395343420e-11
