9.337509836903972182e-01
9.075537088607196212e-01
8.974122589096832359e-01
8.811253611601822522e-01
8.612444019929181849e-01
8.360014345002216851e-01
7.986001224750427507e-01
7.650604826897690058e-01
7.319708214541845726e-01
6.970455626761399293e-01
6.602459385051308027e-01
6.062008628082486972e-01
5.631611041122286387e-01
5.185451279812882674e-01
4.872239736490792672e-01
4.483293547403221502e-01
4.076938848294961448e-01
3.808021144532718338e-01
3.615697050662000089e-01
3.348407353734161318e-01
3.070608653276895028e-01
2.902678255806272478e-01
2.774516438395923101e-01
2.567353490007034944e-01
2.440936650074491121e-01
2.365184165506996061e-01
2.256624523219663836e-01
2.137244569820549722e-01
2.000904962857516511e-01
1.915829655836345236e-01
1.847944940573415518e-01
1.780581840747522404e-01
1.692836962930420186e-01
1.661471559966900546e-01
1.573207764228284622e-01
1.481622767146726360e-01
1.414046901853459048e-01
1.375063238200304738e-01
1.296134168945820564e-01
1.194524692756947226e-01
1.114380601828459244e-01
1.076271727688269536e-01
1.013690030847404083e-01
9.654251714629204228e-02
9.087724018725872044e-02
8.462189774017879473e-02
8.106244015280014703e-02
7.781042101683785517e-02
7.495799216035287094e-02
7.050358585408714185e-02
6.481496034574256437e-02
6.245021275878313849e-02
5.888505347522814820e-02
5.699286393952411600e-02
5.308168510711026161e-02
5.016778387869779560e-02
4.655688444693568961e-02
4.391015563446915709e-02
4.151762386457691356e-02
4.027825875955774737e-02
3.874255775145801772e-02
3.698847699244053183e-02
3.630276940435827465e-02
3.429688933622699470e-02
3.204386827934455062e-02
3.028580863520023356e-02
2.838703519374139936e-02
2.720742637450805287e-02
2.559175240890216446e-02
2.398824169277029295e-02
2.237449129224484967e-02
2.038366011494132171e-02
1.958942055944181901e-02
1.803523383627035973e-02
1.733959786406152892e-02
1.640055523316609129e-02
1.526150319925081468e-02
1.439065873464883544e-02
1.339508678986561785e-02
1.206549987146595185e-02
1.105012887286263915e-02
1.005936483626238519e-02
9.228415409225204299e-03
8.241547021765134942e-03
7.856031093685475475e-03
6.895628167629318413e-03
6.210674090471850727e-03
5.531415101005802276e-03
4.989801403836968512e-03
4.732744041193116293e-03
4.113848704917052491e-03
3.827276587713420580e-03
3.573139823772903106e-03
3.374418402650542371e-03
3.183413835998969224e-03
3.024029731550810507e-03
2.896541233811512992e-03
2.796426187443024503e-03
2.615496008288449928e-03
2.574520078228407973e-03
2.449318450060904585e-03
2.342385208424059041e-03
2.226493843900814208e-03
2.183479077929007754e-03
2.118483301247401588e-03
1.987188165684825210e-03
1.877648042274585082e-03
1.802517604862258595e-03
1.721751765449608309e-03
1.657369925081412414e-03
1.565995557995084964e-03
1.467265410764891217e-03
1.395167543850645399e-03
1.331066095271833715e-03
1.295826728898581822e-03
1.214016954029607321e-03
1.158741074588487321e-03
1.111140747644795077e-03
1.072120652290998750e-03
1.038865445948920080e-03
9.624490349741150622e-04
9.025942798327950094e-04
8.225976728327526188e-04
7.551562736246827988e-04
6.790827216612915036e-04
6.176306321713424894e-04
5.781347616812896597e-04
5.088375235544300009e-04
4.638241450711456308e-04
4.388145079061866625e-04
3.867684173978068094e-04
3.528865038053485771e-04
3.289769383705134294e-04
3.099039295258053839e-04
2.689754877326596717e-04
2.493247216667547703e-04
2.311648847595776791e-04
2.020082805625198798e-04
1.777784980450714295e-04
1.597190247650813499e-04
1.455281113661483926e-04
1.275628641158830785e-04
1.137462392763225968e-04
1.037367914144127613e-04
9.526445238738804960e-05
8.840617609772203700e-05
8.133813686549651539e-05
7.472011755054883337e-05
6.917421873674007746e-05
6.585882403452963626e-05
6.283897955982117997e-05
5.880995963353988080e-05
5.469357972127838726e-05
4.949883871865048610e-05
4.626284401897567321e-05
4.200177613907646323e-05
4.015654786876239444e-05
3.579129507263754451e-05
3.147778578272567501e-05
2.969188533332826964e-05
2.689459954567680083e-05
2.490120889771149084e-05
2.238417683821520139e-05
1.958095776414482729e-05
1.838937203355796871e-05
1.678853752615159627e-05
1.401504055614771642e-05
1.247876636198535270e-05
1.137082388227306274e-05
1.007021499727514577e-05
9.448215593629102107e-06
8.437098468192515369e-06
7.972949909534968250e-06
7.434636684950872009e-06
7.070285900277787824e-06
6.661277270823778497e-06
6.272337440875964562e-06
5.757345929821968372e-06
5.532490057560202822e-06
5.164258633715005941e-06
4.894677456778024619e-06
4.483899075675293307e-06
4.005856303771895660e-06
3.841115109487495433e-06
3.546331153247675894e-06
3.301658952808090021e-06
3.004944570900314622e-06
2.805745470272704447e-06
2.614454015817328635e-06
2.509684540704109811e-06
2.323837712267128881e-06
2.198950675152285453e-06
2.079897441596160970e-06
1.922345029719532014e-06
1.717713219483142164e-06
1.640665866565771500e-06
1.439999936895210232e-06
1.353496246305791366e-06
1.273406557710760933e-06
1.145272426997450114e-06
1.069474111134909152e-06
9.676368266993932270e-07
9.191820032949967627e-07
8.853441910315165289e-07
8.283810677645765294e-07
7.989150918096766667e-07
7.379521478171400097e-07
7.096980090103584052e-07
6.739231515414711426e-07
6.136837324633555154e-07
5.785371584867805754e-07
5.264064227416109663e-07
4.899322091067261644e-07
4.335666388232412386e-07
3.652105277241823907e-07
3.341620274704519623e-07
3.043601757030823513e-07
2.654866774356704897e-07
2.532985626757992514e-07
2.272182390563067106e-07
2.010273044909612951e-07
1.808388456276798317e-07
1.642766563781683732e-07
1.467380596706695727e-07
1.293170160302134776e-07
1.168654612696573850e-07
9.754174329204975547e-08
8.523153409678592408e-08
7.595980021162131097e-08
6.735335145917855625e-08
5.633857179885567661e-08
5.333713330433132372e-08
4.605688609799730823e-08
4.000896153888105271e-08
3.642553719950068345e-08
3.308210711757802883e-08
3.005322801358150931e-08
2.661678118801407594e-08
2.490855613240553240e-08
2.307026701158307285e-08
2.003857810035452744e-08
1.837051458092058979e-08
1.609193861927752992e-08
1.496037690709543187e-08
1.330263472788603136e-08
1.258417862497463517e-08
1.191613811910249545e-08
1.075760255282727287e-08
9.746057925427198160e-09
8.774025689132517263e-09
7.138672037729725993e-09
6.053857292947322426e-09
5.698412690113388430e-09
5.124349793766768840e-09
4.386396815228777528e-09
4.068159161599903502e-09
3.599633066266705732e-09
3.090015991176405276e-09
2.909161462560620513e-09
2.754362796471657429e-09
2.329728958486318103e-09
2.127065035558056662e-09
1.932352282039028411e-09
1.682412849066592298e-09
1.524111220696267575e-09
1.237407472854762080e-09
1.112336710256990885e-09
9.894901701651770028e-10
9.228687629467605149e-10
8.156575433074346908e-10
7.043070870839486482e-10
6.462923168334889675e-10
6.016182936146602348e-10
5.511539221735246889e-10
4.792791703599911196e-10
4.490325431745749952e-10
3.876697396548427554e-10
3.550737035389740010e-10
3.049757825988318448e-10
2.846608671732386511e-10
2.431069929118542546e-10
2.193687656702604361e-10
1.911476213751211057e-10
1.817936567759059001e-10
1.594211622461061516e-10
1.479353349581750699e-10
1.352869261912443142e-10
1.257117692716140646e-10
1.147357128215108088e-10
9.629380335032275334e-11
8.265276569970166948e-11
7.294969511922309506e-11
6.412622523989897399e-11
5.912798155272125613e-11
5.511224748366990953e-11
4.859866979933110820e-11
4.568264470520566327e-11
4.237812584449567738e-11
3.739277094009377360e-11
3.588279910748796205e-11
3.361319979703977230e-11
3.051830048021095069e-11
2.854377179377046271e-11
2.570877691116104063e-11
2.195966664121880325e-11
2.050475372813421680e-11
1.830793744487574150e-11
