9.185864809479399318e-01
8.977161555358936784e-01
8.859706286644735140e-01
8.665273940225290961e-01
8.325716005371319728e-01
7.906847413873979713e-01
7.505107158900871100e-01
7.161257881080983489e-01
6.860604870582037718e-01
6.569902757868208987e-01
6.120494612899953779e-01
5.860946248752575416e-01
5.589381244681986827e-01
5.297472713250125365e-01
5.089914260117374134e-01
4.807995807272580913e-01
4.538119060323631548e-01
4.353240020742306648e-01
4.158091589332323923e-01
3.901258550750378307e-01
3.785360078813926887e-01
3.655038992688540156e-01
3.485911266847696588e-01
3.294845548611194941e-01
3.127785193750115544e-01
2.982707281641495123e-01
2.892279098083692102e-01
2.718442294949912075e-01
2.555923485929222361e-01
2.405518082193122409e-01
2.340962126479905481e-01
2.176404906874563061e-01
2.055463983046661447e-01
1.991307927946055767e-01
1.895058123827773333e-01
1.797527842850286661e-01
1.723686578856136742e-01
1.661628715509936016e-01
1.607333232548047441e-01
1.530111318918212504e-01
1.472732383757107133e-01
1.413739317818181462e-01
1.380007288253112252e-01
1.327643922374402152e-01
1.277633596683497574e-01
1.248639396050140737e-01
1.219410246842227291e-01
1.179989774725587887e-01
1.130706586468373381e-01
1.107769510603164032e-01
1.083927678313747756e-01
1.043453301571112685e-01
9.880523891510126222e-02
9.644862374455845377e-02
9.303792434632367214e-02
9.015744488198412787e-02
8.685372935608390299e-02
8.228838829204210281e-02
8.083584219956695127e-02
7.674665405880633229e-02
7.186498808826922990e-02
7.036537199814905941e-02
6.809310721338397709e-02
6.518752502414630612e-02
6.304322756074229317e-02
5.895914357867668848e-02
5.639538384738571053e-02
5.258502967652450150e-02
4.993026314216991723e-02
4.779102344457206858e-02
4.522259323089936750e-02
4.186651875046266957e-02
3.952184372194755130e-02
3.789800255575929977e-02
3.670808162061092728e-02
3.462854587098742470e-02
3.334368257936833752e-02
3.292617328368471763e-02
3.150320481232625480e-02
3.042301318453534409e-02
2.925648718447404831e-02
2.856539596223448343e-02
2.725469031300508174e-02
2.686468405170188561e-02
2.590663999427017875e-02
2.521396393559695304e-02
2.464893254895961922e-02
2.332176293608359541e-02
2.236158117026936301e-02
2.127378343840238134e-02
2.069485751966347944e-02
1.978627500144241116e-02
1.916197737466308892e-02
1.773288212223757265e-02
1.658313235465683558e-02
1.561428096852020796e-02
1.436368276403525088e-02
1.398517135398684094e-02
1.279614664352535756e-02
1.229067255956766726e-02
1.110726976765401622e-02
1.065739912445474481e-02
1.026680437746572624e-02
9.891156285193415665e-03
9.617670052883667969e-03
9.119173767672364428e-03
8.797809301962328590e-03
8.363702272728335343e-03
7.860863929187810947e-03
7.585741002129296751e-03
7.199598904601429983e-03
6.762391911951694257e-03
6.577452075978445882e-03
6.355044040167475046e-03
6.216339121475216584e-03
5.973158627531510376e-03
5.826543306420125384e-03
5.552175787338129928e-03
5.298577668074152050e-03
4.902874956228694091e-03
4.766336399087710285e-03
4.597460709974372089e-03
4.299063473927833279e-03
4.219498516713669593e-03
3.982978564508813692e-03
3.820396216575538961e-03
3.654341707763528093e-03
3.500646538155936099e-03
3.341749703183694194e-03
3.186492541934970828e-03
2.946767559143387716e-03
2.768617131010172455e-03
2.472550789597451233e-03
2.367886420180601286e-03
2.203622093013256084e-03
2.059923656128957118e-03
1.941991162322768841e-03
1.762363334263254743e-03
1.634028226430114285e-03
1.576366438126165824e-03
1.493137590217237997e-03
1.415169010821901727e-03
1.314574432607681443e-03
1.232239072793586470e-03
1.168898409239485861e-03
1.134802424931632059e-03
1.052316229401060186e-03
1.032599474428009395e-03
9.961331419761892264e-04
9.585568348460039075e-04
9.228767512202258822e-04
8.731429683559665221e-04
8.529145450581158017e-04
8.188948508653812143e-04
7.965238156362774210e-04
7.253648714285152203e-04
6.925835843478239055e-04
6.589596601696579578e-04
6.296565243065486202e-04
6.068875747866554109e-04
5.817646717989472232e-04
5.470688916957632897e-04
5.238742822034565859e-04
5.010488019464929676e-04
4.640193655504567432e-04
4.438478457762537552e-04
4.239279599065713796e-04
4.087822529426703936e-04
3.831998327707858442e-04
3.728980370968454318e-04
3.522996881954146460e-04
3.396899074637153436e-04
3.276571354822926723e-04
3.140483827366484038e-04
2.952375360330774688e-04
2.801014874309903663e-04
2.672433525393709216e-04
2.538083514988080398e-04
2.451024942125303550e-04
2.335705535690442837e-04
2.228963136349133302e-04
2.147910984282821643e-04
2.071042944025045733e-04
1.903010144866477276e-04
1.851989296012777615e-04
1.747986306786473163e-04
1.686038821017951975e-04
1.597500798970471017e-04
1.545030796652484728e-04
1.466346655927099952e-04
1.412258758317613946e-04
1.384312162865781689e-04
1.330883572730136202e-04
1.267527653528442472e-04
1.233274655423284355e-04
1.183749646286728262e-04
1.140726241176430255e-04
1.104320787547386813e-04
1.080164784331835639e-04
1.018342705444744248e-04
9.863687371144734355e-05
9.563739453439199249e-05
9.098896079818782640e-05
8.799800096874534094e-05
8.452777956053800169e-05
7.972495249334017966e-05
7.217659969077211944e-05
6.742364469917678323e-05
6.531212232811770186e-05
6.119490729876164443e-05
5.782637999911314748e-05
5.539270845917247221e-05
5.260746555980920952e-05
5.042367815612019619e-05
4.593346248694152073e-05
4.350418333001762551e-05
4.197000464860062302e-05
3.857415428615558164e-05
3.611308473110192736e-05
3.404336153501522197e-05
3.265155550676288640e-05
2.943510944470953281e-05
2.849355085156623130e-05
2.671662173761188105e-05
2.467539133500702245e-05
2.385459370504766486e-05
2.257939325488474334e-05
2.115837307861372419e-05
2.003552206241159835e-05
1.952116023789183510e-05
1.646399712471251860e-05
1.599218625081905021e-05
1.488737899746693275e-05
1.343617136411293245e-05
1.216762230443493257e-05
1.152473224843833197e-05
1.078095240318412296e-05
9.518956323655132447e-06
9.260284635983830826e-06
8.173729698394581120e-06
7.609070564635462827e-06
7.037095820199903600e-06
6.772149014117771519e-06
6.147021775209462436e-06
5.724571198932707073e-06
5.409810666470665511e-06
5.053852394551422588e-06
4.579986082898960620e-06
4.372462415057169421e-06
4.137403562998254991e-06
3.804422449392034336e-06
3.609269854751545678e-06
3.506637059407096195e-06
3.281346700044028169e-06
3.116794017821110098e-06
2.915474072733831488e-06
2.850255951507209718e-06
2.682628375487278218e-06
2.581088438909058984e-06
2.450943129727393114e-06
2.302167149349210411e-06
2.207545563921710591e-06
2.091304899845238801e-06
1.973161111953556739e-06
1.848168557662202436e-06
1.697777892250589962e-06
1.637248922046226168e-06
1.482482003300093011e-06
1.394545664412216840e-06
1.335113924011236993e-06
1.277746331946975948e-06
1.151424171093711714e-06
1.063554435510114858e-06
1.017272218019555028e-06
9.795135240835505219e-07
9.102208804531321565e-07
8.725169843111900566e-07
8.228112819957013465e-07
7.936424087771368520e-07
7.590750251659575746e-07
7.207504318501350139e-07
6.666627499759779191e-07
6.254307439075860667e-07
5.947863496253283584e-07
5.604318161398523058e-07
5.319482650437496768e-07
5.125620472507876547e-07
4.834449927095522435e-07
4.392276408818622126e-07
4.210285692927247424e-07
3.848004951558198107e-07
3.522338155347838267e-07
3.414127551153438903e-07
3.191132504550408037e-07
3.110821740460087668e-07
2.701281560102071494e-07
2.546654455036281986e-07
2.432080589513795333e-07
2.291065046039568737e-07
2.191455889993315194e-07
2.118885289035587984e-07
1.983546639571905616e-07
1.895313794378534360e-07
1.780179838391234239e-07
1.708317891514400210e-07
1.598929660064226772e-07
1.513416815234715896e-07
1.407898216855687388e-07
1.339511574421632091e-07
1.263935323090157607e-07
1.132974898566827691e-07
1.064648226996440630e-07
1.036039389480064008e-07
9.613652580894100871e-08
9.356956321752072083e-08
8.434672757722884934e-08
7.735232255422535055e-08
7.363873001954167391e-08
6.606738804642439009e-08
6.098142563114001347e-08
5.804985623915259996e-08
5.107630917494697517e-08
4.355441581451828795e-08
4.005962713834108661e-08
3.653105658236783744e-08
3.333089479241702558e-08
3.099681796854652118e-08
2.959734317971942775e-08
2.803553595144834083e-08
2.686298506853241891e-08
2.459293346087361677e-08
2.398163175724560273e-08
2.209571446999994071e-08
2.091457106681783462e-08
1.993578981280525862e-08
1.933411607060229739e-08
1.804168208363712665e-08
1.688408020330563204e-08
1.594629980102311548e-08
1.416993799093522107e-08
1.349590368496615908e-08
1.320500028900972424e-08
1.224541361279723114e-08
1.119766570295965527e-08
1.077252833737042537e-08
9.963243066431903326e-09
9.431861976363125766e-09
8.989591342907450049e-09
8.339210090917082303e-09
7.949411506690371848e-09
7.654997319762630791e-09
7.060619114307444947e-09
6.701752595187965237e-09
6.144482155046694394e-09
5.899506541932763670e-09
5.539927997659731202e-09
4.892075221003854534e-09
4.809471332928178287e-09
4.466151503606702263e-09
4.077576608447993164e-09
3.706269516234109916e-09
3.611782208960057608e-09
3.312709299378988379e-09
3.205841928708562077e-09
3.074604122929726762e-09
2.902188263398034369e-09
2.741367615960775079e-09
2.462397119543516748e-09
2.278223976802375314e-09
2.219976967574428062e-09
2.106423288438834966e-09
1.931667741571573756e-09
1.833921037908588481e-09
1.761099463660777676e-09
1.561527354696035308e-09
1.461821202398335733e-09
1.383606480710581209e-09
1.319436312139951656e-09
1.226772880556370264e-09
1.164946129497485422e-09
1.097314210825674054e-09
1.034610395254254857e-09
9.900880415458258189e-10
9.593536013837932497e-10
8.883499945615405257e-10
8.252171322022989031e-10
7.544025351710288168e-10
6.918535805174029911e-10
6.432104864010683724e-10
5.907158745948451073e-10
5.478613842071118919e-10
5.278866587723078761e-10
4.950389667086956379e-10
4.734184082698763252e-10
4.501370858679449520e-10
4.245274537431935300e-10
4.089985141011936489e-10
3.937562638237131364e-10
3.681907403533407302e-10
3.592623997329072556e-10
3.453021623405438799e-10
3.285892721960439177e-10
3.201125472124339370e-10
3.062504399235596170e-10
2.916380982551634162e-10
2.766692998442106865e-10
2.427810433556837619e-10
2.324165090615171166e-10
2.129923330067979791e-10
1.952701975453518208e-10
1.892577664017969764e-10
1.789690201629583093e-10
1.703738444563802798e-10
1.604588970364227373e-10
1.476608770800975461e-10
1.301884955142537492e-10
1.246381349197564865e-10
1.082572727125917976e-10
1.014082630346201073e-10
9.356368597675429220e-11
8.683259332099109741e-11
7.746360825431532083e-11
7.196356732837661564e-11
6.314093649764569751e-11
5.867101838555968432e-11
5.648087017314074106e-11
5.115774530125847927e-11
4.612614571979995216e-11
4.386679041765124724e-11
4.045158672774568127e-11
3.779475091111655012e-11
3.352034550662262131e-11
3.013513324235017443e-11
2.816424085935795571e-11
2.659225081833445743e-11
2.401500907807912182e-11
2.253022766651717728e-11
2.185592601102050131e-11
2.100672732198909222e-11
2.015489112501494560e-11
1.866751334169403330e-11
