7.533463322710641785e-01
7.175129961001573964e-01
6.595016550143529832e-01
5.768174439768247730e-01
4.736495544621320830e-01
4.097746057730196623e-01
3.345103867252511298e-01
2.646121542365086898e-01
2.128926895714673140e-01
1.703828126006314003e-01
1.453229925801282629e-01
1.254263496785765208e-01
1.051493185325939883e-01
8.649211968873658785e-02
7.137069047407217093e-02
5.723708212474958729e-02
4.544364377434290808e-02
3.738880391414184379e-02
3.097917358397182103e-02
2.820563969205965721e-02
2.578078976782810158e-02
2.333476631446817703e-02
2.020864676884106051e-02
1.724499982854947946e-02
1.540656980684202912e-02
1.353062866956025213e-02
1.135315647377799567e-02
8.770260634286757007e-03
6.275331398408690031e-03
4.632932466965737975e-03
3.677655012355592837e-03
3.073304892788326134e-03
2.560681626102184402e-03
2.045846934463210840e-03
1.737363117738491931e-03
1.513388206834670978e-03
1.333887296917619144e-03
1.109061912606974527e-03
9.108316695778008324e-04
6.996364633643813776e-04
5.225836305677698411e-04
4.214220852452383497e-04
3.521370824007805686e-04
2.801137384741255116e-04
2.408646713525884879e-04
1.893992636717963180e-04
1.308568617970477007e-04
9.131180110310947468e-05
6.408097114438268075e-05
4.861207766045236371e-05
3.825045957006546255e-05
3.187508891908397835e-05
2.572902017212316830e-05
2.053822219874172175e-05
1.653270697819036284e-05
1.416521077898402300e-05
1.211135654925104238e-05
9.466323426267642466e-06
8.005838583001933308e-06
6.531501052773544434e-06
5.393530370522228802e-06
4.464992742226394710e-06
3.442989774008826370e-06
2.667349797265286455e-06
2.310149596744908342e-06
1.809407158300606396e-06
1.506288907721479136e-06
1.224100294863811258e-06
9.025271419529583623e-07
7.173831049798913545e-07
5.450993566571146846e-07
4.349819526794808122e-07
3.459889600839184418e-07
2.724077424558330076e-07
2.018415264300389346e-07
1.507188091172233875e-07
1.135051995412228489e-07
8.991024338858818045e-08
7.781955042473744532e-08
6.627197907250574503e-08
5.811700816503523053e-08
5.052894702683933247e-08
4.220465333018728485e-08
3.325879694148066258e-08
2.762048517721005675e-08
1.986858025507365470e-08
1.663528151160117679e-08
1.206736573629330763e-08
9.712575768666033901e-09
7.429022898365060716e-09
5.815730139544882682e-09
4.663794263794623267e-09
3.223960418340082510e-09
1.914221643420440118e-09
1.353906135059099345e-09
1.059297697954693720e-09
7.912536542696477843e-10
5.964916460097360257e-10
4.766797750145358202e-10
3.313687575817865641e-10
2.811595996555944760e-10
1.989455136255313337e-10
1.499108474307530440e-10
1.142051721297947490e-10
7.831590569172667442e-11
6.342592295971034561e-11
4.013625908702108903e-11
2.344711436354369023e-11
1.759410210355208190e-11
1.280504173142258926e-11
