9.988611633563818648e-01
9.974651541888931439e-01
9.953140167503295999e-01
9.925473084867222351e-01
9.892124076541801703e-01
9.854114934609877752e-01
9.808398460527862905e-01
9.758349629805845860e-01
9.704324381827034163e-01
9.644284832585029443e-01
9.581324188143808263e-01
9.517120598795807407e-01
9.448161765164538872e-01
9.380897707632692706e-01
9.310434861631649017e-01
9.238751925738772908e-01
9.163580040680915362e-01
9.086022841450634990e-01
9.013273157752307307e-01
8.939415761520862480e-01
8.861847113168247470e-01
8.784429692703392689e-01
8.704624350316818582e-01
8.625178823175918552e-01
8.545538297489272406e-01
8.462398412778575629e-01
8.378599749398301100e-01
8.297220093564910970e-01
8.220280756046771664e-01
8.143925053012407433e-01
8.064889871061966531e-01
7.988614929466355541e-01
7.912047926088812133e-01
7.835157057482726728e-01
7.755374083780945949e-01
7.672826215722546861e-01
7.588681665835733670e-01
7.500395382682377710e-01
7.412970424558719129e-01
7.321895497199760738e-01
7.230285416713108093e-01
7.139874960533203474e-01
7.051401303937689935e-01
6.964044375870115378e-01
6.876323237830875845e-01
6.788925552358425763e-01
6.700276364797291828e-01
6.606200410285489877e-01
6.516201919287978317e-01
6.429752947911384631e-01
6.345414742567020427e-01
6.263560657530592435e-01
6.187259619991788417e-01
6.114845736922644992e-01
6.045752113457273369e-01
5.978807966448907996e-01
5.913094640701528348e-01
5.849783412121511983e-01
5.786692076408305185e-01
5.722843666020392961e-01
5.660559611192211849e-01
5.601496827528907874e-01
5.543850871031990035e-01
5.489091513661132904e-01
5.432601327325937701e-01
5.372785593987730035e-01
5.315511877682053132e-01
5.259150099401919132e-01
5.203928520934884006e-01
5.147762115742868794e-01
5.093032932972344495e-01
5.037706423154002522e-01
4.980032708966813937e-01
4.926626654017057794e-01
4.877097816849619294e-01
4.828405147199720804e-01
4.780354737404560739e-01
4.732655991313591826e-01
4.684255924645885361e-01
4.637264048908814051e-01
4.589640182358371567e-01
4.540943567874198838e-01
4.494044815157279271e-01
4.446817492006380768e-01
4.401633462253812246e-01
4.357547013996798668e-01
4.314590103190247272e-01
4.273327853518297248e-01
4.230898566394595273e-01
4.187058572354331876e-01
4.141819895956992958e-01
4.095836761869033338e-01
4.051526075910301117e-01
4.007770176551060382e-01
3.967582148485052085e-01
3.926581524689409242e-01
3.885625986612494254e-01
3.846117320419141228e-01
3.805913306408473806e-01
3.763731695900224272e-01
3.721786456327212944e-01
3.681545697828820241e-01
3.641163076559034706e-01
3.599686290858636895e-01
3.559087090585604796e-01
3.521224454550228034e-01
3.483903429075043134e-01
3.445594604178610632e-01
3.404061027718593424e-01
3.360195366918865001e-01
3.316317424911907619e-01
3.275497094287811994e-01
3.235243566616299860e-01
3.196595874085607636e-01
3.158783348383408796e-01
3.122247756868528068e-01
3.085572177244352843e-01
3.050572175037813971e-01
3.017443500541102663e-01
2.983065028926971118e-01
2.946280168720230019e-01
2.907599325151705161e-01
2.867416591369297274e-01
2.825402529922258488e-01
2.784748407392383940e-01
2.745982798963034766e-01
2.710326261910578904e-01
2.674597277751643021e-01
2.639939754185433030e-01
2.602823661996143678e-01
2.565257883340373857e-01
2.529708165792151631e-01
2.494883661629208882e-01
2.459805289185694743e-01
2.424845661534972829e-01
2.388786088918645745e-01
2.353618010713920961e-01
2.316662603486823457e-01
2.279407951247055530e-01
2.241406781273950488e-01
2.201395777936897835e-01
2.162307441581862166e-01
2.124211655246033281e-01
2.086860339974175582e-01
2.052863765330969203e-01
2.019871043313054559e-01
1.988328892670234438e-01
1.957526832788440974e-01
1.926639003605665479e-01
1.895103202733860182e-01
1.864306165284865813e-01
1.832511584034933749e-01
1.801470370092359552e-01
1.774565242683596722e-01
1.749006416149118393e-01
1.722872378177233155e-01
1.693977713565970322e-01
1.664385666882222392e-01
1.634396001358828787e-01
1.604291818833754879e-01
1.573171958348781874e-01
1.543418432702395315e-01
1.515434062239435220e-01
1.486320236681721862e-01
1.460259682099869227e-01
1.436331648340651301e-01
1.409600498748037611e-01
1.382675022482009741e-01
1.357417618417456617e-01
1.332981159001186688e-01
1.309087087622404777e-01
1.285627366179347419e-01
1.262218497389937244e-01
1.239499639177781276e-01
1.218270362332798812e-01
1.198835011885223262e-01
1.181833013214441536e-01
1.165438552766586977e-01
1.148601487044872693e-01
1.132493718436039104e-01
1.116945234228271105e-01
1.103302009733934386e-01
1.088403319347935744e-01
1.072698855912179727e-01
1.057798001809312077e-01
1.043432195828552234e-01
1.029219578045817429e-01
1.014746113383649118e-01
1.000809491471834622e-01
9.881349893142697682e-02
9.748962701329413894e-02
9.619903600968326973e-02
9.488169186853914749e-02
9.360675178245027317e-02
9.238339593644932790e-02
9.114855171269133083e-02
8.977983700862593452e-02
8.843147893926689429e-02
8.718717358698203912e-02
8.607985505843908369e-02
8.494631938997783405e-02
8.377358702119805378e-02
8.259549538962381032e-02
8.137527229576684007e-02
8.021499390642787553e-02
7.912289569747051055e-02
7.809647099563839234e-02
7.708254346764423226e-02
7.605466024228764443e-02
7.499216190142803107e-02
7.395351959819319865e-02
7.296518225143339142e-02
7.201647199096859742e-02
7.096672955452079656e-02
6.989506280868548749e-02
6.884659331443714059e-02
6.783114381761423672e-02
6.680133296587738301e-02
6.579430465205554635e-02
6.487525620306709706e-02
6.405280526106488237e-02
6.310315620549744597e-02
6.214756115325183877e-02
6.130429593694274037e-02
6.041558371507287778e-02
5.948655934664014849e-02
5.856289151182477587e-02
5.759204151516447018e-02
5.661908775501786617e-02
5.565755209947920862e-02
5.470836227548663000e-02
5.379019113328400992e-02
5.289430108050589829e-02
5.211045222878344513e-02
5.130934788149080217e-02
5.046124261112005377e-02
4.965263047300085691e-02
4.888290118158179071e-02
4.809477876395606977e-02
4.732596090246443676e-02
4.656855516489299268e-02
4.581035112245794572e-02
4.501297592410186121e-02
4.423768288198675486e-02
4.352202271057983851e-02
4.283598272823282982e-02
4.214618975683131347e-02
4.145261170351848684e-02
4.079797616104981206e-02
4.020649278094545059e-02
3.960008820928045264e-02
3.898596006074761533e-02
3.832873283281566096e-02
3.772472793795297180e-02
3.718171642708837515e-02
3.663396565381188408e-02
3.610710416664742600e-02
3.558028643474865638e-02
3.512464734567578850e-02
3.470714724994054812e-02
3.425372846405762978e-02
3.376972218030181716e-02
3.329514218500967404e-02
3.281037074801717440e-02
3.235318897716173842e-02
3.191693421410381204e-02
3.147769844565213859e-02
3.104601314196311218e-02
3.057349192787517725e-02
3.008520820060512843e-02
2.962965628911133631e-02
2.921269368582967915e-02
2.886506025524229746e-02
2.852060056147486325e-02
2.811951404523678130e-02
2.771158879187721191e-02
2.732398150325006034e-02
2.694839535047160659e-02
2.659261020879183368e-02
2.622826272207197384e-02
2.588209259045549937e-02
2.554974943494536452e-02
2.521550992992030449e-02
2.490167386325834245e-02
2.455985537555132117e-02
2.418074853255198012e-02
2.380012978962482359e-02
2.345194502743677342e-02
2.309468493922281138e-02
2.273623180160973603e-02
2.238127968753364505e-02
2.203333861187985188e-02
2.167737289439824674e-02
2.131060755566737547e-02
2.094092692628453031e-02
2.057269003292580556e-02
2.022392459041540830e-02
1.991153602868389952e-02
1.956915819847575636e-02
1.919824899377555252e-02
1.884615501728098205e-02
1.850292599848849667e-02
1.818723334229927283e-02
1.786422824702083023e-02
1.754174277782473770e-02
1.720230789783620470e-02
1.687636273035387352e-02
1.657946016578695086e-02
1.631949091369796004e-02
1.605973278446974975e-02
1.580595851106345734e-02
1.557406499713193636e-02
1.532926344741060258e-02
1.508785041556508222e-02
1.485225707381180454e-02
1.459252488289955636e-02
1.432158551284945167e-02
1.406839707469529840e-02
1.383037275505236315e-02
1.360471311737616006e-02
1.335934383707183988e-02
1.310594712563862077e-02
1.285804005086737395e-02
1.262249158249359980e-02
1.238853148063268593e-02
1.215073373616594975e-02
1.191230725124613372e-02
1.169527175745331202e-02
1.146980096380726191e-02
1.123591278550542527e-02
1.101158515394396777e-02
1.081072103906667754e-02
1.060211312498121443e-02
1.038291558968566439e-02
1.018404198784105333e-02
1.000871399858690135e-02
9.812355568245679713e-03
9.596888350090163056e-03
9.390906994587019593e-03
9.194661555370756134e-03
8.996927326851100054e-03
8.797916616875086845e-03
8.605311164753000341e-03
8.427215938392532135e-03
8.261152112278709672e-03
8.105425145811273949e-03
7.950113476186338596e-03
7.783894366531278822e-03
7.630914738426307006e-03
7.483179031320097083e-03
7.322165155868243930e-03
7.158227641907480808e-03
6.996585101970865389e-03
6.841394303246870097e-03
6.689843425532230117e-03
6.530958207052711684e-03
6.368236629123555544e-03
6.227519474768087628e-03
6.102834247157074878e-03
5.970956655434459664e-03
5.839268917797423020e-03
5.716192715828192009e-03
5.593848365466237357e-03
5.466944498870428965e-03
5.342902266883248208e-03
5.220328136735239224e-03
5.100809790328932926e-03
4.982314832194254320e-03
4.865025520388643887e-03
4.750394887642568620e-03
4.638352044271438178e-03
4.530372159155788767e-03
4.431744036574122685e-03
4.335134165614033808e-03
4.231780828204400116e-03
4.133381321904617753e-03
4.044442183395068752e-03
3.959273244799668516e-03
3.865485873649267181e-03
3.770809499772810342e-03
3.680242620615774285e-03
3.605935886077872316e-03
3.531480875855350955e-03
3.454223803253233215e-03
3.378831329817599555e-03
3.310234100161345370e-03
3.246329322695378286e-03
3.182614135291983622e-03
3.118699329940987242e-03
3.057355737955170377e-03
2.996513783570915312e-03
2.938850875914447540e-03
2.888894967870418284e-03
2.837408344948568004e-03
2.783522151692784281e-03
2.731740113593039351e-03
2.679573669557432265e-03
2.628248876922619284e-03
2.577467346548476933e-03
2.527247439904664172e-03
2.479667273337570962e-03
2.433228739739299717e-03
2.384464922774050515e-03
2.336886141112235003e-03
2.290725240845392207e-03
2.247524013156506576e-03
2.212721547291646423e-03
2.174700591989874119e-03
2.133655278933364180e-03
2.098526319568881637e-03
2.062682526540237770e-03
2.020248105715784746e-03
1.978450491190263463e-03
1.940643355713407873e-03
1.907349433647693949e-03
1.870409046355272229e-03
1.832979491974657616e-03
1.796929471823585471e-03
1.759434239570122679e-03
1.722324168001673891e-03
1.688349796122899172e-03
1.654434935339861535e-03
1.619770455129495700e-03
1.584999974703853350e-03
1.553181481414701338e-03
1.525969895518660812e-03
1.495695517895408643e-03
1.464527382313504612e-03
1.434659484947241890e-03
1.403098641422990869e-03
1.371249726254912277e-03
1.342703234570391752e-03
1.319003916301195525e-03
1.295197434908449416e-03
1.270663734572010208e-03
1.248283171474279425e-03
1.227286826062403335e-03
1.204085433996676408e-03
1.180190030740588692e-03
1.157228956449823367e-03
1.135326916339652031e-03
1.113077086807941988e-03
1.092758099217115957e-03
1.075056145290318420e-03
1.055848772019897519e-03
1.035186206350549934e-03
1.014545522267171944e-03
9.935192374391343256e-04
9.734253530351660811e-04
9.545820802998755163e-04
9.375091076527117219e-04
9.204569758787764944e-04
9.032987688027149277e-04
8.868405221158510553e-04
8.717942840675470002e-04
8.564224763161508219e-04
8.406361670159598386e-04
8.272087209557358245e-04
8.150058399980745095e-04
8.005607939473160595e-04
7.852750116448348281e-04
7.708350327146233161e-04
7.572727190435086771e-04
7.456330868888223036e-04
7.335481462258919543e-04
7.214968034942628424e-04
7.100157344205322400e-04
6.986552222208281763e-04
6.864373632885245081e-04
6.737834823041721419e-04
6.611099905097498524e-04
6.502012424411836560e-04
6.416183702925084024e-04
6.312383407370467624e-04
6.209870600105353144e-04
6.112663228015924885e-04
6.016184173599125251e-04
5.917585677090794619e-04
5.819986057324442585e-04
5.730032487484394785e-04
5.628018117123210909e-04
5.519205507381922619e-04
5.416196256014770005e-04
5.317659517371671734e-04
5.213029843184442073e-04
5.102025480010933612e-04
4.998222993917613008e-04
4.908237777488947328e-04
4.822623324332882115e-04
4.735292491836144832e-04
4.650588645667764792e-04
4.568304245076258035e-04
4.475874057603430184e-04
4.385658328785275659e-04
4.305163299068127340e-04
4.226159756829889289e-04
4.145144052526199773e-04
4.067975310318156087e-04
4.001748540524960904e-04
3.930676614627449657e-04
3.856166689383463140e-04
3.781617074000212780e-04
3.713989150044964306e-04
3.648157128618980879e-04
3.579841597015864210e-04
3.511741338338215165e-04
3.449882612070313305e-04
3.391965252724223425e-04
3.336008035839212247e-04
3.282928671340987312e-04
3.232243947029590043e-04
3.178480800024447968e-04
3.124313050975263488e-04
3.070209683026222996e-04
3.022965911121485078e-04
2.976379899859915232e-04
2.925886542504726301e-04
2.880140408116625998e-04
2.839006930772410681e-04
2.793799281531222402e-04
2.745163439428001157e-04
2.697785055004308795e-04
2.654003243670438042e-04
2.610575463271580781e-04
2.563012847549870710e-04
2.515311620508603485e-04
2.470860349563936678e-04
2.430000336614527461e-04
2.392283649026663724e-04
2.355854648656120298e-04
2.316250247529348964e-04
2.279002439593702664e-04
2.245514425024256508e-04
2.214003357501763468e-04
2.182537617573377764e-04
2.153822830480675067e-04
2.125465800740533877e-04
2.097046160255897887e-04
2.070467164890762220e-04
2.045015664597504704e-04
2.017681091774586963e-04
1.987282161139002524e-04
1.962770877682055905e-04
1.937914373082176480e-04
1.911782919462506403e-04
1.887591321511343956e-04
1.864335231742079036e-04
1.839584756667818040e-04
1.816643728986601391e-04
1.796038238804596179e-04
1.774069031626525643e-04
1.749920905974360280e-04
1.726517616010779499e-04
1.704973150688820398e-04
1.683475893308657709e-04
1.662743737519730564e-04
1.642996583462342651e-04
1.621920476156749611e-04
1.600888535567700124e-04
1.581816137876910513e-04
1.562823495535427601e-04
1.542432174426679908e-04
1.523490897390916471e-04
1.507031903750448811e-04
1.488810373711411342e-04
1.468887577798656243e-04
1.449318067255165742e-04
1.431724992685673838e-04
1.412890223286378624e-04
1.392888037280171087e-04
1.373263430025638580e-04
1.353052572221414337e-04
1.334568202723398296e-04
1.316470160266104673e-04
1.298586738257086117e-04
1.280447311217726707e-04
1.262982963766552354e-04
1.245641049539031211e-04
1.227600518262854747e-04
1.210040008774592471e-04
1.192501265952149408e-04
1.174025353136769022e-04
1.156939314121127930e-04
1.141729285031454539e-04
1.127330015439710934e-04
1.112685074678626323e-04
1.097393242588896644e-04
1.082531279156084391e-04
1.068671154472882769e-04
1.055986006908608095e-04
1.043534266421209192e-04
1.030236861414475795e-04
1.016291852798529281e-04
1.002545518582137279e-04
9.893100261830869210e-05
9.761878003249135698e-05
9.632579889132392712e-05
9.508972137331779388e-05
9.386382810793066338e-05
9.267736992711065257e-05
9.153473568472865322e-05
9.038087833726102195e-05
8.931482030373622536e-05
8.824364424052567489e-05
8.709688482392918081e-05
8.599699040809750201e-05
8.491755853007929673e-05
8.373190058771395655e-05
8.253495509682205798e-05
8.149422481231346192e-05
8.057534518772914260e-05
7.953455856673308309e-05
7.845862770000784322e-05
7.740760707102501347e-05
7.633851790592117905e-05
7.526504822159558582e-05
7.427195093304383685e-05
7.332784736261881771e-05
7.232871690711424237e-05
7.138331445058813084e-05
7.045609822785803506e-05
6.946243488842052940e-05
6.841447473781036876e-05
6.746700607724520290e-05
6.662435135271581993e-05
6.569889824498664473e-05
6.479193015972823603e-05
6.389779658900224149e-05
6.303113879223512408e-05
6.225042514515686750e-05
6.144843139489545821e-05
6.056446514965030847e-05
5.969823707502909933e-05
5.889401765107189058e-05
5.804436622295781802e-05
5.717180141762620289e-05
5.629891202440414082e-05
5.546376530994787498e-05
5.470457696912630816e-05
5.394590189393311144e-05
5.319352684899467148e-05
5.255180536124518046e-05
5.192852177669717451e-05
5.121385330946984254e-05
5.046337346743794562e-05
4.975048487858283781e-05
4.911726862435031370e-05
4.844539086037830507e-05
4.778438023215175582e-05
4.710588413878599804e-05
4.634056844791611886e-05
4.560483933320033965e-05
4.492584118923103123e-05
4.427410495540832033e-05
4.358298988697257941e-05
4.289265448521020405e-05
4.225437324823852893e-05
4.160864932806739442e-05
4.100380307349654421e-05
4.041284817202635228e-05
3.990639078274614229e-05
3.934423179512995983e-05
3.874225354881000882e-05
3.817720098510548845e-05
3.768660009850557393e-05
3.715933659823704313e-05
3.663560350362790813e-05
3.612013869789840133e-05
3.559135860328578398e-05
3.505067429771487796e-05
3.451613418173992391e-05
3.403413593319118950e-05
3.358890287443185935e-05
3.315035876266516436e-05
3.271626452976167154e-05
3.229750264924201861e-05
3.188481429611628940e-05
3.151223892830965851e-05
3.110583103902272761e-05
3.066549146189812681e-05
3.022967957609203272e-05
2.980334278890733868e-05
2.937599125754847542e-05
2.894358769510349991e-05
2.854847967683589858e-05
2.818203904314974439e-05
2.785676929142955532e-05
2.755296383464698852e-05
2.723798158636308475e-05
2.693676761693589392e-05
2.661816035350550336e-05
2.630530019531600970e-05
2.601445566445125153e-05
2.569402797078338562e-05
2.535435257510519757e-05
2.501994648176400878e-05
2.471234776554742137e-05
2.441024142491300835e-05
2.407381601094582077e-05
2.374699965359692967e-05
2.343870786865078886e-05
2.311870293035796849e-05
2.280747310977653813e-05
2.249688872118452081e-05
2.216586540149388288e-05
2.181411309901345623e-05
2.145780250298376160e-05
2.114704723245855775e-05
2.083779874210560943e-05
2.050133517332154739e-05
2.019405370342110815e-05
1.985576324694388311e-05
1.949145095671361852e-05
1.916451379635266357e-05
1.884522066736892955e-05
1.850903153106122129e-05
1.818626564311412566e-05
1.788675973689607282e-05
1.758964668563281912e-05
1.732024795657141657e-05
1.706932533026096278e-05
1.678695456042914234e-05
1.651585497698699823e-05
1.625864125755410917e-05
1.599934798420653783e-05
1.573740356852812219e-05
1.547474781372065728e-05
1.521933117916441062e-05
1.497916270567636365e-05
1.475576298221092646e-05
1.453252366833587490e-05
1.429407210014871620e-05
1.407299588034284513e-05
1.386790092649653834e-05
1.366471016891444348e-05
1.345236282064287468e-05
1.324123010876047879e-05
1.303606928673796324e-05
1.283168879625580894e-05
1.264644132445165081e-05
1.248468949673006881e-05
1.229411668179038720e-05
1.209542361201936566e-05
1.191221110560123670e-05
1.174175267251140569e-05
1.155562557838858927e-05
1.136963796779251847e-05
1.119556656627409569e-05
1.103231957995875935e-05
1.085713606967494472e-05
1.066741842496399682e-05
1.047813689403189746e-05
1.028819894382468663e-05
1.011344310398762410e-05
9.939931021089378163e-06
9.770593867195307992e-06
9.614240284396175323e-06
9.464412538808655498e-06
9.310559465555077715e-06
9.153575096501933293e-06
8.993180894903164205e-06
8.849898189371395847e-06
8.720700057898141954e-06
8.582343390066507369e-06
8.447656446136229375e-06
8.321778880875632309e-06
8.198279485449725307e-06
8.068136092084804032e-06
7.943204835923295022e-06
7.816385926476966171e-06
7.675498681480106124e-06
7.541276310177709997e-06
7.415282601338805406e-06
7.274522882653490338e-06
7.137153973834102825e-06
7.004747616858988786e-06
6.886270935930788999e-06
6.769902152460284847e-06
6.663286244452743219e-06
6.554379710412761450e-06
6.444246382779917414e-06
6.341372011550065076e-06
6.241271597327837384e-06
6.152313158653631641e-06
6.053751664959762401e-06
5.953228550216945929e-06
5.855099141590419465e-06
5.749748394061067882e-06
5.648982478836432971e-06
5.568491674129393812e-06
5.484961545985745340e-06
5.397467704493883041e-06
5.319443913473885075e-06
5.242499645413743913e-06
5.155804555458017340e-06
5.070834926892397987e-06
4.994863642045603681e-06
4.916032949088514955e-06
4.833526260024952257e-06
4.756057673176354128e-06
4.675433399656057385e-06
4.597247745519482429e-06
4.529135019168017932e-06
4.452850208574617807e-06
4.382087795271162168e-06
4.320228942531659613e-06
4.262624379547899965e-06
4.197426872667659217e-06
4.129618318456049298e-06
4.063176117263671180e-06
3.999135104391753409e-06
3.937217025667416648e-06
3.877703296182669689e-06
3.812224474380892244e-06
3.744899646351495501e-06
3.680869888348683464e-06
3.619711407529248447e-06
3.558379906213200152e-06
3.499116381834715933e-06
3.444758311713130701e-06
3.390754126100112554e-06
3.336989026420873928e-06
3.283787054049251213e-06
3.229170227139641037e-06
3.174451951981051490e-06
3.122432979913040367e-06
3.072618712859647102e-06
3.020510415213885040e-06
2.974625320229961629e-06
2.928883497208588837e-06
2.878637047359635031e-06
2.831257177804166184e-06
2.783260011336786219e-06
2.734009296247087394e-06
2.690199984802880121e-06
2.649722328947940313e-06
2.606061888830610828e-06
2.556832918868016921e-06
2.508545330112592384e-06
2.459013316509260884e-06
2.412511929225759007e-06
2.369633181150603009e-06
2.328626066107118682e-06
2.286524210065662829e-06
2.246482338218552388e-06
2.205554121029881648e-06
2.163936724645795668e-06
2.123890673770378637e-06
2.089022076948239264e-06
2.053407591129786000e-06
2.016498927027815831e-06
1.984074600093103282e-06
1.952097016859162133e-06
1.918220774329377955e-06
1.883772411987947940e-06
1.852826028070698286e-06
1.824490315901488886e-06
1.793916370182697780e-06
1.764604083242452487e-06
1.736606541858026518e-06
1.707842126875822440e-06
1.680466469569442954e-06
1.654167142848007039e-06
1.629506233837643671e-06
1.603151204333098227e-06
1.574920597734952719e-06
1.548715791223669736e-06
1.523799906760056007e-06
1.497231986116895866e-06
1.471206598844537586e-06
1.445815038816702509e-06
1.420664144183107521e-06
1.396238215735525610e-06
1.372732550466933817e-06
1.353837600232859397e-06
1.333957201240487397e-06
1.310525988942292841e-06
1.288037612044057629e-06
1.268080392267561194e-06
1.249572103553738462e-06
1.228491421868585149e-06
1.206635720316789683e-06
1.185323917993655353e-06
1.166031051586512950e-06
1.147041299934606605e-06
1.127199608926564513e-06
1.106195913006545437e-06
1.084747611685306602e-06
1.065043010114855259e-06
1.044045440786487625e-06
1.022147426790715432e-06
1.000699607225890516e-06
9.802273257046285714e-07
9.609716888587645558e-07
9.413905733672911694e-07
9.212575599456317826e-07
9.014269991263413818e-07
8.847250261741544386e-07
8.662982536295554221e-07
8.492858275358948825e-07
8.358137954223936983e-07
8.199220267508052828e-07
8.035989911705988565e-07
7.889508802446252292e-07
7.757730945470727110e-07
7.622294260704731404e-07
7.481625069367835346e-07
7.341839830019071174e-07
7.215836971705892036e-07
7.088015647566081068e-07
6.959696634546799270e-07
6.826470141418867100e-07
6.693897956364798644e-07
6.571111843099766232e-07
6.435618864445691459e-07
6.291227834856249478e-07
6.161153245424032842e-07
6.037946569416837282e-07
5.910387865960940573e-07
5.792331200276662877e-07
5.678234585331411276e-07
5.551471111194125810e-07
5.421921656826922816e-07
5.289587991712826391e-07
5.170081623831606990e-07
5.058528548960371615e-07
4.944530785177517798e-07
4.835768145683812131e-07
4.738546681707361305e-07
4.639838007059571978e-07
4.532482748793372994e-07
4.433231433733125608e-07
4.326587997376488019e-07
4.217331173836069640e-07
4.115177473178644145e-07
4.026093850340769519e-07
3.940143218329193369e-07
3.847252695104875092e-07
3.762133465097666818e-07
3.680586175487463120e-07
3.597514829665642826e-07
3.518067868939587441e-07
3.442752337757999403e-07
3.368377218964922950e-07
3.286151834997471462e-07
3.199404884759591040e-07
3.126082862838827955e-07
3.064139628288429953e-07
3.003922609044464262e-07
2.948045840625441434e-07
2.894063859527096359e-07
2.842367923818139373e-07
2.788858627470866617e-07
2.741199621306839389e-07
2.697875059724717351e-07
2.649236619698910114e-07
2.598932226381801074e-07
2.549961357931221084e-07
2.503889819582174203e-07
2.460796812041278445e-07
2.418952585857884708e-07
2.373469433863876507e-07
2.328254088891564976e-07
2.289698157879172031e-07
2.254529935048690929e-07
2.210120127768749928e-07
2.165499770691341801e-07
2.127351267437842757e-07
2.094260391459617973e-07
2.055418406668107567e-07
2.014450228931983757e-07
1.975675768781602002e-07
1.942465611616433220e-07
1.907150492263004854e-07
1.869404946255255436e-07
1.836062241020962974e-07
1.805218890657460632e-07
1.776411373261055568e-07
1.744865372073434289e-07
1.712463604201308623e-07
1.686757184386538562e-07
1.659014098547340905e-07
1.628698489040201921e-07
1.597134268538628707e-07
1.567135045229815512e-07
1.540430525517574753e-07
1.516832131831033512e-07
1.493617566881222865e-07
1.469362437997752795e-07
1.448126341388498860e-07
1.426941744040094269e-07
1.407313979679186858e-07
1.388018794677014830e-07
1.367775658932455752e-07
1.347749908824755629e-07
1.329678225522529542e-07
1.312246024459076814e-07
1.293324562011740533e-07
1.275033975143668828e-07
1.255837580333905322e-07
1.236537382359418009e-07
1.218118096590366062e-07
1.199416459901975947e-07
1.180534967051723632e-07
1.161848485742065820e-07
1.142969664892242638e-07
1.124830521669671268e-07
1.107662446293093741e-07
1.090705748945571875e-07
1.073581941986851864e-07
1.058257210596512410e-07
1.043066356940892852e-07
1.026333704014801129e-07
1.010608379290683381e-07
9.951633627390903161e-08
9.799864120393268235e-08
9.652277634321616688e-08
9.522707557170031219e-08
9.388536691254814074e-08
9.250656731135963676e-08
9.123968476063412445e-08
8.997943717359065254e-08
8.862912653065114585e-08
8.730865790549560233e-08
8.614797826580039252e-08
8.484559565539533370e-08
8.344320154705493464e-08
8.220643505303051408e-08
8.098345890505586719e-08
7.972958358878413849e-08
7.841542070152746294e-08
7.697329800227798210e-08
7.562242863660413319e-08
7.446353904140730446e-08
7.327072079669637145e-08
7.194941751770843840e-08
7.072095667573032847e-08
6.962341846348606090e-08
6.849265111707122401e-08
6.736322310118137512e-08
6.634399836809352736e-08
6.524293781046906980e-08
6.406141507481503571e-08
6.300655293899313632e-08
6.210707208402615607e-08
6.124319141208306993e-08
6.026706482567175586e-08
5.928746775020413112e-08
5.834371740212003291e-08
5.742012197998712592e-08
5.646823145246208817e-08
5.550919160208681702e-08
5.466493226615940262e-08
5.391883128701719723e-08
5.312644936751980997e-08
5.232688568462224351e-08
5.166990019484324032e-08
5.094717492297991522e-08
5.019211363287616791e-08
4.943077012146730448e-08
4.863168168357734911e-08
4.788443832976572997e-08
4.730287098816592273e-08
4.659777853985374915e-08
4.587241612694775504e-08
4.521965812251374776e-08
4.449403626960294344e-08
4.381810143514453344e-08
4.321524055333136397e-08
4.257828486793002798e-08
4.199926405018861045e-08
4.145351774688708059e-08
4.091353602972340118e-08
4.032344905953714252e-08
3.972234100163463738e-08
3.916176080628025306e-08
3.862848496658583331e-08
3.810760090784650262e-08
3.760026538110779146e-08
3.708550011309797468e-08
3.656845482976804616e-08
3.606884280486549598e-08
3.554871326850820092e-08
3.508964314909445539e-08
3.467442195320831067e-08
3.420700460368404539e-08
3.374269348094275101e-08
3.330727533153465130e-08
3.289187977993202830e-08
3.251523385436657355e-08
3.215532666373529914e-08
3.180406961353221867e-08
3.144090105630569623e-08
3.103939674079996566e-08
3.063416295272690979e-08
3.025319956393465770e-08
2.986746912948281577e-08
2.950455776257493762e-08
2.914379369287549159e-08
2.877276194991884533e-08
2.837860621198231906e-08
2.805226083477391103e-08
2.773046669032043077e-08
2.739628459642633888e-08
2.706000457849780088e-08
2.667607886690311448e-08
2.628205146275860322e-08
2.590529427862489084e-08
2.551076375199197919e-08
2.509077609107717220e-08
2.470524058661029752e-08
2.431803771538365378e-08
2.394925405377696359e-08
2.360796903203479144e-08
2.329846434888070174e-08
2.297993361898798057e-08
2.263942244885922687e-08
2.231479443389512414e-08
2.200412198539132753e-08
2.172413522928999558e-08
2.141759661176826952e-08
2.109392851829955674e-08
2.079338146139202038e-08
2.047569829957409029e-08
2.016117437550080650e-08
1.987515185015265508e-08
1.961506698323537051e-08
1.930387945823170520e-08
1.904113027724506710e-08
1.877651741528044625e-08
1.848452085308651862e-08
1.820093289872833763e-08
1.794795616007373114e-08
1.769883925777580654e-08
1.744587499060861753e-08
1.721407127540201338e-08
1.698356383017979218e-08
1.674234053469750327e-08
1.651267315145201091e-08
1.629181246540613155e-08
1.609169427702700361e-08
1.586584020134150161e-08
1.561942903492464431e-08
1.539818886914016342e-08
1.514638296789401529e-08
1.489420550519915793e-08
1.467443153740302924e-08
1.444171842086064714e-08
1.419559495508654629e-08
1.397594542562411615e-08
1.377598434833614560e-08
1.356097622509339787e-08
1.337057003923139437e-08
1.318589441110122622e-08
1.300011548577590578e-08
1.281951058832831230e-08
1.262781503438014708e-08
1.244139663871268569e-08
1.224524135164805130e-08
1.206761379315268516e-08
1.188200006025460699e-08
1.168752648369573224e-08
1.150165906140674193e-08
1.131832515343014703e-08
1.114753074836675515e-08
1.099483497041408101e-08
1.084003305863998048e-08
1.068065286389406755e-08
1.052381581949230565e-08
1.035844997114993575e-08
1.018465992936453521e-08
1.001292383516735768e-08
9.844578143867781072e-09
9.688860071985705460e-09
9.548943086574469952e-09
9.415720559154038089e-09
9.292625314984986165e-09
9.156659827530074223e-09
9.019429059515826058e-09
8.895419412828361231e-09
8.769873240133901093e-09
8.641420670629788861e-09
8.526750259467894221e-09
8.406567263366400566e-09
8.281502494700031679e-09
8.166376728079146609e-09
8.055524264444533110e-09
7.948963967709051664e-09
7.825786181022163692e-09
7.704066470012458212e-09
7.590170079338500776e-09
7.459102890023395014e-09
7.322263094761400308e-09
7.201237004048751020e-09
7.088403838751083203e-09
6.967124552446471479e-09
6.867543634777706177e-09
6.759854101116298892e-09
6.635064364113358279e-09
6.516011556204614565e-09
6.417145945745104385e-09
6.320832803768694885e-09
6.222232587155866112e-09
6.130469782991452031e-09
6.037055204315313529e-09
5.948479832533495382e-09
5.860138564285434349e-09
5.773683232402969168e-09
5.691892496355667471e-09
5.608130073150873488e-09
5.531413518851735992e-09
5.455229780578406707e-09
5.379859931048325249e-09
5.302355769899258351e-09
5.221600460053317811e-09
5.144671276290410619e-09
5.066139653060250975e-09
4.982767127161970186e-09
4.914305835011627178e-09
4.845150878302587493e-09
4.769233329855436775e-09
4.700219977597228134e-09
4.618284832899692917e-09
4.536651620899605055e-09
4.464650669319127548e-09
4.405674375896000278e-09
4.339275668849080621e-09
4.274297546902887369e-09
4.207176587938945761e-09
4.133663188575904677e-09
4.062113843562045159e-09
4.000717733952714233e-09
3.929672057437204843e-09
3.867995020165593314e-09
3.802631448994012900e-09
3.733490429717547341e-09
3.670301459664624917e-09
3.614614091022292266e-09
3.559911680791950165e-09
3.505931953199400101e-09
3.453079345266779923e-09
3.402492623178112690e-09
3.357357571308287681e-09
3.313550270016978463e-09
3.269731431946620265e-09
3.222986566989115174e-09
3.179793097740017241e-09
3.142594872038458803e-09
3.102063269249772647e-09
3.061256688264681547e-09
3.019889773068322682e-09
2.976113807985555255e-09
2.931713601929988881e-09
2.890459392413711721e-09
2.851717791094785980e-09
2.814185287062754939e-09
2.777124605779345338e-09
2.734895960603167210e-09
2.695136627086394371e-09
2.657479312942938464e-09
2.617805862448803935e-09
2.580164850387571967e-09
2.545579431290335950e-09
2.507007567262627061e-09
2.472202988687463393e-09
2.433878103225362176e-09
2.392755431382828051e-09
2.352328250568412195e-09
2.312798447435234733e-09
2.275363023193497121e-09
2.238966843277436990e-09
2.202941994257834260e-09
2.169294296591402716e-09
2.139924188395743215e-09
2.110023228732682203e-09
2.079661008511665488e-09
2.047633040858198425e-09
2.018048452881984105e-09
1.988884728935394605e-09
1.955415847818051582e-09
1.924049408683516668e-09
1.892914662397871183e-09
1.860578045022964475e-09
1.829740209931039644e-09
1.802014715619961197e-09
1.772939257419652154e-09
1.748116798520049157e-09
1.725197797855116867e-09
1.700671022411978921e-09
1.676534232299330517e-09
1.654821934367049994e-09
1.634833229146535253e-09
1.613496927714277699e-09
1.591438175189079296e-09
1.568513550209322902e-09
1.545101497198210672e-09
1.526619252692656131e-09
1.506987090244738597e-09
1.482717293640383979e-09
1.460384595957656539e-09
1.440287521238764088e-09
1.418959354453791497e-09
1.398851236583224730e-09
1.379357254785691726e-09
1.358748420023050091e-09
1.341083735646551743e-09
1.325505113697529224e-09
1.307217146802128935e-09
1.290741602498635861e-09
1.274000878098922579e-09
1.255954563264559108e-09
1.239047604230050110e-09
1.223040772096018664e-09
1.207832814824913971e-09
1.192182670072044966e-09
1.177247541233198747e-09
1.162772532345636898e-09
1.146348539673629878e-09
1.132252286887109416e-09
1.118156959079774489e-09
1.103995681092638899e-09
1.091410409152055525e-09
1.077528161112530185e-09
1.064556099525263149e-09
1.053741820537883875e-09
1.041884567215366585e-09
1.028588710384601456e-09
1.016363696931536020e-09
1.005903559047466109e-09
9.935008438272631071e-10
9.817701243747189245e-10
9.715255049819329160e-10
9.586456503787530284e-10
9.452836016380006026e-10
9.333211585297286852e-10
9.216114338883604197e-10
9.093709375599480775e-10
8.975158192140562123e-10
8.840072347250547992e-10
8.723883819931191318e-10
8.624003245584682978e-10
8.501876789285124645e-10
8.393327698476109661e-10
8.291423033557703141e-10
8.175363215443311046e-10
8.071335294635177362e-10
7.962610086907769387e-10
7.842663075446358687e-10
7.724890060407905969e-10
7.615540005406506817e-10
7.507794469061657315e-10
7.394852299119424328e-10
7.285059511358052677e-10
7.180035331260546153e-10
7.075686822222267964e-10
6.981155924983842326e-10
6.881815496437964587e-10
6.769759912039934315e-10
6.664021516957717035e-10
6.571077127032700332e-10
6.460606307225457336e-10
6.345887275830749331e-10
6.236466244873830136e-10
6.129323975239797086e-10
6.025261874007052510e-10
5.915322047948385526e-10
5.825648772825928083e-10
5.745853004909214872e-10
5.640115316071582576e-10
5.543869368725592497e-10
5.462906867902614511e-10
5.375235459068968289e-10
5.294248468378239826e-10
5.204217568420895642e-10
5.110977314035764449e-10
5.029719484455399338e-10
4.952813684366723508e-10
4.876039715958051669e-10
4.786626441674137361e-10
4.689464188956925773e-10
4.605450962125084782e-10
4.523197763708859908e-10
4.432487936118227592e-10
4.343658879024594563e-10
4.247327821268737959e-10
4.156601508444808738e-10
4.081665440237373625e-10
3.991655750390178134e-10
3.898992435547557362e-10
3.819975892244210246e-10
3.744534206155122994e-10
3.654420491250307993e-10
3.567321181045737887e-10
3.490106844779160317e-10
3.407574081477967781e-10
3.333965045593268689e-10
3.257859097653840208e-10
3.177149008345921432e-10
3.104908971861440976e-10
3.025199007937557172e-10
2.938703718075734624e-10
2.869195461565082710e-10
2.804396640643258325e-10
2.728039222824186993e-10
2.660640970491208184e-10
2.597351732004660824e-10
2.533431559095021116e-10
2.471791919842921166e-10
2.404728865011466727e-10
2.335072434761993950e-10
2.276210741284827571e-10
2.223900375242612651e-10
2.168451225152581137e-10
2.120401578429390290e-10
2.062094438621116222e-10
2.004584017742461194e-10
1.954418752941454541e-10
1.901509108985048869e-10
1.853337726762072012e-10
1.814156097471817239e-10
1.767487791475983441e-10
1.718967433453530588e-10
1.674255084528441643e-10
1.632358617172046028e-10
1.590760405161005733e-10
1.549442784923824757e-10
1.512172754415013249e-10
1.469724100066545058e-10
1.430202074833587880e-10
1.391098583393007053e-10
1.353131255064266833e-10
1.318611938486561159e-10
1.283841515251168183e-10
1.249737908876867930e-10
1.218683572781643382e-10
1.187762033378717323e-10
1.159374729846452378e-10
1.127378752312714511e-10
1.094871773856780209e-10
1.068351199530168166e-10
1.042269700529471530e-10
1.017994776834479405e-10
9.954067831269018504e-11
9.690946359815207063e-11
9.420210795500252217e-11
9.170707146683790776e-11
8.914385402848856917e-11
8.663250459845324384e-11
8.455840471048495687e-11
8.260839324790501749e-11
8.079226002039231451e-11
7.885599842934265857e-11
7.691799497262499113e-11
7.528817058785691411e-11
7.353728749849733609e-11
7.189261194050484592e-11
7.037535669679031147e-11
6.865062948924077936e-11
6.723273395853398995e-11
6.585474674616186178e-11
6.434507459009677037e-11
6.308449105913154054e-11
6.157745492996320558e-11
6.001456822677899186e-11
5.867007563439462974e-11
5.728906474157670488e-11
5.588409309642460813e-11
5.449618321800043197e-11
5.308446355682743144e-11
5.172280654806947338e-11
5.056952582354699234e-11
4.930477147605991179e-11
4.802440438349308958e-11
4.696251050633768688e-11
4.587051191496910029e-11
4.482059765865716338e-11
4.390300354767188912e-11
4.291706501645269120e-11
4.205232136112001219e-11
4.126484706538559143e-11
4.039412878570862706e-11
3.959064855822144212e-11
3.882839485004486070e-11
3.805751883486423272e-11
3.733895386138528078e-11
3.665453267695250577e-11
3.603699700902514543e-11
3.550263713397168799e-11
3.485221479972222254e-11
3.415685407886535254e-11
3.349619269181500585e-11
3.285732543392007005e-11
3.223029769895253932e-11
3.168106967751611403e-11
3.116749172305257076e-11
3.055568925268456318e-11
2.995333263470355021e-11
2.948155459522188525e-11
2.900270739935227783e-11
2.852515257186296090e-11
2.804681082602131541e-11
2.751807735602144743e-11
2.708485844833708917e-11
2.665919033347377573e-11
2.619678208124249799e-11
2.575629196311716219e-11
2.529412476501395697e-11
2.486089936100444499e-11
2.437550684690459645e-11
2.391954504570914332e-11
2.346275964984659100e-11
2.300772032729927596e-11
2.256095032407267166e-11
2.213569382667386333e-11
2.172035320603918816e-11
2.126840341431783772e-11
2.084519434895756264e-11
2.045653821938601947e-11
2.006025925498210798e-11
1.967828384180139596e-11
1.933322571973184133e-11
1.899435378760630110e-11
1.868050346516670085e-11
1.832678470736124332e-11
1.799862024317992740e-11
1.768115052521705246e-11
1.733969025343114088e-11
1.703474197576118035e-11
1.674521541974028826e-11
1.646503962613930000e-11
1.622435545089944779e-11
1.594974281874207803e-11
1.568392720058015067e-11
1.543994740615660753e-11
1.515789403303186321e-11
1.485513597845998195e-11
1.456390433949391064e-11
1.429556119341791385e-11
1.405598913939911912e-11
1.385728791750547085e-11
1.359689340115619996e-11
