9.183506109776885529e-01
8.727749955533740112e-01
8.493362035279871103e-01
8.246921796289359285e-01
8.127536980363304631e-01
8.019915753654747181e-01
7.889574567057435761e-01
7.730027694768284441e-01
7.503123260064846756e-01
7.099729802712236859e-01
6.800474019060057662e-01
6.519284872208780390e-01
6.400116482319813116e-01
6.179077515105101392e-01
6.056984578312399892e-01
5.875438240620665109e-01
5.577900016668354555e-01
5.282340786141224154e-01
5.056676634670501658e-01
4.957716718945394674e-01
4.653749458405808670e-01
4.387525298142910812e-01
4.349999488044836160e-01
4.231977662462850787e-01
4.012246426180280934e-01
3.927584702966149255e-01
3.748915369451851221e-01
3.491022705806121063e-01
3.398873044660177256e-01
3.272629263169382074e-01
3.144606011731239659e-01
3.079315328343683045e-01
2.947997631865272306e-01
2.836521722924293942e-01
2.778706968260737376e-01
2.738248279507091709e-01
2.630841825370048848e-01
2.581543946670636358e-01
2.432985373152431741e-01
2.410728487092480832e-01
2.349718099543372518e-01
2.295619636110996786e-01
2.161626223793500501e-01
2.129080771357879931e-01
2.046258955500134813e-01
1.946956244203125463e-01
1.873112272654699761e-01
1.839655445920746202e-01
1.816831299255235455e-01
1.767718968848901173e-01
1.696538577459994479e-01
1.674826728871356973e-01
1.562599802169109264e-01
1.517586605568370661e-01
1.461954554788249261e-01
1.394610885284165436e-01
1.369635178689584676e-01
1.355423560220786194e-01
1.318593940709238688e-01
1.249983547390070698e-01
1.228172267318921873e-01
1.174609113747910605e-01
1.127865661561411742e-01
1.099659030818151279e-01
1.070148231347947398e-01
9.966958722348036315e-02
9.174765110421102821e-02
8.946382555248932889e-02
8.852560104494457127e-02
8.079858867783583365e-02
7.725025832740971266e-02
7.455876484553540517e-02
7.035827980449577135e-02
6.613123278991615839e-02
6.207532479833909739e-02
6.076778811398351327e-02
5.921478845005890418e-02
5.818155777562173531e-02
5.666028499061980667e-02
5.362229256460733506e-02
5.213857037571141551e-02
4.947974679861223690e-02
4.769279942749347218e-02
4.611921258169997956e-02
4.228685900827959532e-02
4.198164843231821236e-02
4.039281683701379660e-02
3.855486296260419304e-02
3.594041685707101419e-02
3.541336311334230408e-02
3.326248747020515983e-02
3.177448475865145283e-02
3.077412149428634947e-02
2.888287562078293430e-02
2.796663074971252744e-02
2.728054567779463965e-02
2.645730139573424303e-02
2.416960090147204573e-02
2.385578418450343130e-02
2.249591776076465335e-02
2.047382833920007375e-02
1.963814488486383472e-02
1.937834474068752047e-02
1.844674655401217639e-02
1.816538675844751871e-02
1.762531816396356935e-02
1.713669658176594432e-02
1.630597560358221579e-02
1.577185929667491993e-02
1.543583541488779444e-02
1.435164726507047982e-02
1.426344742376828810e-02
1.416334339587943005e-02
1.301340777769948581e-02
1.282248700999226616e-02
1.273277852594667178e-02
1.207794788419746211e-02
1.164676276249487948e-02
1.152332788293772975e-02
1.127512038187150796e-02
1.117991373772646811e-02
1.061749775081325883e-02
1.043226936572244634e-02
9.774343638902354206e-03
9.091455986779142795e-03
8.667014832613804953e-03
8.511243969878382401e-03
8.394943084544375170e-03
8.066808749389061187e-03
7.651665684220649959e-03
7.343895631116310711e-03
7.209650441616081117e-03
6.877658392272978025e-03
6.581818773513077939e-03
6.386680157615276347e-03
6.230188277572570182e-03
5.698084915396619578e-03
5.498855710902072862e-03
5.210620917505162132e-03
4.995256592718787247e-03
4.741184951827241006e-03
4.096428277227191772e-03
3.989620298009119263e-03
3.787439998788299112e-03
3.732481704118537948e-03
3.444347362388271681e-03
3.191503782217731608e-03
3.113606640918854980e-03
3.030729733806369636e-03
2.921856392770818926e-03
2.727086102574391782e-03
2.628630994150971470e-03
2.466932349701937786e-03
2.426728448071814852e-03
2.406124298291081442e-03
2.136060447673076082e-03
2.064466592551423771e-03
2.029234955245990801e-03
1.942082988134208928e-03
1.904814957691423677e-03
1.818385975796627365e-03
1.805573301277696354e-03
1.734786848343765776e-03
1.675923873763866985e-03
1.590505292924884522e-03
1.570792410934382984e-03
1.545839518181293471e-03
1.499775719003616477e-03
1.439658181246310622e-03
1.395597077722711887e-03
1.384094154081883530e-03
1.348612928729354390e-03
1.317085887016543506e-03
1.295330143386713229e-03
1.235258550529231940e-03
1.192121169134634879e-03
1.175212080434131492e-03
1.089570408608054068e-03
1.083766965779314273e-03
1.041599749783152923e-03
1.014803030467584504e-03
9.955679368914393656e-04
9.648326102473882065e-04
9.219219462531586451e-04
9.014822779510705793e-04
8.703703359438375031e-04
8.571897493115296623e-04
8.523266853880540755e-04
8.306487936785431547e-04
7.884419650311499028e-04
7.403402651675405162e-04
7.196858427770823526e-04
6.926364273374585514e-04
6.510135164349730016e-04
6.455736451819773765e-04
6.059222517103915202e-04
5.888234037035418788e-04
5.718568588517472431e-04
5.385674354591528899e-04
5.239265707244160483e-04
5.161415224851969435e-04
4.983279405563333531e-04
4.890811383508446037e-04
4.857276264321130845e-04
4.395915638227954991e-04
4.255144669795569577e-04
4.208040436005134363e-04
3.982813155067062142e-04
3.704017556229618449e-04
3.625088615930759030e-04
3.580843229665523690e-04
3.551399431555767256e-04
3.282017374506576387e-04
3.238424575010684088e-04
2.941079972640099193e-04
2.853642509582472665e-04
2.772685737885307970e-04
2.713982480557914083e-04
2.559269680990009367e-04
2.506995394133909680e-04
2.406202375829378441e-04
2.308024549098219196e-04
2.170238080959138868e-04
2.102163337980095996e-04
2.042189240038639437e-04
1.930619827421700446e-04
1.829974585930287687e-04
1.795065795674552381e-04
1.738977927489398221e-04
1.712687080019192453e-04
1.618974563030290922e-04
1.469561598964096237e-04
1.432709853649645113e-04
1.405410664794567001e-04
1.378818039747693172e-04
1.349593469478794496e-04
1.319267410458140782e-04
1.274177670549572067e-04
1.214152677966681302e-04
1.119404338546891697e-04
1.099738892305177643e-04
1.068471193589436971e-04
9.980492929000401984e-05
9.398316907985894409e-05
9.275526220783015760e-05
9.161697780918927456e-05
8.816918842013884159e-05
8.521492635007999177e-05
8.382279275222210115e-05
7.755163900522346718e-05
7.465446750167198473e-05
7.273322603113580758e-05
7.149399826346294201e-05
6.953598720950907714e-05
6.808585314695056988e-05
6.731836750459031229e-05
6.436725774221602702e-05
6.229849125525147653e-05
5.908693100410900749e-05
5.789399856839780637e-05
5.556193421354417572e-05
5.148223409649462981e-05
5.094660203307575894e-05
4.891245378559784524e-05
4.751331401640770198e-05
4.595068074942849267e-05
4.364918202488891750e-05
4.334433731078364462e-05
4.085420093186795148e-05
3.889398662430200069e-05
3.675495673852701290e-05
3.569564667613663359e-05
3.482634726303598260e-05
3.430416499801232561e-05
3.213303144197261372e-05
3.053817761597981035e-05
2.990704181913678004e-05
2.816137405798534461e-05
2.753639732859255540e-05
2.716697008125192061e-05
2.600879926818148804e-05
2.438506620267903466e-05
2.387534198952324919e-05
2.316897678441057388e-05
2.228415749679380371e-05
2.158408047225896512e-05
2.062702500316003523e-05
2.009680442343263570e-05
1.866750562865577553e-05
1.800244852451969457e-05
1.688728517204067799e-05
1.618087358668863869e-05
1.529375049129230184e-05
1.400208853825751144e-05
1.305156892105359424e-05
1.288796373420960513e-05
1.265947569139138989e-05
1.235496880133862354e-05
1.152899481053509833e-05
1.125565557154037690e-05
1.058409892314970845e-05
1.033444547677837151e-05
9.994255996311867586e-06
9.839979113765938605e-06
9.381716111573655602e-06
9.216613233594493485e-06
8.741955716312782362e-06
8.424054814068337920e-06
8.257619721793964853e-06
8.174927903485361278e-06
7.370325683421223204e-06
7.241496166536891729e-06
6.900524457343094435e-06
6.642712103667710475e-06
6.401822737381552823e-06
6.308968825088480174e-06
6.110043293345323658e-06
5.962527314476579554e-06
5.788273004838827773e-06
5.694603633774465538e-06
5.543051972461050384e-06
5.310949619179152492e-06
5.057773194145722752e-06
4.970326333598673779e-06
4.933857844371005795e-06
4.885207240881354135e-06
4.828852332542119649e-06
4.736255470431791469e-06
4.619071989641631154e-06
4.277592886070711320e-06
4.138504617160683394e-06
3.988461244914936648e-06
3.896384823613257974e-06
3.825682113705376300e-06
3.704850766266506858e-06
3.558723495010090821e-06
3.430639511863814886e-06
3.257049080279893206e-06
2.954112401958098238e-06
2.833642589048210233e-06
2.793831253707991658e-06
2.702492574725618736e-06
2.656056493778287236e-06
2.313777195648690600e-06
2.262146809364980762e-06
2.136941380188771033e-06
2.048859727773525423e-06
1.944741925226077888e-06
1.700004999010270755e-06
1.637567973929474423e-06
1.628663231945259435e-06
1.594273225773367227e-06
1.531496202081765635e-06
1.422497228857772308e-06
1.327225398497581659e-06
1.299362976552341667e-06
1.264532038690153859e-06
1.234175914128979883e-06
1.178995393394251882e-06
1.102178009154340802e-06
1.013007868139945551e-06
9.968724899871480602e-07
9.663059694792873635e-07
8.792691048130572284e-07
8.275462164292310412e-07
8.064585242420357761e-07
7.881437153008837763e-07
7.007466468416722158e-07
6.277061331715770605e-07
6.165773193537310655e-07
5.984758859488270886e-07
5.909807158118445135e-07
5.725888178671537029e-07
5.362853790551411691e-07
4.902358545888903621e-07
4.715469554669819984e-07
4.538783294899725199e-07
4.080007041175904209e-07
4.023433323137730899e-07
3.942435097200034546e-07
3.767258123667433633e-07
3.659072352119166329e-07
3.502042662929835770e-07
3.418623911775625735e-07
3.383094280814622882e-07
3.348202634733423704e-07
3.156349626248353750e-07
2.983308830830535116e-07
2.946651340880930758e-07
2.928665345659606030e-07
2.791136532865765303e-07
2.629010677243563823e-07
2.473685432754779641e-07
2.381681075164279245e-07
2.323205575067248485e-07
2.307252355926337767e-07
2.238349780601046293e-07
2.076912169915309375e-07
2.044426285356922764e-07
1.982524034884294525e-07
1.846088843729856495e-07
1.810769072935895150e-07
1.774592487461406302e-07
1.660887902106722927e-07
1.623430038393430768e-07
1.601491900195069715e-07
1.547952404671624944e-07
1.486845082888388964e-07
1.445849757924777349e-07
1.392320785506101714e-07
1.378723827209579575e-07
1.289820196012639546e-07
1.199987843458817999e-07
1.177817329971564572e-07
1.152321273627106848e-07
1.103472147507073389e-07
1.021375175289187052e-07
9.982980199153490922e-08
9.763150742060775788e-08
9.309283747251461931e-08
8.922913226683175014e-08
8.784686422890782378e-08
8.727465205796306070e-08
8.458720895303602542e-08
8.184430212431979181e-08
8.009903396013921088e-08
7.649988436818279518e-08
7.347006014011105637e-08
6.949143524497790257e-08
6.474115123274304364e-08
6.301493380328702471e-08
6.198597282906387218e-08
5.768727327092350473e-08
5.441114768254672639e-08
5.067764208935171618e-08
4.915129182199306314e-08
4.658364298803099180e-08
4.582370380899716622e-08
4.456434275671284905e-08
4.420097813753127667e-08
4.084191819989811759e-08
3.787119127988336310e-08
3.690966126302788257e-08
3.604343962511663956e-08
3.368142285849786029e-08
3.222763159439375113e-08
3.143053770807083950e-08
3.102421671919860559e-08
2.999581364802437213e-08
2.836688270060627955e-08
2.766356671222406974e-08
2.691317697113348544e-08
2.551926279178360122e-08
2.459697408648496911e-08
2.251437487088251223e-08
2.207515872945140847e-08
2.140835649649575357e-08
2.016487561498515662e-08
1.924827165449095159e-08
1.811933933767909825e-08
1.712650780956199980e-08
1.602844349659266480e-08
1.571006894168273636e-08
1.538679528099760662e-08
1.478165952610849385e-08
1.366724890556319245e-08
1.338941860161870254e-08
1.300526731884284563e-08
1.224072250513991283e-08
1.185450794488852386e-08
1.160951819090516373e-08
1.144588089444380679e-08
1.079045200032273063e-08
1.057306306936507324e-08
1.047713394315728798e-08
1.016882717213392574e-08
9.492069630014432736e-09
8.675396359860172938e-09
8.018748656189091724e-09
7.918815267793969671e-09
7.759989283227293031e-09
7.464404925160923345e-09
7.070787386552368590e-09
6.846865892926123755e-09
6.093368272470538647e-09
5.611186437480089182e-09
5.484952984099765408e-09
5.427195530427450727e-09
4.713923516182528549e-09
4.416822744763658556e-09
4.185675168921353747e-09
4.060395086292185244e-09
3.827580883946915787e-09
3.580488733763867661e-09
3.340435333721536629e-09
3.244242370698126755e-09
3.150650229451723663e-09
3.011336064489847743e-09
2.863473127838581943e-09
2.703622568415165258e-09
2.548012757323382157e-09
2.214449230187129784e-09
2.163873619611821396e-09
2.074691656369357415e-09
1.995579268358322870e-09
1.899251545707144906e-09
1.661353541521250192e-09
1.458942751290779340e-09
1.402322796474068850e-09
1.304668934445901192e-09
1.263939760171457632e-09
1.181109192550221174e-09
1.156218075984127971e-09
1.053223115700351417e-09
9.752157511447962116e-10
9.563580243075652327e-10
8.795542008077046681e-10
8.146138140970148796e-10
7.551920322520121431e-10
7.484875072546566574e-10
7.155263599389486187e-10
6.864552408918844563e-10
6.197540578068442882e-10
5.809733257166622887e-10
5.437900106223284901e-10
5.360681129395708176e-10
4.760669070422051800e-10
4.536895992404219002e-10
4.398266134710349474e-10
4.246153079282785640e-10
3.966696699981718424e-10
3.693028460066865745e-10
3.431591743956504993e-10
3.262695813875769093e-10
2.708861691262087748e-10
2.685700823079130895e-10
2.609593749127351376e-10
2.518676938301885624e-10
2.338889190245681520e-10
2.142524828804665874e-10
2.024167791261299401e-10
1.967872299434110914e-10
1.830090886983487186e-10
1.707209994917650985e-10
1.526874187083216221e-10
1.440630614315748357e-10
1.406667876486131308e-10
1.359883176097155967e-10
1.308889886313798373e-10
1.012509772321317610e-10
9.949131446786456620e-11
9.721562617876184379e-11
9.017793659908367473e-11
6.733474772167911049e-11
6.480032599979604113e-11
5.780237444536921912e-11
5.434607573556749138e-11
4.732203663220219035e-11
4.200619757722782871e-11
4.126996017516369500e-11
3.829635925152266157e-11
3.536424030821651725e-11
3.205865179652715404e-11
2.782183020170431247e-11
2.588850009827050818e-11
2.546861792036730045e-11
2.524130214269502132e-11
2.450705839518848048e-11
2.324084780602737776e-11
2.164558944009160345e-11
2.038220260851493585e-11
1.971148348972090031e-11
1.805990330057588503e-11
1.753951163703309975e-11
1.693813761559469330e-11
1.660648021136763484e-11
1.509688507258592255e-11
1.422557635228981160e-11
1.373122879944183803e-11
