8.276815552230023521e-01
8.087711968670786566e-01
7.958607864754040362e-01
7.670403417354083597e-01
7.153282250464203518e-01
6.699158639826262585e-01
6.231048309282409825e-01
5.863816083529704848e-01
5.483076498776936480e-01
4.841352178695693120e-01
4.397678598264181393e-01
4.035803709411454610e-01
3.761756014039865370e-01
3.514927776045888574e-01
3.318531417800544836e-01
3.142081753289449608e-01
2.938191282144742011e-01
2.787201266352039575e-01
2.659455214891742747e-01
2.455849650422299302e-01
2.257900715656487867e-01
2.054012231327909110e-01
1.898769750904490961e-01
1.739489507424445691e-01
1.588449045455596065e-01
1.375162761180445392e-01
1.222465305510623268e-01
1.106271873691465207e-01
1.013732486548306611e-01
8.891410956170937852e-02
8.468808279961945185e-02
7.586862047597063563e-02
6.772832392384726952e-02
6.132526785145779591e-02
5.721430124492392355e-02
5.328347756636051674e-02
5.000546686752658371e-02
4.745661244187750899e-02
4.432771777378247124e-02
4.150782243981256114e-02
3.962357255031087599e-02
3.666574751212881011e-02
3.400599845735507998e-02
3.151796488874791802e-02
2.903760307058096332e-02
2.735035262827560654e-02
2.494475227809627924e-02
2.352631904566392096e-02
2.102147967628341732e-02
1.888561333546440874e-02
1.775599111814000694e-02
1.579778847964840444e-02
1.400628142304774677e-02
1.325727467899096360e-02
1.177842945651016299e-02
1.082500546134729062e-02
9.633747532984602430e-03
8.623752377360308086e-03
7.901166647879303423e-03
6.970302108228887059e-03
6.214260401060581543e-03
5.326768789244566357e-03
4.477006100535863009e-03
4.216231860949203394e-03
3.663947898489822771e-03
3.207798485579403062e-03
2.955432756604674770e-03
2.616235596375754511e-03
2.467834259251440541e-03
2.242630896454730557e-03
2.009763140278533929e-03
1.925408692166138405e-03
1.797849595984029941e-03
1.742109827127978454e-03
1.637905156666160126e-03
1.594708134283837758e-03
1.484262136609868247e-03
1.387775731712522550e-03
1.300296984737650844e-03
1.223891733096426617e-03
1.114624530105981070e-03
1.027751723412109221e-03
9.055966510403218534e-04
8.004965211438685524e-04
6.900962245669645936e-04
5.459659790639025774e-04
4.888673096442343324e-04
4.370294541945303674e-04
3.256353138456199114e-04
2.679845721675222655e-04
2.223572878711101001e-04
1.826520986770298978e-04
1.518732629588210193e-04
1.296260182681736579e-04
1.044058554902266062e-04
9.110973081758725787e-05
7.991042971391385148e-05
7.267226294073861131e-05
6.653432039443011334e-05
6.097657183632336313e-05
5.553379250605190433e-05
5.068499699742355468e-05
4.703088116982902033e-05
4.402596085333819839e-05
4.073588374071927814e-05
3.809566842512506472e-05
3.420611838522309012e-05
3.063996501124019732e-05
2.761717539122468293e-05
2.628939910955588514e-05
2.399956965977203315e-05
2.189459038594480399e-05
2.012768161484210916e-05
1.874368804039784590e-05
1.750127057424493888e-05
1.624639379398852031e-05
1.471776368364559963e-05
1.363403116271463449e-05
1.298675484891614534e-05
1.190373984440495392e-05
1.133792824838233573e-05
1.074622815673817035e-05
1.020117391133765673e-05
9.764679135528816318e-06
9.187084197706053471e-06
8.559064931501560270e-06
7.902697410675221928e-06
7.482729385759684080e-06
6.890236693834042556e-06
6.293660580034700534e-06
5.966678726902813555e-06
5.352840610469863102e-06
4.965973954318742456e-06
4.666066092855963557e-06
4.300906503594773999e-06
4.013796735905956924e-06
3.560042830855753518e-06
3.197925131020048968e-06
2.887529777810517576e-06
2.664721744588283627e-06
2.388278297542296339e-06
2.184084137002986564e-06
1.919703915186768996e-06
1.805134167354809230e-06
1.584098111964303210e-06
1.366291421743441725e-06
1.270647703266765713e-06
9.773458043283382129e-07
8.262930177080741299e-07
6.897258068513128485e-07
5.773266439728905494e-07
5.176860572212297220e-07
4.241011104062571142e-07
3.653876896369612054e-07
3.202847407534014973e-07
2.838839099620270569e-07
2.242750489523790208e-07
1.989162690378975269e-07
1.694022739502208383e-07
1.517963161142368451e-07
1.325868302504409213e-07
1.182092610463531009e-07
9.981958586860080810e-08
8.578807454342284549e-08
7.944102526475887616e-08
6.694640500535477962e-08
6.285829113735804198e-08
5.356498530954820586e-08
4.742027463013934666e-08
4.216740833658437782e-08
3.878321644294292277e-08
3.388895745606929588e-08
2.880325174154560856e-08
2.552436096907864872e-08
2.167883951401947911e-08
1.879472523650066699e-08
1.473598253069850700e-08
1.251868462856152897e-08
1.054209244628352207e-08
9.080631281073226123e-09
7.710670761624940358e-09
6.992675950181735966e-09
5.850645122467837555e-09
5.266463576955292770e-09
4.375059599472222645e-09
3.600348858171094742e-09
3.213164725818882702e-09
2.773922372935275925e-09
2.262712602994903710e-09
2.082984980105288545e-09
1.759922876482422372e-09
1.440589097454387863e-09
1.142597095162832518e-09
9.677891317186601213e-10
8.565353040265270097e-10
7.413521389520501023e-10
6.201306974788135915e-10
5.185783060440069638e-10
4.341259671706697291e-10
3.505200750393413494e-10
3.093259920302672296e-10
2.555070162524176936e-10
2.097860168360896653e-10
1.615958448770938488e-10
1.475739378845979898e-10
1.230555964926572474e-10
1.034573482472600060e-10
8.771565785297665572e-11
7.883120871092254896e-11
6.094829606499804835e-11
5.325622356464523746e-11
4.321245361961351192e-11
3.348148552925437809e-11
2.923388535887216567e-11
2.390423968971903130e-11
1.948003614047746454e-11
1.644965087809962507e-11
1.418404731417766081e-11
