9.956197936783857116e-01
9.907515110492279842e-01
9.847417692954641977e-01
9.780901927858736133e-01
9.707506419646516616e-01
9.624392869568685338e-01
9.533905695609091735e-01
9.440605026764977703e-01
9.342534955846865108e-01
9.242233388621565737e-01
9.142879267253424258e-01
9.045912415922555683e-01
8.949836786101245112e-01
8.853099193030364855e-01
8.758606324372435470e-01
8.659752808390939194e-01
8.557180699599626905e-01
8.447684168580459341e-01
8.341394556982287822e-01
8.228625421566213571e-01
8.110849383299889581e-01
7.994192327229728834e-01
7.869712856542138146e-01
7.753096256804810071e-01
7.637687549683572774e-01
7.521781028454354034e-01
7.410232350891547970e-01
7.300191790512505774e-01
7.190450495043573254e-01
7.081504907589258879e-01
6.975205564668862657e-01
6.867251060023272791e-01
6.765915879222806906e-01
6.668390869527328624e-01
6.575511245141928418e-01
6.481736939111705231e-01
6.391410777045484215e-01
6.301799088802361171e-01
6.208186537638630265e-01
6.114302318093667310e-01
6.017344121625707309e-01
5.922262064174230733e-01
5.819635484322076557e-01
5.712397919265456148e-01
5.604110766668142229e-01
5.492696870071377413e-01
5.377116276047163579e-01
5.257760580524338812e-01
5.134218187144592438e-01
5.006140617862500086e-01
4.879483971002235299e-01
4.755771743239318727e-01
4.638349379251021642e-01
4.515549520933793692e-01
4.392009346533426450e-01
4.268949627584047724e-01
4.143329555105191297e-01
4.022491382194461895e-01
3.898662789276239882e-01
3.778964435226832008e-01
3.653171704707345868e-01
3.528708852811200947e-01
3.410736967858472579e-01
3.294278334894156779e-01
3.180743256944394970e-01
3.063975728092306339e-01
2.950572156554794323e-01
2.835697304232818183e-01
2.729929781982707859e-01
2.625395633761746783e-01
2.527911992665127783e-01
2.431010288078374049e-01
2.341814276426674724e-01
2.261683851653916444e-01
2.183280720108390638e-01
2.111659793085966519e-01
2.045048189982810460e-01
1.983059559348109846e-01
1.922816423796540330e-01
1.865755210353252092e-01
1.810800318926448493e-01
1.757136673237257862e-01
1.707582480433200711e-01
1.661146687710519099e-01
1.616385869939815090e-01
1.571130218827029856e-01
1.527108062346078099e-01
1.487684287814706741e-01
1.448431554004958322e-01
1.412092954067042938e-01
1.375278558008735663e-01
1.338700280618444760e-01
1.302834050178474923e-01
1.268515087438037980e-01
1.235525435175307968e-01
1.204221752470047840e-01
1.173590558039778603e-01
1.141283581862241464e-01
1.109850676759542160e-01
1.080668736618994596e-01
1.052135497671679992e-01
1.024813193402060452e-01
9.992538225532054952e-02
9.736847580105371935e-02
9.489021603842640040e-02
9.252304104484608549e-02
9.028157260484621915e-02
8.811744610122398957e-02
8.593887333723901345e-02
8.363755177971030075e-02
8.129999393126091656e-02
7.901777510390813053e-02
7.692541670854141644e-02
7.495266654281992902e-02
7.302701298098050742e-02
7.117267073085280227e-02
6.924645045219154915e-02
6.742427422688204719e-02
6.585707432858994848e-02
6.444302134866282394e-02
6.293656277542571120e-02
6.144523494279294923e-02
5.997913177406421353e-02
5.857293778666592537e-02
5.718802778183473823e-02
5.589128038161789852e-02
5.461225865091352133e-02
5.339759436203423554e-02
5.227552678445303302e-02
5.115013433232740159e-02
5.003616321621196655e-02
4.897830520759017398e-02
4.782775969810321853e-02
4.661027978498046009e-02
4.536702596981920937e-02
4.412294369922954013e-02
4.290340291374635656e-02
4.167017331814366204e-02
4.046246964259680307e-02
3.932136881258062322e-02
3.824470877171860100e-02
3.717098168140080261e-02
3.610495582960265848e-02
3.501931385793664170e-02
3.393755734697733589e-02
3.286084116705619701e-02
3.176872923082195432e-02
3.066880591427957950e-02
2.960603631637274968e-02
2.854172273718131453e-02
2.754492829674614826e-02
2.664796802450377158e-02
2.580466849697873877e-02
2.498719307196564654e-02
2.417029955791087995e-02
2.335848480345521089e-02
2.254412795067069902e-02
2.176484134693606326e-02
2.098965628068288555e-02
2.028753232577602816e-02
1.963150050692330159e-02
1.897619039258096468e-02
1.829770601230163926e-02
1.765202279811022359e-02
1.706631140262531571e-02
1.646554402529507022e-02
1.588790554499218757e-02
1.534226395187835920e-02
1.483322097091792011e-02
1.436510572268657679e-02
1.388892976716033477e-02
1.339297254893104076e-02
1.291337574822873542e-02
1.243276928855953714e-02
1.197891058070495694e-02
1.153975502672139643e-02
1.113160589582981586e-02
1.075397298895625596e-02
1.040940029827586849e-02
1.006726251779124434e-02
9.733642740147653918e-03
9.428084496515880264e-03
9.138887542912123296e-03
8.877581570799352936e-03
8.620578442727191981e-03
8.358937503798766905e-03
8.108133160924619123e-03
7.870314432107982858e-03
7.650438404338978822e-03
7.450520202009209246e-03
7.256004798303201248e-03
7.068902246830510196e-03
6.877682843047890592e-03
6.708486099713915560e-03
6.558883981410967845e-03
6.422140887013360125e-03
6.276770205790961621e-03
6.130660786714003420e-03
5.984616091701776275e-03
5.843528495283361809e-03
5.713535230842066437e-03
5.590857403400839934e-03
5.461237830212148890e-03
5.325080597034539259e-03
5.188103176798073909e-03
5.054256175040957449e-03
4.916127700186115855e-03
4.774828169091873374e-03
4.641707347142632473e-03
4.521967992734222085e-03
4.403094026960428439e-03
4.271829982318116163e-03
4.139600025482498280e-03
4.018474912769841659e-03
3.900624431158610655e-03
3.774708136284539960e-03
3.646327131735285863e-03
3.520486535320923628e-03
3.398156702112351598e-03
3.294638594911739569e-03
3.186029380364673296e-03
3.063284272449018960e-03
2.944473591805786203e-03
2.835502724397050318e-03
2.736202572288292355e-03
2.645302272224092643e-03
2.550348079362560385e-03
2.454833649413911550e-03
2.362094989305415713e-03
2.271722882752290427e-03
2.183615568559970667e-03
2.100734154964531593e-03
2.021454960386300653e-03
1.951377685649358486e-03
1.884540087682739845e-03
1.817593018907725805e-03
1.749286822816456749e-03
1.687538160345371675e-03
1.631011325221903147e-03
1.574922822501941856e-03
1.519094605521842650e-03
1.466101670012578224e-03
1.409911073563091402e-03
1.356160627388590650e-03
1.306232684227669151e-03
1.261714171049835471e-03
1.221645128036522076e-03
1.182814867240202525e-03
1.143948633363826113e-03
1.104374904960837150e-03
1.066679822914941116e-03
1.031288411050447149e-03
9.969411927325342454e-04
9.634153001600980750e-04
9.319219643904610951e-04
9.028202413003495264e-04
8.764566022138307357e-04
8.519229953442795109e-04
8.286438574940162239e-04
8.065089027932597970e-04
7.849514343148396127e-04
7.628312225027343921e-04
7.446848122526048171e-04
7.269480389380959589e-04
7.076263920831018161e-04
6.886517300573992764e-04
6.684245944471492017e-04
6.498900571604860612e-04
6.334826242141779499e-04
6.179716865580608736e-04
6.029411193383360469e-04
5.879750217116055163e-04
5.732841389081219522e-04
5.583774326522372624e-04
5.430883758672682467e-04
5.285506977677350031e-04
5.152251340979802389e-04
5.027187728944217289e-04
4.895955483606276347e-04
4.758702986354365659e-04
4.636254685688731623e-04
4.531209374495393264e-04
4.420745808390638947e-04
4.301505431279105049e-04
4.178384726074234855e-04
4.051120864500775721e-04
3.936079275311620386e-04
3.832379495026856544e-04
3.731065475846411525e-04
3.627755292512434932e-04
3.529555147433400858e-04
3.442363955685511022e-04
3.351332185525404770e-04
3.257459398996115428e-04
3.166981819313898438e-04
3.079709608855070338e-04
2.994590067555204260e-04
2.918521475587570937e-04
2.850247000485264044e-04
2.791088262563679837e-04
2.733463330531033203e-04
2.673662759336583564e-04
2.618753155401664333e-04
2.564492489525450588e-04
2.508297149138738621e-04
2.453593163917787770e-04
2.400712957398536259e-04
2.349991871239241888e-04
2.298027402359594223e-04
2.247911790603138952e-04
2.198821828838950327e-04
2.151585907318945962e-04
2.106183829693855148e-04
2.065107904113333624e-04
2.024734795830304311e-04
1.984778088194450309e-04
1.943656013343360311e-04
1.901909651427693547e-04
1.859518383458445227e-04
1.818580506457398731e-04
1.780059906141743902e-04
1.742786545186925681e-04
1.704847167026172464e-04
1.666859632750608935e-04
1.630868670533561996e-04
1.594039117381427389e-04
1.557643727662036414e-04
1.522250927123866776e-04
1.488001350841500138e-04
1.450804688427816147e-04
1.412916531437040650e-04
1.377021758875716690e-04
1.345552068219903490e-04
1.313022629420817339e-04
1.277431030377452603e-04
1.242629744253123409e-04
1.210576868250780292e-04
1.183552423562497753e-04
1.155579861851714402e-04
1.123134495203330325e-04
1.091812202464494526e-04
1.063067305466515829e-04
1.033706454339712648e-04
1.006114661329468330e-04
9.810817585944559363e-05
9.538524136394075173e-05
9.266834163407930360e-05
9.004410484104141395e-05
8.735194008484219023e-05
8.456307227555492228e-05
8.205527756661282787e-05
7.954365781193100521e-05
7.697662477463692253e-05
7.446224705605849234e-05
7.206857531174297633e-05
6.972207203304552460e-05
6.737579211489472470e-05
6.527503781801715147e-05
6.316181857999305586e-05
6.083376647969205837e-05
5.852748308455468969e-05
5.634388121216153537e-05
5.413065507405518615e-05
5.204532741809908986e-05
5.029585719982869566e-05
4.851691673437500389e-05
4.668192042292911974e-05
4.497452146120271626e-05
4.332961585893238494e-05
4.155361947468846483e-05
3.977218184916009753e-05
3.809112248980235703e-05
3.636409339137778088e-05
3.457120215825917924e-05
3.273291787008744203e-05
3.107929050626258527e-05
2.950830211485367863e-05
2.802559969260035066e-05
2.659985500071177479e-05
2.515967800799463798e-05
2.379548620026214757e-05
2.254610523808806067e-05
2.143914765037863401e-05
2.046085015621089604e-05
1.959021934101316695e-05
1.870041511410918436e-05
1.787420206217779981e-05
1.709834487064840772e-05
1.639531893993029094e-05
1.568205234974031950e-05
1.499800032425893302e-05
1.439894383498236497e-05
1.381916839906112529e-05
1.326907223471872144e-05
1.280571459453478215e-05
1.239180608884686497e-05
1.199130573696426519e-05
1.160820607900032676e-05
1.124332064857084508e-05
1.092277946867452654e-05
1.065381849206954746e-05
1.038674196614423361e-05
1.010711443114771716e-05
9.841695002076606948e-06
9.627330976875546462e-06
9.440819175233256026e-06
9.258538376914433727e-06
9.076192880327719619e-06
8.887379594886363348e-06
8.726125781434056536e-06
8.583898035131786318e-06
8.438769922227068722e-06
8.286708456621050457e-06
8.140986241591469580e-06
8.000537615253064291e-06
7.874047841366684506e-06
7.772499698359651969e-06
7.663217565331242228e-06
7.547228590445186202e-06
7.437647853679769774e-06
7.338411008448029636e-06
7.242757197340617341e-06
7.137512861872310761e-06
7.025484511754056834e-06
6.916720167649117964e-06
6.812221232803643385e-06
6.716234706255658756e-06
6.614396782962567516e-06
6.517703287635668623e-06
6.434195295577505087e-06
6.331344204586013495e-06
6.218092071190809793e-06
6.104811716802850988e-06
5.994373856447353437e-06
5.889943210594101256e-06
5.792751263646680607e-06
5.695523801840600771e-06
5.584033823154269905e-06
5.476413447322674619e-06
5.358441945090347312e-06
5.228981925124677966e-06
5.095641019181455425e-06
4.954627613430280105e-06
4.806405517862651230e-06
4.661614678168766722e-06
4.524296679775077873e-06
4.377181197515558116e-06
4.211110194725286078e-06
4.048287590260908953e-06
3.895509103570534184e-06
3.760583199490266249e-06
3.610845829492913805e-06
3.457274767609586287e-06
3.298893513427136222e-06
3.146113167480254393e-06
2.997437916774527975e-06
2.856000346560250079e-06
2.730887533560820900e-06
2.605176321770130013e-06
2.481475088306369837e-06
2.362960523412301462e-06
2.243804940459562108e-06
2.130114873721172536e-06
2.030610629337523573e-06
1.926834272846539274e-06
1.822596193512681709e-06
1.736554552856991213e-06
1.649549941962342979e-06
1.560362866269917740e-06
1.474998358751335415e-06
1.399064118661445214e-06
1.330767427441321882e-06
1.266829843590555853e-06
1.210974626551296048e-06
1.157156070655052934e-06
1.107603974074486391e-06
1.063379617987438317e-06
1.025639382903924444e-06
9.883982208689577977e-07
9.516254281911950732e-07
9.189336064385998425e-07
8.899475525080852610e-07
8.650434916860976204e-07
8.401089729907493979e-07
8.160555974373686179e-07
7.951525466237541565e-07
7.755852663213676404e-07
7.549357331192646630e-07
7.339305800096727402e-07
7.172080320451375480e-07
7.012074269615993385e-07
6.841370790296250590e-07
6.678282855134381178e-07
6.536753490009165200e-07
6.393181611440017249e-07
6.250010856513135605e-07
6.128757138443841489e-07
5.997064355569880078e-07
5.858913541801886328e-07
5.722968117879025122e-07
5.591775591074293950e-07
5.478511569586630324e-07
5.373170990031672761e-07
5.255738490718818628e-07
5.149103212946245250e-07
5.054617064859197953e-07
4.955158862459101668e-07
4.864802955316602511e-07
4.773194912641536255e-07
4.671504081473124185e-07
4.567688871798429014e-07
4.469580794151521223e-07
4.368968058482604620e-07
4.264171974468843914e-07
4.172769947218023450e-07
4.086491081636808486e-07
3.983504759999967142e-07
3.873457256961207810e-07
3.767333556408252180e-07
3.675593006722994659e-07
3.592742273812576238e-07
3.499564818120069552e-07
3.412192619962796233e-07
3.333998770249848099e-07
3.250049872440885812e-07
3.166036489067339611e-07
3.091267788873795366e-07
3.026794690594449714e-07
2.960412298799409786e-07
2.894752675287244297e-07
2.829817905506095239e-07
2.762220382253838758e-07
2.698354938958719626e-07
2.636980889162499500e-07
2.570467322865051285e-07
2.503194445350665063e-07
2.440350845793063878e-07
2.377161946782050648e-07
2.307234882360916579e-07
2.233173867812828993e-07
2.158351407759089986e-07
2.088995394052265903e-07
2.027343677938225247e-07
1.969094114577651807e-07
1.911752924451875899e-07
1.853709343316804715e-07
1.796991444455332616e-07
1.740218883386120207e-07
1.682224929347828016e-07
1.629546097209879101e-07
1.583294359941333517e-07
1.539680691954352285e-07
1.497921893606047620e-07
1.454325431181149189e-07
1.410385584616737805e-07
1.371473319665481448e-07
1.334152936191970305e-07
1.291895759093947431e-07
1.249294299135974691e-07
1.212159653012911517e-07
1.176733118559676766e-07
1.138585607656498953e-07
1.101542616740429208e-07
1.064896991939011306e-07
1.026138866918748995e-07
9.859908063314619013e-08
9.487473926086660021e-08
9.146064776697081489e-08
8.807186514991495455e-08
8.481902978299865868e-08
8.184189499114097722e-08
7.894425002186918862e-08
7.594979170573682504e-08
7.294522906718149764e-08
7.024640334242129962e-08
6.775122206316415375e-08
6.517739624049014602e-08
6.302980242686708352e-08
6.076135575948787148e-08
5.836061056803349990e-08
5.619368185002704430e-08
5.405277840040379303e-08
5.183746652037488889e-08
4.970429328329415656e-08
4.774299230315077260e-08
4.603343766258527249e-08
4.431650186554539045e-08
4.275284168879284412e-08
4.118813465516121861e-08
3.956994012211184015e-08
3.804468999413880463e-08
3.669297598843795597e-08
3.553588558953349640e-08
3.434185867477430370e-08
3.316203894529496468e-08
3.200235793423680461e-08
3.086846849939148721e-08
2.979180736329087701e-08
2.878576683118970750e-08
2.782011385544216124e-08
2.690429106943028221e-08
2.601282002674199971e-08
2.510990961189076977e-08
2.419724610613146860e-08
2.331662120255952309e-08
2.244942321787325276e-08
2.165903881233380363e-08
2.091524031471714569e-08
2.013661037668052632e-08
1.940529162721176164e-08
1.871119673248913596e-08
1.803018702240539792e-08
1.730056772620730531e-08
1.662274465900832925e-08
1.600735191109999654e-08
1.541805116489533750e-08
1.482933056287666629e-08
1.429776611322172433e-08
1.377744565111768859e-08
1.322255564884751753e-08
1.267715369672895661e-08
1.216197813059823931e-08
1.169734629608473247e-08
1.132314403261655985e-08
1.097279588074469400e-08
1.064267993757716115e-08
1.030560404231218350e-08
9.947327089673725101e-09
9.604775378773787969e-09
9.315997214779880816e-09
9.017954917857944939e-09
8.698272798495937962e-09
8.385638146910845442e-09
8.085909223355068643e-09
7.779607356482886359e-09
7.512993464598301401e-09
7.265046918302487846e-09
7.027944074429414212e-09
6.809648411373141843e-09
6.607768417502348629e-09
6.394514682542847336e-09
6.183149921652244625e-09
6.003831279945806282e-09
5.818907271526625263e-09
5.615744618754146667e-09
5.415512990899919493e-09
5.228669379288214420e-09
5.045956015955211573e-09
4.879460548108901949e-09
4.726426051310377098e-09
4.546211105411926040e-09
4.345927275925609382e-09
4.153093865529726390e-09
3.973940006271360421e-09
3.805979351107309796e-09
3.651431894502305214e-09
3.488487586206703601e-09
3.329538781778526418e-09
3.182340124565697952e-09
3.049703041870783749e-09
2.905473491655277259e-09
2.762249437725882011e-09
2.626939727462367319e-09
2.501203023869774056e-09
2.385174763348767559e-09
2.288518762050979161e-09
2.194075143446978863e-09
2.099165112910021636e-09
2.006951335968779286e-09
1.919276383795446708e-09
1.837882012043428651e-09
1.763500628422960387e-09
1.694382805000626258e-09
1.633025100008177905e-09
1.577404914117546793e-09
1.521930959832058008e-09
1.460810294176334714e-09
1.401953042414705437e-09
1.347581756579309344e-09
1.297660051074332108e-09
1.254637450682445652e-09
1.210124881959188219e-09
1.165366181664332703e-09
1.124472851320835823e-09
1.086710037892753704e-09
1.047825412926522319e-09
1.012210837582385970e-09
9.737058069853719895e-10
9.324593622360229960e-10
8.930456317696267809e-10
8.554100833708370873e-10
8.222760120042882866e-10
7.871998576598229442e-10
7.534361779341188789e-10
7.225424044007415920e-10
6.935196268193698857e-10
6.642509636832938121e-10
6.376448364796205750e-10
6.101276674648798160e-10
5.829108223642633836e-10
5.586149013036653982e-10
5.372768502528693805e-10
5.152706119274698434e-10
4.937523706098100449e-10
4.742874412040217593e-10
4.569168099737697063e-10
4.408375954867105787e-10
4.260339791808741343e-10
4.111198617224572868e-10
3.964920726447349162e-10
3.842705701125502922e-10
3.739355941871098373e-10
3.616280312705009108e-10
3.505427679186434332e-10
3.404270379486827393e-10
3.306543497676914243e-10
3.212501329252409621e-10
3.123065054766446015e-10
3.037684821501425523e-10
2.954581678477407183e-10
2.880775932201608944e-10
2.814852789873677086e-10
2.754714328959100472e-10
2.701750508687340984e-10
2.655206163902291470e-10
2.604524069998829180e-10
2.557279811651517238e-10
2.516799587010546899e-10
2.477884665714237709e-10
2.441622265771864615e-10
2.408138950126479530e-10
2.377047436566559545e-10
2.344361560352310677e-10
2.315219694292564720e-10
2.287168379205716974e-10
2.254201567099280143e-10
2.221522645411916188e-10
2.191239324236271705e-10
2.160724315519174690e-10
2.128870712692575485e-10
2.099932187546375705e-10
2.071064059086652782e-10
2.043179841155557596e-10
2.013151002138187675e-10
1.985775488889677544e-10
1.961257389719438186e-10
1.932646998116223970e-10
1.905668637924053445e-10
1.882219726888275707e-10
1.852746500573039252e-10
1.821073974937287741e-10
1.790849109483237151e-10
1.762301179332282478e-10
1.732780960309580950e-10
1.702055456072840363e-10
1.672772980468513231e-10
1.640154963141730490e-10
1.606825986553631745e-10
1.573894633125792934e-10
1.540963742993388570e-10
1.505264393943811711e-10
1.469587054315499204e-10
1.434835248198575280e-10
1.397259983578246282e-10
1.358154394539616701e-10
1.321550479918857945e-10
1.286792541493252397e-10
1.253108525390376540e-10
1.218010678947305442e-10
1.182146398667019523e-10
1.146423730192469525e-10
1.109819936381742574e-10
1.075706098241609308e-10
1.044214696727069091e-10
1.013259192459623009e-10
9.850409355854736249e-11
9.583937007563367310e-11
9.282896500305345439e-11
8.973360047269328562e-11
8.672160873091046008e-11
8.382140712127977936e-11
8.078001670275473546e-11
7.790440244880399754e-11
7.522486103021217208e-11
7.227002670629199345e-11
6.930621579232776805e-11
6.652088822347982771e-11
6.399339782953754074e-11
6.144273402321900962e-11
5.910423475758282121e-11
5.688615797682023644e-11
5.476417207667849050e-11
5.288229250120702238e-11
5.094907956469622328e-11
4.921095788594068029e-11
4.773670920325598484e-11
4.621668747396001223e-11
4.468551201353584485e-11
4.328648573316449199e-11
4.190038468694394713e-11
4.052412500021012574e-11
3.932293252752329364e-11
3.822153378979407595e-11
3.697693269443514363e-11
3.596437048117084616e-11
3.491252429260787341e-11
3.371813052757982783e-11
3.253850171267807054e-11
3.144797078856319749e-11
3.044696542191997123e-11
2.947850389719466571e-11
2.852848249106538982e-11
2.762889095677795385e-11
2.678513422480060121e-11
2.597145378779686387e-11
2.518391664249110126e-11
2.434243936285533452e-11
2.347437710624446796e-11
2.264796668472609362e-11
2.188679780672661451e-11
2.115281583904092111e-11
2.050480384427376732e-11
1.983979839061720895e-11
