9.998898618498304192e-01
9.997490050165890318e-01
9.994032379902682006e-01
9.989869009307016379e-01
9.983456743474697914e-01
9.974833707908964398e-01
9.963769376911320030e-01
9.948530756138251885e-01
9.925340161197846456e-01
9.913688537460653150e-01
9.890684099474196245e-01
9.867274903448087775e-01
9.835759480402469501e-01
9.808905386230711843e-01
9.777537373885589744e-01
9.727745187259958515e-01
9.671987143154444633e-01
9.597402466990011538e-01
9.468768198749644149e-01
9.382238275728982391e-01
9.366374790678742013e-01
9.262648068526004863e-01
9.161604435776936617e-01
9.133197846458217528e-01
9.044342104801140758e-01
8.899333737985052339e-01
8.764243158520576005e-01
8.653937188953889637e-01
8.493571086113471669e-01
8.335167920605683900e-01
8.135977782173186013e-01
8.050971841260450290e-01
7.914752543200116452e-01
7.696151671608875144e-01
7.671679293929730692e-01
7.528447468187704494e-01
7.479008511513427493e-01
7.258343336274661883e-01
7.162402221125219182e-01
7.021338181692240443e-01
6.938594483501876464e-01
6.832807589910443458e-01
6.637976559770266682e-01
6.429650989142861039e-01
6.364410236021080802e-01
6.172196440141838325e-01
5.961979903258868285e-01
5.708216728780496352e-01
5.660696034002219434e-01
5.586887312489637880e-01
5.458600136968152494e-01
5.408195011521179651e-01
5.262689304729382123e-01
5.201886184210608999e-01
5.051457087285350367e-01
5.006948778703331771e-01
4.942094116031788276e-01
4.757133626224780421e-01
4.676944869384238035e-01
4.461737379831321459e-01
4.433036630210407947e-01
4.183988050500385691e-01
3.889670582324267212e-01
3.849810805477691389e-01
3.797052931443997692e-01
3.728514289339006638e-01
3.620049925723350381e-01
3.398705740453498159e-01
3.344072765804684266e-01
3.270350369962360948e-01
3.178226703741400816e-01
3.159150878108760163e-01
3.084815627804085580e-01
3.043479491468915610e-01
2.944018910107742970e-01
2.920041217715733106e-01
2.769134257848098746e-01
2.682980486538532050e-01
2.662826568242278036e-01
2.625151553992151610e-01
2.590077814337865547e-01
2.527878879204297768e-01
2.460812790694741348e-01
2.437999994042598373e-01
2.411979277085238849e-01
2.354102542834616563e-01
2.290471933574456664e-01
2.246105232785801931e-01
2.149185944282096250e-01
2.143553245027425835e-01
2.135829534844929656e-01
2.025005179066235450e-01
2.011711193135628239e-01
1.993852427768227908e-01
1.965810146779110312e-01
1.943688146509006121e-01
1.885961195937434776e-01
1.797801308951465227e-01
1.786324976910558526e-01
1.736742036789939714e-01
1.706868752909439235e-01
1.687814621666869352e-01
1.670761089185360260e-01
1.631229941331114597e-01
1.578091113891941788e-01
1.501148543171786365e-01
1.492633203788298057e-01
1.446057307460971442e-01
1.394172516157473063e-01
1.372809368308365308e-01
1.365394411844205458e-01
1.315571039128251019e-01
1.290699548044853540e-01
1.280107714474083835e-01
1.264845832996313868e-01
1.222790205798199997e-01
1.217843875882925059e-01
1.201706676935091339e-01
1.134321698962426073e-01
1.123564955526594744e-01
1.053992231215376829e-01
1.040465202888257584e-01
1.033960203509229070e-01
1.031796999125574460e-01
1.027328570440796951e-01
1.016525559752914781e-01
9.673351111270943326e-02
9.348907425681769745e-02
9.243524222304209947e-02
8.873419243809523016e-02
8.811971052773449886e-02
8.509094910514350407e-02
8.176195983163328518e-02
8.079813488397560861e-02
7.964863382215944809e-02
7.772171008645405166e-02
7.705358459994030018e-02
7.556603574222291175e-02
7.531444199693235197e-02
7.208819379049170861e-02
7.102760604244354181e-02
7.014510892839173617e-02
6.890215387643013056e-02
6.644751792052244754e-02
6.515446293630004770e-02
6.395188491063295844e-02
6.220605625253121385e-02
6.187349046551327003e-02
5.863297749978342577e-02
5.773457567967049675e-02
5.657529513141087291e-02
5.556150841953737263e-02
5.516408034880627281e-02
5.296299189032158822e-02
5.264968043793431113e-02
5.040614478853518848e-02
5.031653452184172565e-02
4.902393352522033121e-02
4.770029703911241037e-02
4.640182947248111534e-02
4.578917773933101343e-02
4.545863839344929658e-02
4.442898940330084617e-02
4.373852522494345307e-02
4.059489173487908220e-02
3.923692518984465971e-02
3.874158174752331124e-02
3.692904465528083074e-02
3.668251619141119080e-02
3.643833579124853422e-02
3.590477215716166015e-02
3.519190937861683272e-02
3.381691789544222226e-02
3.366703954599049170e-02
3.306611233600023625e-02
3.114517093721957605e-02
3.106200039782803027e-02
2.966046369181265033e-02
2.890924097743436880e-02
2.846120932570945020e-02
2.777820268537842599e-02
2.661318248074451276e-02
2.641736514525990995e-02
2.598536895912629055e-02
2.467277060675729383e-02
2.417879142321115865e-02
2.365497248831659530e-02
2.351321633552600279e-02
2.315667732929038020e-02
2.238265383294472596e-02
2.226611627234793833e-02
2.179294151216573661e-02
2.169210696437890926e-02
2.144437923949617242e-02
2.031735886717923878e-02
2.019892061239915784e-02
1.998818687943745842e-02
1.984496100640112740e-02
1.977155774506697550e-02
1.918676789843961825e-02
1.804492076391466665e-02
1.792989721497069075e-02
1.721245534023531712e-02
1.691454047103127176e-02
1.686944966944540006e-02
1.670673841247929947e-02
1.657912724116996500e-02
1.610214110147153294e-02
1.560368543937149313e-02
1.558715059300678878e-02
1.554152390331006717e-02
1.541202995652620790e-02
1.490458255890780327e-02
1.473073279747286711e-02
1.454794604625579690e-02
1.346583623872993352e-02
1.328157477988221348e-02
1.325413898903041003e-02
1.319916240614193124e-02
1.296577352854898398e-02
1.278341017320247172e-02
1.240640179294620095e-02
1.229850232697349798e-02
1.213594343170842048e-02
1.203433470634317215e-02
1.198795753936709486e-02
1.188411049261484977e-02
1.165926322023908349e-02
1.109887438706604577e-02
1.074555879028626058e-02
1.021645046476965871e-02
1.011905530043400586e-02
9.933415533894910179e-03
9.870174663546255056e-03
9.580810109795723228e-03
9.522468938180640025e-03
9.331837131803417951e-03
9.319257235896171582e-03
9.282209518329361669e-03
9.241984112048479832e-03
9.230967734595732846e-03
8.646823503112971085e-03
8.487252591772482396e-03
8.431636393791481360e-03
7.905242567221268044e-03
7.881076524747348752e-03
7.762905492581068448e-03
7.674268644498561005e-03
7.596446255044925905e-03
7.384763092345226002e-03
7.058177850728757086e-03
6.967255338022576398e-03
6.943227693798959856e-03
6.916400994984348016e-03
6.816001984017409573e-03
6.789179703707176085e-03
6.635933183063691919e-03
6.229012753523879495e-03
6.165895612606741606e-03
6.149624347962226976e-03
6.123629129848965139e-03
5.667301875382507390e-03
5.620600745899610208e-03
5.599126180294784587e-03
5.477531213221325038e-03
5.388660791867896753e-03
5.286469826655833433e-03
5.239440857921626692e-03
4.961669734473999130e-03
4.769077357989731647e-03
4.686399085414173944e-03
4.552940186253998447e-03
4.454091220026910186e-03
4.413170713960215714e-03
4.319401321108977572e-03
4.305502485625964035e-03
4.080875587907119122e-03
3.960637478063047841e-03
3.922796742597096757e-03
3.826822542818967849e-03
3.819465254656769816e-03
3.766731378733047253e-03
3.742871140849309258e-03
3.710946872000590781e-03
3.652924814941237858e-03
3.446177069159275883e-03
3.415824963587950347e-03
3.400317041129256607e-03
3.388963452115850445e-03
3.152212748159671958e-03
3.137158052451919678e-03
3.064550765018184738e-03
2.920131559258713413e-03
2.793117368234211261e-03
2.742139338522729154e-03
2.725443086460594463e-03
2.668229188334184012e-03
2.649273465385609556e-03
2.573884067211296232e-03
2.470782525604026808e-03
2.467782709638861524e-03
2.410663106289339698e-03
2.373179309578846066e-03
2.286615707794833249e-03
2.261617435282781228e-03
2.234160985008907998e-03
2.191922810842596853e-03
2.185391144435442842e-03
2.177488652085156698e-03
2.156998218541810765e-03
2.058875831379780499e-03
2.048715088023898064e-03
2.039831371824789904e-03
1.997664019013413363e-03
1.970323649198437149e-03
1.852983266490729978e-03
1.829514309127702135e-03
1.801989611089265713e-03
1.798627186766630498e-03
1.791263515159629335e-03
1.734502059379586713e-03
1.674541197879642019e-03
1.670389089524263642e-03
1.654122862701934253e-03
1.651428676708636967e-03
1.635527287329832137e-03
1.631025636011376083e-03
1.547877921030609005e-03
1.482988870278714516e-03
1.473094193249077427e-03
1.454865936482150355e-03
1.385915199185414623e-03
1.379192793268207854e-03
1.353291042257977455e-03
1.316395511561395610e-03
1.281362717660275907e-03
1.272104636448032977e-03
1.255819881511693317e-03
1.253481909730182111e-03
1.249024159825515290e-03
1.209221047587951065e-03
1.185074189427950042e-03
1.157643967148936325e-03
1.151631849513203455e-03
1.116671443236018487e-03
1.099121917490950614e-03
1.080595825149116302e-03
1.052545195386588852e-03
1.027201110141939128e-03
9.488983852668548711e-04
9.414215090770311923e-04
9.167255042791385908e-04
9.084515146397508520e-04
8.926416581132905420e-04
8.639606834365472525e-04
8.614854591935778520e-04
8.377105673624899709e-04
8.339684670267081407e-04
8.327003573091565662e-04
8.313075195082116108e-04
7.789133817864237657e-04
7.731900043056684404e-04
7.719194463363871547e-04
7.480558181133262902e-04
7.335009674991798323e-04
7.285190426792162357e-04
6.907232543671735581e-04
6.884777371194574338e-04
6.876679205603279318e-04
6.838096295534958806e-04
6.822801094025811308e-04
6.081984938571591672e-04
6.030625947207763357e-04
5.787486578997467481e-04
5.570708016194236226e-04
5.493616440891817840e-04
5.306348057567032098e-04
5.234813275488899324e-04
5.214599513743104365e-04
5.166490643588006167e-04
5.132334525842545620e-04
5.098016788622901059e-04
5.087004569239879630e-04
5.066045268583647867e-04
4.887439048987635929e-04
4.451189802574125574e-04
4.417271448511269640e-04
4.231767962812672573e-04
4.189435454256038418e-04
4.114283991353025324e-04
3.992130312679505102e-04
3.867796618651344947e-04
3.855138538178707144e-04
3.835933250355773360e-04
3.792321689167043718e-04
3.759638087717159858e-04
3.720465294860204669e-04
3.706973892754979768e-04
3.369669447109180133e-04
3.298039170794176550e-04
3.272898297890454488e-04
3.251255233619931222e-04
3.219784154526986100e-04
3.107089018621178437e-04
2.998851088593969803e-04
2.992151734298340525e-04
2.917819873976349723e-04
2.878187963150496140e-04
2.866056231403538222e-04
2.840717093247544216e-04
2.806310776813366139e-04
2.794936826621370672e-04
2.687862974797735867e-04
2.678386416040422538e-04
2.572926785043054229e-04
2.555821928223668722e-04
2.521979905077591038e-04
2.367146580249714907e-04
2.347201496636502633e-04
2.290935809463216311e-04
2.263662950694670501e-04
2.245379677163775937e-04
2.224841102466502756e-04
2.197554208017639301e-04
2.147720403762346192e-04
2.003037095197661107e-04
2.001239174850348264e-04
1.964765063760246422e-04
1.959348509254579286e-04
1.901183452977352271e-04
1.823722457578804714e-04
1.790253163660126526e-04
1.740052994993050207e-04
1.726062117908893853e-04
1.711210882201215735e-04
1.655168727259198711e-04
1.651296269429082032e-04
1.639358446268525166e-04
1.511314558157020099e-04
1.504588801741113448e-04
1.477759815129843057e-04
1.442663561254497041e-04
1.430821530478946938e-04
1.425159612237984058e-04
1.411647416391832450e-04
1.400423258726149966e-04
1.368774911970902831e-04
1.280668157678051982e-04
1.270710768685774520e-04
1.239620795180976492e-04
1.194517995968566410e-04
1.187576151788517358e-04
1.167266378410148757e-04
1.162321094834194764e-04
1.134801572646728735e-04
1.127572237030807225e-04
1.081256908945651089e-04
1.062401663298796241e-04
1.034547451738411869e-04
1.033594728178602876e-04
1.011637281847217973e-04
9.331577352053894579e-05
9.258341112619574104e-05
9.159377067250029235e-05
8.988165855342097226e-05
8.550584575819057545e-05
8.532629247059993303e-05
8.408550308513091905e-05
8.327400255940176272e-05
8.288183502312290740e-05
7.980585519520657397e-05
7.608761446008186077e-05
7.460972803949062230e-05
7.239176600614969704e-05
7.116884366453946802e-05
6.986799208069797474e-05
6.913520536438436028e-05
6.657848241956776565e-05
6.568052704059537835e-05
6.483052139969429492e-05
6.454076047457700310e-05
6.411633767454427181e-05
6.238885405216934446e-05
6.137407180216420234e-05
6.016619452674067597e-05
5.773307823374502107e-05
5.751714442033610102e-05
5.691460075766301483e-05
5.673261442448176376e-05
5.636594681439285892e-05
5.447160623564144727e-05
5.431493067125791626e-05
5.381841600014647235e-05
5.362188532898510440e-05
5.255105632726653962e-05
4.779211779585611702e-05
4.748254998220167100e-05
4.722546295037658413e-05
4.610004145976718789e-05
4.545583531678642098e-05
4.332347827748017979e-05
4.311729656249316429e-05
4.224629560775744453e-05
4.212063985061758855e-05
4.082065096378476038e-05
3.977425877366407968e-05
3.935041288362042160e-05
3.887256525373711046e-05
3.709848112282354359e-05
3.660684438868388042e-05
3.559415800205455356e-05
3.531530793958506236e-05
3.521014481119903944e-05
3.488333490282884207e-05
3.448100515698084419e-05
3.364406249783675855e-05
3.097899767640570318e-05
2.989312316771458326e-05
2.981079218368062338e-05
2.963529748471513512e-05
2.798261011381535912e-05
2.727994538745972364e-05
2.665519579170789408e-05
2.624815973583552076e-05
2.615418934495234257e-05
2.608006484641248824e-05
2.564398935102586970e-05
2.549222964581649521e-05
2.519821773895850435e-05
2.489068821468920042e-05
2.472761802455256740e-05
2.386883341272390288e-05
2.302794225953458312e-05
2.211486550511809114e-05
2.135035474723878709e-05
2.105499479019162337e-05
2.101213589745815763e-05
2.088806434715853271e-05
1.981125900014446897e-05
1.952088469322893607e-05
1.946869912535217147e-05
1.924167382703692044e-05
1.918322413237982341e-05
1.872636168118241637e-05
1.778022670906578888e-05
1.750851018440880758e-05
1.742820273032489792e-05
1.724161486256901824e-05
1.709963377562414804e-05
1.702468326027570803e-05
1.540300720368052801e-05
1.499119109509428676e-05
1.477980971844795531e-05
1.475005129744188467e-05
1.429002113788881824e-05
1.399184242839520078e-05
1.336471463018138368e-05
1.332487328243915308e-05
1.269807989418125630e-05
1.257009375532726605e-05
1.249118942794020977e-05
1.204006195552575535e-05
1.201623016769253423e-05
1.146969634571487488e-05
1.083108830375533313e-05
1.063798261695418525e-05
1.046230093466649463e-05
1.008104784242286958e-05
1.006320424988272195e-05
9.753758356048335753e-06
9.609641963279275380e-06
9.563673881246412926e-06
8.871984710310667702e-06
8.780236983701426528e-06
8.640081623114773406e-06
8.596208762046509078e-06
8.494333175817390068e-06
8.416758734704014031e-06
8.383611256790508576e-06
8.180523092503629888e-06
8.045494214770731228e-06
7.851489788875342412e-06
7.559548691658509587e-06
7.468304521945255649e-06
7.230299966313617470e-06
7.034854743511930645e-06
6.994490088398214066e-06
6.986553732344120298e-06
6.960355544594739929e-06
6.870126740934015286e-06
6.832627014488901037e-06
6.419733679196833104e-06
6.325959479882594088e-06
6.228267264562794088e-06
6.206773091974148373e-06
6.049839959068716267e-06
6.011384974280081261e-06
5.893730001316093941e-06
5.723036848528588298e-06
5.679921818736042599e-06
5.669812748897725740e-06
5.519993817333427321e-06
5.204146651450392616e-06
4.982352075101609059e-06
4.973879771071291723e-06
4.887692632370319601e-06
4.852519523661661806e-06
4.779700345634365883e-06
4.749573792993855127e-06
4.734396290252242843e-06
4.485808039114489571e-06
4.349440594530673658e-06
4.334563625031711694e-06
4.302751214581017984e-06
4.252773885758124341e-06
4.242798554383099347e-06
4.228489805726005930e-06
4.124633898439182567e-06
4.059403087887342737e-06
3.947928279837288382e-06
3.921478947151696433e-06
3.789951639111523470e-06
3.729802953609571362e-06
3.617718538559080089e-06
3.541748811279037682e-06
3.505699615341151557e-06
3.503360217135894782e-06
3.436786310583038996e-06
3.338316477967360995e-06
3.309081715390800312e-06
3.172142355498894883e-06
3.129123967384671590e-06
3.094308093811212549e-06
3.047657437775279656e-06
3.027151258603389011e-06
2.999495096083932743e-06
2.985118741741306001e-06
2.967828210892617546e-06
2.931856917648763429e-06
2.842241868311200664e-06
2.793142713078477844e-06
2.760450955846443567e-06
2.620228438399017266e-06
2.591465854473286540e-06
2.581722752807805306e-06
2.577204609427186415e-06
2.572110424201715838e-06
2.499485821318251962e-06
2.412911439024977205e-06
2.294653033481840212e-06
2.264133015322801362e-06
2.226501682832294308e-06
2.110359229051105271e-06
1.999715985567949947e-06
1.909553392060533440e-06
1.864572437832693711e-06
1.862135352032261418e-06
1.859713622051954914e-06
1.854371877009057463e-06
1.829283494730455645e-06
1.821425777564144542e-06
1.799902230610310274e-06
1.658657754993276530e-06
1.634409796061732115e-06
1.627846866620732288e-06
1.603870078585024156e-06
1.564618177949763428e-06
1.507753202172495566e-06
1.494409552598511325e-06
1.485955566097841843e-06
1.472100487875458129e-06
1.437488569889505654e-06
1.419995331717793574e-06
1.408794934122172017e-06
1.379391045317382079e-06
1.288425066680467835e-06
1.287239102550301956e-06
1.224860276905901756e-06
1.223876406862755160e-06
1.157658430769510295e-06
1.116594110534878279e-06
1.052101388037989014e-06
1.046982264096762426e-06
1.030756698467279476e-06
1.013266132280267815e-06
1.000921008923369670e-06
9.838857393459317027e-07
9.797347722835525887e-07
9.676366667465732288e-07
9.256191635514433640e-07
9.050491432557947214e-07
8.979370280909529929e-07
8.857153243065124753e-07
8.595977573846182963e-07
8.499019219314379679e-07
8.196863242941749753e-07
8.056124090557276500e-07
7.996754729437055691e-07
7.984369922136610852e-07
7.716254782352635494e-07
7.629483897632619366e-07
7.565153097110170624e-07
7.403264785987412743e-07
7.241554294596550113e-07
6.986378704529514149e-07
6.833142506393941563e-07
6.752079036771376056e-07
6.658863939497230204e-07
6.566186408546816045e-07
6.552872174689529121e-07
6.408394326054214220e-07
6.242368159618578160e-07
6.232594087881095837e-07
6.042558332538115806e-07
5.725140511621101023e-07
5.652714255369321864e-07
5.544066088878061256e-07
5.503342283890087911e-07
5.421610558176494216e-07
5.335929380734277699e-07
5.320018643279562658e-07
5.305064252795334249e-07
5.261068314093035086e-07
4.933515334453139760e-07
4.901300163832219655e-07
4.822009699314458531e-07
4.699203352899688779e-07
4.666377706278661488e-07
4.609827875194362192e-07
4.495073645239004921e-07
4.400141651730374507e-07
4.363186644868925405e-07
4.166768384822459935e-07
4.119423685213873540e-07
4.068623768329137762e-07
3.963279857225763835e-07
3.956514796377793248e-07
3.836152412194248760e-07
3.761800517532590916e-07
3.720687444357417721e-07
3.714467257954100337e-07
3.691836673631533476e-07
3.494647351070773303e-07
3.425369046915307092e-07
3.403528967081950063e-07
3.214380388830914856e-07
3.210612957671232008e-07
3.178957261841937352e-07
3.145300377450116668e-07
2.961450588911821916e-07
2.919358007373820078e-07
2.895148036559228413e-07
2.789712740308037081e-07
2.709310119888541811e-07
2.683059478815709938e-07
2.651234371494963999e-07
2.592097983663722013e-07
2.573738496819558282e-07
2.568079153493170113e-07
2.544116673379378482e-07
2.450639709908239372e-07
2.274792190555646949e-07
2.266701738173392243e-07
2.254928074794861419e-07
2.242613488843493980e-07
2.222329759253821358e-07
2.174148636447970790e-07
2.106564041074588748e-07
2.073418985512500002e-07
2.066182313328906139e-07
2.048327876960908159e-07
2.022181446887112241e-07
1.904570601321366124e-07
1.897783614749795019e-07
1.827089165661384633e-07
1.821326742430541875e-07
1.792751803561387217e-07
1.740521130145756788e-07
1.735106678794644962e-07
1.716916325354503042e-07
1.653005668140595358e-07
1.582377194728502172e-07
1.548164539521997409e-07
1.542034821554641584e-07
1.507970693709984812e-07
1.485558161288890244e-07
1.476889443380550598e-07
1.431472131961339031e-07
1.403115949624500825e-07
1.374106662199822565e-07
1.358480209496835529e-07
1.351551515169583559e-07
1.334423006480401465e-07
1.217919392640138964e-07
1.203863197754850495e-07
1.197288930736038629e-07
1.154263181144611036e-07
1.146536861558293276e-07
1.117176186967763687e-07
1.114152344506380556e-07
1.078626802196934086e-07
9.906118367503033901e-08
9.794088378172778146e-08
9.484934475687961257e-08
9.476804949805637657e-08
9.438271908697436733e-08
9.359715047650636755e-08
9.310842300785489536e-08
9.235551035042871964e-08
9.203785040489906516e-08
9.012041982979738870e-08
8.709990291722142676e-08
8.472197692454071183e-08
8.431475122489501073e-08
8.130347917510189407e-08
7.912164884589176126e-08
7.718312716874157044e-08
7.707607851128802592e-08
7.631495766434974663e-08
7.400510413986357580e-08
7.237975814296104217e-08
7.182766353697254806e-08
7.045818493018973230e-08
7.006015415282267313e-08
5.947591842140239487e-08
5.918065823474973767e-08
5.908657648608605178e-08
5.796285612602470655e-08
5.692961291058973652e-08
5.541446898971974943e-08
5.489125122847139024e-08
5.448995796072492857e-08
5.338678145518839198e-08
4.831190944167465992e-08
4.805655026300628473e-08
4.758562253969762895e-08
4.722464517972635946e-08
4.718698793777060075e-08
4.712513942986205545e-08
4.341887813188197180e-08
4.221678729303769371e-08
4.171010385239315440e-08
3.991387498208185093e-08
3.827806400080775933e-08
3.813935515054089487e-08
3.776371473016307478e-08
3.694535594782403300e-08
3.684709508320485987e-08
3.631143475795176877e-08
3.619277941689714698e-08
3.553864246956580676e-08
3.429243241555693052e-08
3.357437613183975261e-08
3.331213109159149190e-08
3.290428649119627873e-08
3.146273753094169924e-08
2.996051333816383519e-08
2.987437872335120941e-08
2.962205758215876370e-08
2.939845752801492803e-08
2.902628991812226271e-08
2.886748864692765014e-08
2.746970688775711285e-08
2.699553014634660854e-08
2.665146212902079298e-08
2.603279702760186930e-08
2.460037055199941143e-08
2.425805268958695397e-08
2.409947579656986305e-08
2.408024229257365257e-08
2.360686563518188841e-08
2.247730235262335993e-08
2.200668790557877859e-08
2.152516977902594259e-08
2.120552470704857851e-08
2.112244107768406216e-08
2.099442849654211888e-08
2.061086969434047481e-08
2.020656861605093853e-08
1.996015242020225890e-08
1.969818791272255475e-08
1.964187616690710935e-08
1.938529489126547656e-08
1.921729909689527387e-08
1.890602364786204826e-08
1.885675649568004083e-08
1.876689721698881298e-08
1.822504823406240912e-08
1.776383382461680511e-08
1.685005195687244601e-08
1.631205572868969775e-08
1.626300061773155773e-08
1.618830858527552157e-08
1.596124405148528782e-08
1.584375823034803094e-08
1.578210795601764546e-08
1.539525019244988933e-08
1.529088093506524942e-08
1.468992780063333216e-08
1.459567175295792596e-08
1.450169479810852588e-08
1.290561988959204245e-08
1.254641414561617186e-08
1.250561304178167062e-08
1.229830432166380704e-08
1.225617954683294962e-08
1.215910344101241028e-08
1.202378797154190742e-08
1.137867360543331669e-08
1.101316168201557909e-08
1.099573297366469077e-08
1.072476327759133714e-08
1.065829740402522205e-08
1.043414803877824219e-08
1.038085964381568627e-08
1.012395042988673956e-08
1.011427064758760866e-08
9.794526820134944991e-09
9.487276375749398360e-09
9.451738039016182224e-09
9.390092332915920045e-09
9.314322043301000861e-09
8.984971512438625793e-09
8.571963191495390949e-09
8.431173495852261877e-09
8.295235147787259284e-09
7.936066420794081862e-09
7.928894291546409801e-09
7.760090518718525250e-09
7.194361835148518176e-09
6.673455409898289722e-09
6.633165832513825862e-09
6.537731088043319999e-09
6.519715815144111377e-09
6.454496049146794192e-09
6.446680803865473484e-09
6.349133712545993847e-09
6.260145734985262808e-09
6.099193332231501324e-09
5.988666500872322631e-09
5.735761378214875166e-09
5.603372311961927666e-09
5.270646929257592130e-09
5.108779662648240597e-09
4.858481344026096626e-09
4.836901233410672476e-09
4.817941144171444659e-09
4.766660550334523346e-09
4.759371788397504848e-09
4.754001274766442158e-09
4.723223431958416201e-09
4.703012537710560953e-09
4.642814350717390748e-09
4.602592793429937648e-09
4.546822001498134556e-09
4.458376941161331471e-09
4.298102698757090310e-09
4.164902295373944313e-09
4.116649393785157616e-09
3.826969388519243763e-09
3.815671918477944028e-09
3.798785188031504682e-09
3.782938936615897822e-09
3.625039512284811212e-09
3.563066749040075076e-09
3.545715558859411102e-09
3.416823125640989658e-09
3.391900568221637885e-09
3.307792707300415095e-09
3.230524130194067449e-09
3.168002124154865923e-09
3.161204220142093482e-09
2.987990821827505917e-09
2.937189624513033554e-09
2.862053986135353703e-09
2.809530003168836609e-09
2.788874568638617044e-09
2.776990788469510257e-09
2.685110876465404548e-09
2.678492145305319253e-09
2.548028152693135640e-09
2.524679017513834833e-09
2.520200533077411449e-09
2.468073604290109845e-09
2.400885167145975589e-09
2.384408351006652678e-09
2.329022034262737596e-09
2.297525285378705217e-09
2.138357996479946376e-09
2.093811573472959155e-09
2.086733414537468211e-09
2.038501356763137419e-09
1.928907242576795221e-09
1.901360566172684516e-09
1.861213297538249332e-09
1.836995419301061781e-09
1.835011576019064119e-09
1.817112476924819825e-09
1.815381802271725145e-09
1.733142125049520541e-09
1.704351001608099620e-09
1.491876347810199280e-09
1.487582644348577526e-09
1.462892140346462243e-09
1.450899295744582582e-09
1.425512591706895394e-09
1.375694285781976633e-09
1.367433781946842557e-09
1.351634797759396948e-09
1.323135785320461333e-09
1.305066737630699207e-09
1.291054005466694224e-09
1.286818131876523380e-09
1.236613810353876911e-09
1.168477698370802408e-09
1.128014488776964102e-09
1.084263128798547687e-09
1.075897551744206090e-09
1.074094073346482723e-09
1.072700144382218662e-09
1.071082465255146245e-09
1.065929362114718154e-09
1.058570963676833882e-09
1.020132911890904077e-09
1.006966187460080173e-09
9.888863268422343646e-10
9.773467253906959437e-10
9.649673861072408710e-10
9.581172633781059375e-10
9.426008861283791436e-10
9.289034331107102441e-10
8.952488515497736774e-10
8.695420295685012581e-10
8.586507077536031589e-10
8.573797180012234990e-10
8.545403378567445232e-10
8.268602861824521052e-10
8.175655110832400128e-10
8.065633667552142408e-10
7.984179231348789241e-10
7.105508150643004746e-10
6.938605781481567650e-10
6.767768354401080396e-10
6.729215652840245930e-10
6.633301134184210726e-10
6.567567381429079422e-10
6.433415870814080043e-10
6.329212131821090522e-10
6.302993868008961004e-10
6.164525229661397401e-10
6.146638855887831926e-10
6.069480791629645499e-10
6.052461170857373785e-10
5.950331891021404284e-10
5.892070718198330734e-10
5.850603738448458518e-10
5.332215335709203377e-10
5.279157938093882345e-10
5.122827196342882845e-10
5.087853118556767739e-10
5.052248415427014489e-10
5.025788531060956473e-10
4.518520926602797485e-10
4.464263375289706556e-10
4.246565951688912973e-10
4.228362478017654580e-10
4.221157250980680708e-10
4.041177094125051860e-10
3.969546077291292983e-10
3.854181959484073148e-10
3.819891079544768059e-10
3.727651587152007841e-10
3.630148264196717407e-10
3.598789359488334591e-10
3.518796493594669757e-10
3.505280501551853665e-10
3.472032585458869956e-10
3.466263838098393999e-10
3.356784608853489232e-10
3.144768115438745455e-10
3.142134339873768085e-10
3.132267675914456814e-10
2.938095077253948468e-10
2.768549860347213731e-10
2.717045146239505667e-10
2.497576709526464740e-10
2.492905035637590130e-10
2.458622023526390208e-10
2.444277456654313245e-10
2.384835132681589188e-10
2.382414114600886776e-10
2.359461277444459983e-10
2.334017048549470927e-10
2.297726044055203347e-10
2.281835973109996019e-10
2.279554444201925135e-10
2.268314287867113736e-10
2.238267029390743811e-10
2.212490700937989256e-10
2.172184951556713242e-10
2.159888230006495123e-10
1.948332013336852476e-10
1.932967479697534986e-10
1.897271070101641797e-10
1.887930623899548078e-10
1.863303429101149765e-10
1.857061868373196558e-10
1.826591537393452127e-10
1.803721765716254199e-10
1.674377058530596872e-10
1.659863589519753786e-10
1.614430295205348567e-10
1.599788519428053553e-10
1.511174965739077766e-10
1.451880701595058601e-10
1.436289493991660924e-10
1.410389849541411462e-10
1.386856280317024186e-10
1.381300412914460091e-10
1.377842007630869712e-10
1.329861791083235362e-10
1.308313937924810306e-10
1.281780140024687408e-10
1.232027455843046164e-10
1.193495128520186843e-10
1.185501645188991722e-10
1.167825248064575081e-10
1.155569126439729934e-10
1.107856979571769995e-10
1.091749760049586500e-10
1.073523247647664945e-10
1.065879583877376044e-10
1.054120080317446427e-10
1.049174745277294309e-10
1.041704804358607288e-10
1.033321637603839896e-10
1.031951363801735535e-10
1.025723842008899437e-10
1.023417712420162453e-10
9.795461350461609350e-11
9.634330868671708265e-11
9.444159474672476260e-11
8.723843537553208369e-11
8.621952213063324392e-11
8.597752261569428643e-11
8.169775157128996391e-11
8.139291274068096943e-11
8.113363580038476218e-11
8.017315087528552275e-11
7.981759778841532728e-11
7.027499077472228347e-11
6.992055434205884101e-11
6.801551297275966547e-11
6.690195087048258471e-11
6.487925954375284171e-11
6.313310604338161878e-11
6.162476166790642158e-11
6.120777327362959042e-11
5.965875756112999215e-11
5.918608433050504717e-11
5.869635482591902347e-11
5.745812955660905253e-11
5.648395475381620924e-11
5.638802083586462552e-11
5.617737759201893989e-11
5.447659631217945764e-11
5.365202803293780652e-11
5.266601569717411973e-11
5.192766833903930280e-11
5.121364371714174460e-11
4.625386927983531686e-11
4.566129558723959401e-11
4.429501882614853477e-11
4.350393490756189614e-11
4.305647462989101642e-11
4.149739927583524325e-11
4.112438215821583626e-11
4.038317833797059816e-11
4.015238917916317281e-11
3.991813467520886264e-11
3.870890401992043682e-11
3.834961735042618785e-11
3.741866476327057321e-11
3.654088354647254495e-11
3.581902309449825408e-11
3.272850666583411296e-11
3.235537711568355338e-11
3.193915101246781170e-11
3.174581452360817189e-11
3.143142395210530838e-11
3.136320096310103198e-11
3.008313934271377858e-11
2.949007708287439736e-11
2.894625823252924843e-11
2.759675802731141941e-11
2.751860096766502444e-11
2.715074784484521234e-11
2.628522444676513401e-11
2.617464799586688201e-11
2.599380003590693959e-11
2.578842707085727566e-11
2.547431139419761672e-11
2.528747870382201312e-11
2.478270548835759944e-11
2.466310093816422838e-11
2.456527950856732713e-11
2.451478199208304044e-11
2.419045516907886784e-11
2.258008683115941823e-11
2.234142822116678712e-11
2.110531546833710196e-11
2.077291023369222261e-11
2.035723490833144844e-11
2.014084044704143010e-11
1.935774993447137709e-11
1.909490122345482021e-11
1.902806101445154301e-11
1.900015519391559359e-11
1.894558906202375977e-11
1.885356740678316145e-11
1.874997217895126162e-11
1.850322942870295134e-11
1.798813279306855485e-11
1.667089878858839166e-11
1.658206441308890721e-11
1.651150856177461851e-11
1.629458313043677505e-11
1.592218095482323084e-11
1.569367076745611903e-11
1.530539650254700401e-11
1.509293442988952248e-11
1.492829966877923862e-11
1.479778164639508926e-11
1.436924377072558622e-11
1.399415471473939804e-11
1.344112205518803718e-11
1.309306648521620609e-11
1.303762205345389740e-11
1.244374979837620977e-11
1.226753434568483626e-11
1.207835394063298896e-11
1.193435790067815527e-11
1.189634267133641233e-11
1.186797891722511684e-11
1.146251757325217072e-11
1.143951403429557733e-11
1.110424034055351112e-11
1.107540571610659543e-11
1.086078114343328166e-11
1.072950375567175856e-11
9.582564920185712637e-12
9.503666233825586053e-12
9.162051668508538463e-12
9.153819832109797670e-12
9.073512095937340164e-12
8.889967544847487252e-12
8.603854722557065281e-12
8.382563446120633747e-12
8.219817652751740570e-12
8.193498873668446747e-12
8.070330605339418086e-12
7.912101558075613937e-12
7.871355789374299672e-12
7.777615665854331337e-12
7.718435330606194896e-12
7.580860491800123406e-12
7.234348749838470622e-12
7.208655833748891950e-12
7.154328979274769728e-12
7.147850399971642316e-12
7.126447698961031340e-12
6.994098933479994764e-12
6.568520227051599461e-12
6.515533763014057568e-12
6.440934758681101410e-12
6.402662633240628529e-12
6.167892287536796605e-12
6.048017583453775890e-12
5.996644798233064388e-12
5.891809769527096383e-12
5.864277021862628365e-12
5.806246507798196174e-12
5.611755012615067224e-12
5.562544487946749838e-12
5.458394670172477416e-12
5.333731215925645749e-12
5.311160391787054548e-12
5.077602990867573242e-12
4.927356011086513365e-12
4.919985995652087511e-12
4.469929800459681396e-12
4.442739748725986323e-12
