7.781304243588099689e-01
7.444046804978659004e-01
7.006865532928936435e-01
6.287327768878746559e-01
5.595155494615420277e-01
5.107529921384250660e-01
4.728624076993996339e-01
4.279955333820596453e-01
3.672418553514099626e-01
3.247882333669023236e-01
2.748970700439087311e-01
2.294052285631722754e-01
1.912133348309937864e-01
1.589975769701976460e-01
1.433348071720057793e-01
1.231983792124878851e-01
1.015151682054562660e-01
8.410424654625771324e-02
7.477813936348200186e-02
6.156305966611903130e-02
5.308655645528422007e-02
4.378983384860893335e-02
3.368624915679383630e-02
2.684069343712073424e-02
2.113928765182079145e-02
1.734867029558605916e-02
1.559491759134155713e-02
1.382282230750709814e-02
1.138525732298231730e-02
9.805000693470412518e-03
8.573070792960338360e-03
6.839441753002353103e-03
5.565460904766104423e-03
4.374742484910132921e-03
3.610045778874117206e-03
2.914788891804426501e-03
2.406984951538229320e-03
1.930988224073765420e-03
1.641957994951346450e-03
1.470119583208651494e-03
1.224038356746889183e-03
1.061162291837740865e-03
9.360115520286307542e-04
8.561248889751216966e-04
7.327173125746108597e-04
6.026189480187596004e-04
4.792001355937098098e-04
3.958022956648315420e-04
3.457442743844780716e-04
2.847911551747645356e-04
2.505547862815093573e-04
1.930190991521955717e-04
1.512813617975668852e-04
1.226369088524671041e-04
1.046619489725840598e-04
9.462693301401469261e-05
7.837212998818255890e-05
6.379617804885882957e-05
5.233382561200394930e-05
4.779938552786553281e-05
3.886742299486912452e-05
3.305382088716447375e-05
2.703683174591230734e-05
2.216288903949567666e-05
1.786246869999772067e-05
1.451467900977605720e-05
1.215757454150477927e-05
1.131801438602822587e-05
9.808162040393676254e-06
8.585818424068238612e-06
8.038563111421127960e-06
7.307252772568293568e-06
6.557258754545168167e-06
5.699626528113032433e-06
4.904173514465155603e-06
4.487351275330701968e-06
3.659944007690586775e-06
2.878553758089671597e-06
2.385182840278447741e-06
1.883193647703144243e-06
1.353652024702389668e-06
1.193884383560703741e-06
9.496052989057712224e-07
7.114147761828977095e-07
5.115640370302669118e-07
4.251986778405060166e-07
3.175148263669776320e-07
2.432934412427993392e-07
2.110227833424706705e-07
1.732315285309913830e-07
1.482882322328457361e-07
1.210372372761553856e-07
8.891532105075258518e-08
7.540170029216066828e-08
6.466489525185514199e-08
5.225892500090026786e-08
4.316497058589999537e-08
3.700666139505473350e-08
3.007205635976070490e-08
2.303185354118334606e-08
1.956996204310274093e-08
1.517750963045875339e-08
1.241098206275534127e-08
1.008515121633422723e-08
7.864195312936791637e-09
6.309961151597548753e-09
5.755006140849630018e-09
4.395470080816788190e-09
3.619741976411859954e-09
2.664257410038003884e-09
2.022174611936424767e-09
1.531345825142457669e-09
1.304457214945640960e-09
9.593404052710790425e-10
7.878106235511348249e-10
6.749210792385170029e-10
5.942634878490087471e-10
4.696160132261872863e-10
4.160951915804739553e-10
3.657047803157515202e-10
3.069184748931027162e-10
2.544514048094224345e-10
2.272061246483870433e-10
2.040996119001927820e-10
1.846955201388099975e-10
1.591755668472275150e-10
1.382679198202212046e-10
1.201288504744570198e-10
1.089735117985461825e-10
9.359846594744237694e-11
8.322813265576357420e-11
7.596388388322343126e-11
6.854077081507611209e-11
5.952090783518188393e-11
5.095573203674428304e-11
4.161784046051583056e-11
3.575197451595380516e-11
3.058175337484206116e-11
2.396010624226538834e-11
