7.345854778574836264e-01
6.720373012930412893e-01
6.159124535932338773e-01
5.022333003237662297e-01
4.103021912281390460e-01
3.361368534492174542e-01
2.757515059442847138e-01
2.254679096073769207e-01
1.745866671248958446e-01
1.440766360082734177e-01
1.247999215767689185e-01
1.057018590573798322e-01
9.043819394637754583e-02
7.765933814203987429e-02
6.559628875240490486e-02
5.506591855736572838e-02
4.168186616435620023e-02
3.371280267472943210e-02
2.613399408935627652e-02
1.948873681627642448e-02
1.567712971405802250e-02
1.308426539139357497e-02
1.078620917918256608e-02
8.414315521124388769e-03
6.816850154145127384e-03
5.514808238494131078e-03
4.382615396496035085e-03
3.712279319625776119e-03
3.185955829090533070e-03
2.576629341286165113e-03
2.018114200270640455e-03
1.548740911492810755e-03
1.195632490831929212e-03
9.914385465284525703e-04
8.406141627089363296e-04
6.846156310059362676e-04
5.591530432455220226e-04
5.070392984021655346e-04
4.027486589881834936e-04
3.321575592980822653e-04
2.700740798988170307e-04
2.151600199610762963e-04
1.774874231852130717e-04
1.510068192299483076e-04
1.217357351059730270e-04
1.020098495812777977e-04
8.327842770943057399e-05
6.616881313817447690e-05
5.371439999450741340e-05
4.786488842972061415e-05
4.049510380582307945e-05
3.528154526702619541e-05
3.033693668081873960e-05
2.495798631601528266e-05
2.144442906971438963e-05
1.703235207353386948e-05
1.431390735633517801e-05
1.261996365876654234e-05
1.057785199577640862e-05
9.128738588329703501e-06
7.639267653861338636e-06
5.957308019190693467e-06
4.601146826889875991e-06
3.774122126193148081e-06
3.059980365002139773e-06
2.549727372229896704e-06
2.056780162643015087e-06
1.734645811107421919e-06
1.513072475701240962e-06
1.125015517849688702e-06
8.777836689425002644e-07
6.943221007127956759e-07
5.280063723324177587e-07
4.231903468258822210e-07
3.326503163370554125e-07
2.872881966818532583e-07
2.468595162179208973e-07
2.004718804700056237e-07
1.747331816353417867e-07
1.559926446376578558e-07
1.369395170326326612e-07
1.123107283607621831e-07
1.018554161690776708e-07
7.850535433960831872e-08
6.251232147791582524e-08
5.112272261292729260e-08
3.860864875158118704e-08
3.265249162126798950e-08
2.254356874892240592e-08
1.599236684527806314e-08
1.213702325121346210e-08
9.325044661953660777e-09
6.848521019836686255e-09
5.241660659837287696e-09
4.497273181540597650e-09
3.839676545670501371e-09
3.039924365830293179e-09
2.394511411432920954e-09
1.805342581675916733e-09
1.518376412256776202e-09
1.216950680202262772e-09
9.056946301174169951e-10
7.123376713052509965e-10
5.151251335054017813e-10
4.011272505803298499e-10
2.945713824810946355e-10
2.086778536907509918e-10
1.735676040545784507e-10
1.356449531485994226e-10
1.152848903506531646e-10
8.868574333104442564e-11
7.342503461774139081e-11
5.913949834920187900e-11
4.993915279583902920e-11
3.725986016847909938e-11
2.664068786422896947e-11
2.056180327680514979e-11
1.712778849356006249e-11
1.323951531313083208e-11
