9.387190195306830409e-01
9.193158275469259788e-01
9.057993308322924708e-01
8.940802985131061087e-01
8.830913241456099794e-01
8.718116920054557184e-01
8.524284264277262047e-01
8.236354013299481691e-01
7.910732605351674662e-01
7.688420588556841295e-01
7.483899592149795277e-01
7.271525875694924146e-01
7.205014627033580199e-01
6.970325690273245778e-01
6.695655405065142896e-01
6.425402962434856313e-01
6.119164089874329360e-01
6.001783971742814527e-01
5.733724467339058606e-01
5.467639202672545107e-01
5.141338374231122499e-01
4.888711360848446152e-01
4.589276759864814870e-01
4.478241377140594892e-01
4.228913320049128566e-01
4.019931181520480790e-01
3.741949728789505936e-01
3.522185066545321375e-01
3.339649736722145046e-01
3.259050833019281890e-01
3.120540512192936378e-01
3.008771684942713187e-01
2.879077631482357402e-01
2.787496576702004902e-01
2.701626377003901736e-01
2.601848697211275319e-01
2.512892066621211784e-01
2.368588565052472394e-01
2.241593000004169223e-01
2.164667831917558849e-01
2.066094680626596181e-01
1.965151951307194389e-01
1.933205409284905474e-01
1.819773118059171413e-01
1.801600875136032953e-01
1.692164578434314781e-01
1.602527816364161806e-01
1.523693649445990173e-01
1.475629000569022298e-01
1.410661977763001118e-01
1.375064178395728198e-01
1.304745113415325397e-01
1.256597660153286888e-01
1.223273866022373674e-01
1.163974739898920446e-01
1.133043742731137116e-01
1.107620760140444194e-01
1.056857228707171054e-01
1.008792051405896090e-01
9.816813263760580666e-02
9.324242770245060041e-02
9.075544469070340181e-02
8.931577301429437232e-02
8.762985979007932580e-02
8.448315006352874468e-02
8.189490868679595581e-02
8.043036715828139060e-02
7.844048613215849619e-02
7.763445860965177692e-02
7.571618934641545506e-02
7.396112014533966217e-02
7.249981194460020095e-02
7.157196007897681511e-02
7.091803909391505845e-02
6.903808748424772324e-02
6.778012966787748395e-02
6.578658409496938864e-02
6.391685007487506176e-02
6.168012177304148941e-02
6.084037059553107363e-02
5.993996210083888526e-02
5.913830151760669090e-02
5.768145900529982745e-02
5.597630708933865051e-02
5.445382829930725532e-02
5.211604048348068841e-02
5.061792457913008580e-02
4.886923273014375652e-02
4.784948463676384073e-02
4.607321373725876273e-02
4.515319622849348069e-02
4.419578471145760301e-02
4.208280775493828535e-02
4.030587434993996437e-02
3.951782598679089153e-02
3.862865858680081255e-02
3.624230624943446805e-02
3.413941192620059684e-02
3.269713873980583524e-02
3.209398081185362711e-02
3.094501986532040630e-02
2.907299237301402481e-02
2.750670266050448537e-02
2.654662526139784165e-02
2.558819094077531900e-02
2.510457568250935162e-02
2.418795498720546777e-02
2.339145948010033088e-02
2.295873432228621308e-02
2.253470751352460236e-02
2.109014530715807786e-02
2.006321031595870857e-02
1.895080344013864299e-02
1.820044159143875337e-02
1.743924065764546408e-02
1.679852242718566160e-02
1.636101761202832586e-02
1.600102830049713112e-02
1.539299714811542125e-02
1.491161554368121075e-02
1.436007059833172700e-02
1.365500743662367497e-02
1.328869358902806490e-02
1.258915457179922599e-02
1.203804113294104292e-02
1.141715997917678443e-02
1.122543415761118046e-02
1.080977808522504656e-02
1.017327155185000775e-02
9.953501696779878602e-03
9.242699037392311523e-03
9.065593616372904368e-03
8.537069210569609920e-03
8.055132152243450055e-03
7.655233697321228541e-03
7.550766352474618491e-03
7.050375518066378210e-03
6.632336638707124477e-03
6.297071377687613394e-03
6.095724851716023511e-03
5.734948553304233289e-03
5.482187168801744628e-03
5.262018956400291679e-03
5.036239534964580093e-03
4.982559091988626038e-03
4.609428131427635751e-03
4.408842509281762218e-03
4.192629303851232170e-03
3.875134698746683041e-03
3.751855151283721782e-03
3.584162955038953848e-03
3.334758384097960202e-03
3.210447467088760418e-03
3.065377682264865903e-03
2.965489925554278591e-03
2.787933904670955587e-03
2.720265606061742381e-03
2.638010075781311442e-03
2.495397644080955997e-03
2.361411805317804088e-03
2.207686878271431646e-03
2.181067381575053747e-03
2.098072976847612653e-03
1.990194859319189408e-03
1.944879459391442690e-03
1.794660274607363980e-03
1.748350523518028051e-03
1.681988311259794344e-03
1.595435622982476018e-03
1.477115002347119226e-03
1.459175287980168630e-03
1.423318109370743604e-03
1.333038649188439482e-03
1.282675706774707167e-03
1.242642598467560630e-03
1.182033975434795305e-03
1.136868766616369207e-03
1.067827038573556818e-03
1.033646938957339008e-03
1.016088791553147307e-03
9.573282516076328606e-04
9.424280531346326904e-04
9.162860992634780681e-04
8.536302278599587363e-04
8.290633284852250238e-04
7.867355061788921990e-04
7.640479252208146879e-04
7.236659756951881271e-04
7.006749003386224294e-04
6.843298714417582864e-04
6.444066243950583722e-04
5.931039818029392851e-04
5.510690934657014924e-04
5.419829878657350577e-04
5.232038942391052617e-04
5.066171114979014112e-04
4.787786478137489492e-04
4.628509199496679319e-04
4.571527864713592322e-04
4.361016489791583271e-04
4.156299820130427564e-04
4.054342928847346752e-04
3.824424742529478212e-04
3.624279052003406463e-04
3.417593567428436180e-04
3.183789540571740494e-04
3.134500595664912819e-04
3.019938270310418152e-04
2.883366561430312776e-04
2.794967238841169371e-04
2.631101010057353444e-04
2.503046206780361153e-04
2.411229950705758506e-04
2.250030560686085916e-04
2.157843195101356946e-04
2.088700656924697449e-04
2.036840890581499708e-04
1.968872933579463068e-04
1.929334504369690053e-04
1.788719486134837601e-04
1.768801436404107371e-04
1.695168104119167542e-04
1.579953762736135525e-04
1.532869704248174714e-04
1.434424380539907860e-04
1.411717563469281429e-04
1.378579739318720992e-04
1.311297367083547592e-04
1.260713623258976441e-04
1.202294460244388491e-04
1.145149395523330108e-04
1.100345191934909314e-04
1.066050534651272772e-04
1.043001967488255659e-04
9.772812888769818616e-05
9.668630668119163399e-05
9.195295173781136702e-05
8.805677718319282726e-05
8.273168889945843867e-05
8.045595708119877300e-05
7.640601384363359620e-05
7.080932567119696595e-05
6.762840281475710575e-05
6.679584479558679734e-05
6.244000074518667317e-05
6.140078352212542374e-05
5.994602247511755664e-05
5.674542762880952586e-05
5.392545654998441199e-05
5.196355256158838060e-05
4.977179233603622698e-05
4.556810641200666949e-05
4.514766874659266184e-05
4.386387921770399593e-05
4.159826531317097292e-05
3.951698807180069437e-05
3.859028210406927284e-05
3.581373056876472905e-05
3.508976542394819781e-05
3.409962311649654513e-05
3.291237106278712446e-05
3.072933822348499595e-05
3.015840704484749933e-05
2.925924663511403353e-05
2.750467025163287426e-05
2.608251988400126490e-05
2.465827219255783368e-05
2.273136248756853586e-05
2.198096702365215653e-05
2.108181409058691461e-05
2.080854790481095277e-05
1.962956374744228075e-05
1.932415207919504872e-05
1.853693239000055512e-05
1.774128955451438351e-05
1.751900079195154274e-05
1.687734243767248811e-05
1.624029973420765209e-05
1.597720821404904960e-05
1.571854694882761979e-05
1.547928508117191778e-05
1.497980466397989070e-05
1.459940973982990361e-05
1.389565430673069366e-05
1.368031560110318329e-05
1.353449337341777292e-05
1.325444617331273832e-05
1.289611574279389752e-05
1.260377246186429069e-05
1.247065858966698118e-05
1.211009545911646115e-05
1.177756850700470094e-05
1.158682751959749720e-05
1.123510457613703626e-05
1.093531980982883985e-05
1.066277118020714854e-05
1.048827985796860008e-05
1.035506304123144015e-05
1.014714016012254852e-05
9.970661563766904166e-06
9.539158914098332809e-06
9.367059151122278748e-06
9.180696432265514985e-06
8.752324946505692758e-06
8.497553044960013687e-06
8.346023321133135377e-06
8.216901306214259020e-06
7.852650807233791435e-06
7.696659349347719056e-06
7.462729624631555841e-06
7.264934056238439325e-06
7.064077994659384079e-06
6.911740322521054627e-06
6.640037254235098008e-06
6.330466948350593455e-06
6.281711219305284724e-06
6.152035744623380452e-06
5.853453579176392289e-06
5.677138649415733242e-06
5.471237120018148737e-06
5.294818974670593561e-06
5.047229337797840393e-06
4.779252913503087493e-06
4.722725271781043564e-06
4.614307398589872012e-06
4.541419180174619185e-06
4.343895016260729188e-06
4.227130066335029643e-06
4.003679139073276101e-06
3.818682690204833805e-06
3.582259885003294591e-06
3.394650245609436515e-06
3.193917566195126758e-06
3.148273072633657023e-06
3.030505132188574541e-06
2.832926683294476439e-06
2.733069242094185145e-06
2.673458246926799577e-06
2.537237360861002671e-06
2.392864629085271135e-06
2.263212773128144916e-06
2.089719999275294070e-06
2.003732768329386383e-06
1.974968604011984855e-06
1.789580999381600822e-06
1.708608459421906601e-06
1.639367507126349262e-06
1.473003903260543514e-06
1.412382379550039637e-06
1.347010054342268253e-06
1.322462557212150475e-06
1.213907710805168926e-06
1.189022826577512116e-06
1.140512641126893091e-06
1.075683942164471471e-06
9.531198887313845395e-07
9.270791695904713431e-07
8.399359402248740444e-07
7.624448528043694477e-07
7.228546391449793080e-07
7.046908894152540787e-07
6.708742807337010895e-07
6.110182488205681163e-07
5.973754440149679820e-07
5.649045803783713912e-07
5.264889019006438150e-07
5.096839080502158555e-07
4.805872950067237198e-07
4.460172915124107679e-07
4.410187159851544924e-07
4.248845673224310590e-07
4.054223259500526445e-07
3.827341106349093413e-07
3.608588898835330361e-07
3.493850235022196307e-07
3.408665352363665936e-07
3.292931862830259701e-07
3.100926457123095566e-07
3.005834513044552268e-07
2.947013350309734907e-07
2.830477316670923498e-07
2.668202082293129051e-07
2.446839193689662480e-07
2.355475431844846983e-07
2.190323056806034868e-07
2.033747984511907488e-07
1.905694678140627364e-07
1.858106774017560532e-07
1.776271854811685692e-07
1.744404581897745946e-07
1.663657897562986699e-07
1.613064705100298376e-07
1.520845076612751941e-07
1.444489684094028020e-07
1.413481021050746511e-07
1.346879975120940016e-07
1.304755297218534637e-07
1.282239196931307876e-07
1.217188317708845284e-07
1.190761248588185241e-07
1.135599367013450259e-07
1.059239966026121421e-07
1.036769801467594855e-07
1.011790828672833100e-07
9.561549972614890138e-08
9.022728064590951462e-08
8.832267568212720150e-08
8.615849151948879128e-08
7.983626436797224092e-08
7.641613413208920021e-08
7.223347570747191928e-08
6.670512774110911961e-08
6.352136561512430357e-08
6.158046091034855475e-08
6.058693404778786243e-08
5.786417174353828560e-08
5.642846273924017874e-08
5.132543097314037324e-08
4.821176301743229779e-08
4.611753464932878048e-08
4.371207627394843375e-08
4.095703838444163901e-08
3.873280233593518253e-08
3.813906888612325647e-08
3.616690775419735769e-08
3.406844299811761816e-08
3.242312374009478096e-08
3.152262615659784689e-08
3.047227960760002259e-08
2.875512171813558998e-08
2.714586346987594310e-08
2.572772730317583547e-08
2.547255401718495115e-08
2.363160393690202655e-08
2.252868441881623945e-08
2.170913813697379421e-08
2.101365673621197224e-08
1.984983376939580860e-08
1.834286685114574006e-08
1.807471677437441159e-08
1.736788901176420380e-08
1.701288636358530754e-08
1.641632781167430918e-08
1.512786887290672583e-08
1.449132519614555834e-08
1.340542179083557208e-08
1.304034117486712877e-08
1.232156992693911986e-08
1.163129904273924045e-08
1.146129551701644598e-08
1.062468860178814860e-08
1.036444811488109827e-08
1.005829715567674638e-08
9.399607165243856212e-09
8.711400639914672063e-09
8.185060729134895645e-09
7.768735974220977590e-09
7.062152681554593323e-09
6.918757087978711654e-09
6.451042391792504300e-09
6.151999681396586595e-09
5.261932111214061191e-09
4.788278263924522471e-09
4.668401192347320053e-09
4.333295024292810191e-09
3.977709136712748887e-09
3.620175948330017216e-09
3.566485985622607637e-09
3.352810935112813636e-09
3.150800515855472915e-09
2.871263915330572015e-09
2.673897286474873623e-09
2.495317008438827020e-09
2.248384925376684778e-09
2.136980564919182935e-09
2.067527471105366306e-09
2.005289762021964400e-09
1.900070915839833661e-09
1.797254931175305170e-09
1.667202753623024241e-09
1.594675972593160303e-09
1.511446084724971153e-09
1.371076910748137789e-09
1.264407254062612309e-09
1.243146273668875776e-09
1.206628933767685256e-09
1.116194086388585973e-09
1.083740329666418577e-09
1.033475979518008591e-09
1.006565780777083647e-09
9.625721091762716327e-10
8.811905735771481319e-10
8.521070872675226148e-10
8.416579046027817086e-10
7.871924433150402078e-10
7.537037832928320813e-10
7.264891554783532752e-10
6.823340814398777777e-10
6.565526009292160024e-10
6.425104116193093986e-10
5.855675742318905550e-10
5.523836322177283477e-10
5.316584682411324772e-10
5.183800586044262426e-10
4.739604645547651637e-10
4.326808198143487018e-10
4.058233727632846411e-10
3.473648352849432571e-10
3.270009139097405907e-10
3.088284108613758014e-10
2.974598963327729680e-10
2.814412909135292933e-10
2.755636794386371159e-10
2.519498290707303187e-10
2.342281406814107746e-10
2.157411295221872254e-10
2.028739163736517565e-10
1.963632363163417721e-10
1.838912733685878835e-10
1.788084296219752669e-10
1.749358960810691299e-10
1.684215001324352722e-10
1.571945449824685100e-10
1.523176066938558464e-10
1.494452580639022624e-10
1.430762331781969104e-10
1.327662633733247748e-10
1.266203155853704959e-10
1.201512416443672920e-10
1.182389126706924281e-10
1.125163149444205214e-10
1.071735012908103126e-10
1.022642811938808091e-10
9.745196106675073344e-11
9.179632708578013037e-11
9.026660067807384061e-11
8.409662026208015669e-11
8.311382777757211307e-11
8.012609106916268834e-11
7.522278928685645308e-11
7.396656589423747453e-11
7.048303229451228443e-11
6.628033505200477627e-11
6.331349357356615056e-11
5.898515626384510526e-11
5.626709922586242463e-11
5.553420108630721365e-11
5.214018952825821185e-11
5.061388288053176394e-11
4.796263276520755839e-11
4.466981878827976646e-11
4.303652756902355909e-11
3.757242012195063061e-11
3.636813695226426316e-11
3.364413563407404688e-11
3.262287462537868772e-11
2.986591410983713503e-11
2.702516147632812771e-11
2.566230786777546624e-11
2.495225622913035957e-11
2.317417091562895053e-11
2.199703979833033152e-11
2.007825455829232307e-11
