8.863205078623290767e-01
8.636840908823483209e-01
8.515230271031575260e-01
8.265312143254552879e-01
7.841890670432721810e-01
7.498230255164988201e-01
7.013656828197978310e-01
6.608403029979902366e-01
6.263064822097246243e-01
5.865673069485630720e-01
5.483454427111335017e-01
5.152270747257521322e-01
4.856994202867433996e-01
4.524493559163871303e-01
4.279677842465384185e-01
4.096477989818189114e-01
3.911341014299091201e-01
3.707130508418444159e-01
3.465523301750692564e-01
3.299728895583832200e-01
3.158536692173256610e-01
3.036029365043232398e-01
2.883442034055027081e-01
2.720761641636997297e-01
2.601185360845197359e-01
2.445273461070801846e-01
2.406527600776064979e-01
2.313717232215297959e-01
2.186842336337195825e-01
2.050271009921300625e-01
1.971248851286241666e-01
1.897558046191279713e-01
1.821224948781235975e-01
1.767395973709504353e-01
1.668930589351311222e-01
1.588972565704224460e-01
1.559310786994433928e-01
1.484868000540603139e-01
1.434472720037369975e-01
1.372349906293479638e-01
1.303569550722410431e-01
1.247652626252767627e-01
1.209896373538862646e-01
1.158106359232684707e-01
1.109565418823482974e-01
1.085428693855254728e-01
1.047925491259377173e-01
1.013424858963961339e-01
9.882730142534223994e-02
9.562521363088517801e-02
9.062329550850889426e-02
8.793687093467837668e-02
8.427526529297794944e-02
8.015052689870180713e-02
7.702698457611927008e-02
7.308441031167808855e-02
7.101510140158974471e-02
6.740816649959954776e-02
6.585513259407529962e-02
6.230466209062560101e-02
5.948111010675483784e-02
5.583039456386941490e-02
5.280652070684337118e-02
4.959303988452123946e-02
4.633093147551386320e-02
4.449402451436001299e-02
4.129864081380914265e-02
3.906647357468876619e-02
3.797034733209478374e-02
3.546148304070198543e-02
3.354933151999365398e-02
3.241874983988674019e-02
3.093399597441044355e-02
2.912471207603779810e-02
2.806843025286465121e-02
2.598400727972219326e-02
2.479301840785600591e-02
2.327886534238488708e-02
2.152416085370950985e-02
2.085663774477528737e-02
1.997540530741921325e-02
1.844518817318291717e-02
1.685847770480402436e-02
1.607357897055599130e-02
1.548024562297734170e-02
1.418219541153899720e-02
1.336984581165354992e-02
1.222985531473393984e-02
1.142575888671297848e-02
1.104025119080046316e-02
1.040397173279592434e-02
9.586528816867891448e-03
8.678288689204097586e-03
8.204517836860061863e-03
7.577649739733149405e-03
7.123317473016393085e-03
6.764708018565258191e-03
6.139321222221607102e-03
5.899910068846807992e-03
5.515146752269396366e-03
5.230685502621813636e-03
4.876386111461941154e-03
4.525274590964086831e-03
4.213607149960221614e-03
3.940025559600404854e-03
3.668845993477625692e-03
3.430663965920603513e-03
3.322090116758596914e-03
3.116456520650053540e-03
2.918282655949199379e-03
2.777076234477701862e-03
2.608076662149499264e-03
2.418952438102180223e-03
2.249446649391145456e-03
2.109675826552172284e-03
1.936318767116515082e-03
1.771197074046995928e-03
1.715064693949940348e-03
1.529577317143068381e-03
1.390824432597173284e-03
1.234279802919517784e-03
1.177427003127556795e-03
1.063017239953295816e-03
1.012448974486869664e-03
9.204185890766606020e-04
8.697308611721290324e-04
8.310154264442019432e-04
7.945573137740518689e-04
7.290033162017199586e-04
6.768205996344286600e-04
6.240526346741742669e-04
5.856657975525602060e-04
5.441421257150887928e-04
5.090754974597718353e-04
4.867551579188414261e-04
4.670551625767430494e-04
4.373241218152670233e-04
4.213408898714967221e-04
3.920041214103542056e-04
3.685817812523612389e-04
3.418988196338493290e-04
2.981832051367281212e-04
2.854980757877753845e-04
2.678034235146964002e-04
2.550568801337829445e-04
2.337367078200598745e-04
2.184538596506752875e-04
2.016774882192971167e-04
1.857268898521767433e-04
1.746031117695497601e-04
1.609810097765356559e-04
1.377597892904405894e-04
1.291783032377233722e-04
1.168532943701822428e-04
1.053006557280002981e-04
9.380158432278952745e-05
7.681717419467354421e-05
6.205419431478146827e-05
5.455100517577765991e-05
4.602112314723416219e-05
4.266214303553352374e-05
3.900423876110747782e-05
3.725485501473805981e-05
3.293428571618013954e-05
3.054711944476673756e-05
2.851373814105376248e-05
2.528319499074876893e-05
2.353219777075061682e-05
2.133895649700067785e-05
2.029510772365439991e-05
1.907975011863060285e-05
1.758207157781630121e-05
1.631642619319623107e-05
1.488982578319540052e-05
1.298707944308128530e-05
1.254163015901244053e-05
1.107907788896040130e-05
1.017746936541409504e-05
9.527864408739278003e-06
8.764514990132282895e-06
8.441186884535439202e-06
7.688595000348593902e-06
6.932835148059796240e-06
6.073654575589449427e-06
5.616451904706701136e-06
5.323217437132695928e-06
4.959792150512243216e-06
4.746942340824146209e-06
4.396315803624660108e-06
4.175962651127370522e-06
3.847764849676618917e-06
3.643751235230017707e-06
3.476291872908653135e-06
3.322495674042817658e-06
3.165907927799975293e-06
3.074445069513162270e-06
3.007859979815449860e-06
2.905892831267330304e-06
2.796400908317941372e-06
2.623111319240640798e-06
2.573897415173671909e-06
2.466950689411736372e-06
2.381116288028322410e-06
2.223519500389603796e-06
2.112551670208457479e-06
2.025968595608798434e-06
1.891331840900085255e-06
1.665650312485610933e-06
1.505567789193549332e-06
1.352126480407159276e-06
1.221818280093654870e-06
1.086562348711463952e-06
1.034485781824793240e-06
9.275880694878402017e-07
8.828561884927383832e-07
8.150109323396227137e-07
7.282667230940061187e-07
6.806822136797630631e-07
6.321821597778021224e-07
5.789453697946297871e-07
5.495159012071429332e-07
5.108660944807582060e-07
4.948539341962995587e-07
4.509993446933931394e-07
4.264308096421257882e-07
3.881582847302238995e-07
3.709106845423541079e-07
3.491023771977041761e-07
3.248134644627149091e-07
2.963428080217190766e-07
2.831640680305249917e-07
2.638333274392210459e-07
2.441619459243421723e-07
2.336187679984889473e-07
2.125758507122676981e-07
1.954149634609453289e-07
1.858631092122578007e-07
1.748994875383353396e-07
1.669421516460476514e-07
1.615809253744652079e-07
1.493702930256063595e-07
1.415394482458089265e-07
1.306252857266224442e-07
1.204242034036566897e-07
1.130517919884369004e-07
1.021014246427823324e-07
9.483034041720398572e-08
9.072417513155181204e-08
8.702249645484365226e-08
7.755719788860742618e-08
7.232533832214809947e-08
6.713114849212066469e-08
6.207238808153170508e-08
5.875780981128090197e-08
5.383070539342799326e-08
4.801114267582682755e-08
4.524596480135258820e-08
4.099503351516412636e-08
3.704786444547093063e-08
3.268796325486312748e-08
2.929868546034720856e-08
2.612260194130993138e-08
2.448036490101499729e-08
2.182757980554922753e-08
2.083718723483699276e-08
1.848877126912766661e-08
1.690724744174582019e-08
1.577587155057499280e-08
1.410777530182983850e-08
1.280587353690444799e-08
1.169145789176579980e-08
1.039706478824946880e-08
9.933893933840804975e-09
9.237855107261547153e-09
8.631229592046931441e-09
7.618987498168962509e-09
7.179000748194340363e-09
6.688031214354749333e-09
6.124889445743583920e-09
5.893101045877578505e-09
5.680315153988011224e-09
5.236936723235766961e-09
5.095266378062860804e-09
4.814628662183478239e-09
4.469893747919929151e-09
4.101366419603437672e-09
3.882147468642139990e-09
3.618452618869619785e-09
3.347650401261892395e-09
3.234254577583165405e-09
2.988428436938960931e-09
2.768447671640936136e-09
2.486356099270142234e-09
2.339040565570425978e-09
2.251469663514309523e-09
2.035518201790100595e-09
1.877619974193241616e-09
1.788160695314768745e-09
1.652319400303736950e-09
1.551082664969867636e-09
1.420874367559933518e-09
1.278558453449921043e-09
1.171615620737238641e-09
1.039530051139869197e-09
9.226738662943501276e-10
8.483908227270871314e-10
7.856617134490290545e-10
7.284064431054768663e-10
6.520993763289689063e-10
6.145660041036188707e-10
5.643298840678056642e-10
5.075207870423248587e-10
4.558787266890618534e-10
4.014158798331538914e-10
3.701722474117711143e-10
3.305359422489364123e-10
3.100003595277117329e-10
2.717043946476448276e-10
2.318039024449067509e-10
2.006874812293782893e-10
1.865461960599880357e-10
1.735659240823254614e-10
1.583009011381117445e-10
1.512542674336364942e-10
1.382046410851670931e-10
1.268712794617457037e-10
1.147784580595021566e-10
1.032084982375684275e-10
9.374356749090145144e-11
8.439979865640684901e-11
7.267877393419491743e-11
6.987811856982856285e-11
5.717591432862539948e-11
5.108144593940937629e-11
4.716020570027191724e-11
4.250592026342409367e-11
3.969543476868158225e-11
3.506206971400059620e-11
3.286093818589230106e-11
3.059429672198948175e-11
2.928495260842323573e-11
2.768447869242372882e-11
2.546439357146202488e-11
2.400672096022024163e-11
2.288850980191442922e-11
2.124093972384170602e-11
2.017819530740531535e-11
