6.435553539186116279e-01
5.804745730517667512e-01
4.326489176977144080e-01
3.050590577986975749e-01
2.631287079601433709e-01
2.126394208358446392e-01
1.666505502106315761e-01
1.304650846438259459e-01
9.980466297635205708e-02
7.538398382715268131e-02
5.502441923444594679e-02
3.681910713295016152e-02
1.946015583535647825e-02
1.233323971587824662e-02
9.316274518147683870e-03
6.774645544743589792e-03
4.473095218516775703e-03
2.602457819956887838e-03
1.469095725977397895e-03
7.511761785112594774e-04
4.264388141372352876e-04
3.197361200263394427e-04
2.726656026317548880e-04
2.235385858796575193e-04
1.704744809325104717e-04
1.241174388244401417e-04
8.193620634931791859e-05
5.136609773103465945e-05
3.984963339236990905e-05
2.970128249569950379e-05
2.121662308481449223e-05
1.538392114457231628e-05
1.178968642726460628e-05
9.340809733385574526e-06
5.752002750024082171e-06
3.391741922348144828e-06
2.377886482937067060e-06
1.598578893816785208e-06
1.171388472142372711e-06
8.931736363131475026e-07
8.038609068052552745e-07
5.699287220414281084e-07
3.377212080556570234e-07
1.993320067205149146e-07
1.237364394555455369e-07
7.486036214562138771e-08
4.925211882768361228e-08
3.214668997431857353e-08
2.196544023070173142e-08
1.467078140361981775e-08
8.927182706173007180e-09
5.693285270531590634e-09
3.604244589735179295e-09
1.970421745432871600e-09
1.322721216620834243e-09
1.065759194795594862e-09
8.231245408910416510e-10
7.472006454035487921e-10
6.203496544081994694e-10
5.125698338242427975e-10
3.942106979878826350e-10
2.546387730894674366e-10
1.565673277838852007e-10
1.026417761736427605e-10
5.443207186570560577e-11
2.486281481168151721e-11
1.347635621730160531e-11
