8.566634201132894422e-01
8.308090954416338381e-01
8.088000457363920814e-01
7.624922468930908082e-01
6.959415222435098025e-01
6.598978377571163012e-01
6.234861419497558233e-01
5.767707269787377689e-01
5.184658711118117491e-01
4.812309306299328848e-01
4.388634707808630186e-01
3.941078447114319538e-01
3.744048101231836068e-01
3.440704769341615399e-01
3.026110681821601589e-01
2.620591144082544677e-01
2.317146095774083592e-01
2.135071635358932185e-01
1.817426634787511208e-01
1.603658760855272147e-01
1.484432327517355432e-01
1.376320170883164051e-01
1.193083962625953454e-01
1.045623810140438731e-01
9.646660641745651021e-02
8.929602430189946538e-02
7.810412064364780083e-02
7.327291790980337838e-02
6.762922546122286660e-02
6.346475001577545072e-02
5.929439575790121375e-02
5.575222472152553677e-02
4.979877631539433858e-02
4.288453671667055711e-02
3.725521385013459696e-02
3.232571909866067961e-02
2.809300850034813363e-02
2.602751637195996684e-02
2.405961972362857804e-02
2.230990955578374471e-02
2.110111689338020624e-02
1.873992923493317253e-02
1.688583507792891514e-02
1.530910090143799973e-02
1.398673344743946514e-02
1.292167106748641318e-02
1.199737745585489901e-02
1.112248352424470912e-02
1.005972573691240810e-02
9.368481740934148788e-03
8.290437196373668521e-03
7.681474545770180552e-03
6.904670829858907191e-03
5.963917944565760680e-03
5.690629545619400355e-03
5.018798825685919472e-03
4.479982331492878694e-03
4.074454859162331480e-03
3.657132613280053915e-03
3.276313326981326879e-03
3.013620306861297064e-03
2.809378558225426349e-03
2.629256025810984814e-03
2.397109814942108719e-03
2.223036372129590446e-03
1.976127814041390551e-03
1.802570260701439036e-03
1.673080345785690629e-03
1.565955460204835996e-03
1.442513471031990190e-03
1.393737695039855458e-03
1.299591157094644699e-03
1.183769586881880213e-03
1.147198101516860988e-03
1.063909925292443829e-03
9.985729408042189059e-04
9.159016596197363256e-04
8.536778349498803454e-04
8.138264319494558285e-04
7.569686169379310874e-04
6.690112536828014995e-04
5.989233284933459262e-04
5.525146840389035799e-04
4.867857243565828487e-04
4.451713030012305079e-04
3.977229093437503488e-04
3.656214438000356223e-04
3.255847887954521516e-04
2.939779790375504197e-04
2.519663440094095609e-04
2.316031113709560618e-04
1.950276132924565209e-04
1.672519348024806643e-04
1.531910594517599256e-04
1.418639937477206346e-04
1.337014538967770834e-04
1.196588202999937826e-04
1.042694744624337520e-04
9.450796827783382987e-05
8.352800092263442289e-05
7.712571558786198724e-05
6.966623400491947949e-05
6.342013408771164998e-05
5.708334168207905579e-05
4.586464241572239104e-05
4.240564157496327257e-05
3.540649119983629140e-05
3.176708126793582426e-05
2.928742059435125706e-05
2.594562080249577103e-05
2.449749520725320415e-05
2.199426858844704243e-05
2.012083491990501643e-05
1.842954447295987454e-05
1.720136009414160828e-05
1.632078963850484135e-05
1.468158074722514295e-05
1.335606849163786839e-05
1.254510833861253519e-05
1.144575834501015312e-05
1.067032981824999467e-05
9.484368720225915778e-06
8.076170024873763153e-06
7.266310308898978844e-06
6.850377010848504159e-06
6.379199833976623460e-06
6.088531179734477457e-06
5.703992322420207788e-06
5.364388253238665400e-06
4.771035950200014024e-06
4.230879960335373965e-06
3.729457196009128671e-06
3.361646418563266493e-06
3.107892173051665846e-06
2.879678543578501821e-06
2.713670114073380757e-06
2.591271733592627371e-06
2.369042403315629753e-06
2.257759134033360813e-06
2.048748651978572454e-06
1.811393119567757775e-06
1.636831741347679062e-06
1.313023435903178904e-06
1.179504175532110648e-06
1.069031602989522655e-06
9.517343138487760233e-07
8.980855081019101085e-07
8.058329027363629067e-07
7.385332879942623566e-07
6.599883344903986856e-07
5.873689479927120162e-07
5.507036479071027991e-07
5.090011965001964762e-07
4.560651093704925018e-07
4.180396223668425663e-07
3.546027753966765076e-07
3.116845623628872589e-07
2.933214092755969507e-07
2.676012245007000551e-07
2.378027799763196832e-07
2.135448759211018167e-07
1.934469177420715775e-07
1.826348579396279731e-07
1.658498666370918970e-07
1.462042135719109899e-07
1.394939894735293534e-07
1.231001669391675040e-07
1.150955249239686133e-07
1.070700022497081576e-07
9.413255924204477496e-08
8.437434613414443196e-08
7.675885747471890397e-08
7.122509512673323305e-08
6.316885568260096062e-08
5.595383228863294071e-08
4.596320089810312155e-08
4.019121023585813715e-08
3.776385971871507698e-08
3.354064919862401124e-08
2.736098781354616320e-08
2.578043140682874829e-08
2.158549155982293992e-08
1.889528344337198371e-08
1.737032037656810961e-08
1.566241115586988481e-08
1.367243667208096540e-08
1.252075391130080692e-08
1.141598112923619256e-08
1.030384721064274573e-08
8.783618783586592947e-09
8.171361474829638691e-09
6.831701018001531524e-09
5.761251175685023520e-09
4.672417944927605698e-09
3.817390993291885450e-09
3.253515461032128041e-09
2.939825074697585924e-09
2.665852212860548522e-09
2.363095488422273137e-09
2.122090783950355926e-09
1.845105390780112164e-09
1.641163176360276520e-09
1.419083481920480135e-09
1.262341146030174498e-09
1.054541189194032731e-09
1.000839882695869621e-09
8.752304083887458991e-10
7.990584710431313498e-10
7.305501883003945221e-10
6.781251430770222081e-10
6.304803067856273358e-10
5.789588092820081667e-10
5.244991119614884895e-10
4.867183862184091173e-10
4.413355635038800709e-10
4.058327601189883538e-10
3.690704042744724848e-10
3.307310614302220293e-10
2.843895380354235101e-10
2.550128367983262673e-10
2.375174404220204591e-10
2.004540305028832157e-10
1.876505080312701950e-10
1.692140117096616655e-10
1.472368080058241975e-10
1.302030489215145404e-10
1.078674465604922037e-10
9.749608014171069383e-11
8.301951167768215059e-11
7.268437050536838995e-11
6.641911184822506868e-11
5.640273033521317208e-11
4.675967754954152700e-11
4.145438221034873322e-11
3.453081746314280236e-11
2.889652290602302294e-11
2.462156206271347513e-11
2.071173216273303539e-11
1.942883340753017052e-11
1.810516311722567976e-11
