8.845584833801701796e-01
8.633239591711561189e-01
8.490172183889109769e-01
8.199793414608628206e-01
7.851383981456365735e-01
7.392393463243956964e-01
6.997751902357022269e-01
6.675276697217986666e-01
6.366675138611391782e-01
6.066998731953473500e-01
5.777989158429517325e-01
5.509501075528745462e-01
5.292875550901983139e-01
4.983532711294819117e-01
4.740265097039224051e-01
4.425905554495734306e-01
4.117674734312645746e-01
3.832076574211838449e-01
3.569636542475415619e-01
3.322259788345217069e-01
3.141530664152741847e-01
2.918335473595697893e-01
2.657413137019309923e-01
2.343778627465956665e-01
2.064078123774456819e-01
1.749748999940564376e-01
1.557444933639776929e-01
1.416179202619695376e-01
1.291097016007642928e-01
1.131712942511735875e-01
1.006604918682656724e-01
9.173542699993283978e-02
8.561325090133051208e-02
8.010413583945220906e-02
7.409221143655506103e-02
6.914305915726701168e-02
6.642310810944698773e-02
6.309406477345005926e-02
6.042902294736139657e-02
5.485758332050862107e-02
4.913395012942235046e-02
4.523013503883356601e-02
4.090153785293345473e-02
3.695397379106885732e-02
3.275003932421249875e-02
2.921892216685880242e-02
2.736993747440500530e-02
2.467164373622757895e-02
2.329807324299755511e-02
2.135425511476149105e-02
1.943239583125552436e-02
1.824813767387107807e-02
1.658404280619319576e-02
1.437946990984982631e-02
1.212431421815751177e-02
1.039595500756740516e-02
9.184251661482401019e-03
7.356724616029246093e-03
6.136478268046421762e-03
5.451802539450859367e-03
4.746530540323290991e-03
4.321822985002598920e-03
3.885531990121969016e-03
3.504034875129335806e-03
3.257916625893838083e-03
3.173395658317283794e-03
2.965061425881452672e-03
2.790461463300566037e-03
2.669965219926042060e-03
2.517737336777195033e-03
2.435069646078210238e-03
2.309774408701068329e-03
2.135075602914505814e-03
1.947262272137790552e-03
1.848154672758554884e-03
1.706704047868063756e-03
1.631687130576684169e-03
1.484244572050876735e-03
1.399244450142114130e-03
1.262377620048676973e-03
1.153882125150824771e-03
1.098725808510200462e-03
1.004146564050897384e-03
9.173020835035925434e-04
8.084301871757952184e-04
6.981045344211234127e-04
6.403748352309778912e-04
5.615676921688103444e-04
4.904865934806531234e-04
4.061635075252197340e-04
3.668526246323729288e-04
3.175706855182933185e-04
2.698061837119742745e-04
2.249660503122945330e-04
1.785756745159135185e-04
1.440665497256577755e-04
1.294488655617537524e-04
1.174565342809363823e-04
1.013072999169345331e-04
8.762836626873246105e-05
8.321940100555378587e-05
7.375648690834154370e-05
6.919193734710922820e-05
6.222011445089271648e-05
5.712665094595177872e-05
5.143038794384608824e-05
4.731075678548990574e-05
4.509494255914049134e-05
4.117469630591137641e-05
3.860952212951216815e-05
3.607409570483839618e-05
3.413611038688994976e-05
3.247336558554558643e-05
3.059309468332785224e-05
2.906854447373832589e-05
2.750651089064870558e-05
2.612728724435930928e-05
2.387015654412787707e-05
2.230534708515876123e-05
2.003623701230240232e-05
1.869971872360163832e-05
1.691174993160323418e-05
1.499945404912380635e-05
1.443089741846853959e-05
1.264028312388116901e-05
1.130481147404846603e-05
1.030909204666279677e-05
8.999774496267532416e-06
7.987363537011378341e-06
7.473994339519397892e-06
6.689577428189822775e-06
5.824010173867299067e-06
5.268949859262409311e-06
4.715351357679814495e-06
3.643168672002628322e-06
2.719310689249980678e-06
2.301204070245032053e-06
1.861341122803105564e-06
1.543568288570857518e-06
1.308553934143708276e-06
1.135951175914153987e-06
9.921219173094571196e-07
8.934022726665008736e-07
8.198688867568383158e-07
7.237588635067010601e-07
6.505402214090252833e-07
5.874547268431102058e-07
5.389664729837952857e-07
4.776607146907969786e-07
4.010729663999091789e-07
3.544027813445127314e-07
3.122236278899066852e-07
2.823738419604803747e-07
2.616613054505834620e-07
2.339449080396563937e-07
2.100188926545205445e-07
1.884377309054168467e-07
1.606065041196786127e-07
1.400484831840575227e-07
1.112207405131515485e-07
9.762109585979573360e-08
8.666033791550026282e-08
7.174630322733691972e-08
5.862946958134476694e-08
5.110001342306014967e-08
4.233772166517102161e-08
3.234806313712511475e-08
2.606567536116884891e-08
2.213366923190515559e-08
1.797447154636153022e-08
1.409206675884683263e-08
1.163419411355603687e-08
1.029866330590258745e-08
9.006649908602733051e-09
7.557241568785079320e-09
5.803943748614464693e-09
5.034580614223897117e-09
4.511135865516967080e-09
3.777779279240344059e-09
3.312965933053488274e-09
2.685874291947045678e-09
2.162893965880677222e-09
1.935415379800778945e-09
1.720741001718493472e-09
1.470766708550164253e-09
1.256153470497541900e-09
1.099637076474733411e-09
9.171716663989083317e-10
7.938302248414885240e-10
6.560523915346127909e-10
5.878614243520228084e-10
5.190306336906924642e-10
4.509571458879605119e-10
3.994380136756394983e-10
3.404056791134008371e-10
2.689686062792439604e-10
2.197290841534673503e-10
1.650065609442266551e-10
1.326983776657926132e-10
1.010720384554400941e-10
8.157955818459378812e-11
6.665991473995547147e-11
5.297206401591990015e-11
4.742562920076962863e-11
3.960724727006518357e-11
3.579835791488503166e-11
2.945157364240961740e-11
2.519347723766567868e-11
1.983325222034051443e-11
1.814416887420698419e-11
1.326199259052280391e-11
