2.019392126619317995e+00
1.664403622706708274e+00
1.289355862776236039e+00
1.085291466687671402e+00
9.089637471122450352e-01
7.489386075545559907e-01
6.325753042516946145e-01
5.606956201869295331e-01
5.094462093198401931e-01
4.539266382721299786e-01
4.122242854051701433e-01
3.700933035353104472e-01
3.382771983664730198e-01
3.159788714799512954e-01
2.957184847915690362e-01
2.748802202034795750e-01
2.561844581306578217e-01
2.371207796364553921e-01
2.192462373876718218e-01
2.031457715349127557e-01
1.824613535637387429e-01
1.639902301155103659e-01
1.475504451624396474e-01
1.320791104130439875e-01
1.192218960975667819e-01
1.081943335383632604e-01
9.799230257742756744e-02
9.197992995451777232e-02
8.538158721553287811e-02
7.666115446704357961e-02
6.907905699351603312e-02
6.095702552774970306e-02
5.568731899701222232e-02
5.183071153492249672e-02
4.443117696228144481e-02
3.914609940443407321e-02
3.399265177246676289e-02
2.938486777675003436e-02
2.474140182479491606e-02
2.195721560644301254e-02
2.031303860314016829e-02
1.835387157133167718e-02
1.648692233370261870e-02
1.478196635481338408e-02
1.328656306993235107e-02
1.170534284755247838e-02
1.070041359472087734e-02
1.008770214076363213e-02
9.344388681330337981e-03
8.639076742671145809e-03
7.734474831185400752e-03
6.873426967204777395e-03
6.249309229669999799e-03
5.999957171517632769e-03
5.554087883302708840e-03
5.226321293586134488e-03
4.853745783323314654e-03
4.468022237193814382e-03
4.085478207279572872e-03
3.804215688450798220e-03
3.447420966018370416e-03
3.139124198006352714e-03
2.856366196348170301e-03
2.561540517095386646e-03
2.157571763518012324e-03
1.798046073252787926e-03
1.568435142456983461e-03
1.401801198394270458e-03
1.331800963721302368e-03
1.231297448222657678e-03
1.133438804311386007e-03
1.050746354828213224e-03
9.463772959768082570e-04
8.314769268261066855e-04
7.212304738125419404e-04
6.758306221920538318e-04
5.971666861082136407e-04
5.342855608400549645e-04
4.792118173209668230e-04
4.164999168482500696e-04
3.548057148643762740e-04
3.167435175372374304e-04
2.726622272774723542e-04
2.507211815256517426e-04
2.282480213857307927e-04
2.077675924994900681e-04
1.889596979674911946e-04
1.678772383724193025e-04
1.517567258515879975e-04
1.377655539286394819e-04
1.295665179529303685e-04
1.224592187903970420e-04
1.095367552507597484e-04
9.721343355884372610e-05
8.759579780092050503e-05
7.779612328822507294e-05
7.380255296999051228e-05
6.693114253747844305e-05
6.250337696298812189e-05
5.485740606620564426e-05
4.967032802170889307e-05
4.674274831167755028e-05
4.125804598050841955e-05
3.882498576242206120e-05
3.336915634110764064e-05
2.864760027829239017e-05
2.502775355660694144e-05
2.249852550096720108e-05
1.997781527834389465e-05
1.759455737082819346e-05
1.481726501707731806e-05
1.338136845064613708e-05
1.263595165462830191e-05
1.082569451452492301e-05
9.874565364757824718e-06
8.604737334516491124e-06
8.127802041895321045e-06
7.145146776761667966e-06
6.645658355731397261e-06
5.500318940044507533e-06
4.506245939570802838e-06
3.750802220549849058e-06
3.322220392904769676e-06
2.916252318509679599e-06
2.598020382951015111e-06
2.201941229330859957e-06
1.949291866373962557e-06
1.735673540776451922e-06
1.461898727429855532e-06
1.308991763218968565e-06
1.124008223495306993e-06
1.021434669693896330e-06
9.580045443501438805e-07
8.713285410463563223e-07
8.022135187902363553e-07
7.179801720321368696e-07
6.694336685814014538e-07
5.999385017965880848e-07
5.773030370118389463e-07
5.010128888068936491e-07
4.286369874129532659e-07
3.933732301818636369e-07
3.387322528229349985e-07
3.060660828297433261e-07
2.619420657099368546e-07
2.304796388189530840e-07
1.935263551074639958e-07
1.701880651668913111e-07
1.389204789093146605e-07
1.155246819021209176e-07
1.021373299002186876e-07
8.855691512552070024e-08
7.483753662179450783e-08
6.658672740071994665e-08
5.698073186482780860e-08
5.191593098046095596e-08
4.292126566412098599e-08
3.764588213928449032e-08
3.247198748958180794e-08
2.877040838290715308e-08
2.405838419105999355e-08
2.148858150589608252e-08
1.890362322134954557e-08
1.593556847046259892e-08
1.314595051909153516e-08
1.112248705188054137e-08
9.917813265864176748e-09
8.808983948323564976e-09
7.991313266042311007e-09
7.114682970364576420e-09
6.572687073865927392e-09
6.108797012694599530e-09
5.590985086505728314e-09
5.235885024619010398e-09
4.624414554580355851e-09
3.870648057301458609e-09
3.631319952887800235e-09
3.150161156687604459e-09
2.895838690806521732e-09
2.577435050508890424e-09
2.324173408196717665e-09
2.135966982868572829e-09
1.980113962139009614e-09
1.826840803815754509e-09
1.709464258479637445e-09
