1.125082889943033404e+00
1.403553366329491681e+00
1.206607480492530859e+00
1.034707817443020872e+00
8.678472005982119653e-01
7.682819136251606285e-01
6.755568068837043416e-01
5.840796806597844393e-01
5.290343637695488210e-01
4.960161371322462376e-01
4.448469934460368425e-01
4.039589545789634695e-01
3.654917057582974249e-01
3.301153992199076792e-01
3.108208772374347895e-01
2.830724832855621154e-01
2.601893653013699348e-01
2.409280268090577826e-01
2.307365623359973472e-01
2.128018822088859618e-01
1.934250141399798395e-01
1.855277983828532984e-01
1.750666023861522369e-01
1.531655718897070861e-01
1.390117784662193989e-01
1.229099605344644436e-01
1.086057704391072687e-01
9.798496517558223651e-02
8.598526575497571212e-02
7.677695593524495876e-02
6.933544677254918631e-02
6.399571885649871228e-02
6.017028038910002263e-02
5.554481447528575311e-02
4.985646409960891451e-02
4.779556049751451652e-02
4.434754437216425343e-02
4.328219561504018792e-02
4.007626891482248682e-02
3.740166391696669174e-02
3.520999048477042870e-02
3.304601001290172896e-02
3.130557621227941789e-02
2.999696150266953354e-02
2.787945608792145868e-02
2.520720962003910118e-02
2.333625081993806472e-02
2.227992357338190801e-02
2.115312321790061359e-02
1.933334794763887088e-02
1.739505075832886022e-02
1.671054354768075970e-02
1.554430828818997336e-02
1.403615806590931964e-02
1.207977183758762382e-02
1.058131890636854026e-02
9.810903400163347929e-03
8.791986949474380961e-03
7.639715497726989012e-03
7.032568948984801657e-03
6.367532811972966694e-03
5.734669674187115387e-03
5.320692888250489784e-03
5.182088328469670359e-03
4.662363420478991133e-03
4.091292247518197624e-03
3.838423574948675136e-03
3.600507860577037336e-03
3.092755341933046097e-03
2.687971758668150375e-03
2.463912900849653514e-03
2.055078821741709947e-03
1.720854243333231346e-03
1.493819471609834915e-03
1.392181026062113986e-03
1.279236763596869548e-03
1.229013997975525940e-03
1.157589633206587308e-03
1.043930492968476141e-03
9.876915122026730300e-04
8.756861636663445603e-04
8.448745937307079517e-04
7.605182755368189050e-04
7.112498407263419037e-04
6.758630097331818883e-04
6.277331124303678605e-04
5.978392327060771385e-04
5.509271561097649726e-04
5.048415460935816099e-04
4.795648938530816443e-04
4.328385021621893318e-04
3.879896275421925692e-04
3.792075641945139193e-04
3.553680592484979839e-04
3.279579865955648248e-04
2.961022273808514168e-04
2.870468362674365951e-04
2.513152116011833546e-04
2.346727371279222919e-04
2.024320752001094071e-04
1.736325972479684280e-04
1.637855753272780650e-04
1.415735169958932341e-04
1.306349021537638532e-04
1.130064991021204946e-04
1.050489528109326118e-04
9.844545314568313736e-05
8.710695361496883983e-05
8.224150438040560643e-05
6.920613744320388682e-05
6.687322697018276911e-05
6.269119797734823321e-05
5.722339173990879924e-05
5.222112231610272871e-05
4.662883188114081052e-05
4.049124994862780374e-05
3.856791366430733668e-05
3.370505740269399069e-05
3.117931258536855337e-05
2.482112759364915236e-05
2.112432109951438522e-05
1.914426687737269094e-05
1.802651968653254291e-05
1.558968286854498365e-05
1.422590425844092768e-05
1.355268634462373164e-05
1.142149522158768519e-05
1.086705028804036343e-05
9.697151129543555602e-06
8.126541663446241600e-06
6.809164207036022017e-06
6.305771783684366695e-06
5.308841515390317686e-06
4.565967909071478934e-06
4.080712095124178517e-06
3.545538910500163731e-06
3.423869775468458028e-06
2.971117672654751351e-06
2.689614448086581110e-06
2.594504076414282399e-06
2.308548794508599003e-06
2.058270770751340149e-06
1.804433595973896496e-06
1.675183243767611069e-06
1.387978949904357455e-06
1.196209375812986774e-06
1.033609014278991714e-06
9.004806516859261223e-07
8.471933643490230807e-07
7.980551457917902574e-07
7.572555085755768905e-07
6.905600785044770765e-07
6.295990354505678139e-07
6.091144060583102521e-07
5.498421302692848528e-07
5.269758329295298198e-07
4.851085467927652410e-07
4.630158060870123655e-07
4.180268087705467787e-07
4.007232941785266350e-07
3.709564081356526186e-07
3.508902116982999556e-07
3.149476540942736663e-07
2.849647525190863653e-07
2.649357144212922766e-07
2.522131678040785369e-07
2.315735768567176871e-07
2.228949688946810666e-07
2.145183656557704621e-07
2.000440063510306595e-07
1.794530995325184179e-07
1.617008766317738439e-07
1.468663338412972669e-07
1.390671056112460740e-07
1.259968625250751836e-07
1.151844697534503136e-07
1.076204811949163412e-07
9.401209015670775629e-08
8.851648740477308012e-08
8.123858426136416895e-08
7.609895300010259713e-08
6.673256829266236444e-08
6.299310973937468776e-08
5.890487772749276986e-08
4.975823137919213827e-08
4.060110681932689802e-08
3.309080008283739108e-08
2.966126212588371143e-08
2.569522474699516466e-08
2.305813965258813838e-08
2.061080797874337408e-08
1.813618196042089283e-08
1.763810002723564062e-08
1.615995506874805207e-08
1.478414636370479099e-08
1.341026121169600913e-08
1.247297546963031433e-08
1.082595080414717720e-08
9.867185520716828951e-09
9.389529397375861071e-09
7.832620377410113864e-09
7.217281286511055447e-09
6.232026908025510079e-09
5.788126096695504387e-09
5.067573729130152146e-09
4.062931013605613186e-09
3.622541185852668517e-09
3.426518350496432614e-09
2.765543980111801621e-09
2.377113326774758706e-09
2.167817587243044948e-09
1.992660162899827544e-09
1.579657838263166383e-09
1.159030590369214569e-09
9.125807959444342826e-10
7.892209382650335811e-10
6.464147192220072476e-10
5.207336356119714615e-10
4.407433285709340465e-10
