8.471859367438210331e-01
5.282109296039589896e-01
2.851986898601717724e-01
1.877489837216532176e-01
1.600242033385690654e-01
1.234219447751397358e-01
7.909134490818746366e-02
4.900604371287972660e-02
3.501024247664573374e-02
2.355217780807036809e-02
1.559353462391561973e-02
1.017711862717659427e-02
7.021770989193380080e-03
4.937050839536744062e-03
3.569989810652534658e-03
2.554039933546923494e-03
1.641251297886518658e-03
1.094691931930265663e-03
7.567524081399003158e-04
4.766554253500528506e-04
2.674201642013738361e-04
1.365350910382519625e-04
8.285562962340226230e-05
5.886692752199845769e-05
3.633594572902064629e-05
2.592889428110561564e-05
1.779423610756235749e-05
1.035502677426568109e-05
5.624140493604753046e-06
4.056446439637289203e-06
2.810323058694329434e-06
1.942887413575153624e-06
1.671957566269153040e-06
1.186951311476649277e-06
7.017036209926991017e-07
3.979966752651653045e-07
2.355695938386631405e-07
1.341687819847273791e-07
7.810256805033403547e-08
4.486619986963996556e-08
2.900339136373821585e-08
2.001421146225702185e-08
1.272202142850205308e-08
7.121576929947165806e-09
3.813870498889446684e-09
1.637442207096980487e-09
1.238381195033320972e-09
8.323179521157168114e-10
5.185573223577597079e-10
3.221917532786703483e-10
