5.283442422674758943e-01
4.958348878229258405e-01
4.710327896494321265e-01
4.225037812444101260e-01
3.976006681185598746e-01
3.786610308833768257e-01
3.639805929323343126e-01
3.511073091626315534e-01
3.384583825778257893e-01
3.257173626336706818e-01
3.151045866955737851e-01
3.039757913332516437e-01
2.924664492483016742e-01
2.809594553097784497e-01
2.685956549076593536e-01
2.559987810276251330e-01
2.443361428879197994e-01
2.343287745887417672e-01
2.258508136264001098e-01
2.190825273450746347e-01
2.129937179945442238e-01
2.065751712833112652e-01
2.004727061885261397e-01
1.940229266297544275e-01
1.875974708785500822e-01
1.817029359924484944e-01
1.773481488054646227e-01
1.735149259254169518e-01
1.696836711597329017e-01
1.661026934783818576e-01
1.628081479402732623e-01
1.593792162692815872e-01
1.560577385506478343e-01
1.526761904274915871e-01
1.493265849006738255e-01
1.462984029817445686e-01
1.433920763641695073e-01
1.404432824239429389e-01
1.378922220669311638e-01
1.354511060173546610e-01
1.333034004840663589e-01
1.311187487946702535e-01
1.289362296956055309e-01
1.267773283881358515e-01
1.246716037310538761e-01
1.226635034440589633e-01
1.206409443676460108e-01
1.184496235730884278e-01
1.163755936321780732e-01
1.143657925849833057e-01
1.123710523387223825e-01
1.106108179817216902e-01
1.089161031046832206e-01
1.072480849914233259e-01
1.055061527843223768e-01
1.039036374421225956e-01
1.023628706311747322e-01
1.009153588910755850e-01
9.953611614332816271e-02
9.813505081156960463e-02
9.677583704773362605e-02
9.542789840051807415e-02
9.409478948119412434e-02
9.284004556793221119e-02
9.161058854919872096e-02
9.030763907562799897e-02
8.905168151510749197e-02
8.791348749336971857e-02
8.687308160402601453e-02
8.590390797582123095e-02
8.490119405893481463e-02
8.380417461308964366e-02
8.271049305907168803e-02
8.158962280509382547e-02
8.048233546031692554e-02
7.934027499679442708e-02
7.814778798583109365e-02
7.696691425773247164e-02
7.589085552154033187e-02
7.472555565129271327e-02
7.349834957530916590e-02
7.234732817338181132e-02
7.120242078062939683e-02
7.003834824685095661e-02
6.882416577541441982e-02
6.774060435963355498e-02
6.657658701159462067e-02
6.528090486954619964e-02
6.396146514231657032e-02
6.259650277465490797e-02
6.123297187887807858e-02
5.980968556535324471e-02
5.843596794387953541e-02
5.702440030436713853e-02
5.557843404875149190e-02
5.410004484011710774e-02
5.266226780066763508e-02
5.117624610001748897e-02
4.974587092519799914e-02
4.836092179962907939e-02
4.695119435799347679e-02
4.550087116137294108e-02
4.401606523444526187e-02
4.250104109861637530e-02
4.110674272922507783e-02
3.975395139915391396e-02
3.844199250267576334e-02
3.711853527514395040e-02
3.579220408400186904e-02
3.440664120324703895e-02
3.304342955885081201e-02
3.183835644450856012e-02
3.064974965210314969e-02
2.947407052838817848e-02
2.846268730957343673e-02
2.749811067311988891e-02
2.659467165251549678e-02
2.570778694433772590e-02
2.477948240166361060e-02
2.386079053929375526e-02
2.302782431248732303e-02
2.231014351824860131e-02
2.163014557172886210e-02
2.102169988506225398e-02
2.045416421171486823e-02
1.991121863485823332e-02
1.934145580497995467e-02
1.878998705516476964e-02
1.827499876728926401e-02
1.780467251527368885e-02
1.736410581813177534e-02
1.693900633722116023e-02
1.653680682585247433e-02
1.614851423031726449e-02
1.577600085932592822e-02
1.542288055678913382e-02
1.506055864279328207e-02
1.470899176553713480e-02
1.436497056776723374e-02
1.403143682450531601e-02
1.370048223422158651e-02
1.336773450869039627e-02
1.305571298582112322e-02
1.275127063112979110e-02
1.245939207029797026e-02
1.217922019666583221e-02
1.189682519844650552e-02
1.161847233732325735e-02
1.134135381945674224e-02
1.106880401722662964e-02
1.080659510046235589e-02
1.057372337738263224e-02
1.032879400097127393e-02
1.006195015087579456e-02
9.789644806612025560e-03
9.525773266378753656e-03
9.265623241547166558e-03
9.024350796534267791e-03
8.793456172598964476e-03
8.571574396799895232e-03
8.361439384580518497e-03
8.147095769423406963e-03
7.935320414619827234e-03
7.721572054587922188e-03
7.509293456735074458e-03
7.303642468787448910e-03
7.095030248123194300e-03
6.901106741388955169e-03
6.716979613712044384e-03
6.546525995587228197e-03
6.391847109591316904e-03
6.238324028240315421e-03
6.084811505940693720e-03
5.929622111742305357e-03
5.770756484654302951e-03
5.618530458919715649e-03
5.474569083107424898e-03
5.339668083807865701e-03
5.214275208299101044e-03
5.103289059095286392e-03
4.994460472972914351e-03
4.876262237855366610e-03
4.751587178725593177e-03
4.624926878279564217e-03
4.503070009702332330e-03
4.391222852569568076e-03
4.282035766155972006e-03
4.174686243649027538e-03
4.066111119404116660e-03
3.948159190072214608e-03
3.831775664846043608e-03
3.724569728437438897e-03
3.633524840044137939e-03
3.545902845466274329e-03
3.450289475926085047e-03
3.352086639981177642e-03
3.259543284072860016e-03
3.162303835370635936e-03
3.079036354528190498e-03
2.991949280084751656e-03
2.900101296360970467e-03
2.810504620458914842e-03
2.728543589991581138e-03
2.654550499174071314e-03
2.580492088556778432e-03
2.504008096045633094e-03
2.430559159123364329e-03
2.361763253931089060e-03
2.296920897414126556e-03
2.234114270069050175e-03
2.177223479439038649e-03
2.126048264855208685e-03
2.071776539827169944e-03
2.016493260398543718e-03
1.964281663765968418e-03
1.916214087698812256e-03
1.873512819741657721e-03
1.836669967754707292e-03
1.800432197486485962e-03
1.761791646129930774e-03
1.723000590585278520e-03
1.686500117457177296e-03
1.653199319957468450e-03
1.622058510288018011e-03
1.590600520849323046e-03
1.558961013303594755e-03
1.526694945442756733e-03
1.495482270882383599e-03
1.465095384972032793e-03
1.433988738027882704e-03
1.406063709245957685e-03
1.380255571860170482e-03
1.356605665322834463e-03
1.333389381089616172e-03
1.308382033987743037e-03
1.283505602523315418e-03
1.260692914402288152e-03
1.237870883451940148e-03
1.213309290445436237e-03
1.187559849353117059e-03
1.161980122340752503e-03
1.136334071310762762e-03
1.110124443560330919e-03
1.083315042686863652e-03
1.057807976456234247e-03
1.033654466555265728e-03
1.009612145020938627e-03
9.869447590230267381e-04
9.651814517838945432e-04
9.427387677262138044e-04
9.203326718516350322e-04
8.966650351335552936e-04
8.747189436530155605e-04
8.534705664984504163e-04
8.324767342834394615e-04
8.110830885834267130e-04
7.899104716538108469e-04
7.711469114338381304e-04
7.541148684512824149e-04
7.347750671206356669e-04
7.155999315633634807e-04
6.969848539168267817e-04
6.774925674517060913e-04
6.580311386227423020e-04
6.374414423229359666e-04
6.172703081180706125e-04
5.987274317441728180e-04
5.820809413890857273e-04
5.655627062864704204e-04
5.490012752354663872e-04
5.337376565821015705e-04
5.194949156275268255e-04
5.036859748749789468e-04
4.877727871432671570e-04
4.722659272235626656e-04
4.568897281570425111e-04
4.428630837059130149e-04
4.304405774959994585e-04
4.177291578477336747e-04
4.055334652689959328e-04
3.934985394939513495e-04
3.815448676967319480e-04
3.695197721689412657e-04
3.583522113191239702e-04
3.477066241442305829e-04
3.368788088104857992e-04
3.267728539849144354e-04
3.166680527133230029e-04
3.068698966367844924e-04
2.975790386819520826e-04
2.889263672495816617e-04
2.807068567567142176e-04
2.721995546112221690e-04
2.630465347808704814e-04
2.546130576739340386e-04
2.468740953360296065e-04
2.382902176470889065e-04
2.299393506610635765e-04
2.217880851546948984e-04
2.139167546483772926e-04
2.064722706817228833e-04
1.988198170153566090e-04
1.912302607980330416e-04
1.841540909114274059e-04
1.778039854097808242e-04
1.714127785848265119e-04
1.647733542640899629e-04
1.582801329579823610e-04
1.520949730486960048e-04
1.461825401145260114e-04
1.405304815850535853e-04
1.352093936442388272e-04
1.299179545761008187e-04
1.246515928438726630e-04
1.196015632149270030e-04
1.149556440220322634e-04
1.103685766627853919e-04
1.058702402501777176e-04
1.014847288097699596e-04
9.733908485201889563e-05
9.319273760726814971e-05
8.908797745992186356e-05
8.534914416410893992e-05
8.181584114421558808e-05
7.851154294829069144e-05
7.531614714448932367e-05
7.193859832173663948e-05
6.867794934485796777e-05
6.584501607038428512e-05
6.316664896781641397e-05
6.056884265940177658e-05
5.805699149883283269e-05
5.573150222131339061e-05
5.345382507824656732e-05
5.133426659298333228e-05
4.939230244117101553e-05
4.746804845674898276e-05
4.567924299128538516e-05
4.406774644328226266e-05
4.241183757164596199e-05
4.084055087016023980e-05
3.950458657052554977e-05
3.830740917340280601e-05
3.699344350147729278e-05
3.577434674871077881e-05
3.461319185203513550e-05
3.357533111535755433e-05
3.261787331048417995e-05
3.167436650960516511e-05
3.070931209411692790e-05
2.979397628992877710e-05
2.892981964050025053e-05
2.811462169863032282e-05
2.731480614144393582e-05
2.655196379227350864e-05
2.581738631984091775e-05
2.510546302445604438e-05
2.439222175397084760e-05
2.367088074668114160e-05
2.296831268467324278e-05
2.235580007370020832e-05
2.172284220712262167e-05
2.112681348849180650e-05
2.057517006337480223e-05
2.005232464756337305e-05
1.947672391549859901e-05
1.887391269088824271e-05
1.830164749556562431e-05
1.776113832635628110e-05
1.727542491763986847e-05
1.679736141516243784e-05
1.636250792926871687e-05
1.594357816563742237e-05
1.551173631629000131e-05
1.512254292993221718e-05
1.476002128847140545e-05
1.439345157420483227e-05
1.402225730447346908e-05
1.365969287445376745e-05
1.331826186837283361e-05
1.297684429274670713e-05
1.268015386029634387e-05
1.239346480805056558e-05
1.209754429795352179e-05
1.180464618362429626e-05
1.154612199906133466e-05
1.130841575545400933e-05
1.105507641451316351e-05
1.078735810360453800e-05
1.052382216982303247e-05
1.027380036753810898e-05
1.003556744799281946e-05
9.816543014456666295e-06
9.592114836857182158e-06
9.369133595066940807e-06
9.174693434604059975e-06
8.981953136604233471e-06
8.769270510101620248e-06
8.563981714988058881e-06
8.369580380566442128e-06
8.190441293597559871e-06
8.052828528149171336e-06
7.890838551411877064e-06
7.719314523697117642e-06
7.571880364413354415e-06
7.434890001278259008e-06
7.278990731130022566e-06
7.125927130569918266e-06
6.982054701369169498e-06
6.843472190591943805e-06
6.710197612261727205e-06
6.572047700933558797e-06
6.451366132968035140e-06
6.319399212311043318e-06
6.174508637327810027e-06
6.033145001109174891e-06
5.913502856768972498e-06
5.785137514143889955e-06
5.647053034818800697e-06
5.512419791882478153e-06
5.387044005085836319e-06
5.256381335267918990e-06
5.138443113788429930e-06
5.027819755619750440e-06
4.902449438200583161e-06
4.767097157384743773e-06
4.642215311450259373e-06
4.531626309521091690e-06
4.414597842955094504e-06
4.284738496646478119e-06
4.160410834230846260e-06
4.037977964439463805e-06
3.927840869394453742e-06
3.837267571752932542e-06
3.753814373079915761e-06
3.657799941930343768e-06
3.561330321321340882e-06
3.475450382943445008e-06
3.392789198415635611e-06
3.302260498491292011e-06
3.218009890821870165e-06
3.147202721264800434e-06
3.069176920029905248e-06
2.990085490991891312e-06
2.909919626465574750e-06
2.829631201985278865e-06
2.752238061253732095e-06
2.678204439439687334e-06
2.605196319425820347e-06
2.536682922523694517e-06
2.471328630495843182e-06
2.409408574948855349e-06
2.342313710331193244e-06
2.273059662568137071e-06
2.207156892371776023e-06
2.143109476341925108e-06
2.090671624016666360e-06
2.037564206714790087e-06
1.983502731661941426e-06
1.935749111037544216e-06
1.890044176340268444e-06
1.839720889740911162e-06
1.791172762507877333e-06
1.743441735242371272e-06
1.695495024532193194e-06
1.647831550265102695e-06
1.604786897364110115e-06
1.566233007421160999e-06
1.522912488572521899e-06
1.479576386988426130e-06
1.440315202791744230e-06
1.399700882843680328e-06
1.356572472784694232e-06
1.313359720878001312e-06
1.272648075691531366e-06
1.237288696260744764e-06
1.200255534849142722e-06
1.162727743436422134e-06
1.128684350788439942e-06
1.098553185280203012e-06
1.065064728803245507e-06
1.031374794579907584e-06
9.991601402784359688e-07
9.716345630215517553e-07
9.462087474153968238e-07
9.191618489634936379e-07
8.925637639167294502e-07
8.699046998200329513e-07
8.484308183293594281e-07
8.260601933522383718e-07
8.029381616848137647e-07
7.817294356432840567e-07
7.633541278608867054e-07
7.443957737673171293e-07
7.246851475682575010e-07
7.059228622148732170e-07
6.885557531401581901e-07
6.700457731521000789e-07
6.531172883329598341e-07
6.369116888921058326e-07
6.190265459549151584e-07
6.031887267596488736e-07
5.890084007674272798e-07
5.746953053433134583e-07
5.594939010534191969e-07
5.451711422541198541e-07
5.337717429360362715e-07
5.226734023744140401e-07
5.094370303581863185e-07
4.968037738510635304e-07
4.860238649001229024e-07
4.753763938333839153e-07
4.650104333655339866e-07
4.551886148833348635e-07
4.464642168876141199e-07
4.380103935572224099e-07
4.290860833023724632e-07
4.206724010411617732e-07
4.119766059617480820e-07
4.026659369239274122e-07
3.934385949423177379e-07
3.849174412674881508e-07
3.772426975362725446e-07
3.707228008829513458e-07
3.641668531857163451e-07
3.576512149194060756e-07
3.513765495850946147e-07
3.443293260344857326e-07
3.374180646156869460e-07
3.310672847242719928e-07
3.249626196084035867e-07
3.184648864957100942e-07
3.125170306526507127e-07
3.065368382852456591e-07
2.997035645708301954e-07
2.931071370094849155e-07
2.873171805097528407e-07
2.812884002552807673e-07
2.745615560498313432e-07
2.677536930042238900e-07
2.612677398894405651e-07
2.554170804973828180e-07
2.487962689125926812e-07
2.420566382175771599e-07
2.352580894683640425e-07
2.282248221228542509e-07
2.206463939044872703e-07
2.130510856459839965e-07
2.060763593750325497e-07
1.997450524188837026e-07
1.935761940773907283e-07
1.874795473324136396e-07
1.810793773457315264e-07
1.749031901469987983e-07
1.693144980437950807e-07
1.639573832043129793e-07
1.585226062863226493e-07
1.530495244877046083e-07
1.479792831737408557e-07
1.433583018281268135e-07
1.386313747021157206e-07
1.335833405691796989e-07
1.287265742374236545e-07
1.241033114023277851e-07
1.196807088621157165e-07
1.154481481639435281e-07
1.115187976911497937e-07
1.079959732794281401e-07
1.046918146375299446e-07
1.011749302516472436e-07
9.782628813950120893e-08
9.500823297192503768e-08
9.224252612723197394e-08
8.947709162844872372e-08
8.697653389747909152e-08
8.438894809385707270e-08
8.211643519882073029e-08
8.016925536923369881e-08
7.806755673446437166e-08
7.604199045498445274e-08
7.418017757167202554e-08
7.246120870331555976e-08
7.072914766073486792e-08
6.915893270062795662e-08
6.772466369362383338e-08
6.618962969164879299e-08
6.473199968508737793e-08
6.355950672803026042e-08
6.208695894526597720e-08
6.064307152346842796e-08
5.934916997047239062e-08
5.812811875763442384e-08
5.690392437083814481e-08
5.577092944268530976e-08
5.451365283050261213e-08
5.316035334903178199e-08
5.183112342067275129e-08
5.053651256653861653e-08
4.927274806076435656e-08
4.805024749609032218e-08
4.688884975404371686e-08
4.569525887826319371e-08
4.443527093619160937e-08
4.320254795521485475e-08
4.200123922031629387e-08
4.085785544390000825e-08
3.974125094699314361e-08
3.866844112685423914e-08
3.763598569218543688e-08
3.666328863352080428e-08
3.557829268087115222e-08
3.448783352926194005e-08
3.342409559345655079e-08
3.236030439259924584e-08
3.124559208000607647e-08
3.015735700972682473e-08
2.908122056652668232e-08
2.810637997990935693e-08
2.711272346931993943e-08
2.610002818714275240e-08
2.513869485998520537e-08
2.422852823668950666e-08
2.334029013098330125e-08
2.250459153075591107e-08
2.167317125726738791e-08
2.091448598110424734e-08
2.017794890732634102e-08
1.938574302116646643e-08
1.873738305005901584e-08
1.810330588571738995e-08
1.740203631073028872e-08
1.671607010383697631e-08
1.603520093121626488e-08
1.541418173917970578e-08
1.479559415055308383e-08
1.420892733973454720e-08
1.367822144384414214e-08
1.317248311167127582e-08
1.266652140080923725e-08
1.219159884326633582e-08
1.172353054925547098e-08
1.129843436896731760e-08
1.087461831437908790e-08
1.041347523110082432e-08
9.977976173596903500e-09
9.581160375364377345e-09
9.232875630128122254e-09
8.893632518594626843e-09
8.540609402174980177e-09
8.181574858891580507e-09
7.834208369704974409e-09
7.544688216303063760e-09
7.251733747943672523e-09
6.934968756441064046e-09
6.635834866917098486e-09
6.355267455071728606e-09
6.105196266414991057e-09
5.881224653009308212e-09
5.646693685634480870e-09
5.422750063810265602e-09
5.196027887037444990e-09
4.989900611432063811e-09
4.812872260515083179e-09
4.615856100098862372e-09
4.420669267385796230e-09
4.236492375452426488e-09
4.073524132374470550e-09
3.911903347697179982e-09
3.757715603293069680e-09
3.626938455704295211e-09
3.504904492690960093e-09
3.374493992691209155e-09
3.246123154036323882e-09
3.140297937211081907e-09
3.033688811955267579e-09
2.924099042120669539e-09
2.823614514337904253e-09
2.730573069715534901e-09
2.640047302685698869e-09
2.557406896047794732e-09
2.481513514431018117e-09
2.413719175012200873e-09
2.354958153521275331e-09
2.300850830183700836e-09
2.248046978509789144e-09
2.196201409644924243e-09
2.153082053979201559e-09
2.114620261981967972e-09
2.075708734728233440e-09
2.035814903823136286e-09
1.999681284146067644e-09
1.966748178281934924e-09
1.934360962224507936e-09
1.905461730228603571e-09
1.875178863781196870e-09
1.843587763912260091e-09
1.812727303979272870e-09
1.786053552016792835e-09
1.758738114463538266e-09
1.730777378936968694e-09
1.703244931953757018e-09
1.677158267151813017e-09
1.650997569013211080e-09
1.624416539937043443e-09
1.599305144299423428e-09
1.574995711655044019e-09
1.550963262033426081e-09
1.526735940525591131e-09
1.501768682486105795e-09
1.477047618891454448e-09
1.454856912883523043e-09
1.433937651009940367e-09
1.411556794284068072e-09
1.390281286015382107e-09
1.369541475480648869e-09
1.346743866270837275e-09
1.324000015964780187e-09
1.302846686432492486e-09
1.281010623441447897e-09
1.258384349385067824e-09
1.236353847481156621e-09
1.216530606019758643e-09
1.196473510459401871e-09
1.175062456599899602e-09
1.156468665514984231e-09
1.136276946212870600e-09
1.116522085948310739e-09
1.098164240071737784e-09
1.079160637682617099e-09
