6.252633773330277256e-01
5.992792144753162908e-01
5.851124127195816982e-01
5.664908473023362312e-01
5.398090291043762257e-01
4.819221973315943042e-01
4.546049867029404168e-01
4.242826392044821149e-01
4.095596681148860885e-01
3.955365914786166948e-01
3.792478128400151860e-01
3.590070122455556456e-01
3.451952724137745676e-01
3.265073910024199888e-01
3.058528537083257115e-01
2.893772857497989848e-01
2.789431328791362463e-01
2.584014202150582973e-01
2.310415966605219584e-01
2.286832820627025809e-01
2.144916381527309512e-01
2.016723331994514090e-01
1.879729466523704096e-01
1.864440010137093651e-01
1.771156001995602691e-01
1.649855553072994419e-01
1.577422820241961565e-01
1.483604869047654429e-01
1.468666281846098542e-01
1.371933690431340613e-01
1.359182148413594637e-01
1.287207507040214194e-01
1.209048951412935585e-01
1.184542145114359235e-01
1.161965321742021440e-01
1.151009097689729144e-01
1.093640812120745681e-01
1.082745317473408769e-01
1.012946124541579951e-01
9.499771948224747242e-02
9.454170611550738457e-02
8.902698837445292834e-02
8.753218381807108261e-02
8.429450412150214789e-02
8.174261104371670361e-02
8.060161060612751338e-02
7.817410248766892833e-02
7.539659313437561960e-02
7.490383296674292535e-02
7.444961480349161775e-02
7.358894397631701723e-02
7.209274613638244622e-02
7.097000226810223911e-02
6.906965552805519049e-02
6.788937811351235252e-02
6.339782966265440634e-02
6.144336844915232465e-02
6.127277509902361030e-02
5.831188298990663821e-02
5.766301710343144787e-02
5.699248933704481601e-02
5.539067865009583702e-02
5.256102904541312681e-02
5.232249994160470541e-02
5.192551502808671893e-02
5.007264324974743108e-02
4.839339285762580406e-02
4.589393770046554244e-02
4.517875721668156153e-02
4.281117059529357394e-02
4.261574882924167029e-02
4.210783758358770112e-02
4.055627628499568899e-02
3.933974707295877921e-02
3.755117213459116532e-02
3.710783051321490250e-02
3.677993238745410481e-02
3.564712345193959964e-02
3.547513511461061059e-02
3.518707343243560742e-02
3.462238710939593428e-02
3.331920339959749261e-02
3.142272540911621170e-02
3.109014880984905735e-02
3.020726732177173371e-02
2.997104155136333381e-02
2.960335814319520545e-02
2.810560402241926367e-02
2.743387830861448301e-02
2.723617387763787798e-02
2.686070871976404401e-02
2.637818784174743650e-02
2.590093140418276221e-02
2.558774894778440695e-02
2.504092704333734515e-02
2.457948073976739395e-02
2.399326161989052617e-02
2.337071137981688515e-02
2.230082364218735971e-02
2.212656780722348226e-02
2.192161888681586762e-02
2.163905059527806291e-02
2.041706234231084258e-02
2.024767682263066415e-02
1.920528672661397582e-02
1.906705153180691253e-02
1.876954029841091873e-02
1.850423159515344335e-02
1.832351642983165094e-02
1.802350817616668946e-02
1.787891113814439256e-02
1.722534056808813427e-02
1.718638024413964016e-02
1.704744636942839148e-02
1.644277473776313558e-02
1.607934476252086825e-02
1.598210845996355864e-02
1.571933776063981492e-02
1.508652662051161025e-02
1.496010424911925658e-02
1.411766014598964808e-02
1.409214800798444869e-02
1.377028028658922390e-02
1.352928840625419390e-02
1.340387665350712895e-02
1.335214523527265482e-02
1.321896837771626906e-02
1.284284434777187636e-02
1.267876707332677745e-02
1.265309782517178884e-02
1.195214120638992371e-02
1.184657543892279549e-02
1.175041326129586117e-02
1.143721614760446169e-02
1.112358292664789375e-02
1.099469642990589732e-02
1.095011776801095224e-02
1.063335223861522003e-02
1.055197318150909863e-02
1.041084302183789036e-02
9.891126037341045271e-03
9.847441894006847898e-03
9.716993904274275409e-03
9.681892220936648419e-03
9.465039842919782329e-03
9.289125127907863627e-03
9.182330838231247266e-03
9.089411748565623048e-03
8.844256546243389056e-03
8.644988846445272532e-03
8.420318308471379937e-03
8.329488117945184344e-03
8.147030682757070916e-03
8.061101069409330050e-03
8.025056056317158432e-03
7.683894775003015029e-03
7.616150881039942741e-03
7.478707644452273033e-03
7.458326743665711842e-03
7.394593034846376305e-03
7.291485435702452743e-03
7.111312606868074732e-03
7.050266551253289021e-03
7.001240279608651057e-03
6.665031430644826303e-03
6.633643189004721427e-03
6.478993024760020154e-03
6.352693655803677390e-03
6.317353703366865997e-03
6.117700163160964127e-03
6.109175787555607209e-03
5.971530517389355384e-03
5.892836555988319874e-03
5.640181232744991870e-03
5.628999062761499105e-03
5.613385085854002976e-03
5.371200698977812715e-03
5.157145443775655244e-03
5.119354148688582719e-03
4.795973000434812158e-03
4.724981796392215688e-03
4.637632946812522521e-03
4.562556865795167060e-03
4.385411896894771643e-03
4.324062697585224005e-03
4.313600614100616612e-03
4.286856376635527800e-03
4.217474175705004935e-03
3.928939744370788315e-03
3.924313206833783194e-03
3.768657290074414919e-03
3.660561224952183727e-03
3.581832606782515797e-03
3.492493980371860676e-03
3.474344192108036380e-03
3.438337987751456659e-03
3.257125310373072333e-03
3.240400164892242706e-03
3.214716727583194922e-03
3.196749641238520213e-03
3.112219867512726855e-03
3.099499735799011915e-03
2.985724824665726695e-03
2.893995956918795839e-03
2.736287142444966420e-03
2.693382524916482917e-03
2.641037023835744301e-03
2.607674538345773271e-03
2.571243767505677468e-03
2.431363167385740438e-03
2.413723548420425389e-03
2.391306244749741901e-03
2.359253083011573701e-03
2.317485843867820444e-03
2.265418327697646308e-03
2.248263287371083004e-03
2.233282418144956222e-03
2.227247369066398877e-03
2.157176821222135232e-03
2.044916371114557409e-03
2.038354921070473398e-03
2.029594774002735184e-03
2.022235835655203286e-03
1.940561074958992724e-03
1.917625755080007042e-03
1.913685726226289647e-03
1.889730481756368794e-03
1.844932567130872945e-03
1.779241512324009370e-03
1.736904228849846677e-03
1.730500389723046420e-03
1.713466579782670519e-03
1.689948837082412428e-03
1.660702639067932265e-03
1.623036072379916307e-03
1.611481015204733634e-03
1.604342364888358815e-03
1.515699585033670289e-03
1.514264590312181490e-03
1.495116222139003699e-03
1.478301974371829322e-03
1.411966898885178272e-03
1.397481123713119290e-03
1.385179804293168795e-03
1.332846672996072009e-03
1.287178286971203678e-03
1.283534392590667461e-03
1.232435004134026062e-03
1.219734727852872253e-03
1.187656185692868675e-03
1.158117169323311406e-03
1.119879813542154056e-03
1.116235308486191163e-03
1.099322536987526293e-03
1.096143497768801165e-03
1.070743245028026166e-03
1.059487848600345174e-03
1.050466228256355123e-03
1.014617437476464552e-03
9.915543544634065030e-04
9.831943962845951512e-04
9.127961262893714367e-04
8.972283408765919501e-04
8.870230427759438329e-04
8.788273142012737165e-04
8.622259935161667894e-04
7.972504857208950356e-04
7.827540037050580504e-04
7.632892937009430178e-04
7.607424163180729129e-04
7.175448809572089557e-04
7.156096708899446985e-04
6.992441181453841166e-04
6.925133370901528440e-04
6.864978932211915612e-04
6.769708838353012161e-04
6.723445513672491247e-04
6.603443792041254487e-04
6.581975216209033858e-04
6.552593195863718476e-04
6.330035783302585036e-04
6.283654362763572499e-04
6.085155036505697198e-04
6.043635366349820164e-04
5.933113012368588200e-04
5.920244151078928518e-04
5.816271450859148871e-04
5.748192283466507920e-04
5.363922781295050058e-04
5.263003205693567036e-04
5.048700802685215754e-04
5.014977402637578983e-04
4.818577957626113818e-04
4.647346371691998476e-04
4.564721440302888108e-04
4.495063584566250212e-04
4.341959438612392336e-04
4.249381373967036908e-04
4.201243097726973120e-04
4.119925686121694158e-04
4.072977723129995098e-04
3.962984445078525700e-04
3.908280477700116530e-04
3.888816334674445076e-04
3.857618131547031672e-04
3.801497884855781348e-04
3.762076042208177323e-04
3.758729188957646771e-04
3.733319655639073332e-04
3.678410678609248777e-04
3.441821659809668238e-04
3.407135713893517698e-04
3.379221187630697940e-04
3.321855918815110119e-04
3.197816130130457001e-04
2.907544498910026544e-04
2.871435991059572931e-04
2.735652450324279695e-04
2.660797626728660624e-04
2.627501906200932404e-04
2.546884217278584032e-04
2.528479784137847245e-04
2.524081399571626396e-04
2.465792767399809459e-04
2.449269022494190767e-04
2.414289619681457587e-04
2.353773674194731215e-04
2.311475892886580871e-04
2.219242408445453688e-04
2.194441836538772435e-04
2.181466427239698929e-04
2.160961655339662670e-04
2.150582092300415903e-04
2.059901601417523146e-04
1.879183703392774455e-04
1.864272344169501752e-04
1.850267865539740523e-04
1.816684679019547129e-04
1.805440421629130108e-04
1.784372306978141093e-04
1.741673225526354813e-04
1.728454818904893748e-04
1.701968362355795968e-04
1.693591211597930842e-04
1.685505340490376356e-04
1.616941646271645352e-04
1.547828432285335573e-04
1.519789379931246742e-04
1.507472897534538000e-04
1.498280939547620098e-04
1.453989166469918241e-04
1.440551591147078484e-04
1.409582081852598311e-04
1.384017875845795493e-04
1.358407662521494324e-04
1.353096758962122237e-04
1.351033332287533716e-04
1.292500236885606591e-04
1.280555757173706336e-04
1.232529573139252803e-04
1.157702730141711912e-04
1.154075708730966531e-04
1.095616245195648908e-04
1.057926647065645227e-04
1.026653168025261278e-04
1.019074001388829367e-04
9.802470338078111869e-05
9.729742170041330454e-05
9.592266919555439235e-05
9.438278601186565297e-05
9.101213394848559264e-05
9.041212489078671898e-05
8.619232152892944833e-05
8.590309785049512939e-05
8.398351827486449776e-05
8.322295482076259995e-05
8.080803918745712872e-05
7.708912737625013860e-05
7.597246580681462594e-05
7.551634372116634321e-05
7.496670026250491076e-05
7.314282465629219935e-05
7.047361318852491373e-05
6.921320344478516416e-05
6.866479633163804683e-05
6.651696915687227939e-05
6.532470552298764738e-05
6.476769546501996277e-05
6.283529764601017854e-05
6.266056155905899185e-05
5.848687989832142232e-05
5.742315160004253288e-05
5.675721332228640214e-05
5.433921077006944364e-05
5.365073391086608344e-05
5.219023039748966098e-05
5.115058893938696034e-05
5.082739186511672390e-05
5.064561330635532086e-05
5.057208347965868814e-05
5.036739608787957069e-05
4.899083596477025689e-05
4.403348355958539598e-05
4.350730830330485087e-05
4.323694648931501467e-05
4.203870741501946636e-05
4.129219299270514728e-05
4.036493323615182415e-05
3.967702986451065805e-05
3.917642339619655358e-05
3.644794183483391026e-05
3.554855246369974627e-05
3.507514229187045767e-05
3.477199251297487232e-05
3.439883912530648997e-05
3.330519834348023768e-05
3.246283653733767323e-05
3.103442047866084968e-05
3.096229131057470850e-05
3.008585314926905281e-05
3.000536092941651314e-05
2.944748668355255664e-05
2.891832745222688351e-05
2.857901988396958137e-05
2.707074241261782241e-05
2.699302484297145432e-05
2.682847097432416441e-05
2.609856383657576301e-05
2.580106472570681514e-05
2.550574649298981231e-05
2.481202870713591728e-05
2.447786312095048101e-05
2.338622272564294796e-05
2.320030100378807179e-05
2.260325401040465295e-05
2.249355259503645055e-05
2.229750065058063769e-05
2.199505244643391993e-05
2.166858534266090415e-05
2.019444767842648499e-05
1.974852129031756773e-05
1.971868423907187232e-05
1.874149335905709107e-05
1.761930157598504205e-05
1.743035174476592053e-05
1.736661506612791479e-05
1.723006247556772461e-05
1.708936018362598562e-05
1.683835466315075660e-05
1.645421312787125620e-05
1.629390046866574542e-05
1.616343164603206944e-05
1.597566840004062278e-05
1.590723828212101950e-05
1.500069320657569561e-05
1.481884859378172150e-05
1.470437270262287209e-05
1.461824824045062549e-05
1.434945316189928411e-05
1.292120930787590750e-05
1.290944109623872058e-05
1.287953465151195149e-05
1.283492904402102297e-05
1.276936900179976743e-05
1.245663128912911809e-05
1.225721451148075044e-05
1.220788479943433061e-05
1.135967622251169280e-05
1.129307499671081381e-05
1.106764179405327024e-05
1.022187089121875207e-05
1.005382306652475789e-05
9.897323615716023941e-06
9.829733867713709347e-06
9.552672548414101682e-06
9.451535281454201542e-06
9.420835173391585110e-06
9.362646194058119598e-06
9.111571356944493403e-06
8.743966749215910424e-06
8.331998434041281898e-06
8.198506572127856298e-06
8.138066788250882975e-06
8.091364486346011551e-06
8.029174219235758812e-06
8.017025880480895683e-06
7.993901326013471814e-06
7.249178917039921988e-06
7.184385136305242362e-06
7.157264596945189630e-06
7.103810755366256849e-06
7.087234081737198981e-06
7.028531531131408533e-06
6.991604402824594818e-06
6.953574464398248973e-06
6.700199186459613671e-06
6.487710082868016167e-06
6.284342660254902149e-06
6.054713911031021719e-06
6.011317084590852148e-06
5.922615972712106287e-06
5.700776416431457103e-06
5.507206690114423030e-06
5.218017507587467255e-06
5.140708296137886156e-06
5.105367236340358605e-06
5.038591783923486007e-06
5.013629815041177659e-06
4.854426039672238981e-06
4.632424671438498927e-06
4.474644663258275829e-06
4.454662924525184640e-06
4.372209191051621818e-06
4.291829031102608827e-06
4.190233660537385491e-06
4.183226873120080046e-06
4.103281927476057440e-06
3.996344409826812381e-06
3.915529366882855710e-06
3.877154082092896641e-06
3.850668637291045479e-06
3.809952789349310986e-06
3.735634862897088685e-06
3.695587172856498837e-06
3.671236051751815974e-06
3.645922101409694296e-06
3.439231201695040120e-06
3.342608723504547422e-06
3.309454380278663184e-06
3.251991129547837045e-06
3.234338535422939454e-06
3.205027846216124078e-06
3.163696690075730195e-06
3.156068451602141491e-06
3.134644431250402364e-06
3.128581578346789140e-06
3.122503697019162776e-06
3.050930595305959316e-06
2.804601074452098845e-06
2.748472216501898400e-06
2.671502658374375718e-06
2.650302366142560901e-06
2.602486657292409593e-06
2.558662530582299135e-06
2.549247790900935177e-06
2.297977805646223583e-06
2.279336049111897011e-06
2.241374547968548230e-06
2.186054837364442372e-06
2.173771583188008479e-06
2.156032240570986858e-06
2.112065809589482445e-06
2.079270898922092175e-06
2.037421992068378338e-06
1.983154772996466254e-06
1.939787754041140271e-06
1.804710186692706037e-06
1.788368634128897491e-06
1.783800937198125330e-06
1.739174668442886232e-06
1.718099698436639637e-06
1.579340081038527382e-06
1.573742248624023794e-06
1.571850062384004130e-06
1.562528124484468568e-06
1.545606983871422939e-06
1.513792443063305362e-06
1.501347581366086416e-06
1.477486643955561984e-06
1.386196440343591466e-06
1.369569078951213809e-06
1.322100588360014654e-06
1.313178964833115254e-06
1.299597901327866045e-06
1.274553923548730050e-06
1.272014208412589468e-06
1.261548242144006182e-06
1.163272058715226800e-06
1.131972567571009089e-06
1.126123100565204595e-06
1.053614551317855374e-06
1.035083498247282069e-06
1.031237111880726241e-06
1.020191376031727572e-06
9.905618129072180850e-07
9.395613088879091796e-07
9.204253748944984948e-07
9.006246374750551592e-07
8.934936895967646522e-07
8.887228302695166479e-07
8.724304983780526064e-07
8.156059460786635731e-07
8.142363078277138873e-07
7.947838092228223139e-07
7.883762964701467291e-07
7.682295384229154070e-07
7.577442172717686734e-07
7.468293919902179235e-07
7.427348716202225861e-07
7.343030807012196730e-07
7.253183420976899047e-07
7.226267171863698092e-07
7.212850392422891413e-07
6.918819835580633880e-07
6.884805734100888794e-07
6.419260863609441592e-07
6.405101711275452627e-07
6.361569282893326643e-07
6.315905106099357232e-07
6.293051562591127977e-07
6.090986226387741201e-07
6.008391681385443336e-07
5.933313661244562038e-07
5.881099412686486632e-07
5.780505120249161846e-07
5.346607072078731299e-07
5.278773442768568876e-07
5.044166243683761596e-07
4.975289032769075906e-07
4.955372577628063250e-07
4.652164347310343404e-07
4.437706416305989349e-07
4.433753601093107602e-07
4.377177587141205057e-07
4.268793917106678253e-07
4.170465922713857741e-07
4.146688937519866933e-07
4.084364717561246927e-07
4.050308966646552548e-07
3.890292484683698943e-07
3.865931401371752698e-07
3.682733949969490222e-07
3.585294454101311495e-07
3.441323214483396216e-07
3.318500134909609868e-07
3.314086819292576721e-07
3.298720645305251084e-07
3.279364106197273255e-07
3.273046475692151882e-07
3.260382944574267812e-07
3.225061433230681388e-07
3.170030045253128777e-07
3.052750214374340015e-07
2.930811152494845509e-07
2.829548341038613154e-07
2.729354181843014085e-07
2.658424025589979459e-07
2.611794293718428119e-07
2.593172653725451546e-07
2.494954161062935809e-07
2.480019312505052435e-07
2.471497459906089636e-07
2.459527450337940274e-07
2.272124001207550337e-07
2.263155394077347096e-07
2.257922438619137503e-07
2.251925741271971246e-07
2.216636293025830350e-07
2.193905186444477141e-07
2.053990024736237192e-07
1.968876835797398132e-07
1.965136194638141220e-07
1.954723000973314654e-07
1.925809780140510808e-07
1.848234464398828607e-07
1.808366754867056400e-07
1.803716567981950838e-07
1.771141742618196868e-07
1.674503087104252068e-07
1.606681796722513057e-07
1.596882058874736844e-07
1.522404702041234024e-07
1.429011961548545765e-07
1.403819801772493730e-07
1.372359706328091522e-07
1.333116257007975917e-07
1.313892908066247170e-07
1.309320966384065369e-07
1.267539154176819592e-07
1.256794996671897276e-07
1.246774870688062780e-07
1.239750081841574822e-07
1.214530059638777681e-07
1.203939357102831722e-07
1.142839811472275380e-07
1.133539727175956073e-07
1.122321703677096318e-07
1.114748112131042647e-07
1.102672942632046606e-07
1.067874292015423277e-07
1.043727022239917966e-07
1.019254942519054145e-07
9.871154918953575429e-08
9.764471676326445992e-08
9.594860506151856457e-08
9.579836646149073360e-08
9.553910183337601187e-08
9.453244585662762226e-08
9.440300508249818337e-08
9.232422302457369801e-08
9.194812740930877442e-08
9.010146118487401854e-08
8.375157741861103646e-08
8.236907884320693216e-08
7.893312099869386029e-08
7.880816502873023557e-08
7.718798367603606065e-08
7.351861685093826687e-08
7.301030422398864572e-08
7.170400014875926607e-08
6.971625534286454967e-08
6.802074574462909802e-08
6.680435993071665168e-08
6.445088314351046124e-08
6.330374956254229247e-08
6.229453103802653403e-08
6.203152928889549703e-08
6.140414435313652395e-08
6.124776666775445857e-08
6.082088639456918472e-08
6.032371985332655208e-08
5.545347724300832312e-08
5.477173342866964998e-08
5.432743838377661399e-08
5.398461321168621491e-08
5.390420468349147497e-08
5.176189764264653824e-08
4.815872223707424376e-08
4.774532538894956470e-08
4.701816878891450801e-08
4.505119182140430004e-08
4.422494739215800393e-08
4.286311741757679965e-08
4.255955196318070340e-08
4.160703297380918925e-08
4.078835862246539116e-08
4.052997928275896330e-08
3.886493565914527686e-08
3.740633176508571299e-08
3.727809378542088692e-08
3.680820295790254488e-08
3.663846325545480600e-08
3.201115097412901949e-08
3.193538807039915059e-08
3.172434902266033706e-08
3.147596830955720996e-08
3.063769628795793798e-08
2.766533953892116783e-08
2.727107232562721148e-08
2.664500871279703911e-08
2.554244951088039699e-08
2.536325940480171745e-08
2.490648652584694176e-08
2.485133571521778214e-08
2.480975149857105245e-08
2.442391433547985601e-08
2.437950127192618694e-08
2.412920371987951349e-08
2.294517886744810738e-08
2.275697072742144972e-08
2.215645125146991889e-08
2.182271657487828517e-08
2.147912802069580522e-08
2.143305360690042798e-08
2.096970067155567813e-08
1.821310137407280614e-08
1.778607720928465508e-08
1.768913215068611195e-08
1.766037003394651905e-08
1.749491444690144646e-08
1.595798612299269634e-08
1.573629092381848493e-08
1.571402530020795726e-08
1.559189315874678955e-08
1.509321502048898644e-08
1.459491371112914599e-08
1.444072720590058616e-08
1.441017200190839160e-08
1.431093779188393371e-08
1.424124704995187639e-08
1.420443564417436554e-08
1.394587620157233619e-08
1.381952085199102304e-08
1.376099640953818038e-08
1.363482081407693166e-08
1.297121421078361576e-08
1.287773715936842857e-08
1.264368152410009407e-08
1.249335405813404015e-08
1.241325095241542510e-08
1.240555148716188526e-08
1.236793511322697646e-08
1.207882603689286838e-08
1.193314348485256221e-08
1.183962382510026430e-08
1.131989904677902308e-08
1.107762116457247808e-08
1.100225523587822302e-08
1.048944483027656073e-08
1.045945190694695859e-08
1.022394147811138054e-08
1.002336113820454009e-08
9.980678998330516675e-09
9.940613515338438577e-09
9.864643546175680014e-09
9.672280851520860771e-09
9.628665758886440915e-09
9.598303823568412383e-09
9.494003189655791986e-09
9.341061360015606686e-09
8.695352726150288738e-09
8.595815248583661168e-09
8.547550693114024701e-09
8.542635775365827325e-09
7.801343670584240023e-09
7.705457321889919141e-09
7.505619620673193023e-09
7.297814392670852836e-09
7.275697155862207011e-09
7.247315611301040785e-09
7.172583922340686367e-09
6.998924569314268875e-09
6.954867568665117149e-09
6.886904646817178681e-09
6.593714925811969474e-09
6.006713034074186586e-09
5.956617004071596726e-09
5.896032293421195050e-09
5.872222647955376855e-09
5.821605841783019448e-09
5.624275084444428138e-09
5.360616100696276841e-09
5.333120988817204878e-09
5.202696626004748159e-09
5.133860588316113632e-09
5.045695336958694270e-09
4.794590766465828648e-09
4.624951042260091029e-09
4.591189102152904910e-09
4.433324898499579631e-09
4.243972247978326816e-09
4.173534830137495584e-09
4.121153084704075694e-09
4.116559085450503301e-09
3.918477460952274055e-09
3.875046522980122036e-09
3.561216398137509713e-09
3.489823046576103394e-09
3.396996974846332199e-09
3.363461995530409488e-09
3.338153103429827329e-09
3.039472928428466927e-09
2.999156613857253838e-09
2.981804348194407745e-09
2.912652789743012859e-09
2.675824806229740642e-09
2.603158469045212656e-09
2.589480991188056044e-09
2.541470880077568970e-09
2.399473970626094134e-09
2.383958065574929062e-09
2.373559055237726589e-09
2.365192690912649015e-09
2.329547800596338292e-09
2.311412731988499122e-09
2.262707490816558499e-09
2.227212670894287199e-09
2.097279874915721857e-09
1.966462887122331398e-09
1.955332669868424321e-09
1.918577698133969767e-09
1.909025294020151835e-09
1.907092236387828336e-09
1.887649696859976588e-09
1.860572210464963225e-09
1.844236425553832090e-09
1.830497710865169059e-09
1.755466700509698479e-09
1.698608114208406113e-09
1.679717431202843027e-09
1.633324645690261142e-09
1.628839741695038878e-09
1.613379803650900190e-09
1.585696531084892728e-09
1.549807350697361057e-09
1.535703904541427927e-09
1.531699577638868554e-09
1.491705777329183553e-09
1.478606750736098021e-09
1.465175570873902684e-09
1.447480035050702553e-09
1.431955805196428421e-09
1.413062539818079018e-09
1.381196295328018973e-09
1.354164536468058483e-09
1.337935124544377060e-09
1.305138966129065289e-09
1.297328783612239884e-09
1.281289626695199662e-09
1.271401403112741448e-09
1.232358856945502165e-09
1.220691975629094905e-09
1.149153530679770736e-09
1.119725823296381133e-09
1.113285880797934441e-09
1.101696130261493254e-09
1.077708047771399439e-09
1.070933149052269304e-09
1.045429822726951438e-09
9.498187846210174822e-10
9.388575637161168534e-10
9.302096675061900550e-10
9.008487888623003695e-10
8.979380523540777533e-10
8.714004221681811295e-10
8.564671404716719499e-10
8.400709492583887074e-10
8.391848430320515700e-10
8.134864731014049758e-10
7.785355994170735442e-10
7.680456138850135338e-10
7.652817704528126196e-10
7.584516533918697258e-10
7.461032687467994789e-10
7.253071997567485027e-10
7.129990752350125933e-10
7.004132045307028761e-10
6.534586053768218442e-10
6.504521816680761431e-10
6.288890317073528012e-10
6.267182300386524514e-10
6.122297822079081299e-10
6.108101533491820556e-10
5.703355130030871475e-10
5.552039092970555577e-10
5.160393612814031175e-10
5.146618695666245837e-10
4.956348811784511296e-10
4.822946968839594975e-10
4.784534414187419891e-10
4.764805959627380988e-10
4.721602255310791325e-10
4.676674054051402624e-10
4.667926204048961063e-10
4.581950183421132530e-10
4.387007520297639382e-10
4.245639975359321080e-10
4.190770594582660765e-10
4.150842503811697252e-10
4.100270727696067687e-10
3.952011366593642513e-10
3.839437745827161602e-10
3.776104961436687911e-10
3.731512548300928688e-10
3.652668438256314995e-10
3.287328549426038618e-10
3.252394954517406827e-10
3.244757808634382335e-10
3.230492344337704588e-10
3.021429853771212709e-10
2.878453648868558315e-10
2.870886290412623968e-10
2.865396568655240353e-10
2.859834312263440683e-10
2.816519388371342566e-10
2.640354776013866135e-10
2.582102570445382661e-10
2.535339373162769988e-10
2.510996668809988365e-10
2.368337299088318421e-10
2.325985049658944255e-10
2.312387716871307042e-10
2.273787926837930618e-10
2.263103011993515399e-10
2.253337392885667959e-10
2.243415112732815501e-10
2.117314944469979841e-10
2.108008494987391192e-10
2.059888545012727972e-10
2.039149528272574490e-10
2.019520449432979798e-10
2.005996608685966879e-10
1.983517166191775954e-10
1.916652825500161183e-10
1.896512501648501912e-10
1.859450201856662034e-10
1.829142156576934780e-10
1.809805968616854564e-10
1.760122022141594512e-10
1.739277519348615255e-10
1.735674712769465269e-10
1.719627289437624314e-10
1.646196551385130581e-10
1.577840916435177848e-10
1.569289182423393660e-10
1.556184238985689899e-10
1.435639009435436723e-10
1.416420847970755835e-10
1.386951179956760516e-10
1.353595863290573252e-10
1.323369967089971597e-10
1.297262609323123864e-10
1.238177006704543487e-10
1.232980295922258755e-10
1.203671750041204948e-10
1.158931199574804524e-10
1.154219231403553527e-10
1.127064174957938586e-10
1.093051332124594502e-10
1.089810702665420520e-10
1.087141814214086317e-10
1.081029769608327522e-10
1.073941804319370813e-10
1.066744110457235314e-10
1.041551195975796751e-10
9.712306133478470524e-11
8.621620986774254123e-11
8.616249019109843725e-11
8.592045227411431816e-11
8.317436632930213551e-11
8.066158637872991061e-11
8.032551180242074015e-11
7.985538063272756745e-11
7.901216512157524182e-11
7.869779042541069223e-11
7.860925651775598217e-11
7.749857344542490867e-11
7.397223248455301958e-11
7.390841635558334488e-11
7.346308966099769173e-11
7.317155770170299238e-11
7.194604841945779647e-11
7.151796612173767422e-11
6.843146529980012515e-11
6.684784693778889485e-11
6.637460492464441648e-11
6.568004085721392188e-11
6.418354265581279818e-11
6.353752492312363739e-11
6.240605537934737949e-11
6.108353797068319166e-11
6.068419631914123053e-11
6.023466749388856146e-11
5.948542827904686273e-11
5.771445142866168334e-11
5.764476577911005017e-11
5.645441245497756152e-11
5.476041881065032151e-11
5.273724677179423713e-11
5.187982290098071049e-11
5.160726239570635074e-11
4.899575383135460110e-11
4.398268382993845601e-11
4.380881710198940236e-11
4.356768499992458365e-11
4.352960982677961512e-11
4.262211078733199477e-11
4.209749444650056226e-11
4.079193217244263895e-11
3.987848903414405989e-11
3.837909363510945598e-11
3.558741837024405086e-11
3.407649239265844703e-11
3.376716387367420587e-11
3.364571309499096115e-11
3.312487847043977635e-11
3.291476381058450251e-11
3.255860341566392846e-11
3.247900005434828499e-11
3.156386241229296265e-11
3.083443814659349229e-11
