5.218487188404068444e-01
4.885281264950595559e-01
4.855982627570035737e-01
4.827783454701447541e-01
4.809420080770661077e-01
4.771302924920746147e-01
4.659391786222742415e-01
4.609330643809520511e-01
4.590151955308226506e-01
4.643016249654798866e-01
4.593500481692264770e-01
4.508328994617463725e-01
4.383917187166994078e-01
4.256014878343913344e-01
4.040854137649615985e-01
3.886462862807658070e-01
3.872522212189647428e-01
3.741502199622979141e-01
3.646333948325901075e-01
3.554422149518454144e-01
3.478838336455614688e-01
3.333726236593209657e-01
3.204469951255768390e-01
3.118498386117633525e-01
3.040806536899977597e-01
2.912990090295293211e-01
2.851209863803224609e-01
2.717143738427076904e-01
2.617501088584060498e-01
2.602683811477489173e-01
2.558378308213260510e-01
2.497859050361793953e-01
2.483194590885256792e-01
2.352001835944714514e-01
2.271925237156434962e-01
2.233218790885662386e-01
2.072288759330571661e-01
2.050377306015148671e-01
1.979178850743198437e-01
1.969560492300806154e-01
1.934911208942695360e-01
1.932268729131383644e-01
1.929679003566885376e-01
1.867543452922940106e-01
1.847206786116963595e-01
1.803543041515141554e-01
1.749440564442389934e-01
1.736027627350862634e-01
1.710656471041161752e-01
1.700354648471920638e-01
1.675087789348620737e-01
1.638233145903212618e-01
1.618703093698223849e-01
1.611396540469822725e-01
1.604012179336052890e-01
1.593941209081667365e-01
1.533242450683844349e-01
1.493641361264289313e-01
1.430316320068344138e-01
1.427670248136289344e-01
1.328439491683273965e-01
1.317423858815491844e-01
1.261174662355879217e-01
1.260020545517011870e-01
1.248019606626303846e-01
1.209207499881053000e-01
1.200162452009951725e-01
1.194168733963560797e-01
1.190625411661810212e-01
1.171331016728601043e-01
1.122323298869326441e-01
1.108992415697528655e-01
1.069803929628516531e-01
1.060129940726964176e-01
1.058079646675151725e-01
1.029295026151589854e-01
1.004869140917978992e-01
1.003052256420049054e-01
9.647826095882304498e-02
9.607023252103577549e-02
9.497231226719549113e-02
9.339358622895681250e-02
8.951953744210403019e-02
8.699991393776448922e-02
8.429364656226762120e-02
8.264117108904812936e-02
8.227758826528307201e-02
8.094622469535460441e-02
7.434218149641806661e-02
7.361649584841740979e-02
7.357344577988034207e-02
7.279715937891230448e-02
7.016380298218960476e-02
6.935242352493646567e-02
6.925805732081653787e-02
6.909686698509240332e-02
6.840403059770133742e-02
6.621099742877804839e-02
6.547916466068504082e-02
6.405311571888377964e-02
6.382112716696847210e-02
5.800413492003725358e-02
5.661652043802070655e-02
5.541004991115803385e-02
5.486107610793449635e-02
5.162245274508225901e-02
4.846509451902464294e-02
4.834030058338849994e-02
4.056471468991963009e-02
4.050203048147566626e-02
4.029474512050693763e-02
3.969469439980358172e-02
3.886395586814442998e-02
3.519886022637236378e-02
3.440748408272868014e-02
3.407594842416920150e-02
3.404511675589125957e-02
3.160596463636618225e-02
3.151109176407989459e-02
3.117179388634064643e-02
3.091640545732699669e-02
3.023976976305600001e-02
2.950238234869574996e-02
2.882649477290800608e-02
2.878542341608384889e-02
2.868128415784575169e-02
2.656233671237706248e-02
2.640171339639299855e-02
2.612361480620220208e-02
2.600520164984602284e-02
2.581191822639208530e-02
2.552606598317335579e-02
2.279316387398780744e-02
2.268377415996255392e-02
2.248609159342762967e-02
2.175964438180060315e-02
2.048918882249452580e-02
2.006767971061937036e-02
2.004983716191583235e-02
1.961374840544600692e-02
1.848930283859823165e-02
1.688496290104118600e-02
1.684125783685030270e-02
1.664194988313700413e-02
1.624556436247383273e-02
1.529891209034275543e-02
1.518759304038837590e-02
1.507072192737659092e-02
1.488277195997123395e-02
1.484263369919164646e-02
1.461416414845320699e-02
1.448903460639052246e-02
1.358560074304527611e-02
1.274376586606599214e-02
1.273302042189958586e-02
1.193348725396160825e-02
1.171144868433279633e-02
1.157478973940854680e-02
1.124117014203698632e-02
1.116619345601437517e-02
1.101574415482504260e-02
1.090885227744488317e-02
1.051882601032798001e-02
1.037247274678889351e-02
1.036735895309800863e-02
1.036197306883656494e-02
1.018528789701609628e-02
1.000547677015736769e-02
9.737560776771450252e-03
9.503745329843249143e-03
9.485997674506901206e-03
9.470133689523754436e-03
9.083476265888464074e-03
8.976847625368688730e-03
8.751132481102454758e-03
8.685159085374765872e-03
8.623610144558917223e-03
8.602826572307396835e-03
8.590758545760711351e-03
8.585114445976076841e-03
8.464326242630496738e-03
7.759624873356442409e-03
7.641085037477493049e-03
7.363242728593892561e-03
7.240142230768771038e-03
6.549968093917341548e-03
6.136944837560900923e-03
6.024675541835042281e-03
5.975319797896199402e-03
5.972136722309354107e-03
5.960856990446331341e-03
5.874166521082846253e-03
5.053452816789059943e-03
4.786496055585074197e-03
4.779703990136040595e-03
4.662600861324230073e-03
4.659821687926156766e-03
4.595088592143569198e-03
4.499660508147367878e-03
4.471442570351758829e-03
4.035079685862244178e-03
4.006049699676370902e-03
3.998750050435572086e-03
3.986068238729944396e-03
3.956827662185690396e-03
3.869775039337722093e-03
3.693728766486344302e-03
3.396790397546318140e-03
3.395445446906359983e-03
3.280413995747134305e-03
3.274665207717136848e-03
3.242309238388095365e-03
3.040028151381597536e-03
2.987575846280215303e-03
2.978483249970547385e-03
2.919860996748102708e-03
2.915364928657788405e-03
2.894536397176588564e-03
2.658902389106711575e-03
2.605624162086707298e-03
2.589120052426570773e-03
2.573581592070846909e-03
2.517934116937698991e-03
2.490347727499295141e-03
2.418815103328784705e-03
2.209003657073935374e-03
2.179951753633860897e-03
2.178184962764198335e-03
2.146130679209480325e-03
2.140879439813762712e-03
2.125809013132225547e-03
2.104033812778380134e-03
2.084799627202016479e-03
2.071529673844158329e-03
2.067729915639541973e-03
1.970992045032663332e-03
1.968337005392962677e-03
1.966579289863971784e-03
1.822214963813497063e-03
1.800575810796702352e-03
1.760873343550715909e-03
1.747681913530500005e-03
1.739995474855875364e-03
1.685902515721866878e-03
1.640161072194765580e-03
1.604928107970203782e-03
1.584077263619193456e-03
1.513949810005572275e-03
1.442809177462871413e-03
1.350652497631522940e-03
1.338438089960485846e-03
1.338093875885243292e-03
1.334781531099195600e-03
1.331122858219128697e-03
1.306351660768761405e-03
1.302034756722357826e-03
1.289343191320566897e-03
1.284637647130614001e-03
1.127326082426449889e-03
1.125786481439273795e-03
1.094523304791528194e-03
1.093784615037330732e-03
1.089461086806044242e-03
1.086351764935100011e-03
9.684476511239456607e-04
9.521625714813395681e-04
9.406258711087137547e-04
9.388431496117205510e-04
9.284716044714063548e-04
9.134181452054852650e-04
9.020499412187281017e-04
8.868360779025961623e-04
8.616131064101399282e-04
8.460882000467167619e-04
8.434918072232415161e-04
8.186291999818599277e-04
8.010826239433753177e-04
7.885960243478023352e-04
7.874168163496011834e-04
7.867153181621935366e-04
7.816483572709917839e-04
7.747584881841265442e-04
7.617510203185950783e-04
7.176441843002160682e-04
7.095906518830682108e-04
7.020029099995722969e-04
6.345657529152409163e-04
6.341467180020258186e-04
6.335511044708309588e-04
6.200491055587766843e-04
6.154759809614504008e-04
6.130942610067315361e-04
5.996741998787920302e-04
5.867162556186356721e-04
5.832389327164637718e-04
5.735247525835031725e-04
5.443712026252763491e-04
5.426740305622789872e-04
5.402745480625146266e-04
5.044892488714099177e-04
4.915048116871256366e-04
4.860389923801044674e-04
4.656172824622065490e-04
4.623162811794779181e-04
4.282447520612877993e-04
4.251636447233217626e-04
4.166674600540231027e-04
3.898263361822609211e-04
3.804689750247760498e-04
3.745345798665721741e-04
3.454384338022827732e-04
3.444268671987717211e-04
3.419601343491344503e-04
3.329451483667331970e-04
3.207231945479136663e-04
3.193156904663351772e-04
3.168077040338287986e-04
3.035118779217544607e-04
2.902059111023401971e-04
2.651148369222944843e-04
2.631500854384090870e-04
2.464305083634420104e-04
2.340834671299135011e-04
2.239000146488540912e-04
2.235036096060445492e-04
2.227968005958947133e-04
2.219085162348937985e-04
2.179556374385997709e-04
2.100373624038272930e-04
1.963825570305603404e-04
1.816920337640698358e-04
1.815066653764406380e-04
1.806718567465816704e-04
1.786523098589605214e-04
1.686276790286437752e-04
1.644844395662427316e-04
1.634421367823058033e-04
1.617384209800383206e-04
1.594249316541292475e-04
1.523857402624204528e-04
1.477912932199961979e-04
1.471550672174999272e-04
1.389999887113122054e-04
1.387002987588221623e-04
1.374060765045402978e-04
1.371845035293310980e-04
1.360300828527436379e-04
1.274689207358123747e-04
1.271811628665821194e-04
1.248399080696881169e-04
1.244832358063046251e-04
1.084601927096829298e-04
1.069485137059775703e-04
1.031659117363571671e-04
9.970188788812108514e-05
9.960484911490636141e-05
9.891713585085049531e-05
9.463424839229794339e-05
9.051221979997580401e-05
8.712549020515601196e-05
8.667754106662692412e-05
8.464296272118058723e-05
8.222939820955719493e-05
7.453437407106974853e-05
7.330839982122479010e-05
7.258480301315665603e-05
7.253241028444150145e-05
7.245699733068355940e-05
7.199469623526821166e-05
7.085472446512175969e-05
6.892713400347036086e-05
6.438862862461729316e-05
6.343594851551529520e-05
6.136289553768093080e-05
6.134279990702250619e-05
6.131174348089495519e-05
6.061188988780520827e-05
6.001757120786593760e-05
5.922801716528257841e-05
5.681746082602262700e-05
5.155088069217807212e-05
5.038264684286405460e-05
4.981748114576723822e-05
4.979798503912394927e-05
4.970771832097211143e-05
4.968655537172631426e-05
4.967366568636490131e-05
4.940047472398848726e-05
4.901377685331957418e-05
4.848296067087099262e-05
4.696151391176530890e-05
4.690385209228928657e-05
4.572489254538966594e-05
4.540491889649241281e-05
4.448455990747436433e-05
4.374132151189836967e-05
4.087214401136400231e-05
3.581073995999214222e-05
3.557499423512439383e-05
3.556994405459832086e-05
3.376201661328236402e-05
3.274304073248204529e-05
3.263223455242318091e-05
3.129971384791633833e-05
3.001051104629003224e-05
2.979705238190492476e-05
2.853712767035089580e-05
2.828947102350221131e-05
2.677485938779849820e-05
2.667776254964781098e-05
2.641515709826642317e-05
2.579659641185933383e-05
2.543447594924996965e-05
2.148667525350661078e-05
2.083169591241845837e-05
2.033208643545292264e-05
2.020609844752001253e-05
1.990042666918686494e-05
1.978180234189883492e-05
1.976919710176010782e-05
1.975709951313654207e-05
1.964953802215219122e-05
1.938262035945318082e-05
1.869941464360780112e-05
1.864254033845140696e-05
1.786584758796476549e-05
1.609166083372037202e-05
1.587951465688744825e-05
1.558167412992532579e-05
1.441885123162308500e-05
1.413698451845503995e-05
1.410151506837985831e-05
1.388157209132560612e-05
1.387149406324902371e-05
1.365042624186948398e-05
1.354099523360554004e-05
1.341490089130827006e-05
1.336656164548499132e-05
1.335522208495765430e-05
1.075522270084394438e-05
1.062895795867559810e-05
1.051005835585454464e-05
1.032259842368782967e-05
9.911652129458378441e-06
9.885956204661358916e-06
9.865001084499628003e-06
9.710973387627660719e-06
9.696798772715204393e-06
9.675186850332008617e-06
9.640841515234437563e-06
9.489416591583764820e-06
9.460051012445342000e-06
9.376251735241003169e-06
9.299141998276987955e-06
9.193110652320368414e-06
8.940774495002913299e-06
8.115740530066496667e-06
8.032224388267837639e-06
8.023573591489918937e-06
8.013010904949375638e-06
7.536229813777681690e-06
7.386114586136561691e-06
7.149935912905858300e-06
5.929223127708471544e-06
5.422814364351358583e-06
5.235955757755582032e-06
5.130872447102518066e-06
4.986778602199629931e-06
4.865673919281528130e-06
4.852953851925941209e-06
4.811001449097491629e-06
4.727854123475469029e-06
4.620114792922123591e-06
4.489693474748571527e-06
4.465553101309643998e-06
4.225951188700944573e-06
4.151076675154918237e-06
3.500273807464066622e-06
3.454106504053699323e-06
3.361803606121915462e-06
3.347300822029723161e-06
3.334716243073520947e-06
3.322334418782629707e-06
3.316839481220006343e-06
3.139663203321547064e-06
3.126798911012710405e-06
2.699226105977863184e-06
2.685297620556500421e-06
2.375730878139420314e-06
2.372541905159034688e-06
2.357375215780926324e-06
2.274348933204029406e-06
2.198797773417641338e-06
2.145696149415988002e-06
2.094929965008999948e-06
2.094011496605807250e-06
2.091144247453651653e-06
2.086037602662986922e-06
2.082797871285391865e-06
2.063929044975464483e-06
2.051795570928415251e-06
2.031053194307814908e-06
1.853922796365136050e-06
1.828684683129610422e-06
1.601614308728134366e-06
1.597833670846529949e-06
1.585482681666196566e-06
1.580054747212530709e-06
1.537907319539975987e-06
1.477955373881316478e-06
1.455764971762561091e-06
1.447704071762871301e-06
1.444626499344783694e-06
1.442592027499123002e-06
1.329864452144438150e-06
1.322283552454871171e-06
1.305252957168499574e-06
1.247985473007562823e-06
1.216733504392957135e-06
1.171088550387910247e-06
1.109554766040941930e-06
1.001765139420899299e-06
1.001076424227234018e-06
1.000001428074506129e-06
9.783138653678971351e-07
9.691198607568806964e-07
9.485385917307702833e-07
9.354493532369540368e-07
9.244309066418512638e-07
9.187172209725605676e-07
9.029986710991728633e-07
9.009819913903700970e-07
8.900237929463129008e-07
8.630227738149920816e-07
8.519531513122511231e-07
8.493574684282034812e-07
8.445710879086246013e-07
8.384191962494953095e-07
8.206604516927808751e-07
6.709800812669609287e-07
6.698632267849609371e-07
6.467694101624736159e-07
6.404550286769857583e-07
6.396151814688493545e-07
6.335682295311473714e-07
4.844159801638574864e-07
4.840829761531224075e-07
4.800096447678276381e-07
4.373492057197609100e-07
4.221643817574870857e-07
4.201913262647256406e-07
3.982167813494730865e-07
3.809534663794680667e-07
3.791075134802752938e-07
3.769345875407579475e-07
3.764988931441983307e-07
3.742201524528503304e-07
3.737095418915146229e-07
3.694763113898481935e-07
3.692533034876447211e-07
3.601702907180923724e-07
3.386489067217546902e-07
3.351016689082043352e-07
3.276705663855625787e-07
3.184205136467779703e-07
3.107040220496366877e-07
2.853257835347447941e-07
2.737586340201224379e-07
2.633072989530596998e-07
2.575475945669384024e-07
2.541773341024648684e-07
2.528977681942825157e-07
2.384568577281884674e-07
2.377973831204922977e-07
2.365619031131852704e-07
2.360879779462032591e-07
2.163808903883285893e-07
1.879097438907755160e-07
1.762467407771116874e-07
1.756226519731804672e-07
1.734646089276887274e-07
1.683767351153070363e-07
1.674220214639602309e-07
1.654697339540440421e-07
1.651951401045881305e-07
1.648932399010427190e-07
1.637050475689941516e-07
1.624544263690829503e-07
1.611139151186825826e-07
1.465164720650149451e-07
1.396665089753586153e-07
1.378733777200728969e-07
1.259074365318922849e-07
1.194496909228063323e-07
1.190640996168145820e-07
1.188650706975644961e-07
1.187918076326350619e-07
1.177524513710368692e-07
1.169463041594142457e-07
1.164883809949960300e-07
1.117760948489608915e-07
1.099848647958379168e-07
1.087837596971468036e-07
1.081463752620865968e-07
1.076632268374901171e-07
1.050499041510116545e-07
9.616698453821569151e-08
9.298765458385871284e-08
8.970629102464781785e-08
8.825015424908756335e-08
8.808707757042123708e-08
8.502191040370602373e-08
8.310943012397869513e-08
8.065881705310324077e-08
8.036864991950987112e-08
7.786860886389576001e-08
7.717142919775656157e-08
7.671729919276857608e-08
7.579793776848102875e-08
7.219378947348793016e-08
7.123868443566176013e-08
7.114766690584006479e-08
6.879894631466086374e-08
6.832657611773426845e-08
6.456356567527824212e-08
6.242277746832138077e-08
6.196855679661043378e-08
4.681752385084380761e-08
4.421128739913155326e-08
4.253178996840394310e-08
4.235813591992114603e-08
4.211130170941351810e-08
4.188222118693327449e-08
4.084398749285372130e-08
4.070862178563416833e-08
4.061079497690273137e-08
4.042819766304511876e-08
3.973319423693757972e-08
3.745412609149229643e-08
3.727905008256670893e-08
3.653802860684412402e-08
3.646843912779572239e-08
3.590259435419033768e-08
3.359425058234062705e-08
3.196512437812090271e-08
2.990468518682336457e-08
2.825452913227561904e-08
2.822873590973789877e-08
2.810689130702750306e-08
2.785069476136861832e-08
2.778060474270281908e-08
2.768332132090641623e-08
2.400994639183147967e-08
2.389645306241224283e-08
2.384353090300764126e-08
2.061539702641271453e-08
1.994780569009810572e-08
1.938945752628350617e-08
1.937021693087186481e-08
1.896105890418457844e-08
1.868392511297474616e-08
1.801349598761657007e-08
1.780608427532740875e-08
1.723653384541019173e-08
1.707054893393660459e-08
1.687540296665051291e-08
1.663618040583843149e-08
1.661879112965033144e-08
1.650325139683691065e-08
1.574468927542643427e-08
1.366869491525381288e-08
1.297510068526651640e-08
1.263786314884425560e-08
1.232653412300144489e-08
1.225850815380539511e-08
1.222096485020508480e-08
1.221287221024786504e-08
1.213924162377747343e-08
1.211306403564249582e-08
1.171471220309964453e-08
1.155589341048543093e-08
1.118378280252063903e-08
1.110997296708217006e-08
1.097173931924952206e-08
1.091922722119122049e-08
1.075165256350563281e-08
1.066143639223144108e-08
1.032631992510689401e-08
9.365042808319840729e-09
9.150480957985199124e-09
9.128569191006593145e-09
9.042426241215055911e-09
9.010321868433946737e-09
8.932437662031917619e-09
8.842685729112546457e-09
8.837316388361651429e-09
8.802875070014683970e-09
8.788509514056357209e-09
8.692721019613604641e-09
8.470807930886618207e-09
8.256385519426230885e-09
8.138597801511298809e-09
7.783024414707078175e-09
7.776821522995278675e-09
7.762628158999383784e-09
7.421909230950617206e-09
7.404327173962821535e-09
7.350288720622816072e-09
7.160628387297818878e-09
7.008032650856152883e-09
6.754564283118298369e-09
6.725886307109170980e-09
5.812347645726140756e-09
5.693523865997280951e-09
5.683546787356728071e-09
5.681153161364470388e-09
5.672270035827383838e-09
5.570069110612979653e-09
5.504751362705858640e-09
5.315361599893139255e-09
5.151895775705182082e-09
5.144945588904273653e-09
4.917758741855671297e-09
4.458445906692158315e-09
3.905508896556281829e-09
3.646189684868163894e-09
3.506639169117893793e-09
3.434464029205238364e-09
3.425322964318353328e-09
3.408076610645108313e-09
3.374162557925519623e-09
3.361494750444389554e-09
3.073383746172756432e-09
3.036847274506364535e-09
3.030562827783188962e-09
2.911305334740187483e-09
2.905301009751562960e-09
2.903053400037099534e-09
2.898945019108443589e-09
2.895845592406790440e-09
2.848906148514793334e-09
2.721850352357526963e-09
2.652804204272853437e-09
2.643146390060811594e-09
2.537756760080656493e-09
2.340603462860608592e-09
2.276021359809014775e-09
2.231308242991505963e-09
2.213240652170937069e-09
2.182930007023858617e-09
2.141772815610394737e-09
2.066874932585138928e-09
2.044183050588867818e-09
2.019778589890621033e-09
2.002189443392755809e-09
1.980775469860239711e-09
1.978576932603420469e-09
1.898029446034439627e-09
1.886793103428734788e-09
1.884589425678594392e-09
1.848083782690116440e-09
1.844198760721369694e-09
1.838285905773702688e-09
1.795875502936185551e-09
1.790690311083716289e-09
1.750954481055782664e-09
1.740993096317976686e-09
1.567470349432659642e-09
1.560263973870187060e-09
1.553607444662552565e-09
1.547004886267755287e-09
1.543426074409807568e-09
1.522924281289801005e-09
1.515100119789963526e-09
1.466822364075421555e-09
1.451335034261154609e-09
1.386417347423809508e-09
1.354661977079447029e-09
1.306112042697458042e-09
1.302128619693114116e-09
1.301395896209772830e-09
1.299638241118109225e-09
1.275269650029438504e-09
1.163456498372340530e-09
1.031548667005163527e-09
1.024000092974407653e-09
1.022874687988587515e-09
1.014891471365176743e-09
1.014067029680649139e-09
1.009196329971017637e-09
9.945558835975842353e-10
9.905066018894102590e-10
9.616919630089121394e-10
9.508907980480510968e-10
9.387562548667235618e-10
9.153020226286669068e-10
9.132254002061847361e-10
9.122664956500577656e-10
9.091472750065225968e-10
8.695609535611905223e-10
8.390826407669742051e-10
6.271934606066818571e-10
