7.529947021907015259e-01
5.361623514030912085e-01
4.161823218573139083e-01
3.313475692843960152e-01
2.983426086046373493e-01
2.607193501089450915e-01
2.429838282709443908e-01
2.230902743453850035e-01
2.080197979927488339e-01
1.942213691942721032e-01
1.862420646305234795e-01
1.774930975897878183e-01
1.708229817702782705e-01
1.648024177834685744e-01
1.601254889329560560e-01
1.558338322535363640e-01
1.515029533531115080e-01
1.471431674363392061e-01
1.423670973825982844e-01
1.375295297802765770e-01
1.334022150899529247e-01
1.285297741465795396e-01
1.238595042361166909e-01
1.206646491813481853e-01
1.178976256503295045e-01
1.129139564352312081e-01
1.089829114349630118e-01
1.036745577611490748e-01
9.892141822856574673e-02
9.384027607970521490e-02
8.974150679213765969e-02
8.599381934853168874e-02
8.173905937557818246e-02
7.810630651060605778e-02
7.529079964294578542e-02
7.272348156528871121e-02
7.006547173386638849e-02
6.604057104084071206e-02
6.256653466381573159e-02
5.908195041235394379e-02
5.570031126116945647e-02
5.201102897899504557e-02
4.829052412168491348e-02
4.672766979891816719e-02
4.363791113861012483e-02
4.049692196685306111e-02
3.853178301914882142e-02
3.554659573227456071e-02
3.326781972693666767e-02
3.055149893161256472e-02
2.792553833521889059e-02
2.558897927858904200e-02
2.341980794647514214e-02
2.176727384974891377e-02
2.082981544615320965e-02
1.932042652720195736e-02
1.814588413404984515e-02
1.708185142253710806e-02
1.655748957056122489e-02
1.573338096067444444e-02
1.524058672313174240e-02
1.437969823072092652e-02
1.383553258297686231e-02
1.335883683606253411e-02
1.283005573531156851e-02
1.195785678601516203e-02
1.089544290065645564e-02
1.023943789857475334e-02
9.565924685764965602e-03
8.672286860554621890e-03
7.693787893130511063e-03
6.725740091763961898e-03
5.717676642428941303e-03
4.868220795704220755e-03
4.404893060969407477e-03
3.774164850584242354e-03
3.163390253621945359e-03
2.702565095683725355e-03
2.476505005711876657e-03
2.105080822239821861e-03
1.866147539469943835e-03
1.743977008446060328e-03
1.631042588723714175e-03
1.446568225967515822e-03
1.302355763509065699e-03
1.204301264220416666e-03
1.119683181797588058e-03
1.009696284362040890e-03
8.978320502156362203e-04
8.420365272489939218e-04
7.688777146054728362e-04
6.924763104215273793e-04
6.391496237616488751e-04
5.978853048148617590e-04
5.588097494532400910e-04
5.336603044900749011e-04
4.950992849434663213e-04
4.584264339513022517e-04
4.357598513536167003e-04
4.205613898193596403e-04
4.011908888449598190e-04
3.824464394767295209e-04
3.685645987198943991e-04
3.525823247962921766e-04
3.450181377474921735e-04
3.320882663073005075e-04
3.185686334538040897e-04
3.044815686486859198e-04
2.965890548585953571e-04
2.862996556853027153e-04
2.772402128476138239e-04
2.650640204851452322e-04
2.549476684866046642e-04
2.396602462771373749e-04
2.280862373911176526e-04
2.201994447879834056e-04
2.079682143662951396e-04
2.032863371228664116e-04
1.955076201922218890e-04
1.907719796049631806e-04
1.848026162840694551e-04
1.784881360943605018e-04
1.689463880202410242e-04
1.601686140260947556e-04
1.512295865678727901e-04
1.391376597123226456e-04
1.230614684753147947e-04
1.066458894410457237e-04
9.348714167070868743e-05
8.561986033971729563e-05
7.445664130864017814e-05
6.527297939676097885e-05
5.912347793018908658e-05
5.534473530844969855e-05
5.179842712842547779e-05
4.658941153233914836e-05
4.116293160387997976e-05
3.858270677863347365e-05
3.460613900153922888e-05
3.014264911915779887e-05
2.762480952494113197e-05
2.351014760075855728e-05
1.989065386321894110e-05
1.759513207409477069e-05
1.613560150800017121e-05
1.417589446614372299e-05
1.258111867897410558e-05
1.109782800670283323e-05
1.017125698922971964e-05
9.236614343700984820e-06
8.791148968385298517e-06
7.971204702377280676e-06
7.359890055741231402e-06
6.704789223095456517e-06
6.341715747739459170e-06
5.791381007343889840e-06
5.120296712585845952e-06
4.763311633262299789e-06
4.320811308256056508e-06
3.933436141050254491e-06
3.628787423724243769e-06
3.287516102194273824e-06
3.033276989962330752e-06
2.787987727545517891e-06
2.487992027905510964e-06
2.273112007495696312e-06
2.099355662054616327e-06
1.922629606872047582e-06
1.850936915406249186e-06
1.724896397732922733e-06
1.562779440076815779e-06
1.377911021110689451e-06
1.216226550972635504e-06
1.067162159123004197e-06
9.671393705162605538e-07
8.624429031565013884e-07
7.415156521400728217e-07
6.720925958830285868e-07
6.049529463763984859e-07
5.443132471704902699e-07
4.986868920050104936e-07
4.477357564709169352e-07
4.219904545060919037e-07
3.919583215538656539e-07
3.620540382861773599e-07
3.478338065634497054e-07
3.175741608151802800e-07
3.017054967128288750e-07
2.763488297221415360e-07
2.660135952012926175e-07
2.445413509068078687e-07
2.248143452151360435e-07
2.140438045206775430e-07
1.972374559025430834e-07
1.794203608658329066e-07
1.715445330567518612e-07
1.593822945975124714e-07
1.488669995500643890e-07
1.394145337170415087e-07
1.262584555812928251e-07
1.107836134452962123e-07
1.060169113481454938e-07
8.946511640789322685e-08
8.237062493029931953e-08
6.960587313167594086e-08
6.150193168177736676e-08
5.278396240916164662e-08
4.781026281853075190e-08
4.030966757685242413e-08
3.778434967246140050e-08
3.236245623898687388e-08
2.935272041135281079e-08
2.555373311483537941e-08
2.250413787317396380e-08
1.950498103548107744e-08
1.672256954982267682e-08
1.482027021812802027e-08
1.360296251765308718e-08
1.287891655531724246e-08
1.067884995181330912e-08
9.393697497222229034e-09
8.259778204297168162e-09
7.179714903697297703e-09
5.995733647954688257e-09
5.493151462364943378e-09
4.544861580858383898e-09
3.771849240194710751e-09
3.297673418837738636e-09
3.042667076094704985e-09
2.800694565893445783e-09
2.622847879748138767e-09
2.488247244968340898e-09
2.310059248297960862e-09
2.123313924426606042e-09
1.933110326443497436e-09
1.823845669087388803e-09
1.624831648931417036e-09
1.490126486166502775e-09
1.268199548095689284e-09
1.178468777565975045e-09
1.072693212216725521e-09
9.480480646170524053e-10
8.577982661698275671e-10
7.781690871336359483e-10
7.037356544533366737e-10
6.175692707052798571e-10
5.517262637314853657e-10
4.969737904067597793e-10
4.497648402599977641e-10
3.950171139153303849e-10
3.615764224322018921e-10
3.351208863642336116e-10
2.716240398312298685e-10
2.437844162390591006e-10
1.962103722577734882e-10
1.783591084623251972e-10
