5.450724667211873653e-01
5.145972771830131798e-01
5.103939432117692299e-01
5.055788251782754594e-01
4.994716606473083576e-01
4.847667786331439355e-01
4.714295536624705241e-01
4.618430509123825356e-01
4.543454612313090335e-01
4.496452361176940804e-01
4.238980073207573307e-01
4.016996074475862044e-01
3.858071365390673413e-01
3.706602194524913907e-01
3.632696815949619240e-01
3.536366748692484352e-01
3.362346150039013937e-01
3.186697716365894939e-01
3.168939276202277777e-01
3.063897790707655888e-01
2.965281045503302404e-01
2.950736096241193263e-01
2.888545578620603793e-01
2.792657572608905348e-01
2.651161423186605415e-01
2.642404182159275861e-01
2.558873128720607903e-01
2.541778219275505624e-01
2.459009410482215774e-01
2.396934094640172375e-01
2.363772020281853792e-01
2.312094225636452394e-01
2.293927032040040392e-01
2.270166237959456712e-01
2.246978869646492627e-01
2.203997756955454745e-01
2.162355130219249244e-01
2.139959557800907852e-01
2.090776998948163379e-01
2.023980429937766723e-01
1.995139092044857509e-01
1.885637210044069367e-01
1.845345596561473178e-01
1.783642951113217079e-01
1.769637555110948890e-01
1.757612025183708515e-01
1.685278013363330774e-01
1.676753840867741263e-01
1.671651061402333327e-01
1.624530081219114352e-01
1.576317833417614500e-01
1.555924951423161007e-01
1.549625551394684386e-01
1.450206912117041613e-01
1.443239333149626269e-01
1.373600221610088989e-01
1.363393135274066081e-01
1.350665548749356848e-01
1.304292769719602729e-01
1.272895233694960604e-01
1.224432035723104217e-01
1.221001567126306225e-01
1.202112320068688539e-01
1.152693521740496552e-01
1.131926143030768522e-01
1.066549154681456363e-01
1.063465034721212538e-01
1.055276674458344721e-01
1.051983197050541802e-01
1.028896595649329004e-01
9.767617560571853486e-02
9.698491124924561724e-02
9.304428215978527428e-02
9.170868016131117351e-02
8.798498113992943293e-02
8.759268948730772331e-02
8.409309185915056495e-02
8.045103512752362074e-02
7.967392518820989866e-02
7.849063153598830056e-02
7.505615419774587516e-02
7.379958484973071775e-02
7.346618207633626163e-02
7.015785026419622816e-02
6.974385448389880393e-02
6.716571521803353650e-02
6.647210061112063251e-02
6.631637552931859969e-02
6.347668729549173217e-02
6.257820910242062329e-02
6.213509167958331664e-02
5.908495361651395356e-02
5.850233599724843220e-02
5.800932208372899801e-02
5.502512855515951512e-02
5.474325419081979560e-02
5.451674550597909036e-02
5.410359198339234621e-02
5.098707770523917826e-02
5.082052895272930887e-02
5.030177503167469755e-02
5.018341428001454191e-02
4.957175747086449424e-02
4.895363207007279172e-02
4.825893890377528500e-02
4.680707202494643199e-02
4.519539922073655819e-02
4.420705465734987155e-02
4.346253104368379833e-02
4.339765429773508043e-02
4.228054334753958421e-02
4.066976360636846005e-02
4.055716217639212390e-02
3.979692297842468002e-02
3.857152478104843712e-02
3.821371658168894181e-02
3.817526057150327778e-02
3.755710190652759156e-02
3.551647991944231753e-02
3.548471509771642524e-02
3.370446322007759898e-02
3.342319213215497187e-02
3.319225367176138058e-02
3.311032377805972482e-02
3.270912806701679193e-02
3.233377484950869518e-02
3.204797554514694780e-02
3.132997043874769655e-02
3.060043248389021642e-02
2.973671923169707298e-02
2.923457490658266239e-02
2.917423015418516355e-02
2.877018929642240555e-02
2.818009779290698083e-02
2.617399647741636137e-02
2.591559008283434926e-02
2.529874174467729164e-02
2.499450714945194302e-02
2.444927135463342491e-02
2.435418085849501424e-02
2.312648211371704302e-02
2.309329630121656138e-02
2.273510657947697480e-02
2.270211544525283301e-02
2.228970199698346658e-02
2.200074746501186340e-02
2.168010772291570354e-02
2.161198087529733053e-02
2.138365830219977892e-02
2.126412242388660279e-02
2.118193012195074276e-02
2.088250522917716595e-02
2.054662226683946422e-02
1.990656926173359209e-02
1.965153099993948230e-02
1.950883036074803345e-02
1.934014444821544748e-02
1.855137117146060666e-02
1.807119233176040715e-02
1.805434962750882000e-02
1.771157382522288784e-02
1.652751067599909224e-02
1.605334428254686155e-02
1.590980771794736279e-02
1.485355745789227085e-02
1.479293338384481474e-02
1.478052667300990171e-02
1.409416183363411922e-02
1.382678509900712310e-02
1.375418542064209791e-02
1.371201643953170145e-02
1.365034455595708594e-02
1.360418644856623005e-02
1.356968072954513674e-02
1.342738980507436099e-02
1.266099969710692344e-02
1.263946264678886440e-02
1.248472286673017045e-02
1.234044629743399381e-02
1.217765877583537083e-02
1.203406762668225022e-02
1.160013313958128088e-02
1.157934371729466005e-02
1.152889167260680824e-02
1.152467444034588513e-02
1.113850599245395229e-02
1.095536659543273894e-02
1.093884303955671225e-02
1.088467239314449587e-02
1.085730840348821981e-02
1.041212105953150113e-02
1.032216306239601249e-02
1.028293445515326109e-02
1.023243180077501938e-02
1.019892783682039422e-02
1.011094130606283482e-02
9.764163218699309713e-03
9.285274107924861367e-03
9.276442472421046054e-03
9.171868056481147571e-03
8.413973366130426262e-03
8.251142899445049195e-03
8.229592236829808352e-03
8.086631002735451129e-03
8.039856551273644528e-03
7.772592750817429105e-03
7.383945193746568533e-03
7.235100064735433545e-03
7.150325917936961595e-03
7.131684980468986496e-03
7.097857807783718338e-03
7.021314160050794520e-03
6.962030712442703051e-03
6.825281234630750475e-03
6.153820448814568793e-03
6.140599452322414824e-03
5.956572998149116567e-03
5.870944792487846516e-03
5.837145526491161612e-03
5.815416762523754543e-03
5.758074864523293410e-03
5.332242895252356681e-03
5.279257631286058024e-03
5.012462263502716689e-03
4.944897173871186727e-03
4.777888317658119527e-03
4.243988366329523761e-03
4.232626056593201229e-03
4.205171847332902363e-03
3.859017103312973370e-03
3.805035733377311151e-03
3.772990881100780815e-03
3.767477447269548200e-03
3.746406336300255741e-03
3.722153762133308900e-03
3.641425566531683762e-03
3.574936761534338540e-03
3.473038623667656054e-03
3.424061734510023061e-03
3.356733066697556965e-03
3.339365540071379500e-03
3.324445056997282419e-03
3.272328488838214394e-03
2.897087406089380885e-03
2.875717247442401928e-03
2.771692742829064398e-03
2.760970877462534667e-03
2.704071565101071137e-03
2.661039896592631761e-03
2.648011573786836215e-03
2.473172312589124334e-03
2.465171070409396138e-03
2.435215305701041427e-03
2.409657412332098965e-03
2.369343867936587501e-03
2.151550871423170072e-03
2.096170510056320161e-03
2.087901915141346029e-03
2.084458573498703792e-03
2.046102312244116577e-03
2.036793079710450330e-03
1.907070954841434945e-03
1.891070096525336022e-03
1.818661091926608749e-03
1.733521429957580193e-03
1.699256693788195414e-03
1.696194943833930976e-03
1.695282841960679774e-03
1.523493133997034501e-03
1.490567593846005507e-03
1.444756594271385305e-03
1.429794882909008781e-03
1.426246140676336186e-03
1.425126446477287950e-03
1.420838806983999161e-03
1.401896991656932483e-03
1.377261423881752898e-03
1.330855040993180133e-03
1.315988336169012255e-03
1.305566514901008958e-03
1.303753824012193925e-03
1.288288513146126565e-03
1.199912375697139441e-03
1.194475706032607993e-03
1.133577589948303729e-03
1.121469276790147598e-03
1.117391657155005673e-03
1.036965367151983881e-03
1.016102529210477371e-03
1.003503157097937947e-03
9.284697624983272992e-04
9.151786332917705852e-04
9.073476769372602327e-04
9.028938841340432026e-04
9.002198602143280000e-04
8.365916684909264871e-04
8.280388145626657072e-04
8.222615177407246621e-04
8.052361019424068541e-04
7.966500554345693538e-04
7.958317694415703450e-04
7.951627497318911270e-04
7.934503460915657939e-04
7.834733314903420372e-04
7.812898911884897648e-04
7.800714449419865948e-04
7.541936454229363493e-04
7.413229779036020501e-04
7.182195803435659307e-04
7.002642735761763909e-04
6.973774083901844098e-04
6.828477763871593047e-04
6.810850597545124296e-04
6.578039510444523823e-04
6.557883482183701849e-04
6.533239121612897850e-04
6.484772621553835069e-04
6.206684621924993348e-04
6.133467093752720299e-04
5.956622708198289684e-04
5.931198529865795059e-04
5.702316883436547900e-04
5.550229794441742699e-04
5.469275402146222794e-04
5.420201526836008338e-04
5.413672105382175657e-04
5.403340593641894072e-04
5.145294221265396756e-04
5.099518578374704616e-04
5.020047409904644219e-04
4.967772986183708120e-04
4.960301075062541762e-04
4.901654180183005098e-04
4.236255852590140058e-04
4.219144104385405894e-04
4.154863881749110100e-04
4.102149738421101421e-04
4.062725287385908902e-04
4.052005004787067460e-04
3.948307020197935739e-04
3.913333000922518314e-04
3.870023945579322304e-04
3.402653682151031249e-04
3.366183897360578337e-04
3.307493720525129036e-04
3.215602596371060630e-04
3.131149413918310497e-04
3.104116980936413991e-04
3.024423737532551133e-04
2.939518216216364813e-04
2.901814194936001541e-04
2.595467338703406749e-04
2.501292895637498531e-04
2.484010820900848745e-04
2.477277091698954371e-04
2.474029862456696865e-04
2.463984581502125866e-04
2.457543785517131885e-04
2.447009913919969640e-04
2.437045270392778577e-04
2.387210695609580206e-04
2.366320951898928540e-04
2.335364154302060045e-04
2.323393466180024203e-04
2.082965844574504941e-04
2.033375130017894806e-04
2.021648544602337261e-04
1.967963458600715165e-04
1.963672370119424332e-04
1.881680184956383754e-04
1.812227475651220635e-04
1.796793786661150913e-04
1.754764984796010059e-04
1.656801465575113248e-04
1.655610746019896208e-04
1.643977153141663438e-04
1.445742746218664683e-04
1.432921684543167083e-04
1.383441460455162183e-04
1.380487807830958009e-04
1.371319512390099772e-04
1.333086536079813010e-04
1.327472070824250549e-04
1.312592813845756858e-04
1.237529604062686227e-04
1.204870565786753117e-04
1.192554013029876352e-04
1.157809682714516580e-04
1.137825790656271299e-04
1.116620610454722957e-04
1.097621600157242872e-04
1.088374382603150169e-04
1.077957304788131060e-04
1.077028459923765687e-04
1.073950508518435262e-04
9.968606432390637049e-05
9.766971180861605366e-05
9.657243191315786381e-05
9.650377162931287570e-05
9.645233592673222258e-05
9.610510894832941854e-05
9.376828845088171129e-05
8.607307817036036288e-05
8.599788891901026912e-05
8.488288033295733387e-05
8.394370338683137048e-05
8.252548134317149809e-05
8.125347615599872017e-05
7.916362708438082858e-05
7.910037888120616516e-05
7.678561281742721960e-05
7.595918356759582548e-05
6.841860670335776751e-05
6.784693486868307775e-05
6.776159369511867850e-05
6.584971056006181148e-05
6.380418693022940743e-05
6.365725950444973893e-05
6.356682831783644783e-05
6.078545010483845973e-05
5.527321999295265809e-05
5.465035545147768647e-05
5.332795267508379906e-05
5.331556606534914271e-05
5.308902288413768590e-05
5.263242662747419316e-05
5.232299310012127421e-05
4.576688279559266477e-05
4.560894202638226202e-05
4.422463261817114767e-05
4.396059954143672558e-05
4.370389355151207050e-05
4.114748481575481392e-05
4.112362114072174878e-05
4.109595101685130055e-05
4.077535350230311519e-05
4.037018968035326017e-05
3.972217479889827340e-05
3.690082929572899387e-05
3.557866264162161109e-05
3.494612489900604833e-05
3.412593327769360732e-05
3.403328246278655651e-05
3.390115124681720754e-05
3.320693986088487905e-05
3.264388505196815464e-05
3.261279227508460731e-05
3.228884168043716590e-05
3.211663397039391128e-05
3.200125114752523544e-05
3.085857350931525548e-05
3.045571458878828405e-05
3.020692393510507497e-05
2.907398471391461743e-05
2.880931531178690524e-05
2.873237943038830499e-05
2.786428613314309496e-05
2.775218211909660586e-05
2.637879717726567696e-05
2.523663695518647455e-05
2.507824547154488123e-05
2.498163285853985835e-05
2.469121974092512690e-05
2.415786815543694975e-05
2.384056849304825887e-05
2.380165295283858201e-05
2.354764771567637873e-05
2.324071569206956074e-05
2.298381820960648613e-05
2.252260644692322952e-05
2.037692355768741498e-05
2.024097278880360791e-05
2.001477129715888449e-05
1.978452386264758253e-05
1.974931639295458423e-05
1.963045244912715501e-05
1.926171734064913510e-05
1.919231590635295178e-05
1.906426365484646229e-05
1.880920853854282075e-05
1.866267835132159891e-05
1.857731971922774519e-05
1.850083874467851056e-05
1.816241009842020537e-05
1.761715929935335538e-05
1.668735993375269880e-05
1.658660563663298375e-05
1.638998396017563147e-05
1.627408150331001839e-05
1.620569636099073637e-05
1.619272680815887102e-05
1.608200342439219157e-05
1.584671041463654200e-05
1.411487389011298922e-05
1.350021371271035456e-05
1.349711938419245259e-05
1.238858817321542805e-05
1.232388017412246164e-05
1.227559966577662481e-05
1.121451513550395697e-05
1.115863339893735674e-05
1.109743479928091548e-05
1.107969131490827981e-05
1.026463557421427438e-05
1.012760397326789973e-05
1.010993750695953657e-05
1.005280265153496833e-05
9.709022579211845885e-06
8.015033825386029876e-06
7.924050207665858929e-06
7.903644040624828785e-06
7.797066390804588667e-06
7.651398726722703712e-06
7.592387920388794633e-06
7.503778530423701859e-06
7.471938098832027242e-06
6.656010353640539085e-06
6.553265347919250321e-06
6.521957435833013972e-06
6.427298068831728379e-06
6.349274158033193519e-06
6.261416613829312075e-06
6.180392805117344761e-06
6.165404056001393979e-06
6.149745861063795969e-06
6.101967546504350513e-06
5.916447876488036072e-06
5.404611563092170326e-06
5.192773854840896076e-06
5.169538663048844553e-06
5.156309285566130339e-06
5.129832728080088368e-06
5.104104793577641630e-06
5.079409228349920360e-06
4.925558758774594276e-06
4.911978271764297519e-06
4.674919585496564720e-06
4.625862528072078755e-06
3.994752660640383240e-06
3.991735764608826922e-06
3.986178514199791183e-06
3.961556581834505592e-06
3.952327383958367128e-06
3.921279282679717749e-06
3.905097996290899944e-06
3.772379296822413877e-06
3.755870578848049500e-06
3.588035916060012756e-06
3.374992021960198290e-06
3.195738855118640705e-06
3.103338299789762209e-06
3.083875603719347748e-06
3.068397167402940899e-06
3.042339682110698129e-06
3.036475496049124215e-06
3.027784594342775877e-06
2.971366524839155277e-06
2.896992365885506142e-06
2.886927870549249971e-06
2.826327794856228941e-06
2.720938095079637068e-06
2.689252576868173352e-06
2.529841464417075176e-06
2.518064308172050385e-06
2.514482774208703629e-06
2.505616741722241115e-06
2.500183162218115981e-06
2.458715344197868625e-06
2.455591408132273095e-06
2.320272108762314069e-06
2.315358131358378526e-06
2.306993183743858450e-06
2.248302916100715313e-06
2.220315788078623543e-06
2.214374467218116648e-06
2.180400424680276055e-06
2.170502590610726516e-06
2.131722023439091940e-06
2.041049240297798069e-06
2.021444337316274516e-06
1.997759785947025482e-06
1.990714820160600230e-06
1.956223862104830449e-06
1.903142299823197502e-06
1.878881387531404174e-06
1.864682116574962409e-06
1.837373532243067640e-06
1.822182027758224107e-06
1.706391769448157701e-06
1.690809738862649628e-06
1.687940047529543053e-06
1.671096219435928813e-06
1.670117261174012483e-06
1.596172129502403271e-06
1.495043015804643981e-06
1.472251181431805658e-06
1.461753705887285875e-06
1.391501694156908979e-06
1.382228324843769453e-06
1.315134380318856558e-06
1.308216638241540793e-06
1.270477823967704936e-06
1.222407976699395808e-06
1.218360734285530281e-06
1.109093712699727730e-06
1.090751795182821629e-06
1.068442618185753079e-06
1.036093766614332838e-06
1.023313269629551278e-06
9.985726393298604824e-07
9.845225853728581173e-07
9.811518326341841516e-07
9.414859704155025239e-07
9.389887603055626039e-07
9.144685708277783097e-07
9.058675682700318440e-07
9.039444297679726444e-07
8.603954066297558803e-07
8.527514379728046684e-07
8.455947131803518304e-07
8.392378282112473158e-07
8.093001934308438242e-07
7.970657366194601491e-07
7.601327799110365967e-07
7.222887029494291135e-07
7.194318195869320634e-07
7.191959605599186267e-07
6.674909339749497451e-07
6.661100964918911481e-07
6.608560895032408594e-07
6.574601562494589809e-07
6.569147067424075389e-07
6.416734200002217832e-07
6.330236678553248712e-07
6.056873181431761278e-07
5.972245007516987690e-07
5.896753571577880660e-07
5.539561198092487884e-07
5.481135285003248279e-07
5.443205139975781258e-07
5.277808411250732144e-07
5.117831612119555154e-07
5.047080899253760046e-07
4.984551229441405281e-07
4.825642347866479760e-07
4.810732468598161318e-07
4.615733001261923214e-07
4.578619219959110368e-07
4.568887470243337391e-07
4.537049626687691391e-07
4.473390841506630142e-07
4.273039782069747759e-07
4.261271451123441351e-07
4.185328235898125459e-07
4.149378610766262582e-07
3.878762436700254877e-07
3.306099951420098933e-07
3.247297326325452566e-07
3.228285206592814416e-07
3.224952456865254371e-07
3.215566690029555783e-07
3.192742158423753941e-07
3.139290582060420119e-07
3.133847220759561914e-07
3.082422832208528122e-07
3.070602544648214724e-07
2.952131364175532573e-07
2.706348811842282428e-07
2.652804131831787295e-07
2.622999150209413765e-07
2.580554346561189501e-07
2.525003354522962862e-07
2.508394361916274470e-07
2.459479712998385994e-07
2.457674785237228203e-07
2.450154752364995959e-07
2.415118478410619207e-07
2.396986532294006557e-07
2.331239573595208777e-07
2.245649901649719381e-07
2.234121136997806124e-07
2.227718880751930159e-07
2.184327722992991462e-07
1.851306924982914169e-07
1.793039657207906878e-07
1.740744374256197867e-07
1.659448327943636915e-07
1.653949980971985650e-07
1.649342749623466903e-07
1.639696673571562216e-07
1.637831608106479352e-07
1.627617828625713847e-07
1.595452832176026164e-07
1.579648780297589470e-07
1.560994755674137688e-07
1.542687992892076757e-07
1.506132274430033431e-07
1.502456743483294778e-07
1.465779569026869326e-07
1.434754458461429594e-07
1.333625690822448604e-07
1.327476344312319257e-07
1.325054352925587452e-07
1.320924087613415227e-07
1.310338148583379991e-07
1.307335660481069701e-07
1.306350121195878391e-07
1.305658029249798861e-07
1.226029918418096357e-07
1.189960526786715756e-07
1.167939626772121864e-07
1.131399033499381210e-07
1.081843883381819829e-07
1.076524390038724570e-07
1.032887563929240467e-07
1.018925475909269993e-07
1.018081432498739486e-07
1.005576820130892571e-07
9.954150936249746210e-08
9.694514799186076089e-08
9.684242809408752510e-08
9.578045031829696150e-08
9.519014407617883485e-08
9.200930459052593785e-08
9.059818988858447842e-08
8.757177436634890879e-08
7.481965788731306054e-08
7.452962788142782177e-08
7.438139868482778951e-08
7.351082481718899777e-08
7.088362731291067136e-08
7.059676593347075501e-08
7.050717638424845021e-08
6.752571609496826938e-08
6.662345004882829116e-08
6.652543210417244019e-08
6.528288439246913515e-08
6.443001496663769167e-08
6.182666153388549149e-08
6.165018441925214439e-08
6.081581726576688857e-08
6.057440795383876373e-08
6.009979203434312492e-08
5.979627703013683720e-08
5.857567701870109863e-08
5.759866652551586801e-08
5.470151273419426107e-08
5.452922546976029069e-08
5.436051604519296389e-08
5.394401023260905764e-08
5.349397159251510732e-08
5.336916652971914501e-08
5.194441419819299564e-08
4.859804908964220012e-08
4.798270467301150248e-08
4.781427122827259754e-08
4.731707982642124237e-08
4.614159251415795850e-08
4.529870007092287385e-08
4.028761270067430155e-08
3.728871383334357308e-08
3.686851171011779100e-08
3.544554969887581749e-08
3.501682109662726307e-08
3.429003324629410464e-08
3.385136466730568493e-08
3.370542459617785258e-08
3.358323365308840411e-08
3.327127840220606755e-08
3.280623082130644893e-08
3.225618184847777626e-08
3.200468111038442902e-08
2.986530596246453699e-08
2.802350619208945484e-08
2.703174834893915920e-08
2.605212787221637968e-08
2.603493569309885420e-08
2.420310185533143906e-08
2.397830027545867237e-08
2.370383497455505289e-08
2.356683083337735399e-08
2.308838543073797046e-08
2.303277233613960407e-08
2.283558365539176235e-08
2.259913931686572545e-08
2.027463472186252810e-08
2.008121546042455324e-08
1.995520753391445208e-08
1.984751478514629223e-08
1.933356709222146708e-08
1.927495418365028303e-08
1.888360738833987627e-08
1.847998348338997217e-08
1.826546430496945549e-08
1.776449060598342453e-08
1.773368198580995454e-08
1.656997972240077953e-08
1.656052820141020763e-08
1.654501384178625752e-08
1.642359097356538287e-08
1.493071862851153544e-08
1.417587725963347157e-08
1.354903564345776075e-08
1.350322433314990055e-08
1.335428880292552383e-08
1.333097793766425799e-08
1.327535581385190766e-08
1.315240937319098276e-08
1.312159335142207258e-08
1.310373536733651972e-08
1.308818300589795318e-08
1.299383012640001769e-08
1.223534150316080076e-08
1.218042406311937326e-08
1.208388021968587030e-08
1.110876600039722563e-08
1.087600674657757388e-08
1.076277168154587368e-08
1.046617806659209552e-08
1.045695948158526973e-08
1.040622793261334649e-08
1.034203295686200149e-08
1.032922373419877944e-08
1.029950744785862518e-08
1.019790881064045314e-08
1.005256494194255297e-08
8.952687661078959032e-09
8.735503358026971530e-09
8.656008923831383883e-09
8.610730738978160307e-09
8.592819939583781999e-09
8.323196317175239945e-09
8.061781676597901977e-09
8.010573373675853223e-09
7.759426819768778466e-09
7.709545895691095476e-09
7.573672626243301240e-09
7.510114233739450548e-09
7.424853585713374005e-09
7.416330705497319500e-09
7.368321680914689379e-09
7.359713843693294596e-09
7.264498174938011215e-09
6.535342981580656883e-09
6.524092180147272219e-09
6.226253451164311662e-09
6.176891280815316436e-09
5.976638052851918523e-09
5.891186488170502801e-09
5.794019962309736469e-09
5.771533212916156028e-09
5.765933258175728647e-09
5.625741640443113126e-09
5.341372749231919147e-09
5.321629085196627360e-09
5.304181712016747962e-09
5.252925935648431599e-09
5.248991160972829628e-09
4.037378653609029497e-09
4.021799400496046279e-09
4.012309525262455750e-09
3.919386781653001107e-09
3.910989651467132458e-09
3.879128011271755916e-09
3.872374196201027487e-09
3.848777325773316261e-09
3.552557370004252590e-09
3.389459973499035274e-09
3.081218260217130712e-09
3.023315240218207507e-09
2.929515354713591732e-09
2.864294890048145953e-09
2.783994409860310307e-09
2.778707670040351912e-09
2.773291387493700061e-09
2.726234046485653325e-09
2.656279025701426776e-09
2.616789338062642063e-09
2.611502696744147999e-09
2.608179494070104139e-09
2.597173926924835272e-09
2.586285921780664458e-09
2.533292078588555466e-09
2.524182213234730715e-09
2.413659838424720786e-09
1.940562059717460996e-09
1.938698734886367909e-09
1.936148740540460322e-09
1.933981139491281118e-09
1.918555929144690600e-09
1.902791272637837070e-09
1.813574704167183542e-09
1.694305084320902335e-09
1.623281303112887030e-09
1.589594582708827103e-09
1.584131034867705435e-09
1.570211080501516040e-09
1.549724127152322891e-09
1.503722263856549478e-09
1.472495735912141323e-09
1.394141252883361665e-09
1.392357175946861722e-09
1.283915592761624830e-09
1.270144959711420351e-09
1.263513715305620094e-09
1.256664343472547617e-09
1.254055104467369223e-09
1.234440591683830228e-09
1.218031866463268562e-09
1.209886269604978633e-09
1.188576313532748341e-09
1.182456261063665507e-09
9.846416872364173921e-10
9.733467515798762499e-10
9.665697328610098473e-10
9.450733382012888453e-10
9.427068792648230708e-10
9.342106599256292938e-10
9.325525479843054349e-10
9.051308347923184748e-10
9.034313536345375900e-10
8.960533364788280093e-10
8.754203527635411194e-10
8.651546448975229386e-10
8.214271080394594993e-10
7.812753151087810028e-10
7.765366169780286287e-10
7.480304757599570888e-10
7.409820415477349023e-10
7.360492886532133724e-10
7.335365278384331117e-10
7.130926438314890575e-10
6.841821478357208790e-10
6.828953248638630780e-10
6.825022730279862947e-10
6.742502180327926266e-10
6.730446663492956528e-10
6.706474008109899517e-10
6.690646007036558516e-10
6.104650629225276205e-10
5.890264317978335322e-10
5.850425807759603415e-10
5.809105710509335562e-10
5.793979526412018127e-10
5.771770248942859550e-10
5.368394247930428247e-10
5.310986524901805398e-10
5.291810694330412436e-10
5.276081948974484477e-10
5.267669945016550986e-10
5.259731283699998430e-10
5.213378975850224548e-10
5.126355001504109167e-10
5.042194199594365550e-10
5.038775625273755110e-10
5.036366985904661546e-10
3.818178655542224695e-10
3.689291621412211923e-10
3.667147340590858976e-10
3.608252047212563418e-10
3.590822786747925394e-10
3.530189779348083490e-10
3.507587096070869124e-10
3.499847647447560969e-10
3.497566108542405181e-10
3.487658416162527596e-10
3.427366081425374921e-10
3.315877568527430906e-10
3.259585712363074197e-10
3.157029125631845567e-10
2.868455701993245348e-10
2.842464144257742488e-10
2.813554076947598949e-10
2.701304120602426147e-10
2.562646946608042807e-10
2.539910561763115916e-10
2.516336201554222064e-10
2.401909387222548570e-10
2.341204399650751521e-10
2.268200466546127318e-10
2.252591964685299952e-10
