8.398753315445646184e-01
5.196487604724610021e-01
3.175727915224622611e-01
2.322271848268181171e-01
1.912829010208800251e-01
1.455170379171523420e-01
1.099962911763314455e-01
8.544606984363341262e-02
6.289565692785979711e-02
4.543554818708264720e-02
3.289057507979604306e-02
2.441367221248648411e-02
1.616676046834621822e-02
1.133739275142779321e-02
8.358471422143314358e-03
6.596702651050752667e-03
4.980392233719177844e-03
3.483952232300453408e-03
2.534182888789586040e-03
1.962288163257813051e-03
1.526853194585350761e-03
1.309974440921729457e-03
1.018486798627679917e-03
7.926756641193925725e-04
5.722872679974081106e-04
4.062554171616239353e-04
3.103441994156969498e-04
2.454874350261471746e-04
1.497837205157196100e-04
8.949579801239372417e-05
5.574158255712986901e-05
3.572833961252855014e-05
2.120081024398128041e-05
1.546966718899630162e-05
1.197568041658796926e-05
9.984407870902391240e-06
7.224807619007798267e-06
4.802666647949200808e-06
3.894505252618793712e-06
2.478772189977567613e-06
1.454306340930303819e-06
9.187120509176285616e-07
5.674066901820739477e-07
3.572228158710242679e-07
2.388259393946280586e-07
2.070203042070145888e-07
1.528662776275102368e-07
1.086719155513278472e-07
7.626983207220971104e-08
5.288133476702776984e-08
3.775881548914807849e-08
2.100599034796526377e-08
1.047278690652032276e-08
6.576396043459308505e-09
4.489941987869701260e-09
3.365115351424643474e-09
2.021515850510440940e-09
1.121145128471205846e-09
7.443280705572088557e-10
4.387766392675390460e-10
2.681373053819436743e-10
2.157660610461890830e-10
