1.171968161445547496e+00
9.568295867294385193e-01
6.761663040558152371e-01
5.515391669181750611e-01
4.718234995598828974e-01
4.086873612640171127e-01
3.529005625225289933e-01
2.920303732781304173e-01
2.552968096142459453e-01
2.179991294862559659e-01
1.916540185546577735e-01
1.653012762534572244e-01
1.451336383725685408e-01
1.170017357530243746e-01
9.532086843282489008e-02
7.604012320020363258e-02
5.784160090244839375e-02
4.618314876490392518e-02
3.640885862926766803e-02
3.058496715458640033e-02
2.560170505959103240e-02
2.049310710211581579e-02
1.619034269623733854e-02
1.292957499649218835e-02
1.070959867675214117e-02
9.351669716189959722e-03
7.823396897349600698e-03
5.956984423121073138e-03
4.873219888280927795e-03
3.965199030212050724e-03
3.588558860060877057e-03
3.106558520897243891e-03
2.677001415408199192e-03
2.442397743973590430e-03
2.090950777347253681e-03
1.730228719084668217e-03
1.452374062206375233e-03
1.206791517193849623e-03
9.558162617845227275e-04
7.585198942812391553e-04
6.299899903405301385e-04
5.218403584912701754e-04
3.979318700698815619e-04
2.997168162435854730e-04
2.405318969920899712e-04
1.925337470252238734e-04
1.419765925305803303e-04
1.133259481344550250e-04
1.005186656066766162e-04
8.078903284603669696e-05
6.185555433377466642e-05
4.670429750258022080e-05
3.624155099104446436e-05
3.140637403095099072e-05
2.432582805766563715e-05
1.795718780556407006e-05
1.420953478016714970e-05
1.182960666285555920e-05
8.528913235162212348e-06
6.383719959108474905e-06
5.054295391000604727e-06
4.066462635980012919e-06
3.207317134301812539e-06
2.414910522910425956e-06
1.815499479227335107e-06
1.321660174322781320e-06
1.031721933315007583e-06
9.071356985000132570e-07
8.097578116919127529e-07
6.670051684062891305e-07
5.660634999354678603e-07
4.343466731506773376e-07
3.177954301201552161e-07
2.573694009090998441e-07
2.160713466917431023e-07
1.920046316964939796e-07
1.685519308149122108e-07
1.395717528844278647e-07
1.132889628586123482e-07
9.688938887021243351e-08
7.794664882600214824e-08
6.406180832567667712e-08
4.936468140640783073e-08
3.646136252890140221e-08
2.783795615335239025e-08
2.043036284604745872e-08
1.385250529094646469e-08
1.043796447429160458e-08
6.863842879585380843e-09
5.492925982560912976e-09
4.569158141158009384e-09
3.240675966780345523e-09
2.261619871113574459e-09
1.674514221310477658e-09
1.269102782761558469e-09
9.601009686852737604e-10
8.601280799550621047e-10
6.853656394427956275e-10
5.708905468266033156e-10
4.420411192727159541e-10
3.701150229055283614e-10
2.677139818733977682e-10
