5.114554217458436858e-01
4.715927646983033017e-01
4.438693187559204500e-01
4.082025205243443589e-01
3.900951735297918943e-01
3.717337954377181175e-01
3.557659934600813645e-01
3.413664639085120522e-01
3.275631562679646169e-01
3.143754960806545151e-01
3.041440484844386560e-01
2.937137472046170705e-01
2.847485948938585087e-01
2.760035371633726142e-01
2.666078677020413124e-01
2.585436486609695717e-01
2.516217588015801088e-01
2.445157971039596534e-01
2.379057696404291711e-01
2.320424957029889323e-01
2.259943168571163508e-01
2.198656595270356007e-01
2.148328697950502852e-01
2.101390002354728281e-01
2.053886347462207107e-01
2.005979870472967552e-01
1.967444853096374791e-01
1.933266574403126603e-01
1.897893226525931842e-01
1.860535320465316056e-01
1.825714254553751359e-01
1.789538236104848135e-01
1.755974154793264741e-01
1.720887132050953061e-01
1.685111188669690951e-01
1.654073639534200113e-01
1.624889324216260145e-01
1.594778132854043629e-01
1.567177775013662566e-01
1.537880058431377595e-01
1.511423005644432216e-01
1.486782750222351290e-01
1.461899716514770409e-01
1.437820230500523044e-01
1.415493917874290630e-01
1.394012410177959405e-01
1.373508619206749992e-01
1.353894625785271311e-01
1.335804282220663108e-01
1.318166020744607758e-01
1.300545321468224991e-01
1.284516942607341894e-01
1.268652280610715333e-01
1.253005426414672552e-01
1.237530817894583607e-01
1.223135066995379716e-01
1.208759940983643588e-01
1.194511066370608915e-01
1.181337605708212002e-01
1.167873585116178253e-01
1.153140770371137436e-01
1.138409814331241832e-01
1.124166885981164737e-01
1.109796844737460514e-01
1.094679041212631293e-01
1.078398046131532895e-01
1.061376649169905734e-01
1.044966153041633344e-01
1.027143084376540560e-01
1.007850217875203985e-01
9.887619950681542091e-02
9.690072499733365374e-02
9.494607154246212377e-02
9.289328980986008566e-02
9.078867886607479287e-02
8.857633720138470557e-02
8.635600665890914851e-02
8.409004039877540637e-02
8.177742426653938912e-02
7.934308485809345168e-02
7.678792134428528982e-02
7.433675766273932506e-02
7.193843204870231656e-02
6.971727815438809317e-02
6.752614084289008944e-02
6.537345856828882806e-02
6.288503568442076197e-02
6.047197487779768649e-02
5.824757179456330203e-02
5.589185328143143200e-02
5.352714425963858019e-02
5.126707416705666986e-02
4.919083092820934061e-02
4.710186943345752442e-02
4.507734893653558839e-02
4.314774351707868077e-02
4.129823641633615511e-02
3.938231972143524384e-02
3.754832056933072454e-02
3.593640292074774811e-02
3.444004940593435593e-02
3.294698346888958601e-02
3.148541995219003575e-02
3.016134121391418621e-02
2.899884385756288860e-02
2.792982383673750513e-02
2.697679539748360986e-02
2.608780705267029973e-02
2.521068916260841078e-02
2.436760930744244838e-02
2.355358643883068495e-02
2.282440217176320146e-02
2.214236116863551804e-02
2.147397281261965302e-02
2.090577703210289365e-02
2.039448482549725480e-02
1.990972009373751656e-02
1.943580990653038382e-02
1.898830341784785852e-02
1.855590957059361640e-02
1.814348185476333253e-02
1.778366468867143696e-02
1.743616762324081207e-02
1.708798746658784021e-02
1.675064915693997430e-02
1.644220502061412292e-02
1.613482144874528804e-02
1.582987099027754335e-02
1.550600335848971272e-02
1.518246967947081520e-02
1.485728472514374725e-02
1.451441144817868650e-02
1.417629489171912810e-02
1.385338459612432682e-02
1.351736401960161940e-02
1.320562634731818098e-02
1.289504314445712174e-02
1.259538723049978548e-02
1.228927674383890022e-02
1.199933246799925017e-02
1.169890784346052509e-02
1.137527451176015801e-02
1.107825181771705976e-02
1.078282488587533131e-02
1.047998606364669918e-02
1.018857551772512325e-02
9.905344539459558575e-03
9.641911363419400013e-03
9.427650933576432399e-03
9.204830029416601750e-03
8.965624809653309837e-03
8.741664293535914010e-03
8.523033874962880965e-03
8.298249206977007311e-03
8.084906347135616470e-03
7.893263905410270384e-03
7.703656429058867126e-03
7.510544683274847366e-03
7.315828414332436330e-03
7.127863652398271598e-03
6.942724182733974597e-03
6.758852088464223015e-03
6.569717714264140113e-03
6.375660939260929458e-03
6.187381203296211940e-03
6.002278753381896578e-03
5.823058033858418553e-03
5.649403103125809865e-03
5.495485150628956830e-03
5.348574981537439904e-03
5.211048639779377288e-03
5.061797838412297745e-03
4.913712702451804824e-03
4.770999913434571631e-03
4.627413244751008882e-03
4.486259750773614538e-03
4.348741598473816229e-03
4.219368490684566146e-03
4.093987298456889731e-03
3.973312833912888940e-03
3.867426283497228928e-03
3.760736808025189060e-03
3.641995462187125245e-03
3.527539678774041423e-03
3.417301620766666995e-03
3.307815855671069130e-03
3.207765877981620141e-03
3.114886600641993478e-03
3.030550959704602157e-03
2.940167120866193397e-03
2.848257003067445042e-03
2.766579544847896314e-03
2.689888764953497768e-03
2.612958666337544464e-03
2.536039956342704162e-03
2.464345442559859583e-03
2.403250602284511765e-03
2.339997624041332408e-03
2.285346992519171616e-03
2.232341740828844984e-03
2.176672185420243117e-03
2.122320782023795569e-03
2.070518800974952087e-03
2.022808699871499801e-03
1.978434145763286259e-03
1.932749898520061838e-03
1.886638989194634134e-03
1.838520023126198394e-03
1.791636536925511093e-03
1.746369524966344270e-03
1.703919341157540722e-03
1.664169850743752203e-03
1.623483694166431585e-03
1.582561189307308451e-03
1.546310918245050268e-03
1.513122108686581644e-03
1.477653137973674365e-03
1.442913385087214598e-03
1.407357607959447681e-03
1.371585554018537028e-03
1.336827913037829003e-03
1.304356035915652835e-03
1.273177659265036562e-03
1.242157930902498342e-03
1.210861323613323347e-03
1.177729356320906997e-03
1.143108003567121743e-03
1.109556471703433082e-03
1.078877457519459822e-03
1.047889628921506435e-03
1.017685520065991951e-03
9.903959003317937444e-04
9.610579601079455910e-04
9.298453079315827921e-04
8.982213868128939354e-04
8.691502385301388489e-04
8.412619111319663643e-04
8.116506872556632094e-04
7.818002604015990764e-04
7.529079227371685001e-04
7.244998616469764015e-04
6.976555775821411190e-04
6.736350902661896074e-04
6.509070218602845724e-04
6.306946687184480232e-04
6.099662158989638348e-04
5.887957907399500026e-04
5.679510270287865684e-04
5.486973215113802446e-04
5.304454687762091966e-04
5.125320463268828730e-04
4.941743182331422056e-04
4.771734577741994676e-04
4.610492510833714302e-04
4.453068921135084138e-04
4.302320700818006161e-04
4.153410912599690436e-04
4.005148051356810339e-04
3.860275613181843118e-04
3.735043966804851520e-04
3.598276558799944221e-04
3.453018150227764337e-04
3.311817835787696858e-04
3.183263172100713216e-04
3.058031509723450306e-04
2.942932517487319914e-04
2.843639726990304130e-04
2.754172316967423814e-04
2.667167307855532318e-04
2.579274118288997302e-04
2.498069651857688059e-04
2.417127581808288213e-04
2.338999294651973311e-04
2.266230851599689629e-04
2.202949604062835016e-04
2.143698221477741562e-04
2.076342990877986334e-04
2.009388424922580656e-04
1.948809100500850720e-04
1.893337344602344906e-04
1.835941172148971624e-04
1.777748417853172150e-04
1.727799036871176979e-04
1.683170053423608257e-04
1.635625445854096082e-04
1.587396375489008788e-04
1.540769142934025502e-04
1.495282924240036134e-04
1.450118706740293319e-04
1.405928947952637476e-04
1.365023143686801103e-04
1.325015728302373296e-04
1.282887747214367174e-04
1.242107624834784063e-04
1.198829197703402556e-04
1.154414142163681228e-04
1.107705999819508388e-04
1.065199341903110740e-04
1.026705973954170070e-04
9.892543760124741261e-05
9.530735386707798844e-05
9.200377459688268171e-05
8.867206677917761350e-05
8.539791398890644609e-05
8.224227755459771641e-05
7.948368539904148876e-05
7.685991040487090658e-05
7.418742515923931649e-05
7.159209163506607325e-05
6.920765726883160867e-05
6.681797238108407998e-05
6.445437136194929236e-05
6.207408593794515761e-05
5.969255801511572660e-05
5.745233936369282575e-05
5.541882409779333955e-05
5.356815266873471605e-05
5.183436047953017648e-05
5.018875137637138104e-05
4.867841465251901000e-05
4.733119966223655082e-05
4.599944752030436774e-05
4.473266077690186851e-05
4.357694304230813403e-05
4.249320590575840083e-05
4.157345693790720628e-05
4.064457844925214021e-05
3.973416872305382129e-05
3.896576765510676913e-05
3.828817960488545833e-05
3.764873828670682382e-05
3.700298311366423696e-05
3.642720163940547180e-05
3.587627313686172034e-05
3.530848768082091234e-05
3.473246695290345328e-05
3.415569211299033310e-05
3.355823020314992438e-05
3.298528190094018279e-05
3.246387985569491137e-05
3.200844449473088765e-05
3.150957309644216185e-05
3.103271652953779427e-05
3.052742130263728866e-05
3.002395362109410221e-05
2.951032759760723476e-05
2.901706734087920419e-05
2.853257053454533870e-05
2.803525427879052342e-05
2.752149762798823738e-05
2.700403613985715334e-05
2.653084199692720338e-05
2.600946995071634700e-05
2.544242683884331434e-05
2.492597274324425020e-05
2.441529121671293085e-05
2.385765424423905463e-05
2.326534131675722140e-05
2.266713298483730605e-05
2.202553955942914533e-05
2.139204209822520610e-05
2.078903442053094339e-05
2.021155140156642867e-05
1.957316555588089113e-05
1.887598068645272452e-05
1.825958215070334429e-05
1.760815588336949396e-05
1.688808017986830737e-05
1.619375532730898165e-05
1.556721228354504663e-05
1.491320870436777072e-05
1.425129341987995732e-05
1.363377233699539695e-05
1.305628481797940400e-05
1.254592660308285641e-05
1.205577701425899440e-05
1.156576423222551928e-05
1.108676344447707039e-05
1.061219430811606290e-05
1.014660402222722501e-05
9.683924624040442548e-06
9.300910764713711491e-06
8.931891674808725096e-06
8.539033774889632581e-06
8.167038201014332525e-06
7.839865639135950985e-06
7.515347505448837381e-06
7.213919085884784534e-06
6.935323923588468487e-06
6.684811256676625270e-06
6.425078031354375017e-06
6.173979157804127531e-06
5.949590823713775211e-06
5.724917646165339010e-06
5.511709647289686164e-06
5.330234658202723315e-06
5.188111128927570596e-06
5.020857458285717890e-06
4.863894180505684376e-06
4.725265365089870971e-06
4.590854880363325649e-06
4.445310891583514475e-06
4.297099297940180527e-06
4.169862056373203654e-06
4.043982334983310624e-06
3.911759536744552271e-06
3.773422665477134191e-06
3.642669681417551986e-06
3.523186960136912839e-06
3.411569767671336500e-06
3.294364802375543249e-06
3.173437756618275321e-06
3.056230522862319806e-06
2.941008764122571079e-06
2.832249934329055616e-06
2.737883315221323155e-06
2.645713748152715629e-06
2.547790292790259637e-06
2.464496196948610453e-06
2.386164443081401981e-06
2.309473995858378827e-06
2.234959973694293165e-06
2.173612556238931531e-06
2.113072604104682556e-06
2.047062040945529541e-06
1.980235456912183740e-06
1.918010517274630134e-06
1.857923759301222419e-06
1.801349639509979460e-06
1.749363981580225011e-06
1.706010755792548189e-06
1.657339497470940172e-06
1.606801578798354621e-06
1.557273078183792666e-06
1.515231573513652834e-06
1.480685854301558130e-06
1.440414548034783884e-06
1.398987932327047175e-06
1.362119081891658586e-06
1.325195471992234740e-06
1.286515738084241245e-06
1.249904003094710676e-06
1.215047460731846011e-06
1.180642145726808547e-06
1.145168252709667803e-06
1.110399576438812976e-06
1.077940539497209266e-06
1.047604076051399970e-06
1.017826903387110248e-06
9.901583574243254854e-07
9.655465264242325453e-07
9.416072861166986680e-07
9.151391782187633683e-07
8.893431716297554535e-07
8.688602732038477403e-07
8.477001705851632173e-07
8.248078037621987427e-07
8.019414898554073978e-07
7.828471381506926072e-07
7.664721731501163156e-07
7.497505794737306873e-07
7.329206990929077838e-07
7.173618532771010164e-07
7.033608016321722540e-07
6.881811300710756811e-07
6.723774626434343852e-07
6.585499239624345849e-07
6.457816365387405972e-07
6.315141942677775434e-07
6.174401231786160327e-07
6.041188613514357532e-07
5.912970908025659274e-07
5.779890333449357867e-07
5.632540914800411874e-07
5.490358497504808017e-07
5.360047451098864205e-07
5.209457822410738502e-07
5.054964791055953684e-07
4.905441220020982802e-07
4.761849037149812694e-07
4.618974998704241396e-07
4.481744708158386672e-07
4.337917553059181603e-07
4.189113744945901529e-07
4.044091343200899803e-07
3.922729595185609206e-07
3.800561447508378687e-07
3.669770489065001194e-07
3.544010749709641132e-07
3.439926139605815264e-07
3.330181100114131601e-07
3.223339648664923991e-07
3.126907102418970033e-07
3.018097684734681567e-07
2.906630616897151291e-07
2.803147766507923677e-07
2.713095382733362388e-07
2.620074532988846549e-07
2.531548567118795759e-07
2.456448650916566811e-07
2.378561799947929182e-07
2.297137864900325212e-07
2.222199535636896554e-07
2.155910424656748468e-07
2.083737170291612427e-07
2.010900958804197665e-07
1.942129223046180105e-07
1.884695766656850362e-07
1.828641779847441419e-07
1.771045216871390469e-07
1.718158065660956428e-07
1.664411752804239693e-07
1.611311083355381095e-07
1.564016333338646986e-07
1.522632712756355543e-07
1.477798337756871439e-07
1.432390909326011539e-07
1.392625343867503713e-07
1.354224065164433965e-07
1.312191600897623346e-07
1.272178795361398859e-07
1.238065049210879713e-07
1.201675962495437261e-07
1.162081819448885979e-07
1.124398542215905616e-07
1.089620564778063071e-07
1.054469214867661666e-07
1.019342001677105539e-07
9.885418670743985889e-08
9.568320982022586426e-08
9.267886801064628089e-08
8.989861785002242119e-08
8.711813062214941351e-08
8.423393176441246643e-08
8.119726089187663098e-08
7.841804828391037920e-08
7.613595215615901951e-08
7.375312161113170479e-08
7.112168478152505863e-08
6.865107250183796427e-08
6.625854878337974420e-08
6.393585317555469243e-08
6.163969749077969159e-08
5.943241465439373831e-08
5.742940151854428244e-08
5.545672818904043352e-08
5.346413758972648862e-08
5.164396799415927651e-08
4.988894177058772280e-08
4.814523134371703926e-08
4.649132709211972087e-08
4.493414511177213221e-08
4.336703226066375273e-08
4.194952517683244712e-08
4.072684917645259945e-08
3.961652428059650894e-08
3.851257435355563385e-08
3.744280343705975612e-08
3.640554460017639359e-08
3.539905612383860200e-08
3.448857015124101555e-08
3.361604552893726036e-08
3.269019717433894518e-08
3.174257353299177096e-08
3.083082305589835754e-08
2.997477225313625506e-08
2.915637572040782169e-08
2.839467788692917854e-08
2.770632518713162517e-08
2.703476077788364556e-08
2.635119157189471927e-08
2.571703861126318933e-08
2.513215049230014591e-08
2.457323022646089072e-08
2.393168423626872069e-08
2.331787008401808379e-08
2.279248301478219233e-08
2.223545057083491023e-08
2.164738890141462619e-08
2.110730855461792430e-08
2.061363141473534592e-08
2.010054817201857831e-08
1.954003438172942255e-08
1.900944495477754416e-08
1.862697306957828065e-08
1.817571191731371004e-08
1.770850176365137767e-08
1.726616766748322183e-08
1.679996001993605071e-08
1.632665928296267025e-08
1.586951628109715829e-08
1.545008113955469205e-08
1.507645545426187860e-08
1.469409560255199260e-08
1.430102843977348017e-08
1.388977435138283489e-08
1.348072626874140599e-08
1.308198524095307969e-08
1.268283409267798271e-08
1.228630993747101489e-08
1.189540157045570316e-08
1.152398775662168145e-08
1.116512070161746879e-08
1.080730030628576552e-08
1.043729974098544675e-08
1.009864735878232468e-08
9.782083692298155784e-09
9.506318327884329362e-09
9.257486947641456930e-09
9.023505229375707814e-09
8.770838374423376302e-09
8.522702467832030326e-09
8.281170261364068986e-09
8.059468805045202976e-09
7.851291898112444019e-09
7.655650761294197895e-09
7.458777430445399217e-09
7.267117081626441652e-09
7.098490964581017321e-09
6.943582827118554093e-09
6.790839456778249972e-09
6.651786686990901994e-09
6.519804257668129172e-09
6.390509288664539267e-09
6.259853754661463850e-09
6.139207584690700455e-09
6.037556846839129687e-09
5.932491164587686626e-09
5.834420561505731979e-09
5.743500263045865326e-09
5.643979485023473179e-09
5.543961347694614513e-09
5.446083241870260157e-09
5.368015964960910292e-09
5.285383742125106315e-09
5.194606031762816195e-09
5.107446463253545084e-09
5.028911177201374234e-09
4.950184661228880651e-09
4.877954978379584560e-09
4.806134965270500384e-09
4.729758443213676183e-09
4.662493183630992219e-09
4.589350747980282103e-09
4.510168799473984659e-09
4.427821242265441999e-09
4.351054580666054014e-09
4.271862475983365272e-09
4.192037012808253002e-09
4.113027593265329413e-09
4.025654983878667579e-09
3.947385817149699334e-09
3.863225315957113339e-09
3.760982921606922162e-09
3.659594667249442995e-09
3.557874476394224108e-09
3.459106331558357453e-09
3.359314262968036955e-09
3.257590611822790237e-09
3.166171813952587467e-09
3.067029193718795808e-09
2.952586940306784386e-09
2.844044975048861111e-09
2.741150187763615066e-09
2.644714861465274146e-09
2.556893066153551912e-09
2.464152302962537360e-09
2.372030962089107361e-09
2.285085834205056447e-09
2.204194954562853930e-09
2.119233246686513954e-09
2.037378861800110592e-09
1.959359400816556263e-09
1.887511185675798738e-09
1.810695929000817341e-09
1.727794187823084937e-09
1.645734804348801509e-09
1.568446627062427471e-09
1.494025649570749219e-09
1.419826512126255575e-09
1.352703919787005108e-09
1.294326923775662956e-09
1.230058674652677595e-09
1.165972150888025040e-09
1.105457767743189092e-09
1.051379798355883491e-09
1.003978770235566958e-09
9.564557709318723127e-10
9.105277880232527171e-10
8.675351836317415652e-10
8.282623127495725966e-10
7.877626082312667054e-10
7.506648670519445844e-10
7.170655026620110360e-10
6.853544497222050274e-10
6.556988531787129902e-10
6.285881050712000194e-10
5.994455998606576792e-10
5.716022410642526664e-10
5.445903161062341646e-10
5.179257938399098719e-10
4.938887359097068584e-10
4.704203824413081367e-10
4.490363150458959159e-10
4.309900770552102624e-10
4.103853005278255178e-10
3.909556976241816019e-10
3.730372779274122945e-10
3.560279190945558475e-10
3.397530159106204197e-10
