1.825921827661240116e+00
2.388660671755933329e+00
2.466584057656908247e+00
2.332201772232976200e+00
1.990171616329768467e+00
1.760555203291892745e+00
1.584255151707441467e+00
1.429197203112768655e+00
1.302930170548729283e+00
1.169355525190071798e+00
1.070095266747545848e+00
9.425318320880379241e-01
8.671209019928198813e-01
8.044288362604592457e-01
7.556592425660523249e-01
7.241639162302194732e-01
6.842924305048536660e-01
6.477604821642781729e-01
6.308443525923370654e-01
5.901874339653411239e-01
5.573140662506008702e-01
5.198199319465300894e-01
4.769066686098430985e-01
4.469215551199697267e-01
4.119466348262240674e-01
3.914704950297875907e-01
3.593277695064934774e-01
3.456591417024200141e-01
3.239525451041969095e-01
2.992976147989475644e-01
2.797337916841943772e-01
2.698113347795008665e-01
2.515302204325824964e-01
2.446025249444556959e-01
2.269684598255214125e-01
2.136657059255797908e-01
1.974905497814730682e-01
1.863739376023549887e-01
1.720876414073846117e-01
1.626476375585181045e-01
1.582104750519888192e-01
1.481339667860470111e-01
1.380540000286013258e-01
1.289959299677149451e-01
1.247767128197664888e-01
1.201229404123333733e-01
1.162937335446690146e-01
1.101514302247546262e-01
1.075239892208506715e-01
1.011072185910940890e-01
9.646642796928227293e-02
9.300251971391003403e-02
8.661546463792474393e-02
8.191049709651281041e-02
7.932879622051992874e-02
7.568180033811784668e-02
7.165750939441271894e-02
6.645166789892935355e-02
6.071213808465231176e-02
5.846596709115939317e-02
5.635246222231773267e-02
5.426781455366800483e-02
5.083383551478690143e-02
4.844739055007814960e-02
4.599655231903193586e-02
4.211463636734697619e-02
3.881062635047217296e-02
3.705204409611535105e-02
3.492575904102610679e-02
3.385192984563954038e-02
3.162023850624917642e-02
3.037937998560247960e-02
2.842271150798216309e-02
2.788671605897949379e-02
2.696686837730159422e-02
2.585924787162659916e-02
2.505144823661748302e-02
2.412748667693415117e-02
2.314902702711691893e-02
2.257488779007848362e-02
2.140261845467380381e-02
2.055659470795181618e-02
1.971832183090467538e-02
1.891487484024772375e-02
1.809036763345538840e-02
1.772637368673890546e-02
1.723122224213825132e-02
1.696410010057560966e-02
1.658815984030392529e-02
1.596324614891403426e-02
1.559485760707776669e-02
1.497617883278522244e-02
1.458358045240099911e-02
1.396004279491122602e-02
1.326611147443119802e-02
1.276707572383485416e-02
1.212393541065738371e-02
1.192357104101597967e-02
1.144967569273773814e-02
1.113772016081557292e-02
1.087702169053788963e-02
1.066871044151825390e-02
1.032831140246857210e-02
1.016929378492189250e-02
9.684374809655105915e-03
9.199652037366690474e-03
8.889229541978828364e-03
8.621143856000703862e-03
8.424884970448170279e-03
8.123919248100417226e-03
7.947412517460965622e-03
7.785997772854093453e-03
7.471389183196939544e-03
7.270984376750230273e-03
6.941437472845498821e-03
6.846845163085424346e-03
6.399550565053892075e-03
6.031599100645754219e-03
5.850823940856396052e-03
5.652520461557754977e-03
5.424954033521751408e-03
5.300865471631286199e-03
5.104919003585991176e-03
4.925852069207917704e-03
4.609069354496210524e-03
4.477148942447098032e-03
4.295887331199926829e-03
4.235577108509172052e-03
4.158779414253625795e-03
4.091934720369659953e-03
3.933873098830274750e-03
3.842012017744597142e-03
3.677396976236345979e-03
3.612595132696797690e-03
3.393258469950394696e-03
3.288800741229062647e-03
3.091010379481363372e-03
2.960095323861229328e-03
2.878198397159287877e-03
2.777789429235912998e-03
2.717343235166185672e-03
2.672495440524296721e-03
2.603661830074369219e-03
2.475804527598688548e-03
2.437143387209219671e-03
2.379714368256140647e-03
2.294117828193185504e-03
2.220524803475242264e-03
2.141483955092901483e-03
1.999972957850324699e-03
1.946851057559712949e-03
1.832620485416478363e-03
1.774428891924390668e-03
1.738937679812012100e-03
1.697202462557763011e-03
1.667860837924963532e-03
1.640810394872997940e-03
1.547437960718405251e-03
1.514000650567273818e-03
1.440691559649231275e-03
1.406029000625977398e-03
1.338679611645046848e-03
1.286592078529585860e-03
1.270218337469746850e-03
1.192075641773289148e-03
1.147503941057947301e-03
1.110644889358666614e-03
1.052120065619754127e-03
1.015844352343691888e-03
9.970157934404105630e-04
9.329350247257297895e-04
9.116444573427790734e-04
8.649805595301333829e-04
8.386635532779466952e-04
7.979567188722008634e-04
7.235286910789726685e-04
6.838122760733386738e-04
6.441551310298438641e-04
6.152480121725957107e-04
5.950137654660862720e-04
5.697162769610312084e-04
5.644124238392429207e-04
5.465050687284579017e-04
5.191567427500962378e-04
5.046020016111734795e-04
4.938335649975840371e-04
4.686099706333065706e-04
4.539482666892495394e-04
4.380457884165160176e-04
4.159265652523559914e-04
4.098596178137847712e-04
3.883958957619533655e-04
3.730778481866849289e-04
3.561376673145532474e-04
3.458491362857152047e-04
3.339372135080829291e-04
3.302140842897635978e-04
3.063128242159729691e-04
2.975793263179591632e-04
2.903811773111737563e-04
2.799706286576481191e-04
2.749040085133516676e-04
2.719124930007575896e-04
2.535863649603965200e-04
2.412140845422637179e-04
2.343134010627383494e-04
2.196050710585154583e-04
2.118534349438802480e-04
1.988036540655876343e-04
1.965118585825935741e-04
1.882476996775775966e-04
1.813463258523429465e-04
1.749125655865555850e-04
1.700475636379743672e-04
1.656056724603989538e-04
1.599371643414045497e-04
1.519850925891993445e-04
1.479871023101593996e-04
1.370733849153463484e-04
1.331183304667501511e-04
1.300701980973261200e-04
1.273109370915041652e-04
1.175562515280182595e-04
1.126812639279139891e-04
1.082049555798131362e-04
1.041324884252357879e-04
9.600496843683751580e-05
8.836793764249317870e-05
8.467854365078543216e-05
7.990797012373424013e-05
7.658022502034196122e-05
7.274267172466521917e-05
6.876475844033499833e-05
6.387747968546845525e-05
6.143408924433212050e-05
5.485862803500287098e-05
5.088719920573376600e-05
4.895682237138407458e-05
4.360757183888285015e-05
4.092234500829956351e-05
3.739437185286654072e-05
3.519653372540618988e-05
3.207323532134984529e-05
3.001390114193426518e-05
2.840757587496961563e-05
2.592234819830204994e-05
2.367336210370371631e-05
2.234117121704247845e-05
2.092993286350387070e-05
1.953343681387731656e-05
1.902298779371850660e-05
1.843801541720632519e-05
1.686790992166232279e-05
1.568894847099947315e-05
1.517712320959820997e-05
1.452534004577188585e-05
1.401687994679053531e-05
1.362697240279412958e-05
1.319621297806271710e-05
1.227560653155678262e-05
1.191991139371948348e-05
1.140574066221178558e-05
1.063613856005145452e-05
1.006630297751504831e-05
9.869609825413140194e-06
9.594353920930436596e-06
9.386344801354500671e-06
9.000195711006506944e-06
8.737687437169576273e-06
8.286851726439236373e-06
7.901962778188559888e-06
7.396287401638092954e-06
7.163298093961258998e-06
6.918979764959785763e-06
6.693732643076287074e-06
6.383942507569440045e-06
6.067669611366091380e-06
5.731082416167284580e-06
5.480492934808230657e-06
5.197850759646019774e-06
4.968749777432069817e-06
4.802800329749579923e-06
4.464391203911708511e-06
4.279235999160495247e-06
3.892836905880963141e-06
3.407120603330512940e-06
3.288221760600772383e-06
2.983811045260184660e-06
2.724851555270342080e-06
2.601559073829279013e-06
2.430763495335898871e-06
2.356870216330280378e-06
2.268604405236282769e-06
2.217565141530286909e-06
2.137617334653274654e-06
2.051432016435845092e-06
1.979988956341813219e-06
1.898022800637175443e-06
1.809294734216708870e-06
1.690717665891823191e-06
1.638943774169501102e-06
1.604705186958507600e-06
1.464051671995731709e-06
1.428939213935669903e-06
1.371744427972977686e-06
1.319076704689809430e-06
1.298964017026067643e-06
1.259357373353798484e-06
1.209353468663692447e-06
1.146455749861175904e-06
1.095473057405846440e-06
1.058246467425872269e-06
9.863964369982424968e-07
9.755189580334313001e-07
9.206077087699990397e-07
8.577586957663250575e-07
8.035333842149849984e-07
7.614793416190405349e-07
7.394047800620195856e-07
7.231820998289985424e-07
6.689003962905468276e-07
6.573729758878079039e-07
6.044631830576275224e-07
5.912334748473477621e-07
5.596957753115400305e-07
5.313266452139951315e-07
4.911148848140434923e-07
4.567370329851349253e-07
4.432898483249301754e-07
3.999450678980001675e-07
3.865197284951036903e-07
3.816467504297579377e-07
3.542827683584926682e-07
3.451696159472904597e-07
3.404453302576603897e-07
3.287220581545242163e-07
3.106345029555519451e-07
2.971832202423084907e-07
2.845826092431454256e-07
2.719481049697175710e-07
2.539726864138996252e-07
2.400722792430034958e-07
2.276286691088967494e-07
2.167234998861389610e-07
2.093318654712721892e-07
1.919316481073779644e-07
1.819697313587189937e-07
1.729688682253893688e-07
1.643786192936016969e-07
1.589932622561275403e-07
1.521071048969115744e-07
1.495194930801541905e-07
1.443173325046235521e-07
1.396446777777267233e-07
1.372240619102601928e-07
1.311802496018041413e-07
1.278007962804766386e-07
1.258560292800711378e-07
1.161340239384928818e-07
1.093430339109761550e-07
1.073746547663847128e-07
1.030753131546643238e-07
9.647388244326831873e-08
9.224023368799633958e-08
8.796166706690529302e-08
8.262963328412835948e-08
7.813163751650742444e-08
7.402412023219714201e-08
7.044621166314628198e-08
6.501847681503262464e-08
6.312414661292013804e-08
6.185603500560004191e-08
5.798252424928074183e-08
5.411959519862567007e-08
5.229958345248246715e-08
5.037959488206765412e-08
4.886367095575335235e-08
4.512006519101812612e-08
4.166128725328166508e-08
3.906927761740107409e-08
3.704756740600819629e-08
3.477538655895256453e-08
3.287672742174864259e-08
3.067262594964923752e-08
2.977838172272961094e-08
2.777471272054288655e-08
2.730710603672329704e-08
2.634551109090107725e-08
2.507754215430306974e-08
2.378124594203538342e-08
2.324433472920157538e-08
2.201409022765176785e-08
2.104482074682252708e-08
2.054193871738247089e-08
1.989602481831981015e-08
1.857584124480551112e-08
1.810258639172418094e-08
1.712493322741310435e-08
1.638893194103100902e-08
1.542909901484305846e-08
1.420211795658634698e-08
1.395354423431874659e-08
1.331750829456442180e-08
1.182728220374590850e-08
1.099379601477340623e-08
9.545104243699287273e-09
9.210876937056225044e-09
8.637839777473720798e-09
7.955619709598307474e-09
7.526904088249172510e-09
6.951578791700521920e-09
6.747686078250545061e-09
6.251451338434225817e-09
6.016896759213653382e-09
5.696730678258609617e-09
5.281369224370345251e-09
5.162771884530030686e-09
4.865758738742908528e-09
4.535183698038053720e-09
4.352881679215479578e-09
3.971455947403638261e-09
3.733023624868968714e-09
3.549151910782074372e-09
3.380513084817790241e-09
2.907499691555735864e-09
2.672741076277613902e-09
2.538828179144225169e-09
2.380938774131559073e-09
2.263469756253009559e-09
2.214863076256264517e-09
2.075925030959492570e-09
1.938379738243513568e-09
1.816858118429950162e-09
1.746867728276430441e-09
1.643028227683450540e-09
1.597004813972425176e-09
1.449398936232111879e-09
