1.153379055549096588e+00
1.042367449714903360e+00
8.094163754877776729e-01
7.131913832309118018e-01
6.195854872553457904e-01
5.800637889815231096e-01
5.369209024456720325e-01
5.083594638001069921e-01
4.865505315180137513e-01
4.550826473953523132e-01
4.302107987015980073e-01
3.959391865874201111e-01
3.792864048072164262e-01
3.585946832063859890e-01
3.384905370976635242e-01
3.239022076419160734e-01
3.100577719343265981e-01
3.000795309638218389e-01
2.912309267135038127e-01
2.795383552852083731e-01
2.716451168733000077e-01
2.633672195862823973e-01
2.548371665262647023e-01
2.453252361004692739e-01
2.338515020311890957e-01
2.292339713930333367e-01
2.229913285495398467e-01
2.139520826374853302e-01
2.046069576234767762e-01
1.961214357623382309e-01
1.896865434930069538e-01
1.859794941577239957e-01
1.800323627429400719e-01
1.718725012954870623e-01
1.682692262882042045e-01
1.623285951135821914e-01
1.576982872729263963e-01
1.521819197389816802e-01
1.460712366056902967e-01
1.409311915385687286e-01
1.376575851279441820e-01
1.303128637555000524e-01
1.238522110688338035e-01
1.175485679192415367e-01
1.105493644834463912e-01
1.064690270106957021e-01
1.033429814218484316e-01
9.759163172264544162e-02
9.255638229779782067e-02
8.901317846430865932e-02
8.496313848446167272e-02
8.035399080445421172e-02
7.555733857091637140e-02
7.158722268286259183e-02
6.700442651773193259e-02
6.464316559970927079e-02
6.225143000808788102e-02
6.028498660479215954e-02
5.729965970651151180e-02
5.487892487019466886e-02
5.327362325887278344e-02
5.105740465679847045e-02
5.016145080495545278e-02
4.829836545305001005e-02
4.695332956971927374e-02
4.612608064535160535e-02
4.468294424659945141e-02
4.412175907988262480e-02
4.261369025298657881e-02
4.145889899357242669e-02
4.017568443598442535e-02
3.866793300733803451e-02
3.721239184341342682e-02
3.613237956763280107e-02
3.481315686291315548e-02
3.325391549443998396e-02
3.149982562436374339e-02
2.965780456037177965e-02
2.820414053215589481e-02
2.742329637153302288e-02
2.656084282849349720e-02
2.564555410067997573e-02
2.502446593761365606e-02
2.387086927834574865e-02
2.309297593453471520e-02
2.196822824550042491e-02
2.130882328723870608e-02
2.043846651560703859e-02
1.959235034555672356e-02
1.906194003416531585e-02
1.858459678689336828e-02
1.773204652274107049e-02
1.691652794093709278e-02
1.662241740448890809e-02
1.603399859237680802e-02
1.552488080247212826e-02
1.475068559599358731e-02
1.428358534870682699e-02
1.371873798460045667e-02
1.310766917254047731e-02
1.261336452589496143e-02
1.205796382437038065e-02
1.185152971524343866e-02
1.114206645279029045e-02
1.057187493060913856e-02
1.012246378278821614e-02
9.603415007661188219e-03
9.382810621660716069e-03
8.828222391841170774e-03
8.413234822359077006e-03
8.049629556432803465e-03
7.807064218028808393e-03
7.487645903893046587e-03
7.171401580649709728e-03
6.900646621579601889e-03
6.463649963017190428e-03
5.996965299604442752e-03
5.679221361295285278e-03
5.555738377149328430e-03
5.353719380953843830e-03
5.125742421186134552e-03
4.985006000851287082e-03
4.764363399849124055e-03
4.559321859840564928e-03
4.359428641570694402e-03
4.160396725465901994e-03
3.949657682510190372e-03
3.699776867037871727e-03
3.503682469992984785e-03
3.386331403490085330e-03
3.273635519410685469e-03
3.172919740124566408e-03
3.024575133678745423e-03
2.929286926123085034e-03
2.785604180728683439e-03
2.640229702580406193e-03
2.553918993371094657e-03
2.460600476803631153e-03
2.414545159084216866e-03
2.314719773111541170e-03
2.245170851678105536e-03
2.195288820528382319e-03
2.084683245762824523e-03
1.961514684485847048e-03
1.880033687617593211e-03
1.781813314532572226e-03
1.728748389453253504e-03
1.658747847992239491e-03
1.568312316895222394e-03
1.518376777963972206e-03
1.434469085938300595e-03
1.370536738004378636e-03
1.299263023001893729e-03
1.270358258579988445e-03
1.202853251219289116e-03
1.126345580266453978e-03
1.086687515042923484e-03
1.058015001867951364e-03
9.920600633859502551e-04
9.499974346424930631e-04
8.772546114545352793e-04
8.152666780104210649e-04
7.702715873892166916e-04
7.327035261158631367e-04
6.810750781380396114e-04
6.525106652481532481e-04
6.001429340402339527e-04
5.709007347623676473e-04
5.406727629178408436e-04
5.127284691807367433e-04
4.872718269500923372e-04
4.579977699257316488e-04
4.436012776373418924e-04
4.177898516111757375e-04
3.996911130779912309e-04
3.726057234876990862e-04
3.560801878421609263e-04
3.447108436736855716e-04
3.243777969122866364e-04
3.061135605270916488e-04
2.979475539598680067e-04
2.864496891994626720e-04
2.691491284200668924e-04
2.492199941147628535e-04
2.342509209891592331e-04
2.254010281272207324e-04
2.108144584509483242e-04
2.050316524458923933e-04
1.972033318356024691e-04
1.909433419898885070e-04
1.851738714610932403e-04
1.744585950611222058e-04
1.673842934582556836e-04
1.594598482453191786e-04
1.531880722254632787e-04
1.503763904911830068e-04
1.397956364165027889e-04
1.309944746994635479e-04
1.255907728012602901e-04
1.201093482422977218e-04
1.161004750702459627e-04
1.086285699231772186e-04
1.001921276912451429e-04
9.779504794868021779e-05
9.380947012000737204e-05
8.894169581119159738e-05
8.399453064514758312e-05
8.055165564681005929e-05
7.321755432861382746e-05
6.722402542997920000e-05
6.330769369038969881e-05
6.063279692323311776e-05
5.798933304565146498e-05
5.567071736606012339e-05
5.307043404323990606e-05
4.969844199603300585e-05
4.855585129915622765e-05
4.434597760398212415e-05
4.083764102891130357e-05
3.935544732305487078e-05
3.762750521526920752e-05
3.588138244365039509e-05
3.420078010031800647e-05
3.355747627588356354e-05
3.218996108867678906e-05
3.083530147219323662e-05
2.985710735938468011e-05
2.895865813790864560e-05
2.755381797654992294e-05
2.633083787744076591e-05
2.534962309450788568e-05
2.473403241982340478e-05
2.416640830449701271e-05
2.304213160676885910e-05
2.245532096116446339e-05
2.098535471071760218e-05
2.003008071362686590e-05
1.927477482094355258e-05
1.874135976914963420e-05
1.795201469308300676e-05
1.740804701763254452e-05
1.658944408560383759e-05
1.559923517523531156e-05
1.509511298578733544e-05
1.432885249081050504e-05
1.357139564694461694e-05
1.294821379797914292e-05
1.235634962358731727e-05
1.210008193596553603e-05
1.146410952075820786e-05
1.105992232325081615e-05
1.074539429602176803e-05
1.010628229244271855e-05
9.636442032991704245e-06
9.412277811994523141e-06
8.812175830614829751e-06
8.135510791453117886e-06
7.719484623506318361e-06
7.110580641481518456e-06
6.671086530952278923e-06
6.147830702169556110e-06
5.877335914988605273e-06
5.605853365926273837e-06
5.194834859783276077e-06
5.066101276259798185e-06
4.585257824575095838e-06
4.253643098615605420e-06
3.995526262498628693e-06
3.809964406359284482e-06
3.647177181658447113e-06
3.290088543115634083e-06
3.086015777323687423e-06
2.936329827250613376e-06
2.747848621920272345e-06
2.629720086592728047e-06
2.404594096969953941e-06
2.272504930008874937e-06
2.134691671619654191e-06
2.045314208684896448e-06
1.958663200282921185e-06
1.879877969929137770e-06
1.746847890460846510e-06
1.651888580049235154e-06
1.555529697190481847e-06
1.456365903765718868e-06
1.371649543919104189e-06
1.331372343946160596e-06
1.264104473616557741e-06
1.227466580515692082e-06
1.177124265231069272e-06
1.119762847235386294e-06
1.094583614638681615e-06
1.064606636842895272e-06
1.020232601059783145e-06
9.752936264938667600e-07
9.350712732054916027e-07
9.099928378120977406e-07
8.863081246626980615e-07
8.598469002459384428e-07
8.320406222937373786e-07
8.019768771816862237e-07
7.777780025751941593e-07
7.422051134482281114e-07
7.196632593697238365e-07
7.049155028480474055e-07
6.668183430226188065e-07
6.511685347049924069e-07
6.360252485619932635e-07
6.124996637435140933e-07
5.846955478734162579e-07
5.680008922574925735e-07
5.526702058005808539e-07
5.275125178201400896e-07
5.132559942101364384e-07
4.971360317727726345e-07
4.773499198690898905e-07
4.677394479850445622e-07
4.537106420504011111e-07
4.439555694986242946e-07
4.209065932810319836e-07
4.045343624045966469e-07
3.927265691459469449e-07
3.797041601888935299e-07
3.593379042831297165e-07
3.461282324109096938e-07
3.398828797034063991e-07
3.297196437157026518e-07
3.163265396829781431e-07
3.022026031931671462e-07
2.904948166955551890e-07
2.832610297808402180e-07
2.699245611524316247e-07
2.544560993273590178e-07
2.413904159894667680e-07
2.328660259264399304e-07
2.226823792901432813e-07
2.168914933556077194e-07
2.115869369541331233e-07
2.025822939907486944e-07
1.973832674943695658e-07
1.940168747933262433e-07
1.865066712072566684e-07
1.789705423269903207e-07
1.757783148911201403e-07
1.707001693768721336e-07
1.648767480466336243e-07
1.596552807493055342e-07
1.543456238266349183e-07
1.508835638171528469e-07
1.410995462595084292e-07
1.329887547022235675e-07
1.285820784654840424e-07
1.222629999064472899e-07
1.156123413785686267e-07
1.112419856445741227e-07
1.085765874688001693e-07
1.028832784794202095e-07
9.977027082743198223e-08
9.427501880371551151e-08
9.016208509713163802e-08
8.368628825306519962e-08
8.050534741539506218e-08
7.748848081061782914e-08
7.411472325066721138e-08
7.035960799513130442e-08
6.683207071445093153e-08
6.262225349811712146e-08
6.035236551110773770e-08
5.656626251583315449e-08
5.018097022448237387e-08
4.523561073635883188e-08
4.366805814834559461e-08
4.065905384166774859e-08
3.774330172113027029e-08
3.517778956616813246e-08
3.263445677434696493e-08
2.992994332232332250e-08
2.872709454135776845e-08
2.625454414182136613e-08
2.533496838460886018e-08
2.393495927030440545e-08
2.271019450498581493e-08
2.064047490998586898e-08
1.922694711840388063e-08
1.861848275305082661e-08
1.745424864060135485e-08
1.600854105176812311e-08
1.553998659903422814e-08
1.410620437073898845e-08
1.301979915109821109e-08
1.247589671554325195e-08
1.158163657246276272e-08
1.059287681706483999e-08
1.009176294219174756e-08
9.590291517093504179e-09
9.068933227451021174e-09
8.257069231795313615e-09
7.661330665118057716e-09
7.004866020735972865e-09
6.716138394410262323e-09
6.358314047805755139e-09
5.886266947160711276e-09
5.604063470302574532e-09
5.257506262405812895e-09
5.064313958818842044e-09
4.870120604457494668e-09
4.666312432563640400e-09
4.476060802489270388e-09
4.267466197636233769e-09
4.089557734679986601e-09
3.999613457180343240e-09
3.878784437510225698e-09
3.729183420796731343e-09
3.607869182036425547e-09
3.487325755994023359e-09
3.348387185055574570e-09
3.279095233063608598e-09
3.023647512844983357e-09
2.889824331323925638e-09
2.757071180610795290e-09
2.631368935380510624e-09
2.555446343509590577e-09
2.436447597599230961e-09
2.287888052779196003e-09
2.124800743056126650e-09
1.984437233863771075e-09
1.890202790095190877e-09
1.764390997838356877e-09
1.677983364956746961e-09
1.535073394546357692e-09
1.466424406042389709e-09
1.365379301982322289e-09
1.279682738289788858e-09
1.244452165423945166e-09
1.165773026717040764e-09
1.132803047842439783e-09
1.054814654526797016e-09
1.023807201933549716e-09
9.482191277668711616e-10
8.930010618899440052e-10
8.306918718515531310e-10
7.821435070312859757e-10
7.588527302046014518e-10
7.258475429656408461e-10
6.840198019108079151e-10
6.516570638036615601e-10
6.306389608592930307e-10
5.964378882315864601e-10
