9.546011389428159521e-01
9.414986611307148978e-01
9.351571888364031970e-01
9.224573362948229605e-01
9.028692260665533986e-01
8.805440053614247420e-01
8.602979364912642923e-01
8.405054359037232858e-01
8.213356248266100446e-01
8.007054705651669435e-01
7.707857983146262359e-01
7.406957669045403092e-01
7.226950466435828613e-01
6.956190056071756000e-01
6.600343594877903231e-01
6.231033595520307777e-01
5.880325580697486343e-01
5.527744808611532168e-01
5.131274794336815326e-01
4.778600568075658805e-01
4.503904866148686903e-01
4.173947484366722360e-01
3.887544892987969125e-01
3.607337665041483454e-01
3.394287709729785218e-01
3.278054475661426048e-01
3.134145834821367993e-01
2.916469223332416871e-01
2.742597431838466604e-01
2.539605114118805851e-01
2.402460653968921667e-01
2.256856291659959379e-01
2.183945013818915093e-01
2.030267122454130213e-01
1.925714279149271790e-01
1.869431560311005935e-01
1.801634430800731212e-01
1.730308634591257999e-01
1.672152428328023410e-01
1.626352256094449888e-01
1.580314264465474683e-01
1.522274765916875050e-01
1.467587426475914225e-01
1.398613202068324790e-01
1.338989224125943234e-01
1.280265271836030783e-01
1.256187729876193093e-01
1.208518476284641818e-01
1.153305130223107461e-01
1.103634155519061660e-01
1.065948633213741614e-01
1.032866945072298676e-01
9.943585374820240741e-02
9.518802830935590986e-02
9.235372493995903931e-02
8.862987963124703550e-02
8.469512892193989395e-02
8.289950894569399209e-02
7.869987699724778629e-02
7.620744091557207778e-02
7.376031342992117601e-02
7.040169316096528407e-02
6.759466981742774661e-02
6.600815448967224663e-02
6.401497830176756942e-02
6.253595235368109018e-02
6.000952087578941690e-02
5.905563748916620170e-02
5.706552101530164983e-02
5.514570164741598723e-02
5.268882128473582199e-02
5.008925681507791355e-02
4.738780344318351684e-02
4.556706138540984885e-02
4.360198099357167484e-02
4.146664849736124425e-02
3.931230123441248336e-02
3.725402199763660355e-02
3.538125793540613379e-02
3.422616650009920741e-02
3.331485544697505852e-02
3.211133947883838824e-02
3.043921610290183447e-02
2.985296124080014796e-02
2.858762902229980071e-02
2.786620230690377287e-02
2.717160809669745547e-02
2.595585018034979319e-02
2.506220647986599770e-02
2.424183602019339828e-02
2.371672215622309260e-02
2.270952257205452809e-02
2.202307064464223071e-02
2.109083898051780995e-02
2.015760416836782226e-02
1.927620526353274882e-02
1.822482079046979994e-02
1.754099335894343178e-02
1.659674039190881661e-02
1.563350078178048566e-02
1.480949385239708690e-02
1.429226962918312901e-02
1.369311525195864888e-02
1.344745028817731676e-02
1.290854676279155552e-02
1.236418935836792153e-02
1.183513139812144947e-02
1.140969439074468982e-02
1.105095031294436175e-02
1.037885354608777955e-02
1.012110209762979648e-02
9.567719945222303776e-03
8.952996748505623326e-03
8.622897141833080897e-03
8.319881565579476806e-03
7.863333494779594160e-03
7.537169353689357996e-03
7.288847966048309264e-03
7.055215578327766850e-03
6.784968353576812522e-03
6.469812668802660087e-03
6.191736642501255959e-03
5.881241889793466064e-03
5.792953458717872706e-03
5.543791394574250180e-03
5.392710385733554684e-03
5.162861445110891213e-03
4.916011149357342111e-03
4.752303051474484653e-03
4.607671479862978162e-03
4.456334760685307442e-03
4.355064173871783795e-03
4.227749144461236640e-03
4.164870199393028334e-03
4.003948400970493149e-03
3.881787451830609643e-03
3.822859282660870037e-03
3.672057970529624387e-03
3.572691912248120161e-03
3.490870415465480246e-03
3.369262524671381032e-03
3.255941298627761452e-03
3.070191379343303623e-03
3.022387341800521991e-03
2.847185456652943231e-03
2.759941225381523904e-03
2.626452083180560136e-03
2.444135936437825778e-03
2.267303858031389455e-03
2.087436527874423665e-03
1.972052611536532531e-03
1.824923465424430763e-03
1.705895319981181549e-03
1.550273290473491630e-03
1.460250638728962042e-03
1.371327297023548211e-03
1.320080287518320952e-03
1.222187656038269078e-03
1.167993532230495769e-03
1.128827969645213730e-03
1.048696984096717747e-03
1.015589855695058549e-03
9.523939827917126495e-04
8.951782511402081848e-04
8.350915703748354067e-04
8.049997486055658104e-04
7.656605450759834111e-04
7.247268340623803321e-04
6.863879442013519783e-04
6.504785876947154991e-04
6.228918951471901872e-04
5.903003887331480844e-04
5.610394930681063567e-04
5.266286708728057809e-04
4.957751819744597548e-04
4.555238151912039237e-04
4.201831381902131502e-04
4.072959720186897226e-04
3.901766137618517798e-04
3.608537293381947194e-04
3.406914224768206796e-04
3.275952260741382205e-04
3.215990357679105469e-04
3.091093041035343036e-04
3.006934306993834819e-04
2.916367479966299782e-04
2.876998289670722707e-04
2.740915003896312761e-04
2.615169485970167949e-04
2.571783647669002751e-04
2.500519816400373178e-04
2.389435792260076854e-04
2.332134624077825472e-04
2.251598961814844674e-04
2.179799126885946850e-04
2.105529054230651897e-04
2.038651307150780444e-04
2.007115420072345686e-04
1.926750075289392582e-04
1.875000355284468605e-04
1.753690494440333751e-04
1.674350301085059242e-04
1.556825400905121671e-04
1.490242568646947042e-04
1.395939160275655444e-04
1.340626622451244934e-04
1.292785650141497296e-04
1.267919741425824762e-04
1.192272601365526277e-04
1.120359969360051373e-04
1.094683939896403811e-04
1.026193374077687858e-04
9.448212230403278103e-05
9.192586389363624499e-05
8.300415960823680391e-05
7.981183782154506348e-05
7.568061138113048943e-05
6.967355098431352153e-05
6.281561045243236525e-05
5.774856976332660340e-05
5.517070799255832637e-05
5.116169343062831399e-05
4.912065151157101503e-05
4.508706191536645343e-05
4.215969880296062709e-05
4.017581427232715129e-05
3.814481234346460333e-05
3.603655220896633004e-05
3.441200147463192155e-05
3.303547319845558968e-05
3.211065835940863847e-05
3.081205597768534623e-05
3.020942904167772268e-05
2.888744678925660606e-05
2.793297546356394743e-05
2.698233798370176280e-05
2.610634115748632856e-05
2.570035016725975938e-05
2.437366415883167613e-05
2.383959850550424419e-05
2.295687837167353768e-05
2.227137714679113705e-05
2.113447373161475570e-05
2.006266866227097116e-05
1.922561309714994237e-05
1.837255025737415345e-05
1.692857696655281657e-05
1.631735185524100140e-05
1.515238840558680510e-05
1.455223471117969678e-05
1.392566669201369167e-05
1.334403551598899888e-05
1.228679437476213056e-05
1.156180258734020502e-05
1.036367204202303294e-05
9.604975101369511917e-06
9.072916544479220610e-06
8.331542130542974293e-06
7.590970018781860661e-06
7.148842740771304485e-06
6.799297836874115604e-06
6.473268405952183597e-06
6.224862961008070640e-06
5.744186721078278971e-06
5.480384300406398239e-06
5.183868602257215810e-06
4.950145691557924600e-06
4.733245063189862799e-06
4.374091462753013902e-06
4.072011964848650703e-06
3.969917811716144562e-06
3.571000824519716347e-06
3.257033862491388082e-06
3.033851796627439155e-06
2.825071275136337944e-06
2.609118110176041802e-06
2.529804661113569518e-06
2.351324679749973659e-06
2.207133978620723342e-06
2.137244310571851487e-06
2.027726094438532758e-06
1.953170207765696419e-06
1.833046418036567573e-06
1.728848778958600091e-06
1.659562044180799099e-06
1.607515371546821628e-06
1.559191068179203833e-06
1.493862125415424705e-06
1.462572671756706467e-06
1.405116262155683403e-06
1.347660308649565682e-06
1.280559991348400845e-06
1.214696607740060592e-06
1.181250165906639485e-06
1.114402757512150446e-06
1.041822119037479519e-06
1.004643127239130255e-06
9.607906219802042535e-07
9.237375959000939989e-07
8.861815573457327978e-07
8.377222964541992136e-07
8.018127683580046560e-07
7.683394350698679611e-07
7.563361144318781649e-07
7.336141807456952340e-07
7.095466017190928584e-07
7.000976391809855174e-07
6.680001402293615710e-07
6.519682793115570200e-07
6.223176361525721049e-07
5.947608026654471995e-07
5.811939244052686560e-07
5.642132948894995585e-07
5.474502056289617187e-07
5.224994105897596637e-07
5.063346168335141135e-07
4.882360004593515576e-07
4.649216258390718189e-07
4.462019843004585831e-07
4.364792474509142007e-07
4.259419799461885762e-07
4.190655653850047034e-07
4.027007105187949821e-07
3.973502598359791485e-07
3.856155616941600960e-07
3.759849431482635286e-07
3.640147369445435549e-07
3.534486547339176987e-07
3.483348574546224743e-07
3.404864875907304277e-07
3.306911066511185084e-07
3.224618988596332437e-07
3.116712947328161326e-07
3.031855312194153537e-07
2.909447527913401763e-07
2.797517073245273315e-07
2.722601059736979774e-07
2.596901197149796368e-07
2.450770795637719082e-07
2.351425758275893028e-07
2.194168228196332858e-07
2.127049742008061896e-07
2.024462630921782674e-07
1.915309811991974332e-07
1.761519426260456804e-07
1.627555162592065042e-07
1.580516475921044931e-07
1.501133617947458696e-07
1.379881601387153590e-07
1.284313358121855797e-07
1.221337454501381915e-07
1.152249264984171328e-07
1.122074859060602043e-07
1.045071531721305381e-07
9.918763879174096407e-08
9.257020050340376266e-08
8.768658742736889230e-08
8.286145008935011199e-08
7.943274730648980877e-08
7.651935205503889548e-08
7.240423867951280023e-08
7.001157336298903915e-08
6.685069410310215656e-08
6.398954918755831800e-08
6.048938492123561079e-08
5.756668448577918595e-08
5.404683255285064924e-08
5.106576699711655821e-08
4.896371616640087620e-08
4.532111107336951574e-08
4.399783557439075477e-08
4.037600476574957286e-08
3.956729843806491490e-08
3.602573001458766205e-08
3.335055275299093044e-08
3.080445668959802587e-08
3.012227379214482284e-08
2.790178212536768286e-08
2.674135133408911114e-08
2.573138825419642566e-08
2.273251536851637118e-08
2.143455000855258946e-08
1.942553318879138983e-08
1.749435012227321619e-08
1.683068266065929675e-08
1.545370440822208498e-08
1.478665601093328607e-08
1.348821829256155999e-08
1.241382512179599409e-08
1.164630049362492103e-08
1.058943989842207952e-08
9.536373990967790162e-09
9.207562713302427474e-09
8.656709282807546621e-09
8.373179358960179244e-09
8.053177430621600615e-09
7.728956627046963389e-09
7.478411434777228587e-09
7.158264802584082797e-09
6.969585737312224837e-09
6.800345531086250412e-09
6.635564679601041226e-09
6.535573426920437786e-09
6.302974660842243858e-09
6.131131083793188440e-09
5.853672312704260490e-09
5.713465469807661072e-09
5.373605195400600898e-09
5.114212629407586267e-09
4.924807502353606056e-09
4.725110851285061368e-09
4.447926631115399749e-09
4.302739295606756247e-09
4.028576664454160565e-09
3.860695936826322875e-09
3.780836960158688032e-09
3.557342873128047806e-09
3.405888774029610574e-09
3.215152111225753142e-09
3.020283010738968216e-09
2.883034882519648751e-09
2.727442862708780516e-09
2.652403075749479205e-09
2.459210458596177526e-09
2.213573530694064553e-09
2.127663702252367740e-09
1.960336971681186093e-09
1.773139133545490691e-09
1.647635539786428267e-09
1.515137215547842033e-09
1.433159550771936221e-09
1.318027375941951962e-09
1.262009407141845028e-09
1.192989063769936629e-09
1.102394151542050400e-09
1.036325031107683003e-09
9.971938644519309072e-10
9.551061027193992987e-10
9.075682369467690503e-10
8.445158816926061744e-10
8.162183702750660681e-10
7.641829618944269208e-10
7.174046598309982128e-10
6.767000041615783871e-10
6.423241293366356877e-10
6.214288934178025625e-10
5.889027318004418019e-10
5.702382974543248471e-10
5.338983562112029340e-10
5.063261678462375245e-10
4.954300937607529791e-10
4.630974318743134211e-10
4.554669104302505171e-10
4.269149579939705851e-10
4.081037733187175417e-10
3.894003193326235454e-10
3.654393924606909961e-10
3.532882671900438057e-10
3.411650837055578252e-10
3.232077934421665790e-10
3.117036886882545202e-10
3.013194217963142596e-10
2.951194526569958317e-10
2.819297010267789169e-10
2.690477749761341648e-10
2.600175038782215956e-10
2.472848598238955600e-10
2.385851787668343702e-10
2.309077971978089945e-10
2.248196064022684760e-10
2.099513423281782166e-10
2.035963414611306777e-10
1.948631851106723035e-10
1.872431561107887493e-10
1.770975027355127480e-10
1.633943930182928280e-10
1.582200872814247605e-10
1.464733045375590700e-10
1.357446180229579888e-10
1.259706360766909497e-10
1.148213848904806298e-10
1.075793398647902707e-10
9.913572680514399860e-11
8.995700611628322401e-11
8.446775612138277445e-11
8.164511209783498687e-11
7.657230456776981803e-11
7.461268649325639512e-11
7.138534121431241930e-11
6.790460273658470288e-11
6.510578381275061216e-11
6.089386133986016516e-11
5.814634734972598411e-11
5.530227088579871253e-11
5.217245552206147385e-11
4.950743425252710386e-11
4.814491119816755520e-11
4.401234921359653323e-11
4.188911852514413409e-11
3.997644851927786636e-11
3.762104412143245662e-11
3.363076033229210415e-11
3.140044981612782863e-11
2.897031676529446434e-11
2.676798883154418111e-11
2.538277994616429018e-11
2.369578858979338121e-11
2.212345704223673611e-11
