9.999291044779184956e-01
9.997800503379753456e-01
9.994631124848719628e-01
9.991509236482677414e-01
9.987322199322612448e-01
9.980975835499493742e-01
9.970945832402071662e-01
9.948028035874107999e-01
9.925207866267657941e-01
9.912052462238111206e-01
9.892310073124519487e-01
9.855457625494838947e-01
9.787379253457942907e-01
9.716907763504221140e-01
9.669719222112778123e-01
9.596084246666921613e-01
9.523606029818089125e-01
9.418755374950744663e-01
9.396447616447133333e-01
9.236855412968456580e-01
9.090256093999661280e-01
9.051497131593562173e-01
8.958518297072083358e-01
8.712610678522439978e-01
8.478910140750298696e-01
8.424878626028258211e-01
8.200328735574810013e-01
7.881037884496742141e-01
7.847609611064333413e-01
7.368439315351528185e-01
7.181108774010249718e-01
7.148612719410666339e-01
6.974150663251703630e-01
6.946998012563082581e-01
6.917525491625071687e-01
6.606352294347929144e-01
6.373108180164188674e-01
6.352544535404980319e-01
5.967528541349992333e-01
5.884702610681720181e-01
5.381568138748610286e-01
5.253791093654138766e-01
5.123464678250650994e-01
5.103147137130770172e-01
5.041220284557493825e-01
4.915206515085949190e-01
4.757148323899371700e-01
4.722634662490350910e-01
4.518713154119500253e-01
4.488546840555390216e-01
4.475956314878866138e-01
4.381187397900558333e-01
4.264857566848229142e-01
4.057765397128113571e-01
3.926978866885049713e-01
3.869520832620426676e-01
3.813559721590878415e-01
3.796448488660514875e-01
3.622045783572325761e-01
3.580577933483034547e-01
3.570816455854077254e-01
3.268141469452858772e-01
3.254325176560782240e-01
3.233564422516285175e-01
3.056306873788209866e-01
3.011319610864006124e-01
3.003526105119355694e-01
2.972061096809814895e-01
2.731841876917513456e-01
2.720294838394305414e-01
2.418066537046699438e-01
2.408364482636126125e-01
2.386193467760765186e-01
2.332119137450569257e-01
2.265371222906256699e-01
2.245878997359407603e-01
2.111542252919433871e-01
2.102358224024297173e-01
2.087085716339588670e-01
1.939987807534677700e-01
1.933608777652644217e-01
1.931084108129854926e-01
1.923540968831565778e-01
1.894631028489996150e-01
1.824839638713972589e-01
1.819659036449930711e-01
1.741597131819718480e-01
1.734669137692262664e-01
1.709871065805040335e-01
1.662265653453957326e-01
1.650365035168588623e-01
1.638361979002465052e-01
1.620948322381226825e-01
1.544065369103723440e-01
1.540962069405351076e-01
1.539834597083875600e-01
1.533399289221921147e-01
1.490535309295582533e-01
1.423944500447235362e-01
1.421547513461046686e-01
1.418292065317077466e-01
1.398972852242220677e-01
1.338410291159126408e-01
1.321309049877258113e-01
1.315139979016280158e-01
1.287777270417369835e-01
1.262659081272989037e-01
1.260287236186970194e-01
1.244201996148557310e-01
1.198507054229515090e-01
1.196830890825091448e-01
1.189942691004156616e-01
1.187165170347176113e-01
1.173677743840978727e-01
1.169140710340132866e-01
1.108168806228733150e-01
1.039019303784625287e-01
1.027435529148897492e-01
1.023171276508945404e-01
9.990362103726292686e-02
9.927137770356142532e-02
9.208217840842927715e-02
9.099705505306357467e-02
9.026304414197103276e-02
8.987556507511283710e-02
8.868448139601593783e-02
8.857829880285739144e-02
8.374714779777638063e-02
8.367489517114316822e-02
8.087292309512800204e-02
7.642262029586349703e-02
7.637217841554783115e-02
7.565167505705867879e-02
7.399613428002747850e-02
7.258640523457907112e-02
7.072801367675485285e-02
7.047118729156665040e-02
7.002862120233764587e-02
6.939326518258444321e-02
6.807380271763126267e-02
6.797987830431771739e-02
6.608618868641094601e-02
6.542758769448021872e-02
6.531052363574729736e-02
6.428377131971968472e-02
6.321214263981250747e-02
6.291473800866805022e-02
6.275643919949726313e-02
6.125319715676500604e-02
6.095910676410140616e-02
6.049685794748155959e-02
5.699612980873857565e-02
5.645584248406024241e-02
5.636130012257298261e-02
5.513194402837273689e-02
5.371108461391720101e-02
5.316408520070036586e-02
5.209612527690511002e-02
5.203002682404088419e-02
5.180616167508838438e-02
5.149998076032043931e-02
5.047471973808081991e-02
4.541047239611631370e-02
4.441345315706446417e-02
4.365497907509488518e-02
4.270648305070234158e-02
4.165339428033280195e-02
3.887265720711312322e-02
3.830167211055633680e-02
3.827380047002489766e-02
3.550319343999257943e-02
3.514402004235098187e-02
3.336048203079279573e-02
3.314523508444803396e-02
3.294414148715871932e-02
3.098043058939513317e-02
3.069853966740889589e-02
2.870800382506766626e-02
2.797564563852772412e-02
2.791883803698492345e-02
2.717118313918701414e-02
2.558004282309020438e-02
2.513530652758976663e-02
2.505828362032950715e-02
2.288583340529332447e-02
2.265214703245752720e-02
2.255359310897699088e-02
2.237402267774600897e-02
2.216283425090261050e-02
2.207776615622941696e-02
2.204363780234373793e-02
2.193424883859225460e-02
2.188856574667804450e-02
2.149227998869976397e-02
1.822250480551632079e-02
1.807385215604518855e-02
1.802337561395384383e-02
1.799932515839102257e-02
1.787494615692839656e-02
1.764653511892111740e-02
1.742031240803934913e-02
1.630951223939586595e-02
1.613400371768738614e-02
1.609706865642896931e-02
1.581885589635891737e-02
1.571912634824155705e-02
1.534025493578404682e-02
1.526719473140905788e-02
1.377996232617591764e-02
1.374660514290316701e-02
1.371346108414863568e-02
1.365536430034583124e-02
1.301529210766366393e-02
1.298544177426575255e-02
1.139988879220995253e-02
1.132042282945796424e-02
1.122360252989741854e-02
1.117798385577259065e-02
1.053047769817188652e-02
1.009202687598342169e-02
9.408934210426891931e-03
9.321305245517304619e-03
9.252237836408817168e-03
9.202952189017720233e-03
8.882052323384365816e-03
8.865529425014426895e-03
8.845972963928123642e-03
8.792503610696569827e-03
8.282904389281871282e-03
8.112865455293157696e-03
8.102542961452845194e-03
8.017825111197699611e-03
7.905899624075634138e-03
7.875470072680532466e-03
7.844386772990678477e-03
7.591783467725635517e-03
7.572055972171553608e-03
7.157921991110208909e-03
7.003512297875882746e-03
6.398331878277615722e-03
6.229301059904918288e-03
6.097782689925611808e-03
6.019657096007388977e-03
5.549836905387660509e-03
5.532811751015914714e-03
5.523507080524611701e-03
5.501028295750300806e-03
5.487141861407382123e-03
4.871808607959126659e-03
4.809724938828337584e-03
4.781670611695597838e-03
4.744643299778046781e-03
4.717283461758960128e-03
4.694318891733202312e-03
4.559997473973105217e-03
4.547157580821683739e-03
4.526061966442157698e-03
4.408365655893209563e-03
4.265103609726069236e-03
4.244236115243550135e-03
4.228284396388880609e-03
4.217413329273459778e-03
4.191868255661357172e-03
4.181157008609207547e-03
3.935094380350141231e-03
3.840223875627565495e-03
3.767721089884107886e-03
3.525542783543534307e-03
3.491061156410584301e-03
3.489265009688931590e-03
3.470744188001834585e-03
3.428500346452523044e-03
3.408357609187096914e-03
3.324572296923540907e-03
3.226623428513463506e-03
3.056833197283129189e-03
2.998048338937322338e-03
2.988329979484485779e-03
2.984775834622581826e-03
2.909613345492032249e-03
2.908524501607437883e-03
2.891181324245818175e-03
2.845228579362977291e-03
2.648414240850956777e-03
2.592443346098815670e-03
2.585903019495592280e-03
2.483983696701652904e-03
2.469869612835675406e-03
2.468793524864352010e-03
2.459352652079539823e-03
2.447582878485646870e-03
2.431319113696514371e-03
2.258295909898769185e-03
2.128518815156406167e-03
2.116410461779268462e-03
2.023460690851187384e-03
2.022173670195034825e-03
2.017201733792928914e-03
1.993980837643374165e-03
1.987135793988248529e-03
1.976105528770892659e-03
1.951042026306858005e-03
1.624355607499913074e-03
1.621356636133210139e-03
1.599071553309227298e-03
1.580675955257125924e-03
1.556538452780280605e-03
1.547729042355507631e-03
1.534949898125958665e-03
1.516675601289699769e-03
1.503519902552669357e-03
1.473381432138191286e-03
1.368050969408128202e-03
1.269368031976033468e-03
1.268514764641398042e-03
1.267860271376474888e-03
1.225256922830742033e-03
1.115865017396671733e-03
1.104349355483624654e-03
1.101084590641925563e-03
1.074649296945525030e-03
1.066518218211705889e-03
1.065349155433571336e-03
1.061788415192245960e-03
1.033257655102847068e-03
1.005042825017580122e-03
9.874444636564293047e-04
9.469653096458249559e-04
9.275730252986888209e-04
8.803884934566326122e-04
8.565936880349774105e-04
8.282458200499133059e-04
8.230835245488986275e-04
7.344289453913944781e-04
7.029517569635855079e-04
6.697965895233077291e-04
6.658925055211820576e-04
6.628766031617746093e-04
6.618536103703027019e-04
6.581379700850029319e-04
6.533403912329109522e-04
6.408888136037132035e-04
6.038025981114143086e-04
5.867282579687201809e-04
5.742934988621811905e-04
5.717625944306831349e-04
5.547046735974205112e-04
5.440696425335244312e-04
5.345444340459510604e-04
5.279650262610569456e-04
5.250549467096888917e-04
5.245785537891954273e-04
5.241640031819752230e-04
5.183465746338304691e-04
4.996601400925466908e-04
4.850221499791798922e-04
4.631566223242072986e-04
4.447208176456648359e-04
4.371721602920134895e-04
4.225530016588856393e-04
4.221325583863823013e-04
4.168009638690196948e-04
4.128221598307933206e-04
4.045815448192783366e-04
3.924853636689187983e-04
3.816858186882426214e-04
3.717391855447865659e-04
3.688725893491752710e-04
3.551561046168838129e-04
3.535806364506640753e-04
3.323274342253491366e-04
3.312687578869528623e-04
3.308708420964144993e-04
3.277135650066882299e-04
3.271904598306488079e-04
3.193877298325985682e-04
3.153902839620944805e-04
3.139332188796774758e-04
2.972303220003315078e-04
2.819477402954636051e-04
2.781867818624764372e-04
2.756956628345432836e-04
2.537447188283644827e-04
2.468706446000770369e-04
2.440098821392873180e-04
2.426516906591597239e-04
2.394955472964942808e-04
2.303407584262259224e-04
2.297100978820385963e-04
2.295192723322088900e-04
2.289254074918423468e-04
2.065628172242738806e-04
1.963970644148326362e-04
1.937642390797983817e-04
1.924079155368453543e-04
1.884077840353431596e-04
1.834975980699888188e-04
1.822026107430752689e-04
1.821312894833654284e-04
1.810072252242848163e-04
1.744792246305797699e-04
1.730984885889213577e-04
1.718837427018798491e-04
1.327229823582685097e-04
1.316848414964392024e-04
1.300723112713107667e-04
1.272326813846529287e-04
1.262727465417093375e-04
1.262216869901029985e-04
1.253339168108947947e-04
1.243030148684496304e-04
1.235459398437124552e-04
1.206832484435739510e-04
1.197776757129929395e-04
1.194798293425029833e-04
1.106941847512117464e-04
1.055589672340452389e-04
9.785557956912930579e-05
9.422107615742778095e-05
9.411914553147062074e-05
9.382748793788984847e-05
9.358626521886798035e-05
9.328660711708932306e-05
8.800019827010450155e-05
8.731351636846055914e-05
8.683964296518529799e-05
8.666322714401894641e-05
8.657258468652606663e-05
7.508347718704825701e-05
7.462611405710413415e-05
7.413079868696236137e-05
7.247186818086291226e-05
7.194079331233667210e-05
7.171800432075464422e-05
7.165201909364408972e-05
7.136292258535563101e-05
6.967516169341653588e-05
6.760701605181060195e-05
6.739953284257337799e-05
6.463715387909068776e-05
5.784437849744707236e-05
5.691213980425249131e-05
5.592123597493672301e-05
5.566408376019317934e-05
5.559957202653783919e-05
5.534238891020579719e-05
5.526424693655824236e-05
5.513591774850175998e-05
4.967493989537836345e-05
4.787773485030590666e-05
4.783681517747172902e-05
4.734691721134895605e-05
4.699672871008324420e-05
4.693630284067830822e-05
4.650291471584604619e-05
4.589190266237781215e-05
4.539640268761868018e-05
4.512181341852423196e-05
4.342590636384272143e-05
4.336528656660165455e-05
4.305129242330386539e-05
4.298977223206760986e-05
4.014989580333100697e-05
3.982043378966142644e-05
3.898404670919303682e-05
3.780299538171626172e-05
3.757801350276026214e-05
3.732800811001510670e-05
3.690402410522554443e-05
3.675038102926939397e-05
3.669314908430557900e-05
3.647420589105840376e-05
3.639466517030995004e-05
3.635753903136726189e-05
3.628628508371708832e-05
3.579742674372137032e-05
3.494812930232780155e-05
2.800094533766763930e-05
2.786688022390859689e-05
2.780678717176605114e-05
2.723507980405286114e-05
2.702232946518184450e-05
2.688350241632069817e-05
2.223592888880561195e-05
2.186991298947336355e-05
2.173210305349820425e-05
2.168193003709990277e-05
2.164950043013818756e-05
2.131646465158218496e-05
2.080907306755809411e-05
2.033147296246005836e-05
1.928485808597480713e-05
1.861780532763305910e-05
1.843458169989458905e-05
1.838206095568599893e-05
1.757633653065431169e-05
1.715306410304320636e-05
1.702472717164298040e-05
1.694337036865227163e-05
1.565126968631002329e-05
1.402280553849953026e-05
1.365153282570988946e-05
1.364524895620328574e-05
1.296143398896732026e-05
1.258769256804663671e-05
1.250607916055531162e-05
1.247538431888623458e-05
1.242065499717428768e-05
1.215238142893813205e-05
1.132853486891923986e-05
1.084865485869729990e-05
1.060546113307913223e-05
1.032720963385243330e-05
1.012271285079362445e-05
1.007839440338780309e-05
1.006894045037370866e-05
9.980670364301418864e-06
9.919208195399052485e-06
9.895862405221475698e-06
9.885366480963788603e-06
9.789541777391511616e-06
9.615023960187636372e-06
9.471181073781466991e-06
7.674128789253656792e-06
7.539808914696555155e-06
7.446831018288536770e-06
7.034311003093561493e-06
6.891114502880508810e-06
6.864602963065301311e-06
6.855479025271596335e-06
6.834531887306186004e-06
6.748182347140607949e-06
6.702266378742204134e-06
6.693451882278010715e-06
6.628387451793892048e-06
6.581520270689801241e-06
6.248914105157800787e-06
5.708327805944802580e-06
5.591692385642028932e-06
5.283650516222145805e-06
5.133989168494365680e-06
5.114017125151973642e-06
5.103596984707234187e-06
5.085665961182154380e-06
4.913646863320173490e-06
4.879661563886787234e-06
4.774756457308216152e-06
4.690387497496170599e-06
4.655878916878152021e-06
4.638139221975076780e-06
4.606883359706567123e-06
4.560731621756170506e-06
4.395634093005125190e-06
3.668270105042283006e-06
3.581201984332862888e-06
3.505639955167485240e-06
3.503839787714450091e-06
3.483486130600833991e-06
3.366323785481490429e-06
3.363448048078591183e-06
3.356506535776361238e-06
3.145479208891162687e-06
3.006349713377912791e-06
3.001891535523382828e-06
2.997503610266276096e-06
2.987580965172476953e-06
2.904116506424035512e-06
2.811167555258398853e-06
2.543109509941099270e-06
2.281792595773468390e-06
2.267469671773305173e-06
2.266294112490894173e-06
2.264159232947797032e-06
2.240123046351208139e-06
2.215353910162633175e-06
2.147239570781743784e-06
2.146385864523442509e-06
2.145081091607631077e-06
2.131630205836883626e-06
2.128784032024386869e-06
2.038236169133231975e-06
1.927491414491862031e-06
1.883719500064528739e-06
1.648959747003491892e-06
1.645683606324751381e-06
1.601446541949607773e-06
1.600893701296307069e-06
1.594270554771839761e-06
1.593914528923127923e-06
1.591044995960546531e-06
1.555531057197229586e-06
1.498673786843283485e-06
1.472761281364520790e-06
1.463441386212249548e-06
1.460058015690304388e-06
1.426255021050209366e-06
1.365675272617068570e-06
1.295535476625762391e-06
1.273661628105638681e-06
1.209472607434145755e-06
1.152337804860963551e-06
1.142719338214812994e-06
1.052605959294211394e-06
1.047874293112533390e-06
1.044028000187455601e-06
1.033643522937866909e-06
9.843662742827896814e-07
9.838860671030224780e-07
9.723984221499053420e-07
9.554313215857984578e-07
9.502383923812504373e-07
9.054739067839414355e-07
8.405492825370799630e-07
8.131655816498529739e-07
7.795078683740227159e-07
7.428402496452669495e-07
7.062781051487299893e-07
7.004213586981082206e-07
6.946061564707256197e-07
6.925913702452804953e-07
6.898898018903671644e-07
6.821350934891106321e-07
6.712479358161294322e-07
6.532677612340488652e-07
6.526573080734335722e-07
6.322868871444707232e-07
6.218694202837906165e-07
5.829312799392859791e-07
5.791576869731887932e-07
5.544633587445468392e-07
5.453467293833645601e-07
5.258899054673483431e-07
5.188686166965230233e-07
5.160558859572213245e-07
5.155398129858457413e-07
5.049881390934689177e-07
4.971838967823768117e-07
4.900046043285386086e-07
4.709429697735536105e-07
4.705279149118556066e-07
4.697571181675922649e-07
4.500312839564650603e-07
4.352445447803358170e-07
4.213061057155463399e-07
4.123718864322045882e-07
4.060830428652002861e-07
3.844181987956823410e-07
3.808203523075876777e-07
3.648667548056742757e-07
3.550246922214729491e-07
3.416941878731733690e-07
3.145961724136976763e-07
3.058121014019421290e-07
3.046414395033977543e-07
3.030682033096125845e-07
3.011866124176772446e-07
2.982595171708581063e-07
2.923253250205201207e-07
2.919618339538629731e-07
2.879054196193620789e-07
2.854745442761304583e-07
2.816206980654151839e-07
2.765575492811617201e-07
2.724217740185912911e-07
2.712006033272147139e-07
2.688125728635165746e-07
2.682793584143496362e-07
2.581140208634139796e-07
2.560633071277223610e-07
2.333690747862917188e-07
2.250000193956547335e-07
1.989697539508433911e-07
1.953587908893740879e-07
1.869984985703460860e-07
1.851631977789953451e-07
1.850920383881617745e-07
1.846974588042120137e-07
1.831746908009279492e-07
1.814701080360595072e-07
1.806632715539884375e-07
1.806256815971413134e-07
1.748558936036911512e-07
1.739040201893980888e-07
1.380019623992347009e-07
1.352018877276072134e-07
1.342132521095071191e-07
1.305679249437439635e-07
1.239426883782681787e-07
1.234296984241050859e-07
1.216424389555260612e-07
1.214713847752610460e-07
1.207957134158836841e-07
1.193640818957694879e-07
1.180710803942629182e-07
1.167384355714194236e-07
1.164467022313743698e-07
1.105290402488609230e-07
1.084910963584164389e-07
1.074271861577378762e-07
1.067917791345200685e-07
9.810073541385467751e-08
9.675123673516809820e-08
9.658485573945676300e-08
9.277481981859008428e-08
9.259172341129932097e-08
8.749483073880400960e-08
7.941608676957708695e-08
7.633808662408352519e-08
7.608664360118430810e-08
7.522546430429369046e-08
7.500007628719711628e-08
7.393879001438249084e-08
7.293799267661401957e-08
7.279906958294048970e-08
7.191543393465804389e-08
7.158077456186580428e-08
7.122148589880496290e-08
7.117263229297167633e-08
7.098371451658203863e-08
6.847731340447260096e-08
6.550220180848474356e-08
6.303402782618504362e-08
6.156626523151813106e-08
6.139272217444991291e-08
6.037663237017994755e-08
5.015658630625977453e-08
4.894112288727085746e-08
4.714792361664632346e-08
4.690738939085434652e-08
4.549388776237478084e-08
4.486671630515381952e-08
4.485138913091932212e-08
4.281817985038082594e-08
3.986804541546886108e-08
3.986057312011812764e-08
3.959909132114409344e-08
3.879225351977135765e-08
3.428460586452545025e-08
3.392712440161759133e-08
3.286719127933082332e-08
2.940122561343622107e-08
2.894034337427189040e-08
2.879754433722880154e-08
2.823602664723489891e-08
2.779356736262990395e-08
2.766419755596663379e-08
2.745163623222905745e-08
2.731755761768026902e-08
2.715168073613540789e-08
2.675051424072128077e-08
2.664647170867575712e-08
2.534479120001043166e-08
2.516935727604459634e-08
2.515934456374174668e-08
2.272065957631994272e-08
1.759229026248720820e-08
1.687068960448343106e-08
1.664746302404064342e-08
1.582287426181360086e-08
1.560647583894675727e-08
1.559751554739415810e-08
1.489286550566534667e-08
1.488098640308836485e-08
1.450155902353500215e-08
1.445280132518552873e-08
1.436900405493968435e-08
1.431848106867878533e-08
1.430144613260945001e-08
1.409635895479636582e-08
1.407251112097011810e-08
1.405997518010968468e-08
1.292108662124020630e-08
1.197939790094767473e-08
1.119250159892235537e-08
8.880450662514074355e-09
8.847921352716500632e-09
8.830432806522713841e-09
8.826593238101065226e-09
8.793789954627378289e-09
8.765798151328551216e-09
8.609616540709679798e-09
8.304250087956693414e-09
8.280244531589674103e-09
8.257646359205083396e-09
8.187884674255948867e-09
8.066015107103951919e-09
7.981683553162742424e-09
7.884299779103387098e-09
7.788650832164897263e-09
7.762447844722959869e-09
7.346677712476504351e-09
5.514282765112538253e-09
5.415295098553152534e-09
5.405553859715997920e-09
5.400406089059815061e-09
5.386673945966709508e-09
5.378347486010937552e-09
5.320105960490990774e-09
5.270970278918425422e-09
5.255673789113037015e-09
5.250617077341973419e-09
5.237390055513468418e-09
5.170970182127599067e-09
5.150339414154681179e-09
5.057653644093895818e-09
5.034846662877882792e-09
4.873006287659082718e-09
4.631991895569214114e-09
4.046658490362513824e-09
4.044027460840397304e-09
4.033047216666311035e-09
3.958552758419871240e-09
3.883464288730488723e-09
3.849691745854049081e-09
3.789257589957126836e-09
3.674979332067766009e-09
3.423355483960571980e-09
3.321205243735362610e-09
3.310461135326058004e-09
3.304420910592451746e-09
3.303320650875577631e-09
3.295726956734809434e-09
3.293724043706445655e-09
3.271354955494236411e-09
3.246255825259704344e-09
2.907234303118548484e-09
2.404501683468823834e-09
2.304122392811977536e-09
2.271460366638478328e-09
2.256609018872160229e-09
2.231413426180553108e-09
2.228365205704968679e-09
2.200661497947964448e-09
2.181180473331367692e-09
2.121037378506079409e-09
2.114215071349032240e-09
2.110353220558395851e-09
2.007843687776659348e-09
1.930193931430380425e-09
1.917771895293402980e-09
1.902072225268221704e-09
1.890993142783893960e-09
1.851731267561240405e-09
1.820644641071011146e-09
1.734711476683748630e-09
1.705372247931297150e-09
1.672257086550130176e-09
1.643153006096011317e-09
1.619882278438733834e-09
1.606956235796430463e-09
1.566828968460502542e-09
1.561067849175445277e-09
1.549433559728246800e-09
1.485774571300627174e-09
1.478116182731622320e-09
1.292599833123377053e-09
1.289833967296424259e-09
1.261521610063194675e-09
1.244519372969273837e-09
1.240808919298858268e-09
1.240712420504014770e-09
1.237504698933520344e-09
1.223087073242454880e-09
1.219677246480180461e-09
1.205919209449931825e-09
1.169065463056439412e-09
1.167074375966273237e-09
1.126249670910216199e-09
1.086831685756548300e-09
1.081702065229646942e-09
1.071605409601325217e-09
9.644973504267194326e-10
9.541410143619778591e-10
9.129941444986726373e-10
8.768504120895425924e-10
8.446788000134912672e-10
8.430324892129989217e-10
8.265316033227069020e-10
7.989685717974730062e-10
7.665211901298567919e-10
7.554504022262470537e-10
7.091198524867658776e-10
7.069552637331572862e-10
7.052912100598002619e-10
7.029203524990687571e-10
6.985940531019765272e-10
6.913955006769288621e-10
6.897951856721675776e-10
6.866431729477969510e-10
6.844583334319334191e-10
6.679942120473578609e-10
6.652693764550186865e-10
6.555546846242367252e-10
6.457955017209917565e-10
6.365512696062535608e-10
6.309269424123158454e-10
5.451338885662640959e-10
5.315399137248722798e-10
5.021516922528962423e-10
4.808575465523122168e-10
4.728016246976651366e-10
4.577207881638970623e-10
4.441370865047389554e-10
4.096747260997516165e-10
3.620785119012691428e-10
3.612293334109676257e-10
3.591739273129760996e-10
3.572790942271859177e-10
3.547025664791712227e-10
3.545005133094913800e-10
3.320326124332834846e-10
3.282931441271686958e-10
3.237640276658820539e-10
3.200835286060453164e-10
3.022536799844805098e-10
2.409798690442879994e-10
2.380648346725879896e-10
2.369454872642459282e-10
2.365833105737221686e-10
2.318693857886006730e-10
2.244907061957248388e-10
2.200532467495570841e-10
2.192424071789257683e-10
2.119781206779179922e-10
2.116845116122117898e-10
1.889143695769651775e-10
1.872117249711994318e-10
1.863720198085738640e-10
1.849216523022742752e-10
1.845346676028896274e-10
1.836600082085741023e-10
1.793592837096192947e-10
1.633739185359436833e-10
1.287288024986447110e-10
1.259972121435283450e-10
1.255606794079238751e-10
1.208536728927716939e-10
1.170525215394864462e-10
1.164871214079821400e-10
1.163415550536148957e-10
1.129171569913578655e-10
1.123272729691654185e-10
1.119254734205899852e-10
1.115817968433389334e-10
1.115190546666883448e-10
1.112167387690332880e-10
1.109410348590630963e-10
1.090065120196727813e-10
1.080325200825938240e-10
1.078785976374146181e-10
1.061025936773238988e-10
1.045056577918071415e-10
1.028701291753015626e-10
1.027172191775667899e-10
1.021235791217414020e-10
1.016341669688705153e-10
9.986993290132989639e-11
9.428003362136915428e-11
9.402364307366085192e-11
9.395158664018443496e-11
8.602256665055316163e-11
8.590631054618007511e-11
8.337816420549150408e-11
8.299279822698686655e-11
6.992110408174323546e-11
6.977315778572055141e-11
6.846140325852731702e-11
6.661485265980179112e-11
6.649058535553461202e-11
6.583574070629134423e-11
6.568845415790105719e-11
6.564428129778252770e-11
6.538066257593323108e-11
6.512234442623426565e-11
5.993877273282535178e-11
5.931028899648767998e-11
5.878171905624155425e-11
5.872130770497372778e-11
5.778033569310469642e-11
5.732103801559638739e-11
5.558946592002448265e-11
5.548989678506555680e-11
5.523777507973169011e-11
5.507849791676998269e-11
5.413056380146953856e-11
5.320706907097420088e-11
5.305030400792501200e-11
4.828427545200424380e-11
4.615885024484508060e-11
4.523829557066222557e-11
4.500060759726360400e-11
4.482125286758842327e-11
4.252689871067124113e-11
3.767737855631849658e-11
3.323777125496385670e-11
3.319378192203355125e-11
3.141638168205338769e-11
3.129342063067030585e-11
3.102428655518694034e-11
3.077049313176511630e-11
3.057784059870239922e-11
3.053263549011930463e-11
3.044177406041284214e-11
3.042397884235953738e-11
3.030667850562375724e-11
3.028736973445540370e-11
3.026880315381739796e-11
2.836732351688191371e-11
2.808680675303753009e-11
2.777354911552149007e-11
2.769778178767637664e-11
2.236922637571455432e-11
2.164607947447833044e-11
2.127796579875279102e-11
2.093480089815143362e-11
1.974640033557342824e-11
1.729405306297157288e-11
1.720039308252138300e-11
1.678342431706272791e-11
1.652381627985317693e-11
1.592098995856096994e-11
1.590961228684779172e-11
1.589475518247402805e-11
1.584056133221059203e-11
1.582218086244861628e-11
1.582118889872578454e-11
