9.089709711865664454e-01
8.836834744198363012e-01
8.660202735333393242e-01
8.521471895094304694e-01
8.290492183115953928e-01
7.884298386663318725e-01
7.538171785018585869e-01
7.122179989418356838e-01
6.859119770577070119e-01
6.589663633070687032e-01
6.186322925882761226e-01
5.722205132183741938e-01
5.335069863742896157e-01
4.955557833494338427e-01
4.646211423595512091e-01
4.359062559911461854e-01
4.124099354379716642e-01
3.886156918550094375e-01
3.606744201668800609e-01
3.390687404797488869e-01
3.182178862708811007e-01
2.925931672465516553e-01
2.831346002975571041e-01
2.623579599209170388e-01
2.375558348305821521e-01
2.159243335551369602e-01
2.073648592155410697e-01
1.857169133480151280e-01
1.723744366979123865e-01
1.562013167939116653e-01
1.394235526903941924e-01
1.324755676596211795e-01
1.193723643181014565e-01
1.052370392480581479e-01
9.327201273958787842e-02
8.509144089384723664e-02
7.879019428120474788e-02
7.167886648001174643e-02
6.512687323093423186e-02
6.286683880681957770e-02
6.021341970259067033e-02
5.733607030657266596e-02
5.292932879927137596e-02
4.803811230582528957e-02
4.290127136900259708e-02
4.058371549183677901e-02
3.817470855784046990e-02
3.476636575725249728e-02
3.275718405950966972e-02
3.122034222597163192e-02
2.919755112651048826e-02
2.613358971605292749e-02
2.528326852347683590e-02
2.407566348801793571e-02
2.216227286435610774e-02
2.126793457120899553e-02
2.013348489531200172e-02
1.880711922272554348e-02
1.822147652620433392e-02
1.770979033235089636e-02
1.692178811905344429e-02
1.569616045533559281e-02
1.431396027215482182e-02
1.303868069363063945e-02
1.236785334010453985e-02
1.151166487484285919e-02
1.122879572451094404e-02
1.032029475460448896e-02
9.160747826489104920e-03
8.953183311964041380e-03
8.112981169981941729e-03
7.776694911045109807e-03
7.153070868245523309e-03
6.854492655688390959e-03
6.186856706583993698e-03
5.773856874354942569e-03
5.300356143977088055e-03
5.138849933144409854e-03
4.585530735594434311e-03
4.123684554806077672e-03
3.716557391549602744e-03
3.571517982165095528e-03
3.276007823715277895e-03
2.949168753359727741e-03
2.832729865402507010e-03
2.595617064926527412e-03
2.333551035969485318e-03
2.160709554395412197e-03
2.011407907962166168e-03
1.885206357869246771e-03
1.670590162217327470e-03
1.626018134585203350e-03
1.490726280791590010e-03
1.408606447289390603e-03
1.352690132919439053e-03
1.199457926932823160e-03
1.119776515155993662e-03
1.020727328839211639e-03
9.600874380849065519e-04
8.587136583681064406e-04
8.239347831452023497e-04
7.635312248068835224e-04
7.075195495553336265e-04
6.237658285139456842e-04
6.084077955406972738e-04
5.613239175956164255e-04
5.100545553043527589e-04
4.699049855558280753e-04
4.502099329632270990e-04
4.318354728023562818e-04
3.884490386801401664e-04
3.769557865117277606e-04
3.381673945690650868e-04
3.183350737013134922e-04
3.091815808130928857e-04
2.788479601943955467e-04
2.635778570679862712e-04
2.435060691736605563e-04
2.243482005319675783e-04
2.034064516591984554e-04
1.821953577949354840e-04
1.716168051334812932e-04
1.553175358698914059e-04
1.508203920759323990e-04
1.434683857465097697e-04
1.374420237552789021e-04
1.296011239601028108e-04
1.181076864054645575e-04
1.121512607017210523e-04
1.064817828029619094e-04
9.783027135765329718e-05
9.429432370696966520e-05
8.699703378856644823e-05
7.923457825518404572e-05
7.506327391051453239e-05
6.732035165515399709e-05
6.253031796617401967e-05
5.270284671634549976e-05
4.438185059166249437e-05
4.065490007722566347e-05
3.901213448531430178e-05
3.539480769313619631e-05
3.256859477474673755e-05
2.744474902048545358e-05
2.625796804833515328e-05
2.260343536717014472e-05
1.892730023739422855e-05
1.784905769419412299e-05
1.471698946436770524e-05
1.331885594984404192e-05
1.207657034290647085e-05
1.140569533257113518e-05
1.009314527511509991e-05
8.971102742961763093e-06
8.708112395705668092e-06
7.824701382569719394e-06
7.544847883791742352e-06
7.007237483810126167e-06
6.612613279431883896e-06
6.099629149811642828e-06
5.730433893100548987e-06
5.204579963577885217e-06
4.635686411286903908e-06
4.515274663015366752e-06
4.206108473407909873e-06
3.804919375749724389e-06
3.625705690407083996e-06
3.318062621429053401e-06
3.174532489971541987e-06
2.919742876837605333e-06
2.847131684159525923e-06
2.648650656418310068e-06
2.482551797161340836e-06
2.356595321893105068e-06
2.142156609147468059e-06
1.902867470576588217e-06
1.745134514304618538e-06
1.595621421581855635e-06
1.432139957206075930e-06
1.249286253335779370e-06
1.137321989323637457e-06
1.026845042526420363e-06
9.673269473145362186e-07
8.455374383463631643e-07
7.700125556420314408e-07
6.955418864341386429e-07
6.117865359273457310e-07
5.718248985255573424e-07
5.120975984597737272e-07
4.965128395093256944e-07
4.499799376038935093e-07
3.888637740512103228e-07
3.589395602146731439e-07
3.106754884132544753e-07
2.978750880174252019e-07
2.660694164422198598e-07
2.470650563989805369e-07
2.266831293796296953e-07
2.050033369880855330e-07
1.981417917248589643e-07
1.900510370972093267e-07
1.777263014269222006e-07
1.692713366325711487e-07
1.614217911405513110e-07
1.505562479909434324e-07
1.485092736660386370e-07
1.385068468393357021e-07
1.295254109153812750e-07
1.236794766957364894e-07
1.142616124847268362e-07
1.027178357022760661e-07
9.054733462554335143e-08
8.530509903759296035e-08
8.144709227054615242e-08
7.899350049795527610e-08
7.216608009892574372e-08
7.006256209304471252e-08
6.220833568037167877e-08
5.559761575463147860e-08
5.357737599736239036e-08
4.923870164427676720e-08
4.776362593157709209e-08
4.334227676525225424e-08
4.050205854029409325e-08
3.824445274803185552e-08
3.428487593866178401e-08
3.073828279973882054e-08
2.660737553424086374e-08
2.482298014254278095e-08
2.286261843620491631e-08
1.976596296724100529e-08
1.885486726772814875e-08
1.594692859551690031e-08
1.534976838146583130e-08
1.409342640836835412e-08
1.319563853985695674e-08
1.222699142965867813e-08
1.133000226070855391e-08
9.507582499192723764e-09
9.238643427182038053e-09
7.539375122366056515e-09
6.790083257409337149e-09
6.165881103128190024e-09
5.496914249955187806e-09
4.861579328150341630e-09
4.599348753302394373e-09
4.233105752282186725e-09
3.523967321144762377e-09
2.984334135517382124e-09
2.915484120198178100e-09
2.581748952547571715e-09
2.504982337392819611e-09
2.405571688942884971e-09
2.088425620154936640e-09
1.832381894096999287e-09
1.666792724787829032e-09
1.599187259431076684e-09
1.451826038577913448e-09
1.203633245034112918e-09
1.147199571567087338e-09
1.048615562323430725e-09
8.450617463491945417e-10
6.789768106937592986e-10
6.030565252879039475e-10
5.324558839686411350e-10
4.682481391203919541e-10
4.285384641172197576e-10
3.988204293123908922e-10
3.352424968478261782e-10
2.844957101098907037e-10
2.462167801674042240e-10
2.187076449823723071e-10
2.016358702614686848e-10
1.759678799164288878e-10
1.664428169021241514e-10
1.565904078306220536e-10
1.447191059090301722e-10
1.347104916700413168e-10
1.263633496676072148e-10
1.163381349530463834e-10
1.087288215084809960e-10
1.020875937922529561e-10
9.537066159617789241e-11
8.974458458169897337e-11
8.614527022720277577e-11
7.969171587123251631e-11
6.895782471653346776e-11
6.342343155115860637e-11
5.632715317271023782e-11
4.908741876988467205e-11
4.723740041364796481e-11
4.085341796836265052e-11
3.547129772796570748e-11
3.269138260953417005e-11
3.088565552361749819e-11
2.868298856500153061e-11
2.637356484534409087e-11
2.508889570715870839e-11
