7.710486941275122019e-01
7.453593028939827780e-01
6.813624418904851154e-01
5.816311172765370463e-01
5.385646547255741323e-01
4.968354817693053094e-01
4.350094448336023767e-01
3.664192501931488599e-01
2.869242900266610330e-01
2.039179151226548914e-01
1.392637784311747673e-01
1.052934988903208441e-01
7.563157328948430513e-02
5.597442910271489130e-02
4.356337479446988764e-02
3.460272948804728188e-02
2.772916586443024967e-02
2.323662197587790176e-02
1.973249294790807920e-02
1.612873684844390657e-02
1.477336733518449033e-02
1.183645227481877095e-02
9.355599026805582960e-03
8.352010277569753630e-03
6.620613270549698115e-03
5.048350279211106552e-03
3.910522918716032546e-03
2.836991747330837484e-03
2.098958501571274692e-03
1.731704327554941646e-03
1.435282415558495998e-03
1.198721748795583729e-03
9.648015811622613755e-04
7.685655884205217512e-04
5.937905144386030091e-04
4.616015355527352030e-04
4.007957171167392686e-04
3.404540003761145754e-04
2.802987769506887954e-04
2.207077859149060974e-04
1.737186312935691838e-04
1.572937991369962685e-04
1.135858826477587871e-04
8.205761151370083244e-05
6.440235972667467449e-05
4.916553985020888931e-05
3.643588342582755363e-05
2.701708274903974285e-05
2.014677428311525742e-05
1.540058629867753704e-05
1.311334863374980204e-05
1.064810625785985014e-05
8.661790232674905637e-06
7.572573785991909692e-06
6.402098153439318347e-06
4.767336840528511174e-06
3.686179158179338005e-06
3.126931786721959615e-06
2.757734629569475095e-06
2.123003391569679166e-06
1.674390836150109288e-06
1.255382226508244104e-06
9.725796679982069945e-07
7.343831458309635301e-07
5.191272804345397574e-07
3.900589410420131088e-07
3.073045904261129799e-07
2.375923755604491546e-07
1.845629641574649715e-07
1.403547298415857162e-07
1.310574439361530150e-07
1.009905394741123749e-07
6.814117479768254165e-08
5.530631290338347430e-08
4.321459987387297429e-08
3.178901899435789740e-08
2.124010095973426991e-08
1.446911297728090877e-08
1.093099124824581472e-08
8.560239620800031062e-09
6.741789697111913831e-09
4.812098157615665979e-09
3.767778787918134647e-09
3.011736087769516513e-09
2.262683422925084583e-09
1.678563097996277800e-09
1.413244412409872192e-09
1.170583193168326789e-09
9.255865486490999523e-10
6.551514015340765377e-10
5.638064275976182710e-10
4.353392565709255416e-10
3.595003277585490113e-10
2.704875834384723856e-10
2.083045638010345688e-10
1.729629378368520329e-10
1.251148219850416016e-10
8.064819980030618799e-11
5.433507444844684074e-11
4.194983064798750709e-11
3.061628339419648792e-11
2.279729365488894254e-11
1.861539866389953352e-11
