9.999400543904843897e-01
9.996493228755979343e-01
9.990994882036172697e-01
9.983375175334585627e-01
9.970787822974019887e-01
9.964814338158494156e-01
9.951185656309148309e-01
9.937701807039207580e-01
9.907668375385335624e-01
9.883315543121123925e-01
9.867267146919682652e-01
9.850174033450748157e-01
9.820673019546837246e-01
9.781200320111047564e-01
9.709153435001183219e-01
9.618676460885816626e-01
9.545346047772663711e-01
9.504994657356440335e-01
9.483247639253392647e-01
9.410785945206536773e-01
9.385618993007719402e-01
9.265826270425977507e-01
9.155125111550097561e-01
8.919745929492832737e-01
8.893121712217458841e-01
8.764961775249383580e-01
8.561666645381377228e-01
8.523344256578083700e-01
8.341988951414306408e-01
8.147796900435861911e-01
8.021569629497836695e-01
7.951637432062833577e-01
7.897416005948328932e-01
7.685762575825955123e-01
7.645068614774059856e-01
7.625265977742470280e-01
7.373349607254608973e-01
7.335537733261647819e-01
7.076503064301116197e-01
6.909079400101744151e-01
6.876254261716832072e-01
6.687882980337318539e-01
6.529904288790527866e-01
6.182226791117049203e-01
6.128295065017692611e-01
6.100195023705456965e-01
5.552367801041914186e-01
5.281953677313923068e-01
5.081265147046294395e-01
5.049115324431218133e-01
4.572188166464397074e-01
4.515899467178960403e-01
4.097609074174217714e-01
4.061429813873991823e-01
4.017368108118084535e-01
3.939835543494929482e-01
3.680265739031304828e-01
3.634351406259158646e-01
3.624865581006562198e-01
3.394181238176631754e-01
3.388896504783009966e-01
3.186622383688205162e-01
3.150717006607722248e-01
3.106934267200046618e-01
2.975387555943033724e-01
2.838657853659758978e-01
2.791777605759225289e-01
2.737019983934924627e-01
2.630894792569745677e-01
2.569464548666464676e-01
2.400666442544664436e-01
2.391879193114610502e-01
2.302857780895602169e-01
2.041225860415373516e-01
2.033926237915252289e-01
2.026716158788694211e-01
2.014988190827423920e-01
1.916100868219820785e-01
1.904279718558687107e-01
1.855711070526505357e-01
1.851418301306272662e-01
1.700108147243978296e-01
1.552154907551039353e-01
1.551092252701646301e-01
1.535293238247357472e-01
1.472350936427924140e-01
1.462906741704552427e-01
1.453541491999312818e-01
1.432222703390007845e-01
1.416921493525747366e-01
1.376056837946443012e-01
1.368055715655671356e-01
1.358563999389084120e-01
1.276972007027985245e-01
1.273957535771644001e-01
1.271953815281574307e-01
1.267503650268597404e-01
1.262536132784220222e-01
1.248402981276288543e-01
1.238814142625819653e-01
1.173463445705035801e-01
1.169216919366141416e-01
1.133986621644904741e-01
1.094966260872506369e-01
1.093861815782856267e-01
1.089328421605585406e-01
1.072417962381147782e-01
1.031913575587524029e-01
1.005378016889932058e-01
9.997856265093256478e-02
9.980294590026594914e-02
9.787176976981259990e-02
9.096488691232630652e-02
9.037355011205659705e-02
8.837585916553769572e-02
7.853818652910893316e-02
7.738593689116531060e-02
7.716536840207696701e-02
7.696752198160210223e-02
7.335142498906714603e-02
6.854711539387076114e-02
6.811299948829342699e-02
6.761331364602408966e-02
6.714539149237612470e-02
6.642537671453017933e-02
6.559089438164658614e-02
6.335431393424878488e-02
6.242400217371708859e-02
6.164164240336613559e-02
5.687858948747308296e-02
5.626429864946386888e-02
5.618762088724021247e-02
5.586116358434536910e-02
5.580055190883161098e-02
5.271044595213295048e-02
5.261547942042645726e-02
5.213123334410512538e-02
5.108004206948935089e-02
5.093369577656124692e-02
4.670642039678254975e-02
4.666562540931393221e-02
4.523265396742741362e-02
4.452286767009628471e-02
4.376859748036147219e-02
4.369562490787861492e-02
4.314806479712573334e-02
4.306388926993055810e-02
4.289014150463970471e-02
4.281950890086669292e-02
4.263489576615329957e-02
4.154776190006882752e-02
3.972203507719839627e-02
3.959286609059135820e-02
3.949080084790647371e-02
3.777623797565470704e-02
3.669928966371541201e-02
3.590059223824836054e-02
3.389701018532403215e-02
3.367761267531713121e-02
3.293799378852192011e-02
3.284244387123046865e-02
3.269964849529366502e-02
3.263513106708011702e-02
3.223102062735921924e-02
3.208061081631761319e-02
3.198776452503495488e-02
3.188513935173113711e-02
2.858342285433475294e-02
2.828090623155543604e-02
2.817968071858169624e-02
2.523812138734804131e-02
2.355217467359149025e-02
2.351627146556681952e-02
2.347498546957957691e-02
2.312387616915257196e-02
2.298840005234549511e-02
2.245943113334081601e-02
1.978966416413561330e-02
1.928691575068851305e-02
1.912717213776131062e-02
1.886374617036300910e-02
1.848238292073485847e-02
1.631739248799614003e-02
1.602355220020256626e-02
1.582698080519817641e-02
1.570776625156603337e-02
1.568417315045733673e-02
1.540588227189426500e-02
1.511399735684456659e-02
1.391390930977137383e-02
1.353312245906529258e-02
1.210054361126549488e-02
1.183963092817575530e-02
1.181552956125567731e-02
1.176225191777902773e-02
1.091099221949829064e-02
1.084571640677453770e-02
1.050394312349895234e-02
1.040726162824294823e-02
1.023235016539061557e-02
1.010025855542876633e-02
9.972181856915120560e-03
9.812913097555726882e-03
9.394011030004542975e-03
8.968855818200227592e-03
8.884945026374853685e-03
8.877870075063637109e-03
8.866575966095746608e-03
8.818383453576206926e-03
8.546044823223219664e-03
8.520613378334101692e-03
8.506874131428475080e-03
8.077934407686377868e-03
7.711566236062926578e-03
7.689869286401475670e-03
6.750349494742224725e-03
6.676039659877107749e-03
6.672589493260076485e-03
6.658691221182681114e-03
6.616809050526367350e-03
6.464983411611134601e-03
6.456362758826353528e-03
6.419487781717001657e-03
6.242377871538261173e-03
5.950637146568830797e-03
5.894767184074002978e-03
5.811172053013106790e-03
5.757972769231960337e-03
5.634323286914054256e-03
5.210365814647364979e-03
5.105979971941686929e-03
4.544605908376840066e-03
4.511691503077584764e-03
4.498252703433234731e-03
4.495561888702474806e-03
4.488982785740757916e-03
4.406205567520876491e-03
4.371338806940629554e-03
4.278409524916251469e-03
4.235192120808346436e-03
3.958368005430029993e-03
3.810120920969635363e-03
3.795951035998468628e-03
3.747761571894329697e-03
3.692288433390865030e-03
3.591808658780886766e-03
3.585037797042452557e-03
3.448948087810643163e-03
3.281987343725539449e-03
3.224997214866103488e-03
3.168423964852567706e-03
2.848983713820379352e-03
2.844942534919428240e-03
2.837017658875185151e-03
2.826149864718135660e-03
2.800649746149930577e-03
2.626955537819566488e-03
2.425330203248773561e-03
2.357638432240711981e-03
2.353737799778607333e-03
2.332353632117244949e-03
2.329527489700417443e-03
2.324842919904502106e-03
2.154644058755122125e-03
2.031720377745861381e-03
1.954243418010118746e-03
1.945859329919259967e-03
1.902672708867013266e-03
1.893587464742246384e-03
1.839283745064481399e-03
1.822034637000025147e-03
1.797087267945564771e-03
1.789015947503790624e-03
1.708386187670807169e-03
1.698135321241488411e-03
1.666252971802456009e-03
1.653755198046557911e-03
1.634142879789874303e-03
1.623891187177221558e-03
1.620191537427234652e-03
1.593918710314655342e-03
1.520992088041999346e-03
1.376814976262520987e-03
1.352496498105407305e-03
1.344830756305478948e-03
1.344231232941154415e-03
1.338503422995854274e-03
1.256520226578188622e-03
1.253563652644048253e-03
1.244812384945842435e-03
1.174501106890261069e-03
1.137962364785347720e-03
1.101826223686097400e-03
1.100054840192354107e-03
1.097997989649745479e-03
1.078510799981072027e-03
1.067093288163105001e-03
1.057914184978012801e-03
1.019698062263197074e-03
1.014329799495853647e-03
9.755608620549276492e-04
9.219042523252237321e-04
9.208611958903674356e-04
8.772899820618917238e-04
8.405410698096280097e-04
8.382965854278762998e-04
7.846799233880107343e-04
7.807153674374478405e-04
7.727081705408311201e-04
7.694051489735289576e-04
7.599305478493020806e-04
7.520253338100025588e-04
7.353348963453201553e-04
7.263493087327969715e-04
7.041952811326168769e-04
6.590163640638826720e-04
6.279759247036231524e-04
6.247632042888932782e-04
6.215635576650659251e-04
6.105010107905265142e-04
5.944060141217360213e-04
5.922423064277915466e-04
5.920681684453797796e-04
5.911733952165443458e-04
5.907329067482005669e-04
5.827586921304211791e-04
5.412246280247794052e-04
5.207348123345263789e-04
5.120342537359229762e-04
4.920409775733765355e-04
4.876108871529415785e-04
4.858230172670830274e-04
4.594503811249655450e-04
3.891439394780882581e-04
3.797613295933740217e-04
3.687689762050430208e-04
3.685553556096963774e-04
3.682586731851080234e-04
3.605472337333132647e-04
3.548794579767697906e-04
3.438026242327076650e-04
3.385348719424580502e-04
3.203656911288795765e-04
3.148060825244757997e-04
3.082903096030947527e-04
2.967728899998907854e-04
2.924863497261382447e-04
2.894556100417778753e-04
2.887021254573300189e-04
2.856034456847094034e-04
2.840581088035764559e-04
2.838927239266754400e-04
2.834894659433876557e-04
2.770922853708265745e-04
2.740005594981790075e-04
2.429343383003664144e-04
2.303341017080126521e-04
2.293039878274731776e-04
2.167938775762866873e-04
2.161893566770473941e-04
2.137965764941237169e-04
2.137013946933001302e-04
1.759900911976993766e-04
1.655580291835121094e-04
1.649684565229326671e-04
1.648063877453007184e-04
1.616977613727083225e-04
1.596488591119168336e-04
1.587752682595290892e-04
1.585686447127917153e-04
1.578299975223102056e-04
1.377452061345630220e-04
1.346683057110620210e-04
1.307801393947265471e-04
1.293443626144026842e-04
1.279062511804409535e-04
1.268748924295689021e-04
1.266751086994537647e-04
1.259786385917446752e-04
1.219621622804488534e-04
1.216465244419742979e-04
1.210685002045103534e-04
1.191902543225160655e-04
1.160136627953871526e-04
1.145705716129924223e-04
1.046350149240121979e-04
1.044703570859452932e-04
1.016629831101545129e-04
1.003648332771305679e-04
1.001760956310453980e-04
9.858883381457929731e-05
9.826549194588796534e-05
9.781567113101595273e-05
9.681992845232360444e-05
8.868833681501366636e-05
8.425497756560844191e-05
8.250470736775155354e-05
8.126493221175798204e-05
8.076802118483118883e-05
7.125545748895467288e-05
6.957730531425800795e-05
6.761583561960424150e-05
6.749149832795829282e-05
6.705548946696015503e-05
6.488362547531526751e-05
6.046158342694025952e-05
5.917010936988770318e-05
5.779723399082173650e-05
5.657984913123558228e-05
5.104522043016903498e-05
5.015924228934112933e-05
4.976922878497896902e-05
4.964846847957919565e-05
4.913072204564552191e-05
4.859270814547801204e-05
4.852377966652256941e-05
4.766010011281844052e-05
4.123649834162916215e-05
4.082379927130704261e-05
4.018791573302583919e-05
3.954770634291480779e-05
3.923513536248050143e-05
3.916803367922361664e-05
3.706313439418388591e-05
3.518999437266919129e-05
3.490992073816428094e-05
3.378607286544763500e-05
3.310688645765654463e-05
3.270845441859942143e-05
3.024204151507429265e-05
2.851984418265967483e-05
2.805795070913396201e-05
2.804971777765010005e-05
2.797722164947655731e-05
2.781878080119331036e-05
2.775177126160743510e-05
2.760430256465167296e-05
2.607578176751319259e-05
2.578722245487586904e-05
2.563821481880912122e-05
2.532204690352068849e-05
2.143998959825605836e-05
2.085352602209598330e-05
1.986760802588327489e-05
1.914274674938434774e-05
1.811508290496434217e-05
1.802676009344034014e-05
1.678545503390453409e-05
1.650711497034240607e-05
1.609453024390681519e-05
1.574696208109529645e-05
1.562550653050232983e-05
1.537066603587461551e-05
1.273310679879579804e-05
1.217132913010010261e-05
1.197849255307912659e-05
1.187539788304974190e-05
1.184782672145270791e-05
1.152182362932244555e-05
1.146038145979970517e-05
1.142381822958962700e-05
1.141698049168406696e-05
1.135036368946095077e-05
1.117426122725696858e-05
1.057273035218502376e-05
9.661466297399240281e-06
9.369880917861034384e-06
9.041682645429733499e-06
9.035738250834713907e-06
8.970973883288964844e-06
8.301732172765887921e-06
8.067250620063721287e-06
7.909673639930682148e-06
7.747329293491712565e-06
7.712695706400207144e-06
7.692381282826095884e-06
7.554005835813354179e-06
7.140248691258390331e-06
6.820897997434905287e-06
6.766636700611378509e-06
6.747635086320564699e-06
6.730754161971494329e-06
6.681303484549065627e-06
6.646345834124053305e-06
6.582237940682889228e-06
6.491174008298808181e-06
6.349526487275717684e-06
6.347290240714886859e-06
6.263390159772422492e-06
5.890008001623745798e-06
5.200716598978499548e-06
5.197654747817860788e-06
5.121418234670483828e-06
4.966829874948802453e-06
4.936457645714624407e-06
4.880261923978578581e-06
4.826731478668302151e-06
4.816976868563100885e-06
4.803728299862178438e-06
4.751418421154646784e-06
4.700487889384648399e-06
4.682944632367575663e-06
4.679511573491727396e-06
4.555792116462911400e-06
4.119974371618305927e-06
3.348167032384291890e-06
3.307107295852848205e-06
3.298006385635338018e-06
3.280848677802331067e-06
3.115199458894126485e-06
3.111168490967526991e-06
2.988639206835713395e-06
2.973841042980276974e-06
2.966080432837240849e-06
2.958489906091674105e-06
2.926285221567813521e-06
2.904242441126834481e-06
2.814244881107793152e-06
2.770976711202313960e-06
2.727447780710193956e-06
2.711973350773927790e-06
2.450562830965185934e-06
2.274449307921640895e-06
2.212718379433870472e-06
2.174793571868237985e-06
2.153404691575502318e-06
2.115865742285803282e-06
1.963967317030049432e-06
1.963334838095062368e-06
1.962226428133810640e-06
1.948991820714828755e-06
1.942488583888807150e-06
1.936103019157869602e-06
1.931736284620116187e-06
1.759779147493176809e-06
1.749818143591299958e-06
1.748754235087529416e-06
1.743488967222639661e-06
1.477991283227607822e-06
1.462753141473587931e-06
1.459568542601949038e-06
1.443429330545743864e-06
1.441815991202852524e-06
1.435734510631425483e-06
1.434866969492192582e-06
1.408297382234100170e-06
1.397260878872777575e-06
1.246303467251922435e-06
1.187283144317378267e-06
1.176113250247617640e-06
1.156610218907856135e-06
1.141283498224768924e-06
1.136531807356889408e-06
1.120137875540686903e-06
1.109475350679437605e-06
1.027352013761237821e-06
9.886565229536011235e-07
9.654771857262175076e-07
9.415927335701915746e-07
9.143590170535910045e-07
9.141313062998556123e-07
9.084131848921976195e-07
8.898747259462070068e-07
8.814033262408024003e-07
8.773246948994139456e-07
8.745968611103213878e-07
8.726798145644548847e-07
8.444421505915748251e-07
6.892571965692581921e-07
6.843679482935369922e-07
6.604727902186984477e-07
6.583186464118785519e-07
6.396909154525824786e-07
5.959469774932268934e-07
5.948174826968826989e-07
5.909736849257163526e-07
5.860795823253954724e-07
5.859238186797495264e-07
5.846169052607864089e-07
5.699749274646023825e-07
5.109880294631162652e-07
4.835926585324411633e-07
4.608499995302075231e-07
4.373216654864815735e-07
4.171661980943439541e-07
3.853723423230181200e-07
3.833906780069040249e-07
3.713036866278482167e-07
3.703801039392444098e-07
3.644609181559029956e-07
3.600714878599987073e-07
3.552986346156863124e-07
3.493668282042244006e-07
3.491589102353326471e-07
3.464427582277497652e-07
3.403215281820864643e-07
3.383455521544364142e-07
3.362245014770325425e-07
3.330454361616930265e-07
2.281214004819088374e-07
2.190580221996307390e-07
2.156710416224318538e-07
2.152376954749079115e-07
2.148529232666188239e-07
2.096147979924271248e-07
2.091449312365209792e-07
2.086666479950507256e-07
1.758706987111593500e-07
1.745446060641295583e-07
1.741478401495911345e-07
1.684576246382280476e-07
1.666851882623543540e-07
1.652438432522999933e-07
1.642524331619824678e-07
1.639490953696421689e-07
1.625985986037446070e-07
1.607239043716814185e-07
1.573724522575154990e-07
1.568522757723377427e-07
1.546318205957532252e-07
1.541617000394961385e-07
1.528127156252796473e-07
1.496213654383085946e-07
1.476493707061102689e-07
1.457654689667078093e-07
1.450877290561100348e-07
1.365250173074452414e-07
1.298237861849736021e-07
1.278206366635629573e-07
1.237173924742723963e-07
1.191510678419693024e-07
1.129302889750015255e-07
1.107728491399986811e-07
9.586600142733838879e-08
9.428801844178808877e-08
9.247753011212806928e-08
9.212321959008775010e-08
9.136712912633794682e-08
8.420637838446214139e-08
8.247121737832498036e-08
6.593432658211508614e-08
6.413925449833430925e-08
6.392148976909386654e-08
6.372971903040881567e-08
6.345999756047164551e-08
5.783606447931479857e-08
5.706091658123779052e-08
5.676590714609884375e-08
5.564337872161641711e-08
5.353118464048573369e-08
5.350618244730720838e-08
5.347539191848159544e-08
5.319789655225084141e-08
4.941333360912868016e-08
4.519322949829486821e-08
4.307251602963230536e-08
4.296321177330466842e-08
4.290592051036554914e-08
4.239431985998060165e-08
3.961687265584525849e-08
3.803915438900745483e-08
3.800518811624851119e-08
3.794715775698399717e-08
3.765353051706980345e-08
3.750136412406260927e-08
3.496165851165159099e-08
3.470316404869187670e-08
3.442498609848689749e-08
3.420362702877638595e-08
3.417448678857916541e-08
3.399653349417244490e-08
3.397671889248503618e-08
3.335678930447840168e-08
3.276606273468217648e-08
3.131449674843214901e-08
2.840796246759876461e-08
2.809979322505174760e-08
2.718534839492823153e-08
2.659868612704035523e-08
2.658597743809074081e-08
2.656865698886727167e-08
2.651271629988989015e-08
2.532691072773520586e-08
2.505571942918042670e-08
2.462228060990255349e-08
2.292515310141682735e-08
2.216532589532943381e-08
2.211531846488661689e-08
2.118712869247425063e-08
2.083853901470862205e-08
2.028328094572798579e-08
1.691429883879453687e-08
1.690401108934053928e-08
1.684628165272706432e-08
1.680128617044328619e-08
1.666777459586360233e-08
1.658701283646545561e-08
1.623788285395598740e-08
1.608497633336729015e-08
1.471913713234761586e-08
1.441542538808295647e-08
1.309922882893208834e-08
1.276394934257080363e-08
1.188989438775312981e-08
1.186391085063007680e-08
1.182744411115540232e-08
1.165942477121171103e-08
1.157022994343377087e-08
1.095471224511211490e-08
1.087827757214333863e-08
1.018082679789682350e-08
1.002627044558928696e-08
1.001436276699538376e-08
1.000147362556771775e-08
9.935661154184502353e-09
9.893087927882777340e-09
9.879718584853127965e-09
9.670811551405353083e-09
9.658394542980474580e-09
9.612081388590925899e-09
9.405486676195270743e-09
9.402333369572026322e-09
9.248738264109289930e-09
9.198285647130910754e-09
9.167025321554963657e-09
8.211542382772912291e-09
8.173640889017485568e-09
8.059850425808575426e-09
7.843083252196902756e-09
7.684703977388623161e-09
7.451635823346293528e-09
7.362523400400352702e-09
7.358044456702514357e-09
7.235366342468113634e-09
6.829911819786647252e-09
6.783211402785164913e-09
6.732536194516088696e-09
6.709531077356793098e-09
6.696630541799180068e-09
6.578540591452956656e-09
6.456042271316060019e-09
6.403182632449077625e-09
6.388198693568776952e-09
5.940273681266684478e-09
5.564525172630836570e-09
5.551913887214958844e-09
5.544166317829150964e-09
5.437459242227504212e-09
5.389736791384425320e-09
5.284274283913648351e-09
4.783581450726797060e-09
4.715764664628922493e-09
4.675449962899830372e-09
4.657318942003853342e-09
4.561868194466498293e-09
4.300647955625515759e-09
4.253192457148478545e-09
4.123941196040023880e-09
4.104616529561390673e-09
4.085652833706931170e-09
4.073242529981585500e-09
4.072017121714654584e-09
4.060664815758757433e-09
3.597278076951185079e-09
3.557883317555016263e-09
2.911934559305476761e-09
2.681408830355921453e-09
2.606755978176202492e-09
2.538285326736171547e-09
2.476511430684423842e-09
2.391067469593322644e-09
2.381104837416607858e-09
2.339117196651072044e-09
2.310705557083621150e-09
2.273201523515174858e-09
2.267953187477964936e-09
2.250583667714082974e-09
2.235620063362816379e-09
2.188830468058517771e-09
1.828489068190675538e-09
1.795666137157775604e-09
1.780394957606249178e-09
1.774314988075884161e-09
1.740284765456062247e-09
1.715897082247103404e-09
1.678186830535409728e-09
1.668019687107125500e-09
1.305899307767848811e-09
1.301575370905333277e-09
1.295583870088388653e-09
1.282691596498696809e-09
1.278268514768558043e-09
1.276220862092552781e-09
1.239449109946985231e-09
1.094573029245362434e-09
1.088601640322702192e-09
1.085777364895077201e-09
1.065811513525111005e-09
1.036262904225749344e-09
1.028533688495036549e-09
1.016899883216498385e-09
9.693588663208164222e-10
9.493985602409118507e-10
9.096557723367149365e-10
8.926207603138301935e-10
8.912362871414349588e-10
8.715467882143715444e-10
8.586260673693413101e-10
7.765426229431689791e-10
7.730686614355048750e-10
7.728571388623057480e-10
7.725523861772365823e-10
7.710798394806269413e-10
7.693682667429126949e-10
7.340640785845977339e-10
6.946248109644819950e-10
6.804364530287790796e-10
6.760847461003195271e-10
6.700578122571135978e-10
6.453456045894628326e-10
6.100540085913566572e-10
5.903634314013321494e-10
5.840387464537284378e-10
5.812270055504809061e-10
5.786314854212622972e-10
5.761276099087790990e-10
5.282275958290765967e-10
5.193979215361652055e-10
4.685769748183573584e-10
4.584536419731526380e-10
4.488934657304023069e-10
4.444566765747823231e-10
4.267055442383533137e-10
4.183876605820243467e-10
4.180612119312601573e-10
4.169762924783250952e-10
4.110912404913071470e-10
4.062574756360709470e-10
3.842533382789470086e-10
3.605774911678126023e-10
3.315734724654693807e-10
2.730189862401886677e-10
2.724867129198710819e-10
2.718172049706829680e-10
2.705466305732735866e-10
2.689874100245645347e-10
2.266290187999193879e-10
2.249472005846773343e-10
2.213277522805665010e-10
2.205041448528771615e-10
2.204010225286527756e-10
2.200900006257719685e-10
2.199923312905983615e-10
2.197907483565357206e-10
2.137539598238352643e-10
2.132378803248133758e-10
2.125327244400169536e-10
1.987624885235064882e-10
1.957113848464572420e-10
1.664165923099740981e-10
1.442667317055865259e-10
1.433625831553896340e-10
1.416609758840070733e-10
1.332787151052832565e-10
1.185287818371074172e-10
1.182757628962369592e-10
1.182403436153500438e-10
1.175446881352248310e-10
1.171321725742961711e-10
1.158794691278268973e-10
1.156559721870940688e-10
1.152797487893020589e-10
1.137961601581303378e-10
1.130162541982757974e-10
1.124409875979977864e-10
1.111394105413347152e-10
1.111165242591262013e-10
1.110048632040079298e-10
1.085431308862129691e-10
8.107962792510498442e-11
7.861599873527620563e-11
7.665590527117621460e-11
7.501739711548243298e-11
7.204483907634920920e-11
7.186681206803988462e-11
7.144071474107180823e-11
7.077860931719607222e-11
7.063392900487924676e-11
6.803487801867840532e-11
6.801232850652728504e-11
6.751631379614280640e-11
6.747937139842692368e-11
6.678383581933899027e-11
6.588985745441282586e-11
6.574523274738953605e-11
6.569773561119127689e-11
6.563192409082636632e-11
6.525258148468272328e-11
6.466132527054307613e-11
6.361629707979281188e-11
6.349475332357651439e-11
6.319486453818721036e-11
6.267718452720259406e-11
5.990247925614433253e-11
5.641567779336164630e-11
5.601191816119780208e-11
5.186519946161235287e-11
4.958388644970021594e-11
4.712045953779366070e-11
3.929556645043372771e-11
3.872165887772614029e-11
3.867398607471636292e-11
3.865570663784514349e-11
3.847262265144604501e-11
3.636214233538765590e-11
3.627051339421531944e-11
3.606973265923519077e-11
3.453595882862036953e-11
3.351340508742494211e-11
3.343278927379034180e-11
3.230466716933777857e-11
3.222608303074700338e-11
3.218204847459457781e-11
3.199026993228005284e-11
3.095412744284347572e-11
2.948922886141471652e-11
2.863486882384358300e-11
2.680327962138787943e-11
2.597075296648159498e-11
2.498695457598729468e-11
2.467387302519342727e-11
2.427491482029391420e-11
2.129013958885977200e-11
2.080320471149427272e-11
2.072703811801264485e-11
1.898267526990732296e-11
1.893293835428294831e-11
1.864003594573098820e-11
1.845665716201267330e-11
1.844597821522772612e-11
1.838373893539458540e-11
1.836621733025227391e-11
1.835350531502025003e-11
1.797638774231092910e-11
1.796191098386372888e-11
1.790781251263871557e-11
1.536507018966601180e-11
1.520260405081749252e-11
1.502923254390184684e-11
1.133182773134279558e-11
1.128378698540325164e-11
1.126689735856289218e-11
1.117773171349280823e-11
1.113743531445718402e-11
1.110518990250443128e-11
1.097426084577091736e-11
1.040443918901174040e-11
9.417597752393994072e-12
9.398855232677071615e-12
9.349056177149683239e-12
9.260949681955720017e-12
9.145378755351900607e-12
8.915986782104160734e-12
8.878309293574183889e-12
8.828994618061931099e-12
