9.980497994705503917e-01
9.957757415214887331e-01
9.924386464068669644e-01
9.883668595952561642e-01
9.837013867560301383e-01
9.786168636756552575e-01
9.727269647579797063e-01
9.664679350737556129e-01
9.598599377902040652e-01
9.526636873211936640e-01
9.452313558612557287e-01
9.376547137720735448e-01
9.295012383123372190e-01
9.214702284256448550e-01
9.129678160588569069e-01
9.042623922255462743e-01
8.950911616904940749e-01
8.856479648021813311e-01
8.768615542883938518e-01
8.679886139885976126e-01
8.587262957382323370e-01
8.494324259942073185e-01
8.397090677470685494e-01
8.299599465035536472e-01
8.201935796810098100e-01
8.100771957593865258e-01
8.000117726162373488e-01
7.902936241884478408e-01
7.810079463040785486e-01
7.716027982905772076e-01
7.618350887054179399e-01
7.524259509714037453e-01
7.429735008969069465e-01
7.335458147568113541e-01
7.238197924219390567e-01
7.138939556588672630e-01
7.039024515544385352e-01
6.934773394061792828e-01
6.831731914131328187e-01
6.724174913626254080e-01
6.615576247372788599e-01
6.508769930599669351e-01
6.404418075531689292e-01
6.301477543434224060e-01
6.197728612860355923e-01
6.094102688192778450e-01
5.988548525295360747e-01
5.876803321831222116e-01
5.770357527797135289e-01
5.667673812413217549e-01
5.565745096048532181e-01
5.464437980072146539e-01
5.367608380642541199e-01
5.273560714594498489e-01
5.182529008363013778e-01
5.093748864913177909e-01
5.005811468999543656e-01
4.920679493199302534e-01
4.836438897137971815e-01
4.751924744361123443e-01
4.669395872996048302e-01
4.590883589928890229e-01
4.514740162309060501e-01
4.443565145996838939e-01
4.371238044662960620e-01
4.295176063576488512e-01
4.222180398458492134e-01
4.150271737640940928e-01
4.079708999192702135e-01
4.008201897370599065e-01
3.938645821195868590e-01
3.867683708744321103e-01
3.793770164332855299e-01
3.724867517222404389e-01
3.660046756262441137e-01
3.596669158480403361e-01
3.535528965557664938e-01
3.475430591488636312e-01
3.413941156827665080e-01
3.354057588573365334e-01
3.293838886568138946e-01
3.233034674857458990e-01
3.174970489895801995e-01
3.116517915276442174e-01
3.061270398284861027e-01
3.009949712046027792e-01
2.962288294114679421e-01
2.913196209423081218e-01
2.860376908544279284e-01
2.806597285868610570e-01
2.753296407120972566e-01
2.700310945471520174e-01
2.649093147310571661e-01
2.598703101404926108e-01
2.553186893848974348e-01
2.507378022909367843e-01
2.462254337761523582e-01
2.417942417780918618e-01
2.372459802824076203e-01
2.325169402566795163e-01
2.278252597140077718e-01
2.233255428988137892e-01
2.187713300403291150e-01
2.140467690704263015e-01
2.093406849917106849e-01
2.048102318988519743e-01
2.003649190846243100e-01
1.960869190052713373e-01
1.915290571436024936e-01
1.865426390526860045e-01
1.814456108517555066e-01
1.766250371424608334e-01
1.718075922127635657e-01
1.671375115539619205e-01
1.626882258136770065e-01
1.587441127571582455e-01
1.549917904500359156e-01
1.513548490891090670e-01
1.477011532441057096e-01
1.441458881303641915e-01
1.407131868930638352e-01
1.373976383501706866e-01
1.341674016256111102e-01
1.309405497101099880e-01
1.279739209036003800e-01
1.252310838160065609e-01
1.226111283740650010e-01
1.199770452420000633e-01
1.175309474182848896e-01
1.150238129183238922e-01
1.125023448426648587e-01
1.101250543402098603e-01
1.078082193873281108e-01
1.055078394521024587e-01
1.032812716074586468e-01
1.010619418808880593e-01
9.901770718195858356e-02
9.696016469632953716e-02
9.491995780338778610e-02
9.293447947372018847e-02
9.104177794702239535e-02
8.920493403990985282e-02
8.736420957889230732e-02
8.554688354303129072e-02
8.386520498727099981e-02
8.224085885516110861e-02
8.072894391699302064e-02
7.925734526034121374e-02
7.782376798829265807e-02
7.635971277640658805e-02
7.499717230400661239e-02
7.375988169694182306e-02
7.256333068443915346e-02
7.139013313305871133e-02
7.009612289726489809e-02
6.883650136954279353e-02
6.754503559927663159e-02
6.620980587856480082e-02
6.483328902372366420e-02
6.343604582686175608e-02
6.198856715873118928e-02
6.059697457926169206e-02
5.926118219227328315e-02
5.789555111036326362e-02
5.668882042733113663e-02
5.543937554193891643e-02
5.405611837511001966e-02
5.268822074841822412e-02
5.138547134212700235e-02
5.008419733746366509e-02
4.874368461213748893e-02
4.739476264233918185e-02
4.605899093886932361e-02
4.479028635865924673e-02
4.360492860542474619e-02
4.248889691508950933e-02
4.148651307674864480e-02
4.055588974270388225e-02
3.960200558155478612e-02
3.866252526216105989e-02
3.773084528242181407e-02
3.694916813261259203e-02
3.614044412301811726e-02
3.526819069394813294e-02
3.445538033629368113e-02
3.367910935246933718e-02
3.292622484917086256e-02
3.218863514833520539e-02
3.147858384826913297e-02
3.074619941125337694e-02
3.001600401292276593e-02
2.935494444690877822e-02
2.870454528031754146e-02
2.809136502504902544e-02
2.749302219874179623e-02
2.686075857028182370e-02
2.621468779944034766e-02
2.563802127829425959e-02
2.507605746270120603e-02
2.449408593785539628e-02
2.389742136104121978e-02
2.332169686176027365e-02
2.275439067289950282e-02
2.219324869263650593e-02
2.169700103823542225e-02
2.123244786411224508e-02
2.075318764282703052e-02
2.029166526143953708e-02
1.985227650153096809e-02
1.942646005136048140e-02
1.901658390163159240e-02
1.858385028214898718e-02
1.815867226187195885e-02
1.771140666710559197e-02
1.727757766767102493e-02
1.686491367956920867e-02
1.648030258521013952e-02
1.610500406619076730e-02
1.574648997649142484e-02
1.541843809528841563e-02
1.515346743402753819e-02
1.488471564798735103e-02
1.461131096209680909e-02
1.438084629465515712e-02
1.416145616762393318e-02
1.393828116396689069e-02
1.372023875039944142e-02
1.349729801388589549e-02
1.328174518905320643e-02
1.307542751943231892e-02
1.287417083577916364e-02
1.266290793499335633e-02
1.245798953392005318e-02
1.225828227520684051e-02
1.205034641703633079e-02
1.184859812661516118e-02
1.166683958889566664e-02
1.149823943671761210e-02
1.131868086089113032e-02
1.113158191417724582e-02
1.093812747910984789e-02
1.074722481528541697e-02
1.054801329308694378e-02
1.034929331718609062e-02
1.015950382748105445e-02
9.979511689202410357e-03
9.802601289999931383e-03
9.625655846044091010e-03
9.459676428253960268e-03
9.307214223875797526e-03
9.146395525735574739e-03
8.978218008240966552e-03
8.796642515283474226e-03
8.628355221183353629e-03
8.477136100977887209e-03
8.326983532321812972e-03
8.185275835684114459e-03
8.039003681890215594e-03
7.898236185340138521e-03
7.761328685179562023e-03
7.632958285870069387e-03
7.512853908622544284e-03
7.409671130383985345e-03
7.295390069926320498e-03
7.179849773968931780e-03
7.070064488415029810e-03
6.962804711188480024e-03
6.866462279229809673e-03
6.766081358731638323e-03
6.658741439414891765e-03
6.553803581897151530e-03
6.451234070832116349e-03
6.356796232560513009e-03
6.273350676412667651e-03
6.187814177272728429e-03
6.092233102787325376e-03
5.998123870954000063e-03
5.907375855433239301e-03
5.819468840882739691e-03
5.726150127688578624e-03
5.635027724622581474e-03
5.550427436973647509e-03
5.471373194104746894e-03
5.395978646355418032e-03
5.318145156197135771e-03
5.233826378967566112e-03
5.147951740243387857e-03
5.070985921147501234e-03
4.993300390775099774e-03
4.912816682090349885e-03
4.829840435146349684e-03
4.750436763622337480e-03
4.671641506979149448e-03
4.590485793419986013e-03
4.514497824156193939e-03
4.441192786105699689e-03
4.361590256848035287e-03
4.283611001872698713e-03
4.202609208347944311e-03
4.117818671395867373e-03
4.037556873091240235e-03
3.959620494066264096e-03
3.883611373094644076e-03
3.800648748664268387e-03
3.717993275916432229e-03
3.631023898062750183e-03
3.547354054345790413e-03
3.473157320016146982e-03
3.408712246483444706e-03
3.335695788746749837e-03
3.262341847523768379e-03
3.196518750441502098e-03
3.131431397398891196e-03
3.065563154875220169e-03
2.994655971464224315e-03
2.921162214115428229e-03
2.848424322962765480e-03
2.778811712306871427e-03
2.706262984143788242e-03
2.634138236136162985e-03
2.565093686520743960e-03
2.501138928022540297e-03
2.433129809933173501e-03
2.361284652876895727e-03
2.292132944883974992e-03
2.228140190846816630e-03
2.156708482117109058e-03
2.081460782345599149e-03
2.010513862033450928e-03
1.945296272953745331e-03
1.882991228601745915e-03
1.823636162893464349e-03
1.766847323252202775e-03
1.711567383283890513e-03
1.657179728836057206e-03
1.603928421825183415e-03
1.555838768386010561e-03
1.514824659386052172e-03
1.472046121425423827e-03
1.427092639375496155e-03
1.383208757622234400e-03
1.346972959250347006e-03
1.311808321904891876e-03
1.275429233515933385e-03
1.240024759096935644e-03
1.205407133638087278e-03
1.174566912491681976e-03
1.144074761683853058e-03
1.109954162469210196e-03
1.076204424594607396e-03
1.044835352034638671e-03
1.012398987736998820e-03
9.783847720727038410e-04
9.448257217882615865e-04
9.139152228024053845e-04
8.880495704755406346e-04
8.629811938796706425e-04
8.379844103306170917e-04
8.156955069661950058e-04
7.955284589580719498e-04
7.758110503085257400e-04
7.553929375088668918e-04
7.348706454841564574e-04
7.153454418865165705e-04
6.972823403352223755e-04
6.797912455710046226e-04
6.633307281812509271e-04
6.477573760147734613e-04
6.330001385135543496e-04
6.191106098088494398e-04
6.060661665202805772e-04
5.930879067568625837e-04
5.801731899394967648e-04
5.675158421459612461e-04
5.557077527360499347e-04
5.452351026547302363e-04
5.351883943463827233e-04
5.240893361095079993e-04
5.130173410861593687e-04
5.033704853873374740e-04
4.937647685391579298e-04
4.831584060193201322e-04
4.727064149586428427e-04
4.637628880229875510e-04
4.554174352562966694e-04
4.468842778325639070e-04
4.385703989389926776e-04
4.308560466602104409e-04
4.235070903878447200e-04
4.165075906592157536e-04
4.093122990024194497e-04
4.020335349238243565e-04
3.952544944534822752e-04
3.894851729658264645e-04
3.836927386710912925e-04
3.775295869643239708e-04
3.711943231406254068e-04
3.652755275336320951e-04
3.601912311157268653e-04
3.554892038795768607e-04
3.508389612339416906e-04
3.459093760967673747e-04
3.409862919250303639e-04
3.361819128035751971e-04
3.313133868015694160e-04
3.267726541847010605e-04
3.226532046816344367e-04
3.185683185981019240e-04
3.144880272376605066e-04
3.102651626122552566e-04
3.056167493170346724e-04
3.009249514907003510e-04
2.966212771033260214e-04
2.927554959510728647e-04
2.885461960766085476e-04
2.839636661197756902e-04
2.794015204909400382e-04
2.750807475361544260e-04
2.706898613042356795e-04
2.658618392648073848e-04
2.607835027515490508e-04
2.559196005235913718e-04
2.518043720663409564e-04
2.482987715434770972e-04
2.440893897535313564e-04
2.397440476293774526e-04
2.358975918121094585e-04
2.326609384396727167e-04
2.290289523947981883e-04
2.248903647025871913e-04
2.207051743445531667e-04
2.167632585628958912e-04
2.129942338355318438e-04
2.095410079757975585e-04
2.062840698102188228e-04
2.031366352982397704e-04
2.002359442714947055e-04
1.969577856850737144e-04
1.934271589992338398e-04
1.899304463501618205e-04
1.868539155483476741e-04
1.838492369842650647e-04
1.807836017132577044e-04
1.778149547045807064e-04
1.752734266866447438e-04
1.726693415103292082e-04
1.697027035945393566e-04
1.664808060408630886e-04
1.633429636075240646e-04
1.604154344375431651e-04
1.574689763059671053e-04
1.542562212112139194e-04
1.509603302744758502e-04
1.478361707357209566e-04
1.451147987524046656e-04
1.422525118004199353e-04
1.392100335569262438e-04
1.366468525751316204e-04
1.340424464288895578e-04
1.310772794365063832e-04
1.280727364979669864e-04
1.251553584874152394e-04
1.222987060650102919e-04
1.197090777951555327e-04
1.171144864589578093e-04
1.145950058176362860e-04
1.121174387051288761e-04
1.096986893625181248e-04
1.072069995248629181e-04
1.048259663360241799e-04
1.029150902476164272e-04
1.007509058770476732e-04
9.834038117405986921e-05
9.597270489095109170e-05
9.377698344288274389e-05
9.179959293863077766e-05
8.982793944208910858e-05
8.778473427850363986e-05
8.580083164061630180e-05
8.398605827018753569e-05
8.215834353075605575e-05
8.033622016863522001e-05
7.855446226951863747e-05
7.690188328384790642e-05
7.535470328847001988e-05
7.360007353293978769e-05
7.178648292345497567e-05
6.997727526095118289e-05
6.822856134397860869e-05
6.673364296992972575e-05
6.503252858998600117e-05
6.337826033960283713e-05
6.195783811506384452e-05
6.047908699474180866e-05
5.895371316467851245e-05
5.750872014793658295e-05
5.618299578825517647e-05
5.482976934425875029e-05
5.349995039540310040e-05
5.212029705398843146e-05
5.099924048927133703e-05
5.001346421263143258e-05
4.887235886504900765e-05
4.770673788762766840e-05
4.662519218858105744e-05
4.549222642914608063e-05
4.438197080264696481e-05
4.339092711800759218e-05
4.244697758925363411e-05
4.144636699478361182e-05
4.043868963411258074e-05
3.955541947320390344e-05
3.882007358766209810e-05
3.791941879146817283e-05
3.698026270435500256e-05
3.609330645418869395e-05
3.526510334686400725e-05
3.447965176360672803e-05
3.369533227554197594e-05
3.285052104884309519e-05
3.205451109404630486e-05
3.136383789190113697e-05
3.058056451096864583e-05
2.979312687920265774e-05
2.906985966487985582e-05
2.831765806213469482e-05
2.759425559602317110e-05
2.691903646312470265e-05
2.633118649716012144e-05
2.571005732695266655e-05
2.506767572965760851e-05
2.456465854248686967e-05
2.402022867899688500e-05
2.339277112075290995e-05
2.277030646734826117e-05
2.224760089764619847e-05
2.180243401300033232e-05
2.129767831926174170e-05
2.078537410965955329e-05
2.030898704443504616e-05
1.985799960602029567e-05
1.939689400865255759e-05
1.899660524983460806e-05
1.854671107114699987e-05
1.811343394996562295e-05
1.773106752432758055e-05
1.735282385646439200e-05
1.694322402859696020e-05
1.655665450185415759e-05
1.618915841868886276e-05
1.582471845093788495e-05
1.547655533260912716e-05
1.512670570053921808e-05
1.475437367380177030e-05
1.437608306029043262e-05
1.400110274109232677e-05
1.366244468287313928e-05
1.335491994566784700e-05
1.304649822934095424e-05
1.275860451932521332e-05
1.248615556520229651e-05
1.220271817360525738e-05
1.192084996561106836e-05
1.165714627988072751e-05
1.141052937681553021e-05
1.116274797595789171e-05
1.090519231789305074e-05
1.064724049435078602e-05
1.039143078529194718e-05
1.013721607974069018e-05
9.904686965903991097e-06
9.693388482766628086e-06
9.494735335363775958e-06
9.295473371850371369e-06
9.089312045250731831e-06
8.896986979956500940e-06
8.700308460530804350e-06
8.513853710154789268e-06
8.348822784557634048e-06
8.174217979848313361e-06
7.991912235448886065e-06
7.817762490167030681e-06
7.660029810939810016e-06
7.531661357376211944e-06
7.402681944890591632e-06
7.264125641573603712e-06
7.127353779820627420e-06
6.994863649404984555e-06
6.864440646449385003e-06
6.744235188147566593e-06
6.624487170062958794e-06
6.505147047366861691e-06
6.392876794166713572e-06
6.288098221521175340e-06
6.189487769865775018e-06
6.094956296501694175e-06
5.986847721701001717e-06
5.876829538071141028e-06
5.780740797193383610e-06
5.697012601574858514e-06
5.595496682654943317e-06
5.485713780747826184e-06
5.388948111919130606e-06
5.297135522230960864e-06
5.198686776333765052e-06
5.100105040254255740e-06
5.002307997516511001e-06
4.902667391972199494e-06
4.803356597921900955e-06
4.708769540789268440e-06
4.622011677791605515e-06
4.529227506456267232e-06
4.434989085823921653e-06
4.342049534873675102e-06
4.251010547855606481e-06
4.161572570223723762e-06
4.076933791461875373e-06
3.998670436441659335e-06
3.923090582311522313e-06
3.850238472103169256e-06
3.773786198690455828e-06
3.699440224735841566e-06
3.625223177110125020e-06
3.552375530692185618e-06
3.480977781907214192e-06
3.408287819911992339e-06
3.336530118352740450e-06
3.270800120947954486e-06
3.210089237235240748e-06
3.145112899806700267e-06
3.077949591497632917e-06
3.016419908601403389e-06
2.959614922881413728e-06
2.901710126814903494e-06
2.840200244148322212e-06
2.783617329830450569e-06
2.729341959369743559e-06
2.673315093175796076e-06
2.620012485184237906e-06
2.573360418115426017e-06
2.531340045547117757e-06
2.485692824239995767e-06
2.438876201046249291e-06
2.395812087832242386e-06
2.354509933746889936e-06
2.309918944491557156e-06
2.266906885944861167e-06
2.225691974796793339e-06
2.186048625716640277e-06
2.148647764946521310e-06
2.113478824855862861e-06
2.081612968779426731e-06
2.048250291162425064e-06
2.014227401466115349e-06
1.986027564242202885e-06
1.952547539086092975e-06
1.915170211142056254e-06
1.877672467756552048e-06
1.842867267441021385e-06
1.805033226009314093e-06
1.770916728963716574e-06
1.742933912816379308e-06
1.710938562148542174e-06
1.676788125323757376e-06
1.647649686317789754e-06
1.619421511153460460e-06
1.591469070116106152e-06
1.565189987991533229e-06
1.537783285275843639e-06
1.508401661437332240e-06
1.480451157312803775e-06
1.454197415765653441e-06
1.427516535904545470e-06
1.401107828043061289e-06
1.376695906208904859e-06
1.355565183895634643e-06
1.330581396516913584e-06
1.303682017593382574e-06
1.277372986036936448e-06
1.253782143198740915e-06
1.229653458994823044e-06
1.205732179529456262e-06
1.181404006272630846e-06
1.154483528478062522e-06
1.128485064285386474e-06
1.104579726218073417e-06
1.082041793497025023e-06
1.059716671703782533e-06
1.036818480037576586e-06
1.014559097115232857e-06
9.908505413156442459e-07
9.680357012582297474e-07
9.462058600793315352e-07
9.236839030897015237e-07
9.009190291007341557e-07
8.785974318683747274e-07
8.570716153407746620e-07
8.362053687042977584e-07
8.157998275627868952e-07
7.973352587629873425e-07
7.783112837586882392e-07
7.582658582447009723e-07
7.403666268011945894e-07
7.218439122084847325e-07
7.033625507602732736e-07
6.857762681304819897e-07
6.681872006644532590e-07
6.495138323735965616e-07
6.319915015056808155e-07
6.158662652462842781e-07
5.984973963760134328e-07
5.804054455396983063e-07
5.626116914690317623e-07
5.464765103901058940e-07
5.309853239961482207e-07
5.146852509222643883e-07
4.980001786824328956e-07
4.819094826997544374e-07
4.670526936128974944e-07
4.545849046809395136e-07
4.416229584115524408e-07
4.277166958438423824e-07
4.143371021848904700e-07
4.004270184527032987e-07
3.867213898994248143e-07
3.741990475090275066e-07
3.627620041447244372e-07
3.501733759345190418e-07
3.376482956781506895e-07
3.265819144674108970e-07
3.160718214158983507e-07
3.048562124316421815e-07
2.941131591403647437e-07
2.832147055499396090e-07
2.724887801397023037e-07
2.627516135398273536e-07
2.524436778811857923e-07
2.422086624677325596e-07
2.331421287891809396e-07
2.246214064624337999e-07
2.161365042842097020e-07
2.085967260458064139e-07
2.011799125082137371e-07
1.941677786648219037e-07
1.880045016241561967e-07
1.808255199600605303e-07
1.733521113900763624e-07
1.661169515249899474e-07
1.593961518365738889e-07
1.533946720165264924e-07
1.478446748562267951e-07
1.427469852053166566e-07
1.383106191691773557e-07
1.343521347208584370e-07
1.301459604796915068e-07
1.259571762347133830e-07
1.220329137672390492e-07
1.179777291947987800e-07
1.140327640658174812e-07
1.105575746450548900e-07
1.072197885282317706e-07
1.040977944297267908e-07
1.011508095848341092e-07
9.831018385774664378e-08
9.555290976550039745e-08
9.267587207552752021e-08
8.995787458235486803e-08
8.738845417851622419e-08
8.519270492255083029e-08
8.319719996256910917e-08
8.125791245776140407e-08
7.933616748997507584e-08
7.744140714052323490e-08
7.553297919993047591e-08
7.374789951925342855e-08
7.222451171546859979e-08
7.053021097524159225e-08
6.866523645444837868e-08
6.703854589359849040e-08
6.550720169765422032e-08
6.396198747774031322e-08
6.264449918128797212e-08
6.125341033927868072e-08
5.989268956398572015e-08
5.859931947401786828e-08
5.738176294752832506e-08
5.617641758592335831e-08
5.494455776334882613e-08
5.383442138797813037e-08
5.280326484418261970e-08
5.185022959884256734e-08
5.094758568581654178e-08
5.000772970711466818e-08
4.909468402926137759e-08
4.829272316775808675e-08
4.752478856228293229e-08
4.678494225316771198e-08
4.604453920530059824e-08
4.529699020295806280e-08
4.455416119349337900e-08
4.389656376318176330e-08
4.331192690334856858e-08
4.272114101902538352e-08
4.209677136465486321e-08
4.151252573810304118e-08
4.098530048122580348e-08
4.045835703638657204e-08
3.989363476579443638e-08
3.940138151447958892e-08
3.896458937778830463e-08
3.848956300612162511e-08
3.804467432652209177e-08
3.761786290964537334e-08
3.719688780561991748e-08
3.677006645300366143e-08
3.636201357208417236e-08
3.595176740904637662e-08
3.551466972350988217e-08
3.512116330129125680e-08
3.481771261427797666e-08
3.444465908026797434e-08
3.404255530098800573e-08
3.364507916183155715e-08
3.323738253678293474e-08
3.287358572828540370e-08
3.251305667022158190e-08
3.212117874186508248e-08
3.172792479642438985e-08
3.133653775992430323e-08
3.093549546526629187e-08
3.058252340893034139e-08
3.027031505944648969e-08
2.994100931657017589e-08
2.964312367224473958e-08
2.932590384800644904e-08
2.897697597236852559e-08
2.864664033977869000e-08
2.834690524483331349e-08
2.801370747929816700e-08
2.765224571408754323e-08
2.731386652828531968e-08
2.696659684374896028e-08
2.662538756577004500e-08
2.626880212974257921e-08
2.587182501288600367e-08
2.548527036012159925e-08
2.516425401760172956e-08
2.485137383066900370e-08
2.451437763153452206e-08
2.417992166874237194e-08
2.382672045016590259e-08
2.344737661817870254e-08
2.308912087496851839e-08
2.275940721703842138e-08
2.237139353700287946e-08
2.196920757347346560e-08
2.158256082258833489e-08
2.121717496532906893e-08
2.086572547772994198e-08
2.047684921088855252e-08
2.011300430717103972e-08
1.974216738465140842e-08
1.937764608968767949e-08
1.904814762324407991e-08
1.868005532075560462e-08
1.827912958321953886e-08
1.789067012064725221e-08
1.751803837597037749e-08
1.715967733874802924e-08
1.680411412194286605e-08
1.644283031919938238e-08
1.605839919917494901e-08
1.565512302591311325e-08
1.521954153975774236e-08
1.479371777626894364e-08
1.443193797296657941e-08
1.406134292836255853e-08
1.366939193374446651e-08
1.328740893353227723e-08
1.291196254924875677e-08
1.255176972494183130e-08
1.221512130997549989e-08
1.187719274888285004e-08
1.153438887962972200e-08
1.123611241340899636e-08
1.094008194375367416e-08
1.062137577635153689e-08
1.030474973462909735e-08
1.000167479232420205e-08
9.737961275580859191e-09
9.462902556422752694e-09
9.167854934393605575e-09
8.895395178777622420e-09
8.679689405023012139e-09
8.431352559999816444e-09
8.188000803790262853e-09
7.949788528848589375e-09
7.731363597415039055e-09
7.508421722366484551e-09
7.295628019290776824e-09
7.094626389174835414e-09
6.892169565727284304e-09
6.704045180615395760e-09
6.534864575848446313e-09
6.390155979948671031e-09
6.238095988124385663e-09
6.100250467161861558e-09
5.950023315800766333e-09
5.793543629997301811e-09
5.642325800099508794e-09
5.519771509496570188e-09
5.396051348120679366e-09
5.274986384710230489e-09
5.162134046169226378e-09
5.033909597796514840e-09
4.909927265936585524e-09
4.799195302942426074e-09
4.686431705299410392e-09
4.586116692662717366e-09
4.486065232957606664e-09
4.388439210078202681e-09
4.294565044433848783e-09
4.198969675868589199e-09
4.097695792129653918e-09
4.001678498528814734e-09
3.907701592869139967e-09
3.815983325225974281e-09
3.726336491349516688e-09
3.637483105021536281e-09
3.548720525224782905e-09
3.457707142914352227e-09
3.369457945238406596e-09
3.287776089954956033e-09
3.220147893825891279e-09
3.152912838408522140e-09
3.084914188491004292e-09
3.022520967372785453e-09
2.962860656977520802e-09
2.904141825517724100e-09
2.841624990979296288e-09
2.782922094830617055e-09
2.731465545003895798e-09
2.678295611074215861e-09
2.626561420117450335e-09
2.573800855073794155e-09
2.520987846615175005e-09
2.467845926287502753e-09
2.415619439512701662e-09
2.370567363965773766e-09
2.317294816196726045e-09
2.261211466355433974e-09
2.214049523923963831e-09
2.166711158698831718e-09
2.114721532796566031e-09
2.061414713469833980e-09
2.012879971656984889e-09
1.968025430378414851e-09
1.919161917750396391e-09
1.869532666895249906e-09
1.819887408587637753e-09
1.770979047348105823e-09
1.724121846087269034e-09
1.679809429646641012e-09
1.639675299087659922e-09
1.600162000846914661e-09
1.564262366917615201e-09
1.529158904726900637e-09
1.491654676866097908e-09
1.452914661089243815e-09
1.413964710417922497e-09
1.379544298933487809e-09
1.348882448148002739e-09
1.316603655844855839e-09
1.283669607479733178e-09
1.253476315367668880e-09
1.222162446787704270e-09
1.186428207602405926e-09
1.152549592546159480e-09
1.120205493642295617e-09
1.089411884962597256e-09
1.062490203625131629e-09
1.035598186181684272e-09
1.008930654508304065e-09
9.850286882021936784e-10
9.628225329747349297e-10
9.405580515298425279e-10
9.164768504689699987e-10
8.941836914310318743e-10
8.747662324760770971e-10
8.551062698194690588e-10
8.358007290244708453e-10
8.179458740448499781e-10
7.989670331374583098e-10
7.812231908760269309e-10
7.638011389239498998e-10
7.457019451414437480e-10
7.292939191998108697e-10
7.130149475530364086e-10
6.973324478350831161e-10
6.815995547376576901e-10
6.655023629223658196e-10
6.489382914816007983e-10
6.326983526485827818e-10
6.179509268058128320e-10
6.036318771528374170e-10
5.900291832872141471e-10
5.781501148381884894e-10
5.664034371668827745e-10
5.537809028493942280e-10
5.421771468199097233e-10
5.324753989521511617e-10
5.223558326189554363e-10
5.103694670305697522e-10
4.988742110253317209e-10
4.884107059948398958e-10
4.796567578204461053e-10
4.710475491493564988e-10
4.628001546227226767e-10
4.548176475671395121e-10
4.467144044046473825e-10
4.391895890281337563e-10
4.325704424158625410e-10
4.256036650145516047e-10
4.183531633480632346e-10
4.109618328541715866e-10
4.037832284959847876e-10
3.966200330467747719e-10
3.900474952164118206e-10
3.845441652609264643e-10
3.781852556275643232e-10
3.718298434898219695e-10
3.659771632385798361e-10
3.602391887690004098e-10
3.541944816546701722e-10
3.480939112174977062e-10
3.423982577942036586e-10
3.370166422648275116e-10
3.314774686675970910e-10
3.262017849786943202e-10
3.211337299245965692e-10
3.168461517262905349e-10
3.126775380093043992e-10
3.079441832304833985e-10
3.036365996324134983e-10
2.996964032321140475e-10
2.954867829662434730e-10
2.910688298799753881e-10
2.865134306326650627e-10
2.821579758770513434e-10
2.784629320853962135e-10
2.747451830175055451e-10
2.712639211529350814e-10
2.673088298318523169e-10
2.629108690823407933e-10
2.587706274468480417e-10
2.547187262304162018e-10
2.507678908117632201e-10
2.464346078884464418e-10
2.420818964918612006e-10
2.378284453492071637e-10
2.336486906227329678e-10
2.297070026839022180e-10
2.257826793670272982e-10
2.212695480154907144e-10
2.167250428704898814e-10
2.128061528126175436e-10
2.085130898676229512e-10
2.039696174846549692e-10
1.995799108383871104e-10
1.954959716142608114e-10
1.920910905689047640e-10
1.880746282184317870e-10
1.840628051755868105e-10
1.801724748451269194e-10
1.765204081992063441e-10
1.731081891961049217e-10
1.696248512156253259e-10
1.659801295816988120e-10
1.624346892090689828e-10
1.593598556355692706e-10
1.563494306569602605e-10
1.535066955094685592e-10
1.506697186809571431e-10
1.476920358375776019e-10
1.448079974712732447e-10
1.421713615961028640e-10
1.394985294274316038e-10
1.368609789659561502e-10
1.345045643296218053e-10
1.323375393964314136e-10
1.301052046123130047e-10
1.277790666036008670e-10
1.256500042586582687e-10
1.234159506552836151e-10
1.213014959521531283e-10
1.194617470121909110e-10
1.172689669080272134e-10
1.150078089850296666e-10
1.129143878260455723e-10
1.105144319795296330e-10
1.083802248755275017e-10
1.063382257162240213e-10
1.040032766482383306e-10
1.020377078355319751e-10
1.000363351171507291e-10
9.766732517699101894e-11
9.499728905402519543e-11
9.257075180032840137e-11
9.020399242756702196e-11
8.768683043038365142e-11
8.523187136223044250e-11
8.269188044835735410e-11
8.011675323635221313e-11
7.753350018458072056e-11
7.494044317781325734e-11
7.228773220905027946e-11
6.977904772444645049e-11
6.757334836760131261e-11
6.532167557347588324e-11
6.322192660036555875e-11
6.129700188041148635e-11
5.922471996643258514e-11
5.719077340046351741e-11
5.523264221477933907e-11
5.340023228573179305e-11
5.173463506079129219e-11
5.004659713829496741e-11
4.809397473178490858e-11
4.624057193398632199e-11
4.454780812877409991e-11
4.302994294485206085e-11
4.160329820212580371e-11
4.012865454382818741e-11
3.859846841269926683e-11
3.715102708288359488e-11
3.573466742362438993e-11
3.433235890832421002e-11
3.308657052201803565e-11
3.188573338575820363e-11
3.071347427501945776e-11
2.975990003911452415e-11
2.868952845435071875e-11
2.769062729504547608e-11
2.684196748867146702e-11
2.596320188226149321e-11
2.520602771267426861e-11
2.441862720380742565e-11
2.355801779918158896e-11
2.281494541651778064e-11
2.205411344862204190e-11
2.132466637446302102e-11
2.064346952117080446e-11
1.996450641879512847e-11
1.934620140621058604e-11
1.871437708817772387e-11
1.816119006023829122e-11
1.765450617318288723e-11
1.711186808024782078e-11
1.660497012823300488e-11
1.612287559773581354e-11
1.564531732738119721e-11
1.514016466720938141e-11
1.466194911241171749e-11
1.420173261929478932e-11
1.368181962816848075e-11
1.316250867075869549e-11
1.273741655312089357e-11
1.230911088340477899e-11
1.184787119554406727e-11
1.142214965290324517e-11
1.100132203711953911e-11
1.057542566752251731e-11
1.019812608610767938e-11
9.804318903311095487e-12
