9.680380811401652075e-01
9.613609622367770280e-01
9.548915858447369898e-01
9.464009588884534363e-01
9.336190425086130507e-01
9.129948868543424911e-01
8.944450412730070576e-01
8.771746004230280835e-01
8.592182822754792504e-01
8.399763140428300190e-01
8.143082342386465111e-01
7.885955948690247519e-01
7.664854322152138133e-01
7.395785892178340371e-01
7.217124365644114192e-01
6.955821646093097721e-01
6.745955504873976105e-01
6.545832650965763833e-01
6.359554911820700651e-01
6.128549914114035380e-01
5.895528756211980692e-01
5.789087992764537782e-01
5.687534113743778486e-01
5.516971950799917090e-01
5.336401930698542184e-01
5.198264816756613671e-01
5.028196041727309717e-01
4.942501237334803732e-01
4.779777798684261558e-01
4.608797954445721379e-01
4.416737811537039260e-01
4.248941729770674969e-01
4.135778847247391643e-01
3.981038195346261466e-01
3.820600939917827565e-01
3.652181704713787225e-01
3.526022080197639963e-01
3.408056869528363064e-01
3.268162847708144247e-01
3.134901855033159768e-01
3.084645934212358886e-01
2.959583009721382663e-01
2.836068608474262565e-01
2.762025702117322790e-01
2.653333465441854444e-01
2.547272139564854543e-01
2.509110208238193307e-01
2.415719743887153048e-01
2.340375354744779202e-01
2.277693734064122066e-01
2.196513104864057653e-01
2.124245903098015698e-01
2.058627986246349961e-01
2.002034825106235039e-01
1.959870245913444275e-01
1.894673654262087892e-01
1.846585986744159469e-01
1.789451788763595230e-01
1.724878596118354646e-01
1.695820143828471460e-01
1.646394236431053260e-01
1.588384302191506170e-01
1.551731087730725822e-01
1.500460173967003707e-01
1.464222272032684180e-01
1.426390385605541822e-01
1.405276701503480608e-01
1.367869809334097131e-01
1.333122002849471410e-01
1.294028859615672100e-01
1.256089393319216874e-01
1.209057811681619188e-01
1.160985673745420915e-01
1.123998335399756382e-01
1.101515370735752786e-01
1.068019188226364963e-01
1.036117912365135535e-01
9.831452478797050865e-02
9.352680195727171297e-02
9.183448026983850876e-02
8.877417561710031213e-02
8.481093802147272875e-02
8.030744373170357886e-02
7.832195318729852362e-02
7.568071204214694980e-02
7.318234057408488924e-02
6.924515148800902686e-02
6.574587523458795546e-02
6.334345625236208199e-02
5.974171217649719423e-02
5.751172462400074015e-02
5.546331555237508232e-02
5.196009398543089547e-02
4.930319205044093184e-02
4.836734759870668643e-02
4.631522349835927310e-02
4.528882361647734722e-02
4.423441382405457478e-02
4.295076806842363509e-02
4.138828716953910081e-02
3.988259940122031860e-02
3.850566143364218819e-02
3.764823194901082554e-02
3.623215855346226255e-02
3.529642230594432634e-02
3.396428762137528728e-02
3.306621740055664532e-02
3.178640706600317084e-02
3.063787589174330611e-02
2.907150117431403502e-02
2.832888633746299609e-02
2.690870910873700145e-02
2.544603151904870422e-02
2.476763189363630213e-02
2.421597890626253635e-02
2.359772385623179480e-02
2.302327911175208047e-02
2.215630773840347040e-02
2.173212297581538985e-02
2.087605207597217905e-02
2.057486247038401578e-02
1.983172189571956803e-02
1.948554604598825429e-02
1.858270491738514552e-02
1.792029363372524622e-02
1.707401638439507915e-02
1.637159505387143082e-02
1.570826872133303242e-02
1.494219284047756426e-02
1.436806290420246032e-02
1.378514947246945593e-02
1.310034896002985026e-02
1.280709733559311052e-02
1.244130565997159273e-02
1.207792500463055786e-02
1.176749539276104352e-02
1.143830676682626446e-02
1.088775942357010466e-02
1.068973273715068811e-02
1.033535526839758287e-02
9.967382758047219071e-03
9.604629284719312307e-03
9.320245311976043529e-03
8.882315302761151221e-03
8.599727946797662559e-03
8.282703420220392104e-03
8.090736630952824124e-03
7.647485481767957866e-03
7.500965037062643816e-03
7.282969414338811773e-03
7.024496914535309326e-03
6.840681037052117816e-03
6.651831022571670637e-03
6.537305116694214387e-03
6.311691250609653171e-03
6.135246580312607445e-03
6.041950040581555402e-03
5.922842101596422458e-03
5.695709373654060138e-03
5.577173569252758152e-03
5.370838787483218565e-03
5.173689022306620505e-03
5.007096233060190880e-03
4.820719862626998697e-03
4.665623228424352169e-03
4.460058108657048888e-03
4.400692034626774857e-03
4.237005766930406619e-03
4.195582308467813576e-03
4.066827438978614165e-03
3.894616667037324731e-03
3.702824467903475907e-03
3.618898878627897168e-03
3.553239747525668239e-03
3.428616904424389329e-03
3.338878089779126392e-03
3.278641204613254832e-03
3.179712853993330382e-03
3.138651314899338490e-03
3.046820641500588758e-03
2.981962612559787076e-03
2.893648584188673531e-03
2.811101717267615839e-03
2.725406838551942389e-03
2.652536212456552828e-03
2.604294773605523011e-03
2.542037858326501917e-03
2.479669893898678486e-03
2.436755015982755568e-03
2.360768796905164321e-03
2.283492494542837051e-03
2.210943107987397172e-03
2.170888736337681091e-03
2.138189453320784531e-03
2.052874982137647790e-03
1.994432587386268507e-03
1.921497184243309070e-03
1.850514048668354655e-03
1.805042253370716093e-03
1.757385491222522057e-03
1.718941677912545632e-03
1.664809621278615960e-03
1.622941544247927465e-03
1.559981193769527331e-03
1.527333808205671517e-03
1.499363475197053666e-03
1.446013219996931595e-03
1.420766005690811493e-03
1.374697977943238570e-03
1.335208551748305302e-03
1.299085234481242752e-03
1.257909289197013973e-03
1.231554908553534862e-03
1.204272933338075384e-03
1.176100313652411571e-03
1.124640438544083961e-03
1.080539208516064376e-03
1.050190653376547852e-03
1.030070505315591137e-03
1.002476012400747938e-03
9.841758160523755242e-04
9.622312287662792727e-04
9.486591876789618070e-04
9.162905538434302621e-04
9.001943175792519528e-04
8.515362878470440116e-04
8.164730592381468999e-04
7.780537017429500031e-04
7.439254211617392625e-04
7.062461717748262429e-04
6.719215211057153478e-04
6.571677183072958646e-04
6.164300089660692660e-04
5.985043657037237338e-04
5.626944903763631900e-04
5.412193598640782167e-04
5.186638985720673847e-04
4.874606627705779468e-04
4.760355120810666561e-04
4.552634599485009658e-04
4.216881060295107789e-04
3.967790447541910117e-04
3.753441666194925661e-04
3.658465897524551167e-04
3.410538330421108945e-04
3.200392615210679204e-04
3.018705175397346278e-04
2.850552833281495032e-04
2.697414789105996992e-04
2.593559062328155821e-04
2.505751100291790244e-04
2.348916825190272822e-04
2.251984758450792628e-04
2.181040361910507777e-04
2.114513621532522437e-04
2.023726556979619433e-04
1.939433034433859745e-04
1.828108586718783313e-04
1.761419525560240418e-04
1.706329181585634089e-04
1.610919218254470097e-04
1.574681869418560016e-04
1.504181459027733789e-04
1.454769877396377628e-04
1.398011179665677194e-04
1.361952551774634759e-04
1.292639963721600835e-04
1.269466474412996157e-04
1.185666806810681132e-04
1.158580131941400497e-04
1.127820804204192714e-04
1.077710266009089708e-04
1.052119226775830252e-04
1.023099277027571832e-04
9.831914872556381127e-05
9.331532835702491659e-05
8.866395690198404349e-05
8.568693676795322586e-05
8.283236858396968334e-05
7.899401094173625563e-05
7.707156257122715968e-05
7.416623056918391125e-05
7.129003094067285179e-05
6.844727843504268543e-05
6.731637372455113360e-05
6.600100227896756283e-05
6.459634480630048524e-05
6.313608394007293710e-05
6.133421325162144563e-05
6.067666884183084403e-05
5.871905248103218624e-05
5.797670759440229013e-05
5.668608088866630175e-05
5.529602887601558602e-05
5.408864776542526425e-05
5.215718000365261064e-05
5.072604677713792400e-05
4.972516070279016181e-05
4.757994783061590731e-05
4.581243373285021471e-05
4.390234457443307429e-05
4.283089622873016743e-05
4.128898887782791197e-05
4.039965230148300120e-05
3.933114639138302456e-05
3.734711323378505331e-05
3.554116320921460698e-05
3.489801820627702513e-05
3.375701709383716477e-05
3.209903423467964478e-05
3.082894999908723289e-05
2.982722408444309328e-05
2.879714537680534985e-05
2.800602550064802657e-05
2.710889800404266985e-05
2.603968489594392659e-05
2.473546259709516449e-05
2.375437966028147441e-05
2.273321831692916151e-05
2.142094234428690747e-05
2.024114537259187518e-05
1.987850230222604981e-05
1.879801233072545566e-05
1.773237333881738626e-05
1.657565539049066049e-05
1.617587810425184807e-05
1.572846182311903561e-05
1.481468749753705666e-05
1.431242067921314707e-05
1.357152423632908483e-05
1.287983092994028850e-05
1.229264633870504397e-05
1.137653128561333839e-05
1.095584907531451564e-05
1.067513537721463686e-05
9.923259752172065466e-06
9.296595807795246831e-06
8.910631451888650773e-06
8.585411178042863777e-06
8.335657170122408056e-06
7.964649869817365090e-06
7.620213660764290861e-06
7.095550821193467083e-06
6.652348477199704338e-06
6.446205684809541658e-06
6.307592720731386934e-06
6.040369487243719935e-06
5.698554554458666706e-06
5.369775519375147983e-06
5.098690712945078883e-06
4.936008570318729399e-06
4.642178437506151125e-06
4.496788544216232086e-06
4.395902491471958664e-06
4.236280492880331041e-06
4.177513622048061384e-06
4.073657233147684256e-06
3.928878873751457668e-06
3.838135593990917148e-06
3.730679921510650783e-06
3.616288049190595709e-06
3.553571024038405829e-06
3.462258542668070595e-06
3.364734208466911823e-06
3.321704349003673898e-06
3.258690976733080452e-06
3.158366625265264108e-06
3.099995106702796154e-06
2.971885017766209111e-06
2.929562077858446133e-06
2.800226853619263029e-06
2.774325858023939108e-06
2.669915771338030712e-06
2.566021360759293947e-06
2.520820582139317422e-06
2.467359063170885643e-06
2.422912684267692035e-06
2.351773901845689299e-06
2.286460592790217184e-06
2.218021617262604507e-06
2.153603460787942518e-06
2.129857827583222147e-06
2.077231649510439550e-06
2.020506982350721287e-06
1.971714784004981356e-06
1.886506215702779482e-06
1.872117365680103752e-06
1.845044290043843756e-06
1.792318441300404107e-06
1.769504863967781432e-06
1.725111407302813632e-06
1.683450409171696600e-06
1.639576569693317606e-06
1.603773381475949192e-06
1.567286977766937399e-06
1.521422213497993707e-06
1.498895327618793406e-06
1.452443474718950134e-06
1.392666962917307705e-06
1.357597724507219988e-06
1.295388681322499788e-06
1.266238866377156882e-06
1.218987575756946364e-06
1.174792417123555511e-06
1.150013315076681807e-06
1.124881233907353364e-06
1.092607807613270039e-06
1.048441639688948594e-06
9.866057292208728771e-07
9.579988154175146281e-07
9.073364238448262859e-07
8.619957502834945205e-07
8.378188682177735377e-07
8.127428703840734767e-07
7.742643457201408321e-07
7.547116610614525610e-07
7.286531705499201148e-07
6.815347314292165270e-07
6.705071632272758992e-07
6.352297547834378315e-07
6.181270258288481539e-07
5.975733246914344879e-07
5.593689014181801090e-07
5.405091498555975065e-07
5.102191214077640032e-07
4.905468459505441838e-07
4.628813018402962105e-07
4.404302213286774650e-07
4.170119697642075731e-07
4.000290913418700686e-07
3.823587819823756989e-07
3.600854071574445308e-07
3.466495004584659364e-07
3.376191082121045892e-07
3.281922373304467079e-07
3.204373221383256181e-07
3.149357146144745492e-07
3.012598443095182290e-07
2.934447765681731570e-07
2.883952790436148801e-07
2.796672287513243838e-07
2.702472417011122242e-07
2.632036053401121324e-07
2.567827642843879981e-07
2.489992733744396786e-07
2.425564705864789183e-07
2.339826820511330458e-07
2.233476175185349451e-07
2.136733441460087212e-07
2.054682601106746359e-07
1.960505511716920950e-07
1.930632848617940424e-07
1.862802752203785600e-07
1.753182905986365138e-07
1.697580208661101908e-07
1.615952485886248325e-07
1.564905049054106124e-07
1.506583339379805839e-07
1.474357193029688727e-07
1.409896279382346696e-07
1.354284134933227115e-07
1.277196271108295281e-07
1.198721232351041316e-07
1.133211932450173144e-07
1.076875641336288818e-07
1.037468825092340949e-07
9.937321830604050392e-08
9.641044218434399198e-08
9.351373871156122603e-08
9.117983258371189668e-08
8.625215741780734991e-08
8.138146625821104790e-08
7.839599489946350658e-08
7.493589415871629524e-08
7.121736459333796888e-08
6.972997869624740039e-08
6.752447360930973426e-08
6.593431342910835735e-08
6.323611486160441653e-08
6.231385292853291274e-08
5.988840594806726225e-08
5.812189137031410020e-08
5.640954244272431531e-08
5.491109202192124315e-08
5.321641718531062775e-08
5.241050208024047533e-08
5.100295194133271277e-08
4.953899781763339993e-08
4.826399766531010531e-08
4.721068564896776619e-08
4.623690824917857366e-08
4.538328252182640705e-08
4.396053478449694421e-08
4.330682255849200901e-08
4.276172754632722977e-08
4.198530500122483250e-08
4.112611089424440889e-08
3.995454769768725514e-08
3.917301100720045799e-08
3.835002569395944331e-08
3.706953803640050509e-08
3.655814263321411863e-08
3.621257917106119176e-08
3.518743557194898450e-08
3.433609222564506414e-08
3.330650587540892762e-08
3.266852065600065252e-08
3.176806911908419907e-08
3.088067666244464847e-08
3.001070643435596297e-08
2.911974023403651212e-08
2.828003870278337661e-08
2.720131589047119331e-08
2.672418036612985191e-08
2.599285308926781235e-08
2.526376599369252478e-08
2.397616301686849052e-08
2.362525626145124149e-08
2.323154526168054527e-08
2.234727268451737669e-08
2.171419901354471757e-08
2.085423300806602095e-08
2.015967321339586734e-08
1.919262734149481780e-08
1.853770502074172813e-08
1.799207674151869257e-08
1.705824054175491780e-08
1.649651600205289352e-08
1.576632628183431980e-08
1.467519866596513872e-08
1.385254347976189649e-08
1.367172321699404787e-08
1.304163211464317681e-08
1.286358011471622840e-08
1.231618137076234088e-08
1.193912406106009556e-08
1.165150725395380418e-08
1.141811878125740904e-08
1.095860657789525354e-08
1.060297984382605303e-08
1.026451960643315269e-08
9.970922782805455129e-09
9.679028354330465988e-09
9.468261033346869511e-09
9.145163251248410849e-09
8.917557637098179065e-09
8.660245788198935206e-09
8.346271622446779723e-09
8.244495701693189176e-09
7.874546689931650692e-09
7.683739081114267930e-09
7.387925451269071189e-09
7.227619415604359132e-09
7.092839949826800444e-09
6.874080883967348984e-09
6.645188256627820789e-09
6.435135621722353920e-09
6.114161101679126441e-09
5.993921804491917951e-09
5.800693764550557075e-09
5.527635632433675298e-09
5.351916178127081738e-09
5.143438713115129117e-09
4.959934940474448814e-09
4.805405820929084141e-09
4.665033436293597224e-09
4.568229492803190662e-09
4.440414634593963137e-09
4.275825104776449600e-09
4.141088738944691234e-09
4.048077502101557371e-09
3.975257196042719268e-09
3.881153174223516214e-09
3.801668849783178808e-09
3.701306864813196463e-09
3.584771627057141852e-09
3.511394711636194169e-09
3.437990773322770823e-09
3.392160511486848048e-09
3.296892317056133447e-09
3.242070720385971630e-09
3.191789999231706166e-09
3.108177982678617216e-09
3.078142335615712759e-09
3.025269875202794700e-09
2.921173711577980958e-09
2.885577304014040586e-09
2.818624926949288596e-09
2.763497847209817593e-09
2.712971409145969792e-09
2.657898975755380278e-09
2.610347065396208597e-09
2.542260294750899561e-09
2.445589887921393302e-09
2.342129955391139759e-09
2.271888410439701347e-09
2.202664953241598654e-09
2.158939140715198438e-09
2.018561184616099596e-09
1.990120154873760779e-09
1.932575782888130245e-09
1.849962635862387014e-09
1.787146041909395810e-09
1.698662024672864160e-09
1.618984197118898516e-09
1.563928557901654949e-09
1.505559480479166165e-09
1.446893702660908401e-09
1.386158559022823723e-09
1.359871538697177108e-09
1.302080265838422987e-09
1.238576518204463327e-09
1.185396909195894571e-09
1.143409890014365243e-09
1.093379837147496105e-09
1.080180057156690665e-09
1.015656840990362639e-09
9.872054970576283557e-10
9.399482152046873475e-10
8.715413093368352565e-10
8.266309491647482358e-10
7.974789562356141906e-10
7.549723535403256330e-10
7.073613256245866416e-10
6.794134959398582162e-10
6.536318654915407890e-10
6.015494713512180104e-10
5.880281421842503045e-10
5.615335028806271211e-10
5.294887247776625425e-10
5.017547798561864231e-10
4.769716818264575949e-10
4.636199608379072067e-10
4.459237270734834001e-10
4.248308417439662258e-10
4.102751336345699580e-10
3.939709220323300828e-10
3.794915622877699924e-10
3.748786423945431092e-10
3.644981392606069484e-10
3.477680251033925314e-10
3.353347102609419940e-10
3.207445633270216154e-10
3.137614454803209677e-10
3.059473873415256961e-10
3.009807630254131970e-10
2.954706256942559523e-10
2.861571656926161715e-10
2.823510958254372566e-10
2.759783000180536699e-10
2.709094991561235678e-10
2.645682429967446283e-10
2.561550836937959382e-10
2.527536240683964672e-10
2.457926763512006792e-10
2.384345160824399931e-10
2.331743384419400003e-10
2.300655368147433010e-10
2.229994315046157102e-10
2.184604942529009098e-10
2.106295063644748933e-10
2.009392517315997832e-10
1.966082587990426385e-10
1.935261846837069854e-10
1.896324051073754180e-10
1.835408555184624384e-10
1.815340165753509653e-10
1.770194233657664289e-10
1.734880367800251304e-10
1.682731821169153808e-10
1.651055712213247824e-10
1.583622322450700204e-10
1.555898417657720498e-10
1.510001923381180141e-10
1.489835127098319341e-10
1.473281676128885456e-10
1.443233068576887212e-10
1.415509284357496326e-10
1.397540829454466570e-10
1.381714578457161602e-10
1.349260124924422720e-10
1.330784449390779361e-10
1.307753380706305195e-10
1.290739748054768730e-10
1.265218881176050990e-10
1.243621891926395219e-10
1.211894226900273845e-10
1.185850190569178599e-10
1.139292411657644703e-10
1.116662399218692512e-10
1.077529886499267243e-10
1.052931112487748391e-10
1.028075415854964681e-10
9.832095118849604631e-11
9.465652807378700351e-11
9.027106121695536155e-11
8.812157121309599211e-11
8.148779751534624848e-11
7.978665745208800841e-11
7.670717267523624056e-11
7.237024363905033366e-11
7.051792552027243949e-11
6.733360787786051766e-11
6.390549850805182598e-11
5.949687226903342952e-11
5.789176732024522839e-11
5.575528853210710671e-11
5.353782531572782314e-11
5.111172612340715280e-11
4.925736472112972809e-11
4.665892074893512380e-11
4.380317128257867661e-11
4.145553787853307102e-11
4.052494182427335236e-11
3.857430450731629206e-11
3.744859157740314969e-11
3.628434479504154701e-11
3.503123012278988895e-11
3.319248503803152577e-11
3.243715235656774855e-11
3.154330269168902421e-11
3.069739760759997862e-11
2.917076203690348843e-11
2.821684936381187988e-11
2.756047459450614327e-11
2.626381944961488396e-11
2.498912009066991494e-11
2.424002458381758757e-11
2.304631183596118357e-11
