8.896139199806633036e-01
8.764091111367319220e-01
8.650274543154259366e-01
8.482202831163654366e-01
8.210332879039347054e-01
7.984649469276583478e-01
7.685299160460080659e-01
7.477276662815671715e-01
7.253697284307631943e-01
6.973742711765481550e-01
6.718047521035730441e-01
6.408632115851086164e-01
6.216817696771710366e-01
5.923765486263380398e-01
5.585575183104760644e-01
5.284051205498588866e-01
4.964593746741197688e-01
4.679729104300798803e-01
4.329438569775674317e-01
4.054364044462500649e-01
3.813145806557400874e-01
3.612748319806555197e-01
3.433217878147358237e-01
3.232483991835510273e-01
3.081370300962458786e-01
2.992683243113866687e-01
2.869912769843467326e-01
2.683274535038872588e-01
2.574527157934070054e-01
2.506597045546885560e-01
2.359838549790616025e-01
2.236007423184979137e-01
2.139657676107853124e-01
2.082887244082712030e-01
2.034953429356284316e-01
1.953718232608760430e-01
1.916185537982613984e-01
1.818934039233466859e-01
1.731892277572871786e-01
1.678871916702290301e-01
1.607857954536111023e-01
1.513215128265131271e-01
1.402721057104808766e-01
1.305507703439468814e-01
1.254178674714395980e-01
1.213196739743927777e-01
1.180442007972922064e-01
1.133707913187803618e-01
1.070654239940422719e-01
1.029230527229794412e-01
1.010392839582249097e-01
9.893115965569804215e-02
9.621356983100802507e-02
9.197478225078711822e-02
8.778088431866153118e-02
8.418645870995657143e-02
8.203319575844429667e-02
7.897777196630839658e-02
7.607297441801581794e-02
7.149506796544490006e-02
7.022122471466410443e-02
6.549966532025523758e-02
6.113473396203725208e-02
5.767573851078799246e-02
5.627345023096749083e-02
5.411599175442516341e-02
5.083255069257406472e-02
4.829355270529033656e-02
4.546878188689155303e-02
4.162253750082572229e-02
3.880658479481328277e-02
3.647233019094044820e-02
3.485542340559509566e-02
3.184239519048918943e-02
2.808588475086358852e-02
2.530178529851338787e-02
2.353548254817668453e-02
2.257379021328925067e-02
2.071762856770663699e-02
2.022903126879369018e-02
1.914268447956687588e-02
1.827889580309300169e-02
1.752398278333317308e-02
1.696163109843108752e-02
1.665089840038878194e-02
1.613282908332120541e-02
1.589974751949756529e-02
1.531527930144998238e-02
1.478109216400549236e-02
1.403718016237687737e-02
1.346115639722524245e-02
1.281326801728116006e-02
1.227049945385570544e-02
1.202229849273599854e-02
1.143878960539842886e-02
1.103536698409932244e-02
1.046873795711906335e-02
1.007162338995140453e-02
9.671867207707492489e-03
9.071904532674165619e-03
8.468479009774427038e-03
7.949887694131777330e-03
7.340843701763455180e-03
7.157308482079370593e-03
6.615840454596838040e-03
6.448892230753028136e-03
5.963986767472574321e-03
5.597990918729462036e-03
5.180472610868947642e-03
4.936461852414293291e-03
4.373609367032470045e-03
4.069723078434652787e-03
3.740313105154136585e-03
3.481502848828379581e-03
3.384561218262659588e-03
2.996607792969765895e-03
2.850479016056709728e-03
2.559958649573351036e-03
2.427427249442945696e-03
2.257041636874233034e-03
2.108937029900022960e-03
1.973134546811672416e-03
1.791278018813742762e-03
1.693557262150513585e-03
1.641697615471206890e-03
1.465287966792703633e-03
1.420184269303681685e-03
1.293764761782519208e-03
1.260486596105779870e-03
1.162390303120543547e-03
1.080063386693269449e-03
9.859504313992409601e-04
9.545039239259710956e-04
8.972813660966594881e-04
8.506199207967885846e-04
8.288941741925250377e-04
7.228771980291751140e-04
6.642173596286527447e-04
5.910727865304755101e-04
5.160884693643495204e-04
4.624668760316223248e-04
4.201218822154959400e-04
3.783720560050652520e-04
3.481276596085507180e-04
3.353936639503689331e-04
2.987312938227298150e-04
2.665659140301563246e-04
2.437756691107479041e-04
2.235984327637704128e-04
2.149545583451020888e-04
2.004564385625257929e-04
1.873125058044043266e-04
1.803752968938333097e-04
1.742508917224191653e-04
1.645227842208308330e-04
1.568902010586944301e-04
1.528702514406308133e-04
1.434026763140012421e-04
1.377778045352726912e-04
1.360020305312179380e-04
1.315799732577855837e-04
1.243669157409975660e-04
1.194237973807128886e-04
1.134778887764970040e-04
1.084980311450186967e-04
1.055886621879912956e-04
9.999928542056191649e-05
9.449152970374144153e-05
8.979977480828777228e-05
8.288861666039760089e-05
8.054011485601582300e-05
7.711542421996999352e-05
7.468367414992326642e-05
7.255953523005445800e-05
7.002525704625878428e-05
6.707653436034776535e-05
6.483905861811897872e-05
6.153003115159386626e-05
5.949874264710274115e-05
5.798364794133333553e-05
5.414184890023411958e-05
5.240569088882120728e-05
4.971004585224739712e-05
4.780751169739534380e-05
4.550549823600694133e-05
4.386646433208497164e-05
4.309040864938403490e-05
4.201942727139673574e-05
4.070568817523394515e-05
3.916686452929957327e-05
3.723442901022543236e-05
3.579056187227001184e-05
3.397490437080325843e-05
3.360300055859926532e-05
3.173263328906845721e-05
3.085452552558173048e-05
2.996595199198481124e-05
2.811836448652855547e-05
2.729316669639857490e-05
2.581551685242581377e-05
2.503843708687624109e-05
2.330951111297560561e-05
2.274490041993917875e-05
2.205511861058769552e-05
2.102934103151625711e-05
2.053720894803162347e-05
1.954798198569768331e-05
1.856734627712622923e-05
1.730862559669354959e-05
1.626847287481408149e-05
1.517664160163598973e-05
1.458095367054909895e-05
1.363962577502702611e-05
1.310335893406053161e-05
1.250806778631838399e-05
1.215723598628566370e-05
1.142565450516739760e-05
1.083129549438835266e-05
1.030027250168791650e-05
9.957285904667866896e-06
9.262205998508895669e-06
8.662310570548668203e-06
8.001384106763670403e-06
7.696944503126819595e-06
6.840061635592335872e-06
6.175375342718830180e-06
6.041822148567655001e-06
5.423259313020000487e-06
5.160896153299686952e-06
4.719771589829583503e-06
4.594707499575611848e-06
4.179370279993129648e-06
3.794845658566837303e-06
3.590198961567426409e-06
3.350111520025628445e-06
3.157521711667284436e-06
2.858357309852167726e-06
2.735942526145476457e-06
2.620579042946474136e-06
2.515883277513621856e-06
2.412083053010487532e-06
2.341740545391515961e-06
2.200717238369213206e-06
2.136671849132498047e-06
1.971456933804399282e-06
1.902305449463781403e-06
1.844049495519891373e-06
1.770231187618455344e-06
1.670660949602457114e-06
1.535709266537731365e-06
1.434312778380466821e-06
1.349856494384321645e-06
1.329841829000443600e-06
1.269468790728759781e-06
1.237852066632490103e-06
1.212738159301782259e-06
1.175387622719698479e-06
1.135592441681015105e-06
1.090399354328099651e-06
1.044078176377746112e-06
9.546772753473459616e-07
9.327887035293312012e-07
8.652839482430372620e-07
8.416388854427383410e-07
7.994826539042800907e-07
7.520685852142736461e-07
7.095351078332217820e-07
6.968684203841617927e-07
6.685793019130114413e-07
6.354126014136744359e-07
6.292701386839416704e-07
6.084044861242329880e-07
5.963712230403146674e-07
5.910460646718738969e-07
5.797624595208663121e-07
5.625343733074316435e-07
5.491624746763341063e-07
5.441604114368520335e-07
5.233200711506785815e-07
5.096296399631793810e-07
4.907550354126692348e-07
4.816500998404332008e-07
4.657538625760584040e-07
4.402334090384069588e-07
4.228468529836992982e-07
4.057859833531988384e-07
3.833630999423781835e-07
3.712090300542360244e-07
3.536755381147748586e-07
3.324219276179533733e-07
3.152382907668748842e-07
3.059207618392256693e-07
2.737583524488949985e-07
2.668757501715894529e-07
2.467449606872986708e-07
2.322927656904090863e-07
2.170434041739986228e-07
2.004188055825171808e-07
1.953478488651224090e-07
1.796703869637638191e-07
1.721562461470244210e-07
1.615767222789604434e-07
1.517164613482019947e-07
1.396305879320947475e-07
1.271375283089625914e-07
1.239946899750474219e-07
1.082568494182743019e-07
1.041781783732349488e-07
9.375981660034836042e-08
8.758064747821402177e-08
8.111823961202783058e-08
6.941881076720883370e-08
6.461604433568228225e-08
6.030924750930458950e-08
5.061328499601643003e-08
4.783086648644739881e-08
4.323930112808610636e-08
4.018230293405036154e-08
3.706791030664854125e-08
3.395171891783778259e-08
2.984885959930078064e-08
2.849744916874865118e-08
2.680297515172226254e-08
2.424219744191618609e-08
2.315642440703014713e-08
2.176153755769427911e-08
2.038939963940158691e-08
1.817881383756088235e-08
1.690763738785613676e-08
1.581516843606178294e-08
1.445273612746410599e-08
1.243092418712256267e-08
1.183455476697899308e-08
1.073299678514946751e-08
9.757129565983910471e-09
9.454648388521174651e-09
8.622336075266258081e-09
7.729421257456050901e-09
7.094893149170763702e-09
6.356864081732731920e-09
5.596547113817899911e-09
5.036046760512856361e-09
4.687234649747926209e-09
4.506186951494940347e-09
3.826215971821540719e-09
3.515497076642847292e-09
3.385897516878327258e-09
3.112665893067907694e-09
2.873515493097723760e-09
2.720876809184870037e-09
2.501620471413560383e-09
2.375608841325591292e-09
2.247984681781795935e-09
2.168118822155549411e-09
2.063363176070066458e-09
1.988725843005149331e-09
1.884561222397635542e-09
1.810028938997408126e-09
1.770615931145187198e-09
1.598923258899369753e-09
1.552286148608636131e-09
1.451687073973901762e-09
1.343965425125058595e-09
1.253419992475454157e-09
1.155144211032435289e-09
1.082012831850015353e-09
1.022784205110814982e-09
9.451096870296884304e-10
8.536466766929367091e-10
7.995183686609893100e-10
7.723140419483938433e-10
7.509328342125965645e-10
7.043846597705588939e-10
6.792184213140046827e-10
6.614390973549264841e-10
6.344565614321538138e-10
6.080744618390756864e-10
5.919376158553278625e-10
5.669397025563181545e-10
5.312691351255933553e-10
5.128246065702664592e-10
4.776786587352603603e-10
4.502300402249447652e-10
4.244591064029363635e-10
4.065021680703960198e-10
3.979615153946196075e-10
3.739309024305249539e-10
3.480219925265189327e-10
3.289090609917249875e-10
3.117622722713820205e-10
2.945875976276219356e-10
2.776454015055928949e-10
2.598137767214187092e-10
2.444133356446214428e-10
2.233303045575838268e-10
2.174431145312792134e-10
2.045178745804425708e-10
1.918200170268946853e-10
1.792901060877293591e-10
1.636944088545390595e-10
1.573496868315693399e-10
1.445693226462827082e-10
1.368460474789893223e-10
1.285060098594507061e-10
1.168250161873765364e-10
1.131516085415496823e-10
1.102337943516206712e-10
1.010673107766704354e-10
9.733289512821124904e-11
9.272076548103695874e-11
8.661599667126622686e-11
8.100252195682449368e-11
7.730837956881035123e-11
7.008479673266032026e-11
6.386371684946914859e-11
6.086755783428540646e-11
5.784709808338993650e-11
5.563840500647299015e-11
5.450961695331940591e-11
4.948087345030110520e-11
4.856234042595186627e-11
4.461216841483737090e-11
4.331798045680176504e-11
3.980087887797581951e-11
3.633266311265772592e-11
3.475475330936094147e-11
3.132955278064348609e-11
2.882872965296748529e-11
2.364442328310755282e-11
