9.917468881212888610e-01
9.831386525490073414e-01
9.728353311772911516e-01
9.615758325710036525e-01
9.489635802904805573e-01
9.366387277052000693e-01
9.239888821553630116e-01
9.113441580422347865e-01
8.979907390581305382e-01
8.835608420376830363e-01
8.685485983500335072e-01
8.533296259832204855e-01
8.370194819177034784e-01
8.210965719512751670e-01
8.061360631413444500e-01
7.897914255405482642e-01
7.736315846627798143e-01
7.570487027164449767e-01
7.407125563649025191e-01
7.238426640161709225e-01
7.064336724695804426e-01
6.882345624802238548e-01
6.699356538274940931e-01
6.513185319368189896e-01
6.319372032654722027e-01
6.118567898266289440e-01
5.913342033974503531e-01
5.702021124622412840e-01
5.487794881728352836e-01
5.278864517622540165e-01
5.070733957115158841e-01
4.871916514024595135e-01
4.667808366861566083e-01
4.458176590100000891e-01
4.244748563162191179e-01
4.030688489995318258e-01
3.827920133047108542e-01
3.633912990293206025e-01
3.454305468785870414e-01
3.285527946494306017e-01
3.121619578512866422e-01
2.968310169023929967e-01
2.818172822273323219e-01
2.681064162763924785e-01
2.554207741529818110e-01
2.439039042148923586e-01
2.337337607327225897e-01
2.239009561794094438e-01
2.147006942467610258e-01
2.062917332796726788e-01
1.984602959418695911e-01
1.912238792731406067e-01
1.844681284070387450e-01
1.778295285169872453e-01
1.715618257178276318e-01
1.654895314115314153e-01
1.599375247446872261e-01
1.546178057064126199e-01
1.493898015986623584e-01
1.444988947805835033e-01
1.396846930998916769e-01
1.352695206557175678e-01
1.309041327033700353e-01
1.266216372236365628e-01
1.228038010787307760e-01
1.189823085028375582e-01
1.150667071719887746e-01
1.112953256144698089e-01
1.078309490206265930e-01
1.041483389267464366e-01
1.005042199248642604e-01
9.691878980908906482e-02
9.344603660653025279e-02
9.002083993873929990e-02
8.669189580025765673e-02
8.338233019513868749e-02
8.009318479104668431e-02
7.697025298896585654e-02
7.391207855619287559e-02
7.100646622840720013e-02
6.837859743603766360e-02
6.576897108719387264e-02
6.313289807665388442e-02
6.053060917157354615e-02
5.788598578163559744e-02
5.527141516768714624e-02
5.274680938502174926e-02
5.040736958125954098e-02
4.811922879745264559e-02
4.601345106805634216e-02
4.393684971637128178e-02
4.188533393662813298e-02
3.988466177438201865e-02
3.805697212328751355e-02
3.641753634170585840e-02
3.490372912069968081e-02
3.358672534512537750e-02
3.238075474426592437e-02
3.126552623349603682e-02
3.011724600258963366e-02
2.908652434592994690e-02
2.813569057725046757e-02
2.723125531488814616e-02
2.635414910343537170e-02
2.553171130630657940e-02
2.477679444675457213e-02
2.402494532308478009e-02
2.330359262174425822e-02
2.257866221839732387e-02
2.183755193522494975e-02
2.108964616842853856e-02
2.037202493944072906e-02
1.967691832522052917e-02
1.899713522292649157e-02
1.834437635301782582e-02
1.769683577664382321e-02
1.704682691177074327e-02
1.643629615427304527e-02
1.588221101158933390e-02
1.532634835481889654e-02
1.474722848365167018e-02
1.413536235878655976e-02
1.354702526856710679e-02
1.294207025991227569e-02
1.232783760915272947e-02
1.172081370671293477e-02
1.113391756785971423e-02
1.053854822717233304e-02
9.997645893622866126e-03
9.487469826189037433e-03
9.006694244797433177e-03
8.591574423341970246e-03
8.171775700084055877e-03
7.749288584396753221e-03
7.328600069894869624e-03
6.927558867744856332e-03
6.552322739875664388e-03
6.196260749092749945e-03
5.877875671025963381e-03
5.591999332868358152e-03
5.317523446205097391e-03
5.065633522712851243e-03
4.838677435811138475e-03
4.623812258672210102e-03
4.428557987555888260e-03
4.242623240798709151e-03
4.069359179267837377e-03
3.919129646966754837e-03
3.777701296915524781e-03
3.635451408822224385e-03
3.501994826848117345e-03
3.377522004313698260e-03
3.258571448975174350e-03
3.138281330864536433e-03
3.022852406842472823e-03
2.903822787101118571e-03
2.778795551270660767e-03
2.652966306250398396e-03
2.529373141202887181e-03
2.408512434124108863e-03
2.293895049167218696e-03
2.192120936014974823e-03
2.090796873682641225e-03
1.985994022843618530e-03
1.886413736861912178e-03
1.786366480166851544e-03
1.691527696510956510e-03
1.603002599010192649e-03
1.520966109757199971e-03
1.446527818440646387e-03
1.375273381211654898e-03
1.314042787568433937e-03
1.253347008250662881e-03
1.192017601138053258e-03
1.134119339728704642e-03
1.079544666616054447e-03
1.029117306806140572e-03
9.822602568699460943e-04
9.395513183020448274e-04
9.007286736293232746e-04
8.666831415920448747e-04
8.311547530018363042e-04
7.953874595120761148e-04
7.615871834784833675e-04
7.293866208326109596e-04
6.998612827218611944e-04
6.720448475288965696e-04
6.452976317113975728e-04
6.198149842938370816e-04
5.970180068715034158e-04
5.755884604635795165e-04
5.544043371716770663e-04
5.320395553160303485e-04
5.116071743737017532e-04
4.932122153280811376e-04
4.730754956809379657e-04
4.524116027171342334e-04
4.321396530490110308e-04
4.122952027948888687e-04
3.934996886055882486e-04
3.761295586115892802e-04
3.594970074131618445e-04
3.428433936384415147e-04
3.261326447002829872e-04
3.098164428730063101e-04
2.940212744542332617e-04
2.784480220092259723e-04
2.629172694942790963e-04
2.480748005727508162e-04
2.342668601277860625e-04
2.219111468759276632e-04
2.098721228557119309e-04
1.976638603714841211e-04
1.861704705595206987e-04
1.757837271194618840e-04
1.672418951996382881e-04
1.584074228193884726e-04
1.495772594178981004e-04
1.412213727895003819e-04
1.337663163244159946e-04
1.278323692238346986e-04
1.219543452039386949e-04
1.158260344799922514e-04
1.102228983953837236e-04
1.051495388599810426e-04
1.006116981193148555e-04
9.667323337796776301e-05
9.272168983985649808e-05
8.902026102336746936e-05
8.580775654489838369e-05
8.282426158801183642e-05
8.012011904074888230e-05
7.771197281544709617e-05
7.542333441108317485e-05
7.323549253988535497e-05
7.119517026495744574e-05
6.931094111217451755e-05
6.760769223356130327e-05
6.599477439303642261e-05
6.456399403352928838e-05
6.309804364476632001e-05
6.152688775743155221e-05
5.995347210070657747e-05
5.846291370026052945e-05
5.694483171332868351e-05
5.548451679943541907e-05
5.406472040251710957e-05
5.269280183518889314e-05
5.147244789646993095e-05
5.025071717340119312e-05
4.897614334556608928e-05
4.773250481405296906e-05
4.648603783512230504e-05
4.523959627368972369e-05
4.396084771021940927e-05
4.269746171490699751e-05
4.139569934843040253e-05
3.998051997326764953e-05
3.855747470322587570e-05
3.733826179580185478e-05
3.601470709844349568e-05
3.452318110162601328e-05
3.306268451815070854e-05
3.158748334699364917e-05
3.011095794236514945e-05
2.865947350394107808e-05
2.712430926088716599e-05
2.574309942426311097e-05
2.442262610303608285e-05
2.313709236789754310e-05
2.186455528835836806e-05
2.059569806220459655e-05
1.942333905671812664e-05
1.830477140474923080e-05
1.715904661211116339e-05
1.612360128320286585e-05
1.519312371804987004e-05
1.434497472331557375e-05
1.349029941054496788e-05
1.268448199619708739e-05
1.202757021501722770e-05
1.134727088194932606e-05
1.070135358889237582e-05
1.012385045073898225e-05
9.540678440941374329e-06
8.953671796181208407e-06
8.399776358806144579e-06
7.886291448953042181e-06
7.438126700316951114e-06
7.041970515267135942e-06
6.673971828376092634e-06
6.339756428643228958e-06
6.037931815075245466e-06
5.772592516667065516e-06
5.556569983288792856e-06
5.347698112506185608e-06
5.154424429383652284e-06
4.968365019421968094e-06
4.788636442267556573e-06
4.618043265183756397e-06
4.464721704223524967e-06
4.325121718672376982e-06
4.188731138542772254e-06
4.049499800936521191e-06
3.927093460301827961e-06
3.809337818940408445e-06
3.681836474922002577e-06
3.557155424280559005e-06
3.434745162653630809e-06
3.317147193504926884e-06
3.204800923235521604e-06
3.098103122088146620e-06
2.985898614180847382e-06
2.872011502615500510e-06
2.759504169622385188e-06
2.648633796520965205e-06
2.537743572860249572e-06
2.435609550361975446e-06
2.333361166146602264e-06
2.232527714291689096e-06
2.134105260868670458e-06
2.039032958644961166e-06
1.947795821295576586e-06
1.858978346204791096e-06
1.775892927262658438e-06
1.696219798803404384e-06
1.613218944155158407e-06
1.526280628692051469e-06
1.447080498908203197e-06
1.377313579314956869e-06
1.306441270238813838e-06
1.236968466593477591e-06
1.171231766122804677e-06
1.110645747154219752e-06
1.057687884498110368e-06
1.006959475359057174e-06
9.544533178429107444e-07
9.030434592061349630e-07
8.577704913759687738e-07
8.188783415887301458e-07
7.826217103465892708e-07
7.479919084116346684e-07
7.188380101155902760e-07
6.888859365358010650e-07
6.594585804133376665e-07
6.315040464661938807e-07
6.064220675928123470e-07
5.828346735660147809e-07
5.611111469271626888e-07
5.407883104497379910e-07
5.222947772217927890e-07
5.048867606738489775e-07
4.867816759980533729e-07
4.691645929962455648e-07
4.516733490795945671e-07
4.341959929543949852e-07
4.170871704925778648e-07
4.007408859659934916e-07
3.865580774137650607e-07
3.720461825097926756e-07
3.573075953688668862e-07
3.432167510014545066e-07
3.308142411858510071e-07
3.185521655785342718e-07
3.056395688087160856e-07
2.924410210125405756e-07
2.803129222889023565e-07
2.689031234363257612e-07
2.586326394976517862e-07
2.477117041364942506e-07
2.371270456168432810e-07
2.275740923208694606e-07
2.172585733743035017e-07
2.061679058485982076e-07
1.954424321274186264e-07
1.852654429008848141e-07
1.758219464854359986e-07
1.663479748789780934e-07
1.578274271486847902e-07
1.498977898482178791e-07
1.425246615116307189e-07
1.355225751653487545e-07
1.287245383462810196e-07
1.218863823463653177e-07
1.150327704013547379e-07
1.083831746048024563e-07
1.030961056561326412e-07
9.806372109055450989e-08
9.306157429635535428e-08
8.863180559558314676e-08
8.464304080504705780e-08
8.074351360713008717e-08
7.706375755155981022e-08
7.390989240383101441e-08
7.130960004118214583e-08
6.840300182669684834e-08
6.548586606810004459e-08
6.282183558130440677e-08
6.033377101904517113e-08
5.821341589737803443e-08
5.652680847437234390e-08
5.474879292511300281e-08
5.292622064470528831e-08
5.118143962814678706e-08
4.958921915008447938e-08
4.799509381664604443e-08
4.644631684731655699e-08
4.483586564252779260e-08
4.321150008698945271e-08
4.161761046653926615e-08
4.011321653891227120e-08
3.880731898123817766e-08
3.753760023995473931e-08
3.624081996135595706e-08
3.500451580877982335e-08
3.379256319481235662e-08
3.258921398735221346e-08
3.137826379891391799e-08
3.030528012505101662e-08
2.926262230434511599e-08
2.810870454136945695e-08
2.693733911987855848e-08
2.586611595476378398e-08
2.473836822211604793e-08
2.349226105194498702e-08
2.225397079960927552e-08
2.111673590893106241e-08
2.001011250148779316e-08
1.872892661917667199e-08
1.746452561288728092e-08
1.631462700232517928e-08
1.534832534425738777e-08
1.460358525600170216e-08
1.370241067987886082e-08
1.286439794083288059e-08
1.213034213254960669e-08
1.146781335063597922e-08
1.090467067477589315e-08
1.043084485373201251e-08
9.957797703086062567e-09
9.525302018603433832e-09
9.140025226909939822e-09
8.813044578857212482e-09
8.524536479608698951e-09
8.228769171964967683e-09
7.951603341331798126e-09
7.673463098834800970e-09
7.412623199352668073e-09
7.177262154725695610e-09
6.961848862542229797e-09
6.753507635110484952e-09
6.534454253315148839e-09
6.327041404381053891e-09
6.130647558152382509e-09
5.952830177516345112e-09
5.804797901880997759e-09
5.640142648399266902e-09
5.461362071290904854e-09
5.312496630372956391e-09
5.160844522094357214e-09
4.998345600577870501e-09
4.852825974376042817e-09
4.717103269710447561e-09
4.556460618717114495e-09
4.390453805738322974e-09
4.242233301629062690e-09
4.092519947958929184e-09
3.928028966779341982e-09
3.765525250623012232e-09
3.611628991306373078e-09
3.457102725678441983e-09
3.298296024306614248e-09
3.139824392696459008e-09
2.989706456276974583e-09
2.844787516208997516e-09
2.710827368436205027e-09
2.596090407042613667e-09
2.489145568602350293e-09
2.371513489415257597e-09
2.264273807980866077e-09
2.172354553527996918e-09
2.084290891155152432e-09
1.997936042211810615e-09
1.918406353335439010e-09
1.854790352041692549e-09
1.781066960194563877e-09
1.703086338584071716e-09
1.634114938690030603e-09
1.567467211081728433e-09
1.500126228911662366e-09
1.441297444290029090e-09
1.385846258852062955e-09
1.324875222015522017e-09
1.262702787412904760e-09
1.202339217901063778e-09
1.147886224654979957e-09
1.097365891945190690e-09
1.044196281895418350e-09
9.934682403319991757e-10
9.447598991921025411e-10
8.912863867625342765e-10
8.369013736034375732e-10
7.837657204847496909e-10
7.316984809943325327e-10
6.769037122098083464e-10
6.263272579232288026e-10
5.849105517809455729e-10
5.422843952795520448e-10
4.967362347406032553e-10
4.554979070884955988e-10
4.204231314334310203e-10
3.871660764337119939e-10
3.559121088521206935e-10
3.254510294508952123e-10
3.007767949210131038e-10
2.786068775842028296e-10
2.567892280875607316e-10
2.373915701720713603e-10
2.210873729158301445e-10
2.057034611394781341e-10
1.916446477301206587e-10
1.794478545603476567e-10
1.693259605495632562e-10
1.589945945338392976e-10
1.504131750022087061e-10
1.432457174810627817e-10
1.359209844192495466e-10
1.292546933254910807e-10
1.237828653455286746e-10
1.184713843490865326e-10
1.131860955568730069e-10
1.079759506922194909e-10
1.037602336031563190e-10
1.001011381151971462e-10
9.619386586102369383e-11
9.239013901215074015e-11
8.901622305961726293e-11
8.607445432004092774e-11
8.355477957894471659e-11
8.120343429325883658e-11
7.895932524447680624e-11
7.697418251608331301e-11
7.514685899137731074e-11
7.341278940926501366e-11
7.188350694131984936e-11
7.038548440368420389e-11
6.894853852301380416e-11
6.757637952674615627e-11
6.622560228910547372e-11
6.483502688193723267e-11
6.345027833647821946e-11
6.210566036775277253e-11
6.081380392749343809e-11
5.951948847346292514e-11
5.813391335364725514e-11
5.688802799457467336e-11
5.572096886856136865e-11
5.441910185861517139e-11
5.304697483101733956e-11
5.167057011475386854e-11
5.027119878599650291e-11
4.879477510403896846e-11
4.730882592922381296e-11
4.580396376069777337e-11
4.413442053380416023e-11
4.243540633705559634e-11
4.095169618659060246e-11
3.962327209756379139e-11
3.800845410642788727e-11
3.644280708884548947e-11
3.495942336891102215e-11
3.352313253943252030e-11
3.207305315012942664e-11
3.079465574796246547e-11
2.965284500971631869e-11
2.845820929666519043e-11
2.725812400877491052e-11
2.629844335105928584e-11
2.529347548892023276e-11
