8.746968459738744262e-01
8.507350622200851031e-01
8.371277690871676835e-01
8.228795797590242600e-01
8.040329791360503187e-01
7.733708205203970731e-01
7.397721158500074612e-01
7.145705117659297834e-01
6.979659900051117249e-01
6.762642238358638203e-01
6.509444794852106142e-01
6.232107249067370125e-01
5.905764047794600513e-01
5.678234149705413403e-01
5.398340897269126026e-01
5.148577385267701922e-01
4.749835078671993949e-01
4.452145283000589759e-01
4.207052480433028929e-01
4.062113629071605891e-01
3.654800972320912389e-01
3.463336725927019799e-01
3.164971045140353434e-01
3.086116191023980937e-01
2.855485318646060477e-01
2.560341624153607554e-01
2.320912787952872924e-01
2.216744044328927687e-01
2.090672620087009326e-01
1.907136624168468408e-01
1.812317110422475563e-01
1.757089503131607222e-01
1.667258879399381444e-01
1.610968118206319299e-01
1.539776986953671489e-01
1.493138807366231613e-01
1.442037442111784029e-01
1.373947698228536740e-01
1.310869616123974679e-01
1.285004482916936863e-01
1.267209400134885477e-01
1.210736968008639114e-01
1.166035228046032740e-01
1.115147213931387826e-01
1.088235940441469457e-01
1.033541667779471346e-01
1.024821575667115986e-01
9.785043288802254546e-02
9.568904860240586008e-02
9.110294263847680540e-02
8.795802476338150655e-02
8.250147406136575101e-02
7.617392764383931758e-02
7.540927851637392598e-02
7.179413152449301561e-02
7.044032359648072505e-02
6.604975519917102855e-02
6.456769312770098412e-02
6.144268960572805277e-02
6.084209005866196562e-02
5.739293416265981579e-02
5.534251790217233069e-02
5.411687180938836578e-02
4.918558208083984723e-02
4.742755974536831676e-02
4.515848124841657235e-02
4.408325252212132866e-02
4.168608610362731920e-02
4.137859228073879903e-02
3.903510158113050743e-02
3.763481676464189990e-02
3.440360489869177807e-02
3.387948753962376908e-02
3.322790416145664227e-02
3.174587046581933691e-02
3.090548201864246752e-02
2.926756145852970822e-02
2.898225481322215177e-02
2.783484416759752361e-02
2.694137407627054254e-02
2.637448398052106083e-02
2.459242158669865813e-02
2.325378605376663549e-02
2.276178636651760012e-02
2.208002690354754841e-02
2.145105145649695011e-02
2.077740143361945721e-02
2.023880992262262063e-02
1.963642023287506810e-02
1.807973697290423190e-02
1.788887918626708498e-02
1.676825528194961223e-02
1.577166544381175539e-02
1.522901336838588388e-02
1.465646418086381624e-02
1.388036423911142431e-02
1.286337838103075726e-02
1.275975435406925297e-02
1.258580687932588267e-02
1.237867853949899469e-02
1.193598303180208077e-02
1.162109298072170650e-02
1.124429571514763346e-02
1.099641238679850523e-02
1.037693963994183212e-02
9.958251454987878531e-03
9.307421193088867561e-03
9.095291087370163327e-03
8.702105284500780483e-03
8.370901515788207320e-03
8.239898929897158247e-03
7.822185713260284765e-03
7.681334821945482762e-03
7.487689183237189808e-03
7.248091109101359800e-03
7.072692313688137312e-03
6.862906278625384264e-03
6.604983729354478757e-03
5.988769791277936960e-03
5.695811647609156682e-03
5.170050941233362771e-03
5.109508228400790920e-03
4.802496107849415011e-03
4.633613439479477951e-03
4.488328013563819101e-03
4.377209839251496384e-03
3.891911158859432621e-03
3.690225084037086854e-03
3.567652859983684675e-03
3.441491983798419547e-03
3.351413123696648545e-03
3.265066185347664796e-03
3.161703802375399278e-03
2.876468323263819005e-03
2.835638196856328248e-03
2.736206863066953550e-03
2.509578015518486825e-03
2.430675975418953270e-03
2.334764223366052240e-03
2.187625310920729600e-03
2.029025677778858051e-03
1.920960137098997288e-03
1.891395394170965975e-03
1.752993625190976028e-03
1.718124528691126595e-03
1.689232171896195341e-03
1.634860113823558567e-03
1.518454900701369636e-03
1.481027100635374811e-03
1.469118461637893653e-03
1.408991376838835590e-03
1.383542503991588889e-03
1.352319821759296941e-03
1.333514124180333387e-03
1.268333845953293270e-03
1.226911273377876126e-03
1.186028927191189273e-03
1.166203221306994636e-03
1.138294435101800707e-03
1.085012399023898991e-03
1.068302213769666388e-03
1.041980746601420737e-03
1.011899178846189943e-03
9.890396066623810718e-04
9.595625521300415149e-04
9.096753323865856833e-04
8.966884933305205091e-04
8.416220162761818861e-04
7.924071728106793586e-04
7.561579520931989082e-04
7.444198201100192449e-04
6.763538784222799909e-04
6.222620863920377832e-04
5.558974995629730950e-04
5.446237659715159711e-04
5.344551404641439832e-04
4.825702727429428507e-04
4.761501135793606517e-04
4.501952733233974117e-04
4.239428644516296508e-04
3.992214214318746458e-04
3.820332124473330474e-04
3.553504832172316272e-04
3.375551304675299168e-04
3.060716357578241432e-04
2.868180399617541111e-04
2.771373374193848043e-04
2.474820596561733252e-04
2.386494047199138441e-04
2.292487981158983874e-04
2.175977816194661553e-04
2.134691798695462445e-04
2.001095084639646898e-04
1.850972144409488644e-04
1.835971885556312569e-04
1.763836308009489188e-04
1.660101796575867315e-04
1.589587487718411392e-04
1.493625151743506593e-04
1.398996973693285132e-04
1.359755494172448927e-04
1.271962811064124732e-04
1.260846722821070938e-04
1.196375793997558819e-04
1.165945361779795132e-04
1.101191907042845924e-04
1.052068124759498357e-04
1.041855064227619539e-04
1.031323211566479076e-04
9.919939164415330268e-05
9.568292921214936037e-05
9.333544153569069992e-05
9.105518775601998858e-05
8.906191246229985716e-05
8.516509784389080125e-05
8.303261526682949626e-05
7.831781653965278964e-05
7.621175536399083135e-05
7.490387848342857703e-05
7.224647054137395741e-05
6.838782045699052191e-05
6.473209034433515181e-05
6.180860067955233769e-05
6.135652434061914136e-05
5.845926390701804175e-05
5.594900982625896323e-05
5.439005090678649632e-05
5.385686638684961298e-05
5.234704107485880429e-05
5.088823047196278104e-05
4.984069584037469742e-05
4.848255619879201426e-05
4.509819794031709884e-05
4.390846863110481530e-05
4.327815980555964895e-05
4.104690411571348865e-05
4.001604241534723993e-05
3.915837366355587388e-05
3.705606538934884175e-05
3.666235719493704228e-05
3.472879493657573646e-05
3.301661017753769814e-05
3.265233088021209632e-05
3.097557876443636087e-05
2.887569681449543468e-05
2.820571656531028072e-05
2.522269859867322701e-05
2.442972178971248114e-05
2.282620797111837909e-05
2.152472511497874167e-05
2.086769910539131625e-05
1.903457284128224990e-05
1.856698917945811278e-05
1.777095858373607077e-05
1.755502485923176613e-05
1.648285504681163625e-05
1.613980782559052844e-05
1.543658789073038597e-05
1.459472952589540155e-05
1.425541247874500918e-05
1.356988822217480656e-05
1.208981334480591286e-05
1.106878166205309413e-05
1.084697042804788400e-05
9.809291981802990482e-06
9.523517537836794801e-06
9.288923406161581387e-06
9.031972950327845384e-06
8.605780525707697109e-06
8.238357505322300360e-06
8.017688099475246089e-06
7.673795616624521089e-06
7.165661406086652140e-06
6.989761476884828395e-06
6.472772566991906817e-06
6.235292024080001535e-06
6.017118471986340369e-06
5.875562060069226448e-06
5.328077907787364850e-06
4.903207324008653088e-06
4.844176226184397463e-06
4.645381917897843035e-06
4.484675359111744504e-06
4.273668984284511153e-06
3.918390910243725997e-06
3.695573597050692880e-06
3.336207938572290319e-06
3.103143516780992622e-06
2.763711348904575690e-06
2.666837101284542761e-06
2.443818635934980537e-06
2.194642721489905633e-06
2.153161863055131072e-06
2.064914631405813217e-06
2.010671147163175944e-06
1.924094435347240059e-06
1.868518416545331964e-06
1.762302742919596822e-06
1.724475277122248415e-06
1.677119851464757146e-06
1.602270087615267274e-06
1.572511516086434879e-06
1.526778966740073093e-06
1.487470438217828570e-06
1.460963038564596412e-06
1.362101572096673391e-06
1.341333700868937043e-06
1.327205973384260455e-06
1.288818610135320511e-06
1.184272906484809905e-06
1.141640770137618804e-06
1.111233842546195636e-06
9.642346264917206763e-07
9.023801340137525005e-07
8.584625177234232030e-07
7.620562377858201434e-07
7.329933066213066899e-07
6.866105549567253847e-07
6.716299972091963081e-07
6.302520415402933204e-07
6.057618092943473805e-07
5.955331641709781291e-07
5.326511269871288649e-07
5.195881150933974003e-07
4.706866028673487118e-07
4.558680184955569189e-07
4.125156200645398185e-07
4.027028731474084213e-07
3.789665874679851925e-07
3.549289069172601490e-07
3.457078324875421196e-07
3.247259453356657942e-07
3.194073492321661637e-07
2.995491616989739500e-07
2.875317264059220596e-07
2.575407608487034743e-07
2.538644208032068976e-07
2.324809835925963402e-07
2.068862224115496733e-07
1.841189426634848356e-07
1.754656324506783647e-07
1.695768366204579049e-07
1.502007143945427895e-07
1.470010818833854936e-07
1.412313712303047098e-07
1.327594942106056862e-07
1.189545919025651361e-07
1.143449309424640400e-07
1.103013264740521873e-07
9.772639570960844377e-08
9.448345058500799439e-08
9.363814341988722568e-08
8.267853903228937638e-08
8.194123076886204294e-08
7.555219930378924771e-08
7.365088700726123221e-08
7.092347166296311283e-08
6.936981561406587469e-08
6.746962438260984519e-08
6.439798975813076973e-08
6.217508337836572239e-08
6.012625263596023088e-08
5.608979015269772030e-08
5.375810379054479689e-08
5.136440037472045833e-08
5.000443541968403863e-08
4.837652183463102818e-08
4.745084085194878351e-08
4.584934214423732866e-08
4.359236286816146325e-08
4.132608833303302991e-08
4.060025514836876413e-08
3.945742574670445596e-08
3.638601839793591797e-08
3.573027001393217960e-08
3.413969536389355848e-08
3.325178474262137583e-08
3.084910318918845852e-08
2.978866626177952829e-08
2.696660478189943759e-08
2.654086096664098836e-08
2.391011188670772831e-08
2.365431786690415794e-08
2.212657725707237301e-08
2.180443528418784638e-08
1.987706677303265276e-08
1.829061559945450551e-08
1.797947045579251121e-08
1.665149790096164998e-08
1.541511556289879540e-08
1.466094341511555263e-08
1.428234094538217863e-08
1.254634534239897487e-08
1.164103600057929746e-08
1.055305118713281353e-08
1.037651253351345180e-08
1.012061023303807004e-08
9.591224798718945565e-09
8.940795491800752289e-09
8.709482658556357511e-09
8.294062688550015239e-09
7.898852332216422710e-09
7.354593304129285361e-09
6.964888525229919268e-09
6.569814228240966622e-09
6.222698868796569006e-09
5.949948029172236873e-09
5.583805389849545683e-09
5.467710904552739442e-09
5.207691782937442332e-09
5.152963720219596171e-09
4.917203284001633523e-09
4.783229420925188834e-09
4.486134721015649612e-09
4.444087595309729347e-09
4.222951933479975200e-09
4.135409908489196078e-09
3.980691046184110117e-09
3.838737036552485296e-09
3.815818377163485579e-09
3.698594872173067292e-09
3.617237523861811314e-09
3.510409465510559939e-09
3.441309359115708793e-09
3.414965795811329174e-09
3.163288676817393699e-09
3.033243717965007261e-09
2.939358340870953893e-09
2.861591473283203487e-09
2.606737787269518896e-09
2.501875845676064690e-09
2.450101777339638791e-09
2.274263297711428005e-09
2.169575380318626626e-09
1.995320572082913520e-09
1.864208167691511825e-09
1.847082895867838781e-09
1.793660313938818517e-09
1.667107487621186169e-09
1.591266782583004177e-09
1.546366715022546518e-09
1.416753424977527105e-09
1.302725830990443052e-09
1.239241556752182315e-09
1.152411492452730282e-09
1.076230687795834039e-09
1.031824913755001501e-09
1.014713352132633475e-09
8.728857144139035662e-10
8.234361612712669567e-10
8.059980035785049167e-10
7.533221729956258917e-10
6.919596711370349585e-10
6.746144643270944100e-10
6.344217753343933610e-10
5.861215228749769444e-10
5.441885011978971107e-10
5.358781821870254970e-10
5.122012252916192442e-10
4.957674593187545121e-10
4.903123773567911805e-10
4.726121934417792285e-10
4.688044933846306629e-10
4.643051469056780880e-10
4.610339381972857766e-10
4.552533024684992383e-10
4.471271985462471573e-10
4.414848229787464301e-10
4.322171988917242550e-10
4.243608124097516186e-10
4.166284911822884038e-10
3.909320004072054852e-10
3.763926495535188697e-10
3.475321982936699293e-10
3.381752316193565070e-10
3.240805818439148121e-10
3.157040116126169164e-10
2.991838794994504303e-10
2.962224484699889315e-10
2.785554601981286350e-10
2.715980013402249701e-10
2.511001722143553900e-10
2.463051645617290745e-10
2.265182831851302921e-10
2.188351739622226452e-10
2.074440219605170328e-10
2.004972683386913301e-10
1.961730134458378202e-10
1.819376994013801805e-10
1.744759009014419279e-10
1.709970151672406104e-10
1.621112072202251301e-10
1.504552595491009469e-10
1.478935774162740771e-10
1.420124292823663052e-10
1.332601770793532513e-10
1.305934619024352939e-10
1.201021664753876522e-10
1.162095414726829957e-10
1.116313554826070321e-10
1.050535285247504780e-10
1.002974006684373670e-10
9.930197195040280295e-11
9.740797871092433117e-11
9.104778502750811672e-11
8.937441525580005318e-11
8.698886814065476793e-11
8.380146945448805345e-11
7.970249017703303596e-11
7.714862600373733925e-11
7.283832769970719561e-11
6.847149928440962940e-11
6.573412807173002057e-11
5.924637144055481207e-11
5.195378114553953098e-11
5.114322807635242785e-11
4.967638843403198676e-11
4.609647549740278750e-11
4.462404199655363973e-11
4.229512621283193285e-11
4.021118374380832942e-11
3.780983140070958794e-11
3.682035242208082237e-11
3.341494796672140997e-11
3.230074989974117407e-11
3.077704238797044934e-11
3.006371735990589450e-11
2.820916106371503657e-11
2.614435302336504308e-11
2.518507760414803389e-11
2.448137523309329072e-11
2.396757391078842646e-11
2.197162917976179170e-11
2.062379751959308507e-11
1.827861369793507438e-11
