9.965033773350141511e-01
9.923131123856354652e-01
9.867140350001682991e-01
9.800458009867816234e-01
9.723668455144951484e-01
9.635982282290915801e-01
9.542375863677562409e-01
9.448940896448412285e-01
9.354158627646944613e-01
9.260027323363750895e-01
9.167999423124323366e-01
9.078403029884664077e-01
8.989813750374369139e-01
8.901452557300785218e-01
8.815722700907320242e-01
8.726557288976772853e-01
8.634474931716180635e-01
8.536534319022760497e-01
8.441467011828732714e-01
8.340527142490313794e-01
8.234215916645190037e-01
8.128170482044563272e-01
8.014700392860649725e-01
7.908300848433416075e-01
7.801932429108634492e-01
7.693290967657187007e-01
7.586874666795322408e-01
7.479512240521766220e-01
7.369862661008623750e-01
7.258902374394382573e-01
7.149098897979290212e-01
7.036043563638825216e-01
6.928407199499236890e-01
6.824250648479913695e-01
6.725124870033943880e-01
6.625006605657082215e-01
6.529717583100662637e-01
6.436521743621553826e-01
6.340132280658057340e-01
6.243914962342906882e-01
6.145969066751031384e-01
6.052490714772963409e-01
5.955419887527996226e-01
5.856969536916503127e-01
5.760354226719308635e-01
5.664263776260219929e-01
5.568335670541796345e-01
5.472457578587988092e-01
5.376960016616457727e-01
5.279562647673531339e-01
5.182395657594770499e-01
5.084927001811755387e-01
4.992920417039536929e-01
4.897791525814129132e-01
4.800098876091137279e-01
4.700513450852191188e-01
4.596803168582065946e-01
4.496400195582159198e-01
4.392899337875105226e-01
4.292490647170501550e-01
4.187444214094693251e-01
4.084598159002634232e-01
3.988491979669039900e-01
3.891280337238841036e-01
3.792615631776401486e-01
3.687981992840898560e-01
3.584288061104313750e-01
3.478282526998468516e-01
3.376570561481149757e-01
3.269471058518450546e-01
3.163374925926257797e-01
3.052593550009112811e-01
2.946377428495148831e-01
2.845343671704274047e-01
2.740508404987115343e-01
2.641191144745735353e-01
2.545989408249869079e-01
2.456250045464397069e-01
2.370072888022567992e-01
2.289047433447365942e-01
2.210580026453076719e-01
2.131721467520396041e-01
2.055884559419853541e-01
1.981577807385176415e-01
1.906907141538679851e-01
1.830851191344428364e-01
1.758837042282269669e-01
1.696218256177777495e-01
1.636394561617340870e-01
1.583783544167267909e-01
1.531425056439990884e-01
1.480407329313681852e-01
1.431663283598093861e-01
1.386525074347135789e-01
1.344568208472256832e-01
1.305023151078469890e-01
1.269167586940425085e-01
1.233508799228745928e-01
1.198602387402494251e-01
1.164575127174489466e-01
1.130010538298477224e-01
1.096272435325278821e-01
1.063586409465513416e-01
1.029997495010009229e-01
9.975123916341979702e-02
9.668588418702485365e-02
9.390865275259259459e-02
9.132095316288277309e-02
8.878196624678130755e-02
8.623652998028724648e-02
8.374335014817976819e-02
8.138412856902708936e-02
7.923504073252453372e-02
7.720743379363163850e-02
7.525784642208994957e-02
7.335377119091684994e-02
7.136593444814562370e-02
6.950085066832990821e-02
6.782571461553385528e-02
6.630625412539786767e-02
6.477705322619098371e-02
6.327474017761014480e-02
6.177283098877323075e-02
6.020205559188558653e-02
5.863114542521175726e-02
5.719709366378489257e-02
5.590667336537204907e-02
5.476034345970007960e-02
5.353368906919472869e-02
5.225896932562203862e-02
5.102573127936787384e-02
4.988798958137082712e-02
4.878107346794827853e-02
4.767912046219675848e-02
4.659845726374216290e-02
4.557118272993283814e-02
4.455986486450908696e-02
4.350904111938469487e-02
4.244761440739459879e-02
4.140456874038320884e-02
4.033695985010835039e-02
3.925658935690801848e-02
3.821386390635946040e-02
3.718520676311456302e-02
3.618303064750495734e-02
3.521159690945736831e-02
3.426377626136719451e-02
3.333213527347340249e-02
3.242565057988500143e-02
3.149409450017168904e-02
3.058901422628132472e-02
2.974017613203828667e-02
2.892098722842579434e-02
2.816342794928111681e-02
2.747405006874449260e-02
2.679333121799295711e-02
2.609545530960326667e-02
2.541221446258870240e-02
2.471247361307751800e-02
2.403564033835344296e-02
2.337102615514650636e-02
2.276807565581515785e-02
2.219693241013315915e-02
2.158743854437657900e-02
2.101274626797002346e-02
2.041835546211559840e-02
1.984390309886990139e-02
1.929773387336050638e-02
1.876663404853448625e-02
1.824684232348678173e-02
1.774287710632419315e-02
1.725158569874701148e-02
1.677320471218172321e-02
1.633497167269675268e-02
1.595771366635554203e-02
1.556411180068342781e-02
1.517399843026622820e-02
1.480280870902053562e-02
1.446246639132942047e-02
1.413472912289339724e-02
1.380993161477365658e-02
1.351706949366219407e-02
1.324944554601548315e-02
1.299546787801495080e-02
1.271408244603082494e-02
1.241775533265835479e-02
1.212960075102876081e-02
1.185359770425897970e-02
1.159571683608461370e-02
1.134387119176041153e-02
1.108065153112292381e-02
1.082540915457097519e-02
1.056627429011700904e-02
1.032348425056864825e-02
1.008444636013810201e-02
9.850869198428651927e-03
9.626377638060049438e-03
9.417608210130242255e-03
9.197831969673248009e-03
8.972272105310385298e-03
8.758880379622501974e-03
8.563523746641011139e-03
8.367242370166111734e-03
8.160091571415511655e-03
7.964842997882783104e-03
7.784733443489439027e-03
7.602109662653072295e-03
7.422690919680024861e-03
7.243495362730032611e-03
7.070818122827321646e-03
6.915967500707225976e-03
6.772935557507255531e-03
6.630920290815630475e-03
6.479621436680233285e-03
6.332306813443191497e-03
6.189117835568714969e-03
6.049920423160372492e-03
5.913331342258820213e-03
5.774275352154574319e-03
5.641940046819335537e-03
5.527182092521432631e-03
5.412448736262968386e-03
5.286485226147920324e-03
5.163466379739564682e-03
5.044891308599077848e-03
4.922312178264448210e-03
4.793819461034621449e-03
4.666833518295198865e-03
4.542474528484816143e-03
4.418681110652944097e-03
4.292227520607138150e-03
4.167254206479119837e-03
4.045869671450378485e-03
3.939098613233104305e-03
3.839168042436451062e-03
3.737710929903760321e-03
3.635164161341653769e-03
3.543361945752980351e-03
3.454635963813466708e-03
3.368380875043465016e-03
3.283678830566840942e-03
3.200319049644761472e-03
3.109177746055419994e-03
3.018726713257692713e-03
2.933040933334881209e-03
2.854865537183131144e-03
2.780270494785792249e-03
2.708508961692113193e-03
2.638237472092085784e-03
2.568606770265719885e-03
2.500216760040545241e-03
2.433281859072665247e-03
2.367804074960180253e-03
2.306678133772087531e-03
2.248696736685682623e-03
2.184853261776670275e-03
2.119069256219966585e-03
2.054151298376021093e-03
1.990742788026090334e-03
1.930163451169019610e-03
1.868700630097705614e-03
1.803501082940638404e-03
1.744906177871254896e-03
1.691480110789622682e-03
1.638527123434321223e-03
1.588361394158820973e-03
1.539103815127485474e-03
1.494066227959184355e-03
1.442502521304765218e-03
1.389081148544083844e-03
1.339647684339126616e-03
1.292769588139067649e-03
1.247010222157062496e-03
1.203162314545834282e-03
1.163590566205652830e-03
1.127531195163442674e-03
1.091589969174064584e-03
1.056787962836209420e-03
1.023703528589612558e-03
9.877652154158022071e-04
9.534367588166733389e-04
9.232863119033182190e-04
8.929142208911011692e-04
8.621902962912029273e-04
8.329843423574379100e-04
8.068967183709208893e-04
7.840081374433141006e-04
7.602980969236653461e-04
7.371769661253799785e-04
7.143851759964875642e-04
6.928761669206386998e-04
6.716757352885074309e-04
6.510705207724727921e-04
6.326063356748673179e-04
6.134373302056492705e-04
5.948962015707657527e-04
5.777860808224958861e-04
5.619549626561350705e-04
5.466602107193243958e-04
5.316448023222859276e-04
5.174853028296784712e-04
5.038346628450083610e-04
4.898162635188549720e-04
4.758178299661835770e-04
4.617650387964138841e-04
4.483293933085243902e-04
4.360676648542699432e-04
4.247488464235181006e-04
4.124074939721563077e-04
4.003015931463213811e-04
3.884838793362975300e-04
3.777153148396004468e-04
3.675819561284881945e-04
3.578197651692532053e-04
3.481264767700952803e-04
3.389987886933081137e-04
3.299940586021764006e-04
3.213851654553018440e-04
3.133794579049017904e-04
3.060475236084633289e-04
2.989800213011489013e-04
2.918722942085151756e-04
2.847650849130330683e-04
2.778163718321556802e-04
2.712950906328746967e-04
2.649321527829907983e-04
2.588790772950660718e-04
2.527964995271277343e-04
2.470538475514113858e-04
2.413798575423279811e-04
2.357108221250355342e-04
2.304234096812391277e-04
2.258301996855530569e-04
2.207215075277484009e-04
2.155683783178661498e-04
2.110824990276554574e-04
2.069841572304781038e-04
2.027825137565014094e-04
1.986157923784148845e-04
1.942831570902668571e-04
1.899343628394491613e-04
1.856670745598417089e-04
1.814224454950372483e-04
1.778719358088573174e-04
1.746278962799067990e-04
1.710199644147246314e-04
1.673841125641773754e-04
1.641582403774400625e-04
1.611216456759691435e-04
1.575865288768428518e-04
1.542576163793929575e-04
1.513651757219822787e-04
1.484790328955288023e-04
1.453118654263782028e-04
1.423300500680250308e-04
1.397806915619515780e-04
1.370979670508126974e-04
1.342290050465756572e-04
1.316183611202708520e-04
1.292414198034740926e-04
1.269137572878580825e-04
1.244815803725261502e-04
1.220113427233167482e-04
1.197298608549123434e-04
1.172400067862453216e-04
1.144809589805694216e-04
1.116706612316350453e-04
1.089175756117782270e-04
1.061147228320183692e-04
1.032933413097600518e-04
1.006417333089001758e-04
9.809655866600870840e-05
9.551697560341825400e-05
9.315135900309473832e-05
9.054045123623602281e-05
8.767472419976312032e-05
8.471997999473304133e-05
8.193991265554262740e-05
7.943588196121754649e-05
7.715694761263207141e-05
7.496587596089433975e-05
7.276044586548164868e-05
7.068549433002217937e-05
6.865921841978107605e-05
6.671540650419625820e-05
6.474783313261169568e-05
6.283677439996723996e-05
6.107624724387922884e-05
5.947061645831340352e-05
5.781382407542033977e-05
5.605257144181070476e-05
5.427094898431157063e-05
5.255414188627754665e-05
5.083448753428985040e-05
4.925646760069041095e-05
4.769379666050856364e-05
4.623056424723812172e-05
4.473669113461543298e-05
4.324962325715408975e-05
4.176212141840080996e-05
4.043516766292487970e-05
3.915125265882574433e-05
3.793869828539726634e-05
3.675016879178311422e-05
3.564554260322989995e-05
3.450468829856220951e-05
3.335553702467849188e-05
3.220761305451976555e-05
3.115546351321005507e-05
3.017772561024936509e-05
2.937652776253772742e-05
2.871798667957786770e-05
2.801241785819869092e-05
2.726545632905517103e-05
2.663345366832426550e-05
2.598933774654070417e-05
2.528107299903463356e-05
2.455543117892247966e-05
2.385846608814549331e-05
2.322930368449091225e-05
2.257957098519807937e-05
2.186990048330521793e-05
2.117041357636455018e-05
2.053072778786282747e-05
1.995827435691414477e-05
1.939891063483364911e-05
1.883132312937194314e-05
1.835046557628749607e-05
1.785104548711041180e-05
1.727659393079036444e-05
1.671828704187246721e-05
1.622809954864381127e-05
1.582163454062624343e-05
1.538655983132019526e-05
1.497567038257265522e-05
1.460716115332431335e-05
1.427118584673704186e-05
1.394464777689394582e-05
1.360263452256106497e-05
1.327755653669640553e-05
1.299438170172895492e-05
1.270679528732231000e-05
1.243265562877865618e-05
1.216236182959299181e-05
1.187300384615268473e-05
1.159018670116691075e-05
1.130505453248580071e-05
1.101926743324704523e-05
1.076580834279884132e-05
1.053564455890572856e-05
1.034459431163607032e-05
1.015616299143573954e-05
9.957387109545156635e-06
9.760457659753261122e-06
9.575378496318641693e-06
9.378269642241261506e-06
9.194945327267772990e-06
9.027780491394640113e-06
8.860688380852296749e-06
8.691067478055648025e-06
8.513851757357044863e-06
8.341446794909758704e-06
8.172341568437549797e-06
8.014681571533640775e-06
7.875702021837714168e-06
7.740209105936349520e-06
7.597651958106561527e-06
7.455504586802454804e-06
7.318715106967243301e-06
7.199029209871753173e-06
7.079411739071071838e-06
6.949632305832697025e-06
6.828499671779075605e-06
6.713700018122755030e-06
6.595199160355792271e-06
6.482842349490933724e-06
6.372575638637889201e-06
6.253732742211016577e-06
6.130928436343644078e-06
6.012871499158868348e-06
5.897457797228088164e-06
5.772652614445837557e-06
5.653936814586139295e-06
5.541765648749396241e-06
5.441462707424644558e-06
5.333398135453672703e-06
5.216407481251245295e-06
5.105688435437216982e-06
4.997482896353886775e-06
4.879667071072910619e-06
4.756697475900922000e-06
4.647208188700404562e-06
4.533070765837910821e-06
4.412196964247479603e-06
4.297579185771069690e-06
4.195368610249906853e-06
4.079360235539917568e-06
3.953124837219149123e-06
3.835057338980724356e-06
3.732522665323192832e-06
3.636225105388491160e-06
3.516483830411896581e-06
3.391445505158981359e-06
3.272369878470315468e-06
3.166642441121192626e-06
3.061673217713061123e-06
2.941341735385627413e-06
2.816534115208394067e-06
2.699793843088652772e-06
2.596487018974002088e-06
2.487158115746301972e-06
2.379943829683648691e-06
2.281289038586540583e-06
2.178646323299581359e-06
2.072082012108047949e-06
1.978189806930231533e-06
1.895793294262194968e-06
1.811173044130535998e-06
1.734373830192218042e-06
1.656464364831683280e-06
1.572184997247009056e-06
1.486307632447077766e-06
1.407420075873328390e-06
1.336727077080144475e-06
1.272812280094749091e-06
1.211150117128161740e-06
1.152945388848264013e-06
1.101270465034941016e-06
1.053447193672009188e-06
1.005997669426193836e-06
9.637181590830737045e-07
9.277421456715050824e-07
8.878800648071522017e-07
8.489256807050125393e-07
8.148497969857234969e-07
7.842093687841678985e-07
7.556243403266762618e-07
7.281402409982744165e-07
7.023282338192482142e-07
6.781273218051296130e-07
6.553067002152924320e-07
6.336560062467372449e-07
6.126186130354573687e-07
5.927105490413142416e-07
5.754476184472010728e-07
5.556284368306133699e-07
5.355594810072559846e-07
5.167229832012349165e-07
4.991233671375480622e-07
4.830268065147556986e-07
4.671801535948165036e-07
4.521841836411149991e-07
4.368431696778011581e-07
4.203550489614151877e-07
4.036791848503760046e-07
3.884012152170383993e-07
3.755854001747759640e-07
3.624397785440547118e-07
3.494029540750214044e-07
3.377637339250940384e-07
3.270967978080669291e-07
3.159512465708583713e-07
3.048952500515135380e-07
2.955594884035369548e-07
2.873513066633627613e-07
2.778218072741124341e-07
2.682431233335101949e-07
2.587867528086113476e-07
2.498607737095363523e-07
2.415057079731493649e-07
2.333524497269660252e-07
2.256903537981196678e-07
2.189712030820394598e-07
2.125577235392533260e-07
2.061392572669733199e-07
2.006762978624464936e-07
1.957451988335973772e-07
1.906891164481021525e-07
1.854706398875972965e-07
1.801010235427403412e-07
1.751746357562578603e-07
1.706160813676615329e-07
1.660114166219763365e-07
1.612652408280597588e-07
1.566799637213538999e-07
1.527705053648408500e-07
1.488272323546977542e-07
1.444553522059762164e-07
1.403974163680758214e-07
1.364291155822215997e-07
1.326747082255369364e-07
1.290853966646290091e-07
1.256854042439032826e-07
1.228561641943326096e-07
1.200085102475391275e-07
1.168301239530198017e-07
1.136512735587560973e-07
1.105033311963758967e-07
1.076248819978849137e-07
1.048602702676793791e-07
1.022201753932641999e-07
9.976635204302093690e-08
9.746331737320455862e-08
9.522543791469574337e-08
9.296537010255135538e-08
9.082104632829630984e-08
8.881038945994118736e-08
8.682850411535192812e-08
8.508744051757807371e-08
8.339120632986974338e-08
8.147163892265480501e-08
7.946373732341274507e-08
7.755243244720921330e-08
7.550367193618488218e-08
7.351411740122649055e-08
7.183216334178573510e-08
6.997331012595057013e-08
6.796899929631357973e-08
6.600111202329779259e-08
6.413005418893330933e-08
6.231315726641331297e-08
6.064977328975881513e-08
5.900466413502624678e-08
5.730149180852029713e-08
5.558221595216414886e-08
5.396901565956821743e-08
5.252072986417267936e-08
5.095207058566107347e-08
4.929688861173568338e-08
4.779008704181015282e-08
4.635157016113379632e-08
4.492645463507160836e-08
4.355526034885805535e-08
4.221648701242918150e-08
4.085067291581676826e-08
3.972778955129407944e-08
3.864008753883305299e-08
3.752505348182279441e-08
3.645577606681211963e-08
3.545008674989468352e-08
3.451110728186576567e-08
3.359403269334390104e-08
3.277303325172642509e-08
3.203979722927275976e-08
3.134240011487780995e-08
3.068447245628116080e-08
3.005420672387052371e-08
2.940721477811816661e-08
2.877022307481413261e-08
2.816686234888589193e-08
2.755770187895432849e-08
2.702048658245581620e-08
2.650913041121140540e-08
2.603807798780591153e-08
2.554774332131064496e-08
2.506513278887369194e-08
2.462803471046021505e-08
2.422449339854165826e-08
2.379760323206792456e-08
2.339270550695542447e-08
2.300401145114591305e-08
2.262501045079806381e-08
2.222221666688072720e-08
2.181624654317875760e-08
2.141981275936554893e-08
2.108863280381138011e-08
2.073912525053207468e-08
2.035549067387403823e-08
1.996164859619094329e-08
1.957348172442176544e-08
1.920617483469776123e-08
1.884650680080496410e-08
1.853609855365719594e-08
1.823743231095290722e-08
1.789603609504381849e-08
1.753533132828276685e-08
1.721870871788824561e-08
1.693454825516491395e-08
1.664767078527806001e-08
1.635065281042546396e-08
1.604935891723737912e-08
1.572988801032442497e-08
1.540716739128796903e-08
1.508538672638468416e-08
1.480035037215762274e-08
1.452708098609116578e-08
1.422723802094889863e-08
1.393717508202708803e-08
1.365563965050385732e-08
1.336980752099162690e-08
1.310325356343382561e-08
1.286683499247754409e-08
1.260371756410292655e-08
1.233163177347345523e-08
1.205641024997822841e-08
1.178712792525314019e-08
1.153042498532779571e-08
1.128209021968108053e-08
1.105548687202274338e-08
1.082253444853008684e-08
1.059560748577085069e-08
1.039321442169237780e-08
1.016707433452641439e-08
9.941350208226700241e-09
9.722401479539032330e-09
9.503894981187465954e-09
9.288327912079783847e-09
9.059343542112450454e-09
8.825668318816513559e-09
8.618029002925942097e-09
8.399735469675746515e-09
8.157355630277322451e-09
7.933824026911203132e-09
7.711509477911100262e-09
7.501892856140924049e-09
7.282647101266817780e-09
7.044305186148670977e-09
6.797232562438058542e-09
6.563328141437071948e-09
6.339047908412113428e-09
6.123686250197218076e-09
5.907190487426555976e-09
5.702226599550387443e-09
5.515803673266217288e-09
5.315377340374655372e-09
5.134753432494924435e-09
4.936456106528398214e-09
4.724247906635089748e-09
4.512947098260262278e-09
4.312481697459565080e-09
4.136276152098333175e-09
3.959161386607511031e-09
3.790881747650405240e-09
3.618567131098791241e-09
3.442037250564936843e-09
3.289414484895860587e-09
3.150465237562223949e-09
3.013830354891707327e-09
2.893822023289847165e-09
2.769654870840416150e-09
2.634223056007448590e-09
2.515453948869533669e-09
2.407050830192236828e-09
2.292576328131351791e-09
2.179286200867716451e-09
2.081774648127280228e-09
1.996770009140846546e-09
1.908041105927020299e-09
1.824711486587803064e-09
1.754679843397276368e-09
1.681818915797263883e-09
1.612339985860233584e-09
1.546177063034092762e-09
1.482976719609391718e-09
1.426685763638056651e-09
1.370005829557869628e-09
1.312181596524986955e-09
1.255533019043639953e-09
1.202884524929949260e-09
1.157460301978620311e-09
1.115119395495276941e-09
1.074081755332362967e-09
1.037047888548190038e-09
1.001705440622064017e-09
9.689759943101631568e-10
9.411079729659420346e-10
9.128808702103607187e-10
8.875059684433492847e-10
8.652479334251924450e-10
8.440978837826563859e-10
8.234988329904801768e-10
8.034970334348185564e-10
7.859476222418304862e-10
7.693752395236805315e-10
7.540243082135509728e-10
7.400128776548207676e-10
7.271434120634312218e-10
7.131896572837624453e-10
6.991379783749500484e-10
6.858661319065542808e-10
6.741822161812522600e-10
6.623194103601212503e-10
6.502106945480822446e-10
6.390317167811654317e-10
6.268801388870086475e-10
6.150747562922107094e-10
6.038669653874313693e-10
5.924368446717392476e-10
5.804642200096986517e-10
5.699162222845894589e-10
5.596336448987578118e-10
5.493240160266692992e-10
5.395575061115380069e-10
5.290466651131193062e-10
5.185277151809130055e-10
5.088716078592986139e-10
4.993625796985942400e-10
4.900555525276844428e-10
4.805948599095871224e-10
4.710275604891211644e-10
4.612047065500404015e-10
4.522988276606110518e-10
4.448161914876839241e-10
4.373624422019794918e-10
4.285396418172347936e-10
4.200337153191646424e-10
4.118233719336838324e-10
4.034984895579621220e-10
3.949516997298850913e-10
3.879729883725378479e-10
3.804675539029127798e-10
3.718795194939098537e-10
3.637602743703018082e-10
3.557330856737293673e-10
3.470371550479530207e-10
3.385115063894434367e-10
3.307410616419309796e-10
3.238148048874293967e-10
3.164169747050499825e-10
3.088494853754061548e-10
3.011762061172940893e-10
2.936707774575562563e-10
2.864769984452999274e-10
2.792766674264282132e-10
2.723387345117820404e-10
2.654812109530424608e-10
2.587419764743895610e-10
2.523336541104727096e-10
2.460472734612251712e-10
2.391026807927146100e-10
2.321137459755221144e-10
2.254151672799161524e-10
2.182248112664139005e-10
2.107563058959634825e-10
2.035165365199505619e-10
1.964511077139981130e-10
1.899562468374570136e-10
1.835303335404913315e-10
1.774180323665891746e-10
1.718720148226995000e-10
1.658886515977795553e-10
1.598652341691033127e-10
1.544381186028222157e-10
1.494634984428900096e-10
1.447887824595449776e-10
1.405262338233168729e-10
1.361047375968608707e-10
1.315928063223926735e-10
1.275386357969001672e-10
1.238906585724546630e-10
1.201442428852646060e-10
1.161964924907673311e-10
1.123762755735397065e-10
1.090229153176985129e-10
1.060921983497850394e-10
1.030956955531674326e-10
1.002479492884359552e-10
9.776001375772518527e-11
9.567205732205761056e-11
9.313282922444155600e-11
9.057468051017704968e-11
8.819274929850855641e-11
8.579200161135518697e-11
8.329817156511457895e-11
8.115070440524776796e-11
7.893135748392681199e-11
7.665494417236303556e-11
7.455395598272360875e-11
7.244394658678517676e-11
7.017590040033150124e-11
6.814960149989604463e-11
6.648912459287286963e-11
6.475904905398925608e-11
6.289906452063864434e-11
6.118864916068805371e-11
5.969325119675108559e-11
5.813149658506823490e-11
5.644815845941012739e-11
5.471117228157634751e-11
5.305162683901686465e-11
5.168868714946922583e-11
5.036069701995013221e-11
4.875111669494331697e-11
4.712929753216738805e-11
4.564016164307307789e-11
4.424712339029917083e-11
4.285805403043776724e-11
4.152094456321008729e-11
4.019271217559330008e-11
3.893000745029217346e-11
3.768744449039071652e-11
3.638893125346161358e-11
3.514923355758030383e-11
3.400964962923822907e-11
3.290604544329121881e-11
3.180419644271035463e-11
3.078079554179058595e-11
2.981130489257637592e-11
2.880902265740001418e-11
2.775111505811794747e-11
2.674178131520857538e-11
2.587098894641791779e-11
2.499884526203613539e-11
2.411974078854584147e-11
2.336356561937272894e-11
2.256887097579949702e-11
2.168994839743380541e-11
2.081160392281783751e-11
1.996475524310556100e-11
1.920829829200738094e-11
1.849868288841689916e-11
1.783835945638821371e-11
1.709895989478556491e-11
1.633284649740243823e-11
1.566239568023024192e-11
1.507891580918945531e-11
1.447606468999584129e-11
