8.463943976767070998e-01
8.111568982322062693e-01
7.810887037752948237e-01
7.167634083501345232e-01
6.243367370380931147e-01
5.698725280737829690e-01
5.440861222910626793e-01
5.029828657464796571e-01
4.650034234132816580e-01
4.343493515256810489e-01
4.091303133242624179e-01
3.710755363314007793e-01
3.382898057865586505e-01
3.119901530874690798e-01
2.844765946394536837e-01
2.589287198745636731e-01
2.392139569474128757e-01
2.214764842646571308e-01
2.031006714820616788e-01
1.869352003350255309e-01
1.729687824528933493e-01
1.656308334626344914e-01
1.549717450980078459e-01
1.390005928574892524e-01
1.261387971677173647e-01
1.130236995424117180e-01
9.781355707313656167e-02
8.286447523269090121e-02
7.059023047449675126e-02
6.379836534976161821e-02
5.614282267672737747e-02
4.899095556395510753e-02
4.415371738349397474e-02
4.021404172029559299e-02
3.689072712167385665e-02
3.337663297726957412e-02
3.056333303075684307e-02
2.728889754877691226e-02
2.558077790188136719e-02
2.406550306637338793e-02
2.160616841806034874e-02
1.955857437868476628e-02
1.835758466927913529e-02
1.687756928754926070e-02
1.539064317093806131e-02
1.417569163054109571e-02
1.325444001827857585e-02
1.215342675254085444e-02
1.083991913397155081e-02
9.913772925458880919e-03
9.257847142099179250e-03
8.487834816325055820e-03
8.128834514730422928e-03
7.523614024012264916e-03
6.944678355309108660e-03
6.340930447656584375e-03
5.783838689588409292e-03
5.567985553270161578e-03
5.075082019147019764e-03
4.472840797458131276e-03
3.962133246012074922e-03
3.376298123834366605e-03
2.840218300197164258e-03
2.439851943016661980e-03
2.072066020161678328e-03
1.806344922894884955e-03
1.597021326974686810e-03
1.396112857268908122e-03
1.236022313962092034e-03
1.099085519509226515e-03
1.059131169014370039e-03
9.463203526414125507e-04
8.728174692185845752e-04
8.212739084821236990e-04
7.822437181783788119e-04
7.288959762459036899e-04
6.771432865665561341e-04
6.446120670987642897e-04
6.059763808538717010e-04
5.779529735061827425e-04
5.329580700350618856e-04
4.815008081861086881e-04
4.315360522981978868e-04
3.932341590355815887e-04
3.406001098495720233e-04
3.022996281868969913e-04
2.654755538777176047e-04
2.229225985574138566e-04
1.847660690619523638e-04
1.662559935069859898e-04
1.538435700418549167e-04
1.322344987222168796e-04
1.104133211968736652e-04
9.970914506188001934e-05
8.878891316236303124e-05
7.830736897508776858e-05
6.858034396352737626e-05
6.092631576194988441e-05
5.411837433231056352e-05
4.865497315441101665e-05
4.593587737173028074e-05
4.191026564962304382e-05
3.778664252450602651e-05
3.573505504982371091e-05
3.261261540076265583e-05
3.028813001362594558e-05
2.655745940773627246e-05
2.547479532903132912e-05
2.198963882728323325e-05
1.981060395140052307e-05
1.811970615011800439e-05
1.613691702028255742e-05
1.483473820080290518e-05
1.372788772021082970e-05
1.282946650332886635e-05
1.133133073473989020e-05
1.058227711458881165e-05
9.311806574509082750e-06
8.575046596025911690e-06
7.300319719920985984e-06
5.925404887112550872e-06
5.272876657407748400e-06
4.586350117051528440e-06
3.966175561666306610e-06
3.823866925306238956e-06
3.394968698779071954e-06
2.982434097830210388e-06
2.714350997135985865e-06
2.403664446363833632e-06
2.119590517382070952e-06
1.932079541125614036e-06
1.782804394623682595e-06
1.639997277949446791e-06
1.412074540930413993e-06
1.257189011229042006e-06
1.062766407302832724e-06
9.638137043105442372e-07
8.090136004798702098e-07
6.808964889391442677e-07
5.915130512498191169e-07
5.179295149733389702e-07
4.558906268951139609e-07
4.207739809954755903e-07
3.832532512137802977e-07
3.383638513891653308e-07
2.887294856339729829e-07
2.618242476051094834e-07
2.317933482065170698e-07
2.098890266713813387e-07
1.815477778111697482e-07
1.686221929319761320e-07
1.404634373413605003e-07
1.222117661518063376e-07
1.099283920439066238e-07
1.004159657075227788e-07
8.712488723672108657e-08
7.806944913951309936e-08
7.122683569157368519e-08
6.536348044509497729e-08
6.160556293122766675e-08
5.600930991007902369e-08
5.390183726568548888e-08
4.987770374531016622e-08
4.521181527972565477e-08
4.099696015528010509e-08
3.612291422487628667e-08
3.119363426523545388e-08
2.834031128889625763e-08
2.413613670242099298e-08
2.104759414095548453e-08
1.767034014568356358e-08
1.565701213659273461e-08
1.356048343751368855e-08
1.277509198931122320e-08
1.107050214633176629e-08
1.005417070684163737e-08
9.210273797165376792e-09
8.370501067523285179e-09
7.309576592055402178e-09
6.837086825752660980e-09
5.680660759931919500e-09
5.154123258799336202e-09
4.470990034516910326e-09
4.202097653849504878e-09
3.727765034208026831e-09
3.261673218510133401e-09
2.603540894612218807e-09
2.069563399954639364e-09
1.767687661839522960e-09
1.514330293556353578e-09
1.333942098655609091e-09
1.179702164098376852e-09
1.024163121101426089e-09
9.070695938960460022e-10
7.575506278614964239e-10
7.354819180871591019e-10
6.472778062452305654e-10
6.078608296318451570e-10
5.591870886756532050e-10
4.986494587149171224e-10
4.716442876759277285e-10
4.130044500967646661e-10
3.680721087545783535e-10
3.477950312537869327e-10
3.161168895262710694e-10
2.760459559591747700e-10
2.459612189286482879e-10
2.209548516875036043e-10
1.935154864164488998e-10
1.840322302770486281e-10
1.668605290667873069e-10
1.505483217040647237e-10
1.413813332426218393e-10
1.250696229479496176e-10
1.180291069728945709e-10
1.041779899111397467e-10
8.289436693987586484e-11
7.448603778025006756e-11
5.997296292805895048e-11
4.946713584869729799e-11
4.094920495752686502e-11
3.520531756364430571e-11
2.774918988505548819e-11
2.359461973973285869e-11
1.942400046149512530e-11
1.581109498143860695e-11
1.335767837030456212e-11
1.129712757281282880e-11
