7.790482397405313897e-01
7.465868924419384323e-01
6.936755316027682916e-01
6.279572029898593533e-01
5.504221860236905295e-01
4.875004182759871130e-01
4.128354607185540370e-01
3.319514006959339292e-01
2.802028184227911001e-01
2.338768004120564126e-01
1.965286412537357308e-01
1.660793400290261901e-01
1.375486495425993771e-01
1.114902927445117903e-01
9.282591807105457227e-02
7.664395052485667437e-02
6.013307866945858532e-02
4.845527226548236588e-02
3.718751715046774570e-02
2.836686998877012769e-02
2.242611738866170934e-02
1.781563730567064727e-02
1.572998400527898452e-02
1.349453583109053341e-02
1.045367420671520359e-02
7.791496746639583679e-03
6.218957442363400902e-03
5.433838171592811871e-03
4.461052609543692503e-03
3.562677846649726227e-03
2.914818210132961822e-03
2.388095254979747187e-03
1.908278420714652800e-03
1.461244526329796367e-03
1.141383547239901985e-03
9.383799921768887524e-04
7.732707512544665686e-04
6.571334298035905706e-04
5.826173754241853464e-04
5.088268785829659115e-04
4.653032513106193689e-04
4.200946561471448977e-04
3.415168335837848309e-04
2.712788870927774500e-04
2.219702098357565628e-04
1.794025345320796787e-04
1.453223637130057874e-04
1.302858732903857558e-04
1.186235461975394736e-04
1.046904328581239261e-04
8.666565973673751478e-05
7.018281638692382910e-05
5.710137422054385639e-05
5.007270530717041954e-05
4.225195039981136677e-05
3.445800100441160220e-05
2.726626422815585447e-05
2.244307967527756038e-05
1.928942184598746748e-05
1.490982362081941425e-05
1.198567642573561233e-05
8.743520468857296805e-06
6.518840732798343066e-06
4.931948459431774069e-06
3.918070905872342753e-06
3.035697025804149906e-06
2.570898176031186879e-06
2.131269277627187316e-06
1.641777219366441645e-06
1.235906752345720340e-06
1.013801453096450598e-06
8.039060070845704407e-07
5.864290574355396412e-07
4.170681776322197997e-07
3.017042473951792599e-07
2.653304774292944997e-07
2.302694952148995688e-07
2.087350332331447169e-07
1.852529189066109335e-07
1.659082247036056236e-07
1.443016883695289995e-07
1.185473934789003769e-07
8.978292090988850112e-08
6.730651571140744393e-08
5.052713693134872118e-08
3.741635649669020402e-08
3.204453794989490260e-08
2.201265950588751985e-08
1.625821927317403758e-08
1.319048508111545183e-08
1.031226028306407109e-08
7.530673918560771597e-09
5.822921123304746621e-09
5.292228104891192011e-09
4.380980365302804120e-09
3.542902344179415574e-09
2.414544712916727669e-09
1.568100779222163765e-09
1.173948051363480540e-09
8.708470077094063597e-10
6.945688524295798578e-10
5.709308895590284093e-10
4.804455595737721333e-10
4.014054083980752918e-10
3.131809248893290070e-10
2.765084148951334343e-10
2.109631851345024476e-10
1.662070479583700055e-10
1.221972855487917675e-10
7.148406103039474516e-11
5.013427083591776129e-11
3.141174261282998720e-11
2.676951340178550676e-11
1.948126959200906978e-11
1.317843168184428321e-11
