9.958891474493006823e-01
9.910930935924321394e-01
9.848544891327322137e-01
9.776297649555797387e-01
9.695227848636183143e-01
9.604845527936189953e-01
9.510099686021387111e-01
9.416297430921690692e-01
9.320704962371256785e-01
9.224435977775140572e-01
9.128690559245369318e-01
9.033927843166159599e-01
8.938890765113997050e-01
8.842841797808187465e-01
8.748914383013751683e-01
8.650757990431473532e-01
8.549358543386320619e-01
8.441654468812312961e-01
8.337137933485168073e-01
8.226035996196442435e-01
8.109414730179702602e-01
7.993747649750888584e-01
7.871058746567892728e-01
7.757326589833833941e-01
7.645033904266113067e-01
7.531554211037116975e-01
7.421317290489923835e-01
7.311156348665979188e-01
7.200210037951052522e-01
7.089473828395163046e-01
6.980764248913498005e-01
6.869070532566874387e-01
6.762909331755345699e-01
6.660461121273366647e-01
6.563643468783302293e-01
6.466444082061335585e-01
6.373677126569576856e-01
6.282147602137053699e-01
6.186688530539745656e-01
6.091044146096001866e-01
5.993247612137547753e-01
5.899238994053255247e-01
5.800546356443641027e-01
5.699850449863992363e-01
5.600606099396108206e-01
5.501357608420648360e-01
5.401350461459977215e-01
5.300254482184734162e-01
5.198086292991358492e-01
5.092671096421831356e-01
4.986191048843970353e-01
4.878382106925503447e-01
4.774175469946799200e-01
4.662000025246629820e-01
4.545107539542899699e-01
4.426694882924006591e-01
4.305990810381030709e-01
4.191132777041967628e-01
4.074042588089276662e-01
3.961261410072540179e-01
3.843165006445264931e-01
3.727115951383455639e-01
3.618256509121199338e-01
3.509728627223462905e-01
3.402207133104811487e-01
3.289793968515972722e-01
3.179005579668215398e-01
3.066249170311824424e-01
2.959919406511504758e-01
2.850338230132117845e-01
2.743591920850948496e-01
2.633397194058591517e-01
2.528763152214190679e-01
2.430916490285633669e-01
2.331510687692322226e-01
2.239469766931385108e-01
2.153237993076059786e-01
2.073162709255623182e-01
1.996803048528530966e-01
1.925413077637395665e-01
1.857059934647872501e-01
1.789075201097810042e-01
1.724437743906640508e-01
1.662657649459277354e-01
1.602424455100615319e-01
1.542015084586410845e-01
1.484774407643623395e-01
1.434293942944964151e-01
1.384349463174117667e-01
1.341539850293452796e-01
1.302399481961632743e-01
1.262680168222241051e-01
1.221540701672446799e-01
1.181172079928842211e-01
1.142130229555655963e-01
1.104429566214008007e-01
1.070442028543100166e-01
1.037642839156772551e-01
1.006238239892551095e-01
9.760611491758248992e-02
9.459110458908875918e-02
9.171470788146815489e-02
8.905256880893781812e-02
8.645441440181270143e-02
8.399028510339355547e-02
8.166900993128139996e-02
7.947054235459942440e-02
7.739029548058531938e-02
7.550324534991717518e-02
7.379638142259407896e-02
7.207772500890304024e-02
7.023574924451328472e-02
6.844012849119854303e-02
6.669770030447901010e-02
6.501635742588580957e-02
6.341210359958718290e-02
6.179284735274351986e-02
6.035657631169069615e-02
5.907293922156760940e-02
5.782042581926411656e-02
5.651533911402664007e-02
5.527364098333992226e-02
5.408999699400612177e-02
5.293972997669232211e-02
5.182028150718814841e-02
5.075323371008626239e-02
4.968831377939860600e-02
4.862287606842897320e-02
4.751829043295385802e-02
4.639153787003173768e-02
4.528681809369238670e-02
4.422957199383027033e-02
4.315991928602220390e-02
4.209726093701279814e-02
4.106438313682706648e-02
4.009575284041557580e-02
3.917815706952377380e-02
3.825319974703390163e-02
3.733956482443270830e-02
3.644446227761661411e-02
3.551321361454010811e-02
3.456076422555740685e-02
3.362351207094702032e-02
3.268253572474852375e-02
3.175265033301410966e-02
3.085121573022771985e-02
2.999048729902794794e-02
2.916904312870401486e-02
2.838725829758019167e-02
2.758727557014802739e-02
2.679830884708720579e-02
2.604918624447392916e-02
2.531670230379225867e-02
2.459635928707438676e-02
2.390035444047810403e-02
2.324573851658600851e-02
2.262191153646541178e-02
2.200754478119911275e-02
2.135793873073720331e-02
2.072289903622380816e-02
2.013012604051829177e-02
1.956662376511015058e-02
1.895719554060665626e-02
1.834474505916124445e-02
1.778688426687932700e-02
1.722560157538463935e-02
1.669355228505006034e-02
1.619686469146753433e-02
1.572762938228456850e-02
1.528705713290948350e-02
1.486604974833535646e-02
1.444798481171115541e-02
1.404651458678425786e-02
1.363773378417363832e-02
1.323782837903328576e-02
1.283964503185873116e-02
1.246059057750702886e-02
1.209812283675248956e-02
1.175869537241385106e-02
1.141961234889497280e-02
1.107891599510738359e-02
1.076834640275465063e-02
1.047661247273924678e-02
1.020469588246156710e-02
9.934495564603429765e-03
9.663483984407113606e-03
9.407277985779470553e-03
9.172389236320376005e-03
8.948911578365609243e-03
8.720429042473949732e-03
8.491621799090524197e-03
8.275019418223717588e-03
8.057901246086060509e-03
7.864609011944790479e-03
7.681604942959316396e-03
7.502735029818990986e-03
7.318987105850993657e-03
7.145724527549338415e-03
6.984432267597141114e-03
6.833092110018681477e-03
6.676292275073554550e-03
6.524669742256744218e-03
6.380742860465932892e-03
6.245442842494030623e-03
6.125291171922190615e-03
5.997941809980482548e-03
5.863632536611038289e-03
5.731208453334388914e-03
5.598965002662340852e-03
5.476387977916036438e-03
5.365565424897941575e-03
5.245510338211450269e-03
5.121930308219433715e-03
4.998143459073826726e-03
4.881659044213266727e-03
4.768302776231389366e-03
4.655625249345737675e-03
4.543334831751973286e-03
4.429218667254800415e-03
4.322573718501176651e-03
4.226609626440681541e-03
4.124988673268241944e-03
4.017225839558677056e-03
3.912651664161135440e-03
3.818552927488531087e-03
3.727932495135938967e-03
3.627549850649405393e-03
3.526118261282942725e-03
3.426286530542960868e-03
3.327072778456265957e-03
3.226359162089316186e-03
3.127663686136951653e-03
3.030362819267498880e-03
2.937170577300906096e-03
2.838230911992557608e-03
2.736492157326190361e-03
2.635555082627433036e-03
2.547045206424617802e-03
2.456782502794738806e-03
2.363941553610047173e-03
2.274717839784000037e-03
2.189732787925393557e-03
2.098945807852848049e-03
2.008200552294162576e-03
1.919471356920509275e-03
1.837421319139910785e-03
1.761134534988295771e-03
1.689399870519567304e-03
1.621117741398288075e-03
1.558228266912327787e-03
1.498905485654544387e-03
1.441395135647038570e-03
1.386978684003261665e-03
1.337944499296060208e-03
1.293605800488963281e-03
1.248174114091176725e-03
1.203378048774165002e-03
1.160962799962754000e-03
1.120969367134208756e-03
1.084233891040458850e-03
1.049402311262994823e-03
1.015860619618405569e-03
9.867114808561300125e-04
9.536629005613307805e-04
9.207375856688976333e-04
8.906388155573263365e-04
8.594510154526212873e-04
8.296963428142745730e-04
8.031246013573429404e-04
7.764624496284955758e-04
7.498730481403061620e-04
7.239176415988157710e-04
7.003159069541819689e-04
6.791200341051292734e-04
6.586572800313054282e-04
6.391568000369047707e-04
6.204596610186702103e-04
6.031394559925484485e-04
5.881599832448800372e-04
5.728803135498072158e-04
5.579230932121190039e-04
5.437541664496811037e-04
5.288607137398472014e-04
5.138542436611570098e-04
5.001816090945993432e-04
4.879585813397285051e-04
4.759236474524829066e-04
4.633754019441308392e-04
4.509178760723731808e-04
4.383499272624417843e-04
4.263153285902417946e-04
4.164184439421316419e-04
4.059521663096408149e-04
3.948741415332055393e-04
3.848213207515734481e-04
3.756264335593284109e-04
3.664042152569530744e-04
3.575572231125462796e-04
3.492660620091457427e-04
3.417733277587519649e-04
3.345370177607032668e-04
3.270309949344034914e-04
3.193112893542702732e-04
3.118485891129080191e-04
3.046693382495712353e-04
2.977293019982468259e-04
2.909690575679257127e-04
2.844624925521742061e-04
2.778182058736991533e-04
2.714580600494188086e-04
2.652104616997661909e-04
2.593838578483037517e-04
2.537570024540682155e-04
2.480653216891359997e-04
2.422297551577492136e-04
2.366959251557614714e-04
2.313563656635264751e-04
2.261045219393231439e-04
2.208493681758932686e-04
2.158310193953780860e-04
2.108905133905705700e-04
2.063473079576055239e-04
2.019241888315939973e-04
1.973917235033440356e-04
1.931342869805233544e-04
1.889893161241719812e-04
1.851110778717652530e-04
1.814011643329668918e-04
1.779171135491946078e-04
1.744204754702096728e-04
1.707909214547827389e-04
1.671362087991306753e-04
1.638794769803524531e-04
1.604168594484207738e-04
1.566587109626212441e-04
1.531941438282657551e-04
1.498310706097130999e-04
1.461320495485249945e-04
1.424939327159026607e-04
1.388427502520898612e-04
1.354920246620631053e-04
1.322390557917486680e-04
1.287437061158781815e-04
1.250619699398650933e-04
1.215000418764328215e-04
1.182033677343429016e-04
1.149705670263732074e-04
1.116024310581280007e-04
1.081555706399564543e-04
1.045751346558400341e-04
1.012816991342170532e-04
9.834715626461719797e-05
9.552232290787436033e-05
9.238646225468307804e-05
8.931922681087940729e-05
8.646930131806034828e-05
8.347962412198586845e-05
8.050544559916725424e-05
7.801635815713004536e-05
7.534883511057335643e-05
7.248817296542423819e-05
6.975743074230191020e-05
6.723540746951135456e-05
6.513280071949465518e-05
6.328417606503088067e-05
6.129221965809131256e-05
5.940851677780116595e-05
5.772633132427875899e-05
5.607286062925776821e-05
5.435701820424280220e-05
5.275532267775986348e-05
5.131738761996814280e-05
4.982769899403485645e-05
4.837488006699481251e-05
4.688080049974874107e-05
4.538792149083253707e-05
4.397980272333236484e-05
4.275379636464247919e-05
4.151737537627214194e-05
4.027469591077151463e-05
3.911318206492997559e-05
3.791766073316681139e-05
3.664364350547534799e-05
3.537991837694533410e-05
3.414545283993561988e-05
3.289181160153852572e-05
3.168044512258268153e-05
3.053584244738585004e-05
2.948504183917853466e-05
2.840650438278044415e-05
2.729996898389383593e-05
2.627993393387871950e-05
2.539344733412494140e-05
2.444393995815693929e-05
2.346354853998463335e-05
2.248726438507063293e-05
2.158789183008900435e-05
2.071614357273454849e-05
1.991338164171724590e-05
1.917740630648152487e-05
1.843483213570392703e-05
1.773325271516973842e-05
1.706517813052269532e-05
1.640277974403926093e-05
1.576608561125121994e-05
1.511080073068076559e-05
1.446242267809002786e-05
1.384003582743727408e-05
1.330502023317458927e-05
1.285162605487311370e-05
1.243756743612423450e-05
1.200728500219438455e-05
1.161089793409233464e-05
1.128837581397832181e-05
1.098944050780968034e-05
1.066604261986745295e-05
1.040588593203207711e-05
1.015932818175581250e-05
9.888724212295358723e-06
9.625309057196242409e-06
9.378547188743352453e-06
9.165208405483742034e-06
8.969423449742391219e-06
8.743964530519231543e-06
8.514861372841257508e-06
8.302729324711141125e-06
8.122001949449031321e-06
7.934661844918131728e-06
7.763992709355707497e-06
7.597306596532598099e-06
7.419303682180455147e-06
7.245038150857665529e-06
7.078687379257640894e-06
6.923403700239456153e-06
6.787512555532557287e-06
6.660313496195617426e-06
6.541602897528994098e-06
6.434771505019064245e-06
6.323517492088615769e-06
6.210492528176223596e-06
6.107930998806558750e-06
6.012897668166545386e-06
5.920335425742299819e-06
5.832167214179664698e-06
5.741922273095175839e-06
5.648101085703348833e-06
5.549874679998048074e-06
5.451849833967792609e-06
5.363046612821899193e-06
5.278872397812329273e-06
5.202446488398487094e-06
5.124742570130502665e-06
5.044896783153278712e-06
4.964925393647159212e-06
4.883853262435510482e-06
4.795073613318567337e-06
4.707557119213790719e-06
4.623292518864075698e-06
4.537741345103925155e-06
4.443063208867948963e-06
4.337465386583522678e-06
4.230972244264410150e-06
4.128038093032638849e-06
4.035109369287411957e-06
3.942664328676268298e-06
3.840856068816292666e-06
3.743906645439281158e-06
3.652031417316780870e-06
3.555067574060359956e-06
3.451942872464523477e-06
3.346090171925749048e-06
3.240102603844137287e-06
3.137792277730887885e-06
3.045869841110330808e-06
2.945932216345881253e-06
2.844614643112424262e-06
2.743113365433792817e-06
2.640377597666748021e-06
2.537032955735587366e-06
2.433199184630597244e-06
2.322281611920272161e-06
2.207520305747581437e-06
2.103672785175117849e-06
2.006217909458291000e-06
1.911171473941385406e-06
1.810030605629722820e-06
1.711236835557468298e-06
1.620783547291958427e-06
1.539120916897892268e-06
1.464064799909497379e-06
1.386025485167053066e-06
1.313656417013056799e-06
1.249471840751473001e-06
1.195613382926275510e-06
1.137232014024924765e-06
1.080452702585687097e-06
1.031455824383018179e-06
9.829945538946355522e-07
9.335269451346021688e-07
8.860400219106605619e-07
8.445055614351155054e-07
8.041683552716263623e-07
7.626613358155144808e-07
7.259348770283183220e-07
6.956992879809470798e-07
6.640434296461941366e-07
6.322240952494074859e-07
6.046522870690242275e-07
5.793659680176698660e-07
5.536350632893102550e-07
5.291257429144321396e-07
5.075976595121899150e-07
4.873613391138937751e-07
4.664487932055125470e-07
4.458133311600777452e-07
4.279535626488398053e-07
4.145999346789981729e-07
4.003715695352393832e-07
3.860764168422792884e-07
3.742455199488391115e-07
3.635700073472877350e-07
3.521384377429366447e-07
3.417590430083478608e-07
3.329709984300673374e-07
3.238726211014977671e-07
3.148111742632742198e-07
3.065684765712202282e-07
2.989078141451613624e-07
2.912633313840922666e-07
2.838491827886209080e-07
2.773175650041557611e-07
2.710002310623996687e-07
2.640706805289833913e-07
2.575937124764200715e-07
2.518407115171353680e-07
2.461105496298565628e-07
2.409340934629378620e-07
2.360923674655224541e-07
2.315506779120063031e-07
2.270722801379330090e-07
2.225850777805273008e-07
2.181556069196071387e-07
2.136190612389889546e-07
2.093095050580001482e-07
2.058230152537115977e-07
2.021188908241471853e-07
1.979380589984722546e-07
1.936647043136832919e-07
1.894635686045327114e-07
1.852573353755756794e-07
1.809678725236051906e-07
1.772922330780023858e-07
1.740254464982936024e-07
1.701682736283599601e-07
1.661227840889601600e-07
1.624469636672572685e-07
1.593116931879268744e-07
1.561362893972011506e-07
1.529727927301445604e-07
1.500135187924373404e-07
1.470343188017489582e-07
1.438217885756796702e-07
1.406460570792188317e-07
1.378739044897307102e-07
1.351259451716431543e-07
1.320331520217467741e-07
1.289529957947882050e-07
1.260022036572894019e-07
1.233764015002808242e-07
1.205946994900806857e-07
1.175111496557850545e-07
1.144226376378354747e-07
1.113997977301663521e-07
1.081858222272358610e-07
1.051373683730628058e-07
1.021851918218108103e-07
9.891864258700329432e-08
9.571533257085766330e-08
9.261795493661396837e-08
8.932343977416668932e-08
8.606565073986825664e-08
8.316331294301561906e-08
8.058924128360017856e-08
7.761237017764578405e-08
7.455800506200518403e-08
7.179169944077028851e-08
6.945371369251548864e-08
6.724206196025796927e-08
6.524065959795727320e-08
6.333592295221790937e-08
6.157341205464147719e-08
5.987590251591806846e-08
5.827801033989131686e-08
5.692234099236888623e-08
5.563186374184630885e-08
5.446425791700137898e-08
5.341553396671113899e-08
5.228676699266725443e-08
5.122358207643301232e-08
5.023968373240635425e-08
4.936310994227857456e-08
4.853957048055793393e-08
4.770400374529343686e-08
4.684901053196605384e-08
4.603301156381746868e-08
4.520467042009178789e-08
4.437633248353134510e-08
4.355444612596970495e-08
4.282353543060338739e-08
4.214317684017116521e-08
4.141202191527728398e-08
4.067421310184978518e-08
3.989322123704465804e-08
3.916011276689710290e-08
3.839569188956877062e-08
3.759763849934624523e-08
3.686755768258843304e-08
3.620731168638333292e-08
3.545278746793799306e-08
3.469004953097908771e-08
3.401901465522126391e-08
3.332918765318930863e-08
3.263671982646129243e-08
3.200860197640355250e-08
3.134161652185914321e-08
3.054125760659727298e-08
2.971958229946315148e-08
2.892851174618903619e-08
2.821625863338477035e-08
2.745553564573701506e-08
2.672957565066594957e-08
2.608331095209638509e-08
2.544787331007173620e-08
2.475034638631171714e-08
2.404267869433238752e-08
2.342656169989415349e-08
2.281752849476504174e-08
2.225330436131742663e-08
2.163959623618694244e-08
2.101660509990390846e-08
2.037712806642752875e-08
1.971263437419690331e-08
1.907637702949529787e-08
1.847480480866262810e-08
1.786094139277944591e-08
1.724350292148445547e-08
1.667540134551848448e-08
1.611901662138735587e-08
1.552988874967051828e-08
1.496123569903996901e-08
1.441539022721108300e-08
1.388093606734062292e-08
1.330055345993791022e-08
1.275410175025194740e-08
1.220135176461559486e-08
1.163072258361180603e-08
1.106938606869189744e-08
1.054158314464075438e-08
1.003018044994002272e-08
9.561456479563108657e-09
9.077179328352616448e-09
8.593945126794085452e-09
8.132406584807666890e-09
7.722343775691956016e-09
7.315819067251670770e-09
6.877222555008952437e-09
6.441370362725597351e-09
6.052615472589796634e-09
5.681598562203655578e-09
5.318202728761382708e-09
4.980242350937069989e-09
4.671157527975990149e-09
4.405965857759741370e-09
4.185654758630624854e-09
3.940635463365984640e-09
3.700345805836814551e-09
3.475921785684128946e-09
3.269571661367521317e-09
3.104269767453327701e-09
2.925139522966802820e-09
2.762251086386488528e-09
2.623974224549280544e-09
2.505433119111634847e-09
2.375635524819504329e-09
2.248529802618359401e-09
2.132859310930170019e-09
2.032968590419984399e-09
1.938588471922532798e-09
1.845987224306158107e-09
1.763165269054026578e-09
1.688519347846962682e-09
1.626430309040975145e-09
1.564217997498253433e-09
1.501445361504039378e-09
1.440725787062619306e-09
1.387002957581204589e-09
1.340606771476075958e-09
1.296170900697045001e-09
1.259102342276211421e-09
1.223891375293138771e-09
1.185622997561280487e-09
1.152443489304417659e-09
1.123183114897620024e-09
1.092162202912557488e-09
1.060925991247568999e-09
1.032023361058994252e-09
1.002388433550615420e-09
9.722378084208368439e-10
9.431384785546188879e-10
9.147197917234467463e-10
8.852313002372950118e-10
8.570398360344794761e-10
8.316518102001781379e-10
8.041555652940407203e-10
7.769587077720570717e-10
7.497145568383579503e-10
7.239537465485920201e-10
6.989388823023175888e-10
6.749537775156251889e-10
6.506700389141746513e-10
6.264284017344509030e-10
6.026874103993406268e-10
5.814614151761598701e-10
5.606081794531291314e-10
5.376264103455410179e-10
5.163661593562754355e-10
4.953911303051292996e-10
4.752395315456706024e-10
4.550358087597526974e-10
4.370158375775566333e-10
4.204647636070821764e-10
4.031098615543267721e-10
3.864871219126815809e-10
3.694736708708660664e-10
3.528727832115842213e-10
3.396431507996912282e-10
3.272543700928917203e-10
3.144812156325482387e-10
3.031693072922835900e-10
2.921070384944234258e-10
2.816229993621375381e-10
2.719540831162197937e-10
2.629114444476292601e-10
2.538198742319888262e-10
2.461040994876352008e-10
2.387111678283233145e-10
2.304499493637149659e-10
2.228801190467024182e-10
2.155957236910261185e-10
2.076976285082867618e-10
1.996548476367490467e-10
1.921921260791327860e-10
1.855579193853125401e-10
1.792082402854470911e-10
1.727482550174664150e-10
1.667350042216108584e-10
1.614289300555946228e-10
1.563884742450807686e-10
1.518152935743592843e-10
1.472519137469244166e-10
1.426389012056175228e-10
1.383952402881291089e-10
1.343190960052264401e-10
1.303328881159932016e-10
1.266175329110856214e-10
1.233860381257030192e-10
1.200787655521337450e-10
1.168483766146200964e-10
1.137322873966806534e-10
1.110620333642191715e-10
1.086655137291789670e-10
1.058425039303291273e-10
1.030100761314754665e-10
1.002847510300558379e-10
9.784817871632081839e-11
9.550727841777067736e-11
9.329231214735626651e-11
9.117919083437661834e-11
8.922350862545164240e-11
8.732199634824628584e-11
8.539965648831789870e-11
8.359910341088320909e-11
8.184016795879473963e-11
8.026925030065924484e-11
7.874855929925639516e-11
7.722298878291499725e-11
7.572861673121961809e-11
7.440698322148279322e-11
7.315047897792641328e-11
7.199432541921277951e-11
7.077203200632035947e-11
6.947996092940525179e-11
6.821054242434318150e-11
6.694930881473666258e-11
6.583697206880838500e-11
6.475588272975692677e-11
6.357211501023237228e-11
6.244450731322131292e-11
6.132587791487872871e-11
6.016785831047430889e-11
5.905465907921508075e-11
5.805672445404041416e-11
5.689886170528500953e-11
5.575863341269757401e-11
5.486009888283556995e-11
5.375196063181927562e-11
5.251903801695361959e-11
5.134954561798068198e-11
5.030189026420115387e-11
4.922589409795014216e-11
4.814878541376416890e-11
4.709043597185609281e-11
4.594720878019682254e-11
4.476534017162667352e-11
4.358736408872536197e-11
4.240485509001745342e-11
4.126710648772583226e-11
4.014961627399346074e-11
3.900036314998995654e-11
3.801731354466534111e-11
3.695967825080764583e-11
3.577454562325543647e-11
3.469174453787283344e-11
3.365383184885770402e-11
3.256485760768458026e-11
3.147103717811648449e-11
3.035256200340072974e-11
2.921051892320820078e-11
2.811203515566613294e-11
2.713151101858582500e-11
2.602673350788616963e-11
2.494180963257559158e-11
2.394123934895900926e-11
2.292809767644349145e-11
2.195174253645928458e-11
2.105114911721935288e-11
2.014148856333554008e-11
1.925308424311377615e-11
1.844341193678172811e-11
1.757500642911138270e-11
