8.703894362595691048e-01
8.257037749548434835e-01
7.947976400424628940e-01
7.534265579882142294e-01
6.740893378939327718e-01
6.189481944171156824e-01
5.682857033792996226e-01
5.303267523558657937e-01
4.753578266007033593e-01
4.513524113110793379e-01
4.239358080732011924e-01
3.862046614849619641e-01
3.444215387672499018e-01
3.147418559586463438e-01
2.862427944092125198e-01
2.535893397466002508e-01
2.242349384202639850e-01
1.992135515186768957e-01
1.765076243115788479e-01
1.568960247411333442e-01
1.356323355293935773e-01
1.190162676940116626e-01
1.067906647152182947e-01
9.447897250177784978e-02
8.372992076428611985e-02
7.711910395520939210e-02
6.891690944255182694e-02
6.262983675514477433e-02
5.917008327752788094e-02
5.481899376192456153e-02
5.030026203204773783e-02
4.492095869775084710e-02
4.174765843138460858e-02
3.970210826220579858e-02
3.695701648534246986e-02
3.374665897071096876e-02
3.061756382666474402e-02
2.761374361900073571e-02
2.502207910668582252e-02
2.227558315685079782e-02
2.026453053828358372e-02
1.907556518618638841e-02
1.694531651403589564e-02
1.505100359055404520e-02
1.317004396751083120e-02
1.132455610414194111e-02
9.835803345375706067e-03
8.989964999867705586e-03
8.082369606831727935e-03
7.436904682094713434e-03
6.548415323854834581e-03
5.598024947563272694e-03
5.182545033259463099e-03
4.788726547394942835e-03
4.470884978836597336e-03
4.175099476848751281e-03
3.768888332026979447e-03
3.420138242249879529e-03
3.093764159675139579e-03
2.799042872390992195e-03
2.579470310037091860e-03
2.381471112761881885e-03
2.120523306477700015e-03
1.873871337296369047e-03
1.686034468828742422e-03
1.549500808756443422e-03
1.363290529795798452e-03
1.259108601172016133e-03
1.133990073396558664e-03
1.019885224572260416e-03
9.708762940281587739e-04
8.760246617749259694e-04
7.725406347327364769e-04
6.988044966697478906e-04
6.274572331372347709e-04
5.822696998851869740e-04
5.172144294300993345e-04
4.741067753443333507e-04
4.138727642728543920e-04
3.821864682622215493e-04
3.442437623255545061e-04
3.107092414920845178e-04
2.826495854094720345e-04
2.579171165682937316e-04
2.309645910597264782e-04
2.033647383781618219e-04
1.865723657831180979e-04
1.681549335719318132e-04
1.530537970372102387e-04
1.306166211942105294e-04
1.181000231339141612e-04
1.011820844807104534e-04
9.196411270225601808e-05
8.236677849763864500e-05
7.238471675709035611e-05
6.631683158088841205e-05
5.955539761451520770e-05
5.652661400708896796e-05
4.929353779293213923e-05
4.139982432053500267e-05
3.466403618547661097e-05
2.838163196242146833e-05
2.340440050533016872e-05
2.032691890771375339e-05
1.837541711854234918e-05
1.637610819482548832e-05
1.519485997987934193e-05
1.379281587545173325e-05
1.251436260002548452e-05
1.132300137113436129e-05
1.032261405452632130e-05
8.949966538320157516e-06
8.591306921861760549e-06
7.356005329115025930e-06
6.621177944849440910e-06
5.784852341516402210e-06
5.217873295958094059e-06
4.893582217055078540e-06
4.352508531101893796e-06
3.931178375952825412e-06
3.726438364953135950e-06
3.374171884244841117e-06
3.181958160178574069e-06
2.873118786657394372e-06
2.664954146719362426e-06
2.373410060505948107e-06
2.106030800180903112e-06
1.901728683751332316e-06
1.717639144545210953e-06
1.525112381150987578e-06
1.300588597741503568e-06
1.184831453785361252e-06
1.068243947663472503e-06
9.559253083081712697e-07
7.874933778180129505e-07
6.870235946535623448e-07
6.098013211482142439e-07
5.549966747328695143e-07
4.929563409257444364e-07
4.474387129927412768e-07
4.067522160624324735e-07
3.322939202912981760e-07
2.675380717183897284e-07
2.282464790140380971e-07
2.013438993014323283e-07
1.757159640850518339e-07
1.613749806480967852e-07
1.435540037126686672e-07
1.343319036998114017e-07
1.193093689930534712e-07
1.083346218333191119e-07
9.852758190393078010e-08
9.448494935110863205e-08
8.398096307359171884e-08
7.584551365155472003e-08
6.925317644429728348e-08
6.082958688021509550e-08
5.413666099693475132e-08
4.876435284276298020e-08
4.333144901953742395e-08
4.013456592852586670e-08
3.558814714621437537e-08
3.122114388049028019e-08
2.733385059147832624e-08
2.492201036801615479e-08
2.145925877293083563e-08
1.906658680830373057e-08
1.760242034480107576e-08
1.517600152793365290e-08
1.282173558940015263e-08
1.094751993373724022e-08
9.691240988439498743e-09
8.461767255172920561e-09
7.949057758538037469e-09
6.671975080320731791e-09
6.016497167253518068e-09
4.771733286440808084e-09
3.740873418525788850e-09
3.277988709076415635e-09
2.860028294396351766e-09
2.609908946974712861e-09
2.415522902725932807e-09
2.020418674578876901e-09
1.774115481075049623e-09
1.521636277121655387e-09
1.366731770898816439e-09
1.151359876577685516e-09
1.066786930518470777e-09
9.312924584834333080e-10
8.142203914380840871e-10
7.585915384945400722e-10
6.974153948397204357e-10
6.388651358844462514e-10
5.813940242637613158e-10
5.172193307579610140e-10
4.779471748810765720e-10
4.054677724099515160e-10
3.764948055216572254e-10
3.288638774817542518e-10
2.965132714195844449e-10
2.563030135891520345e-10
2.332704220032190871e-10
1.878376287649135532e-10
1.615001458716420981e-10
1.455967934399162051e-10
1.229023426058470152e-10
1.054964721497492269e-10
9.047302599546975229e-11
7.673059293762806414e-11
6.750815311207650559e-11
5.336519636782877946e-11
4.079029004047579062e-11
3.341301473351004577e-11
2.747399739608700634e-11
2.521337450211023367e-11
2.135122324511202763e-11
1.829479316487352010e-11
1.485286991628351064e-11
1.302205763011888463e-11
