5.559295191064316244e-01
4.829432392500496163e-01
3.387451358409280799e-01
2.074156264333142097e-01
1.472424919405951327e-01
1.144879853011872700e-01
8.854189136081705436e-02
6.355442431143205895e-02
4.951382439940459068e-02
3.346735280092943965e-02
2.089883468190235905e-02
1.240825143651524617e-02
8.529291587964777169e-03
4.716040550656720211e-03
3.043568550557781190e-03
1.862228268871324787e-03
1.151846006836508346e-03
7.325715481764654867e-04
4.274016927971976444e-04
2.350450189155942125e-04
1.482967189299888827e-04
1.079375332590538103e-04
6.571442566817326403e-05
4.080766080604849531e-05
2.718037712595883936e-05
1.981948544811450136e-05
1.429689859369221454e-05
9.318693234382758147e-06
6.353136952044950767e-06
4.940102734774742394e-06
3.018572701564584055e-06
1.722719524969903048e-06
1.016690847497212664e-06
6.936820192933907394e-07
3.220078982406572617e-07
1.685541025869861177e-07
1.172524400296247040e-07
7.596284270574155111e-08
4.366454595892466100e-08
2.341621805622148039e-08
1.231987213421667947e-08
7.825042289573466968e-09
4.930361754057193996e-09
3.114314774983124320e-09
1.645732295148184082e-09
8.411482293560020600e-10
6.135518100167761678e-10
3.583588017998123758e-10
2.784749512091072174e-10
1.618123623882462045e-10
8.054650317787062446e-11
5.922543048797280105e-11
3.273184151641658798e-11
1.637469525533985331e-11
