8.853731272344995684e-01
8.581362554605258541e-01
8.445181571113827834e-01
8.300332989926253457e-01
7.939464526819750567e-01
7.632738231207053525e-01
7.155061001923870290e-01
6.896186476686102518e-01
6.600545230424155196e-01
6.338511912616843214e-01
6.114900038758053213e-01
5.866609449465665094e-01
5.704932918175691370e-01
5.499314125393734987e-01
5.212911200884857710e-01
4.957593275448461956e-01
4.656817564576987700e-01
4.444254381087983097e-01
4.275082665230941492e-01
4.152821204887701678e-01
3.874173449993235652e-01
3.762029231109836891e-01
3.612614918318184376e-01
3.378649632642380385e-01
3.172853966680528326e-01
3.032704494777837545e-01
2.875300679697382900e-01
2.751353147930928889e-01
2.627026394834087730e-01
2.526601497186205525e-01
2.422903743810883581e-01
2.363759240264301509e-01
2.310295431111557829e-01
2.264702892203311613e-01
2.159232371775271220e-01
2.110579160823807254e-01
2.036619556972473211e-01
1.990275635872479632e-01
1.874228073588200261e-01
1.751603544578450855e-01
1.603749384565952008e-01
1.481135261352934385e-01
1.400245513902880490e-01
1.361224086429382307e-01
1.272157848986210094e-01
1.228231457840106705e-01
1.189226810180045724e-01
1.131775231600798265e-01
1.094466551840654750e-01
1.041628754952741015e-01
1.008363420449352177e-01
9.814828806399254757e-02
9.529175432989558936e-02
9.210533719011819442e-02
9.008296360368001077e-02
8.582576154583133887e-02
8.393112350047321479e-02
7.841169277156295747e-02
7.661656880563159910e-02
7.376301034137446033e-02
6.754232770718304746e-02
6.177048432255391464e-02
5.962776166970575747e-02
5.723524040401851282e-02
5.315767038618418594e-02
5.152946224671677011e-02
4.852823259205800432e-02
4.561608861745324039e-02
4.180632370492924632e-02
4.090831511156617362e-02
3.668320686166111344e-02
3.542365074384516699e-02
3.326001619942315496e-02
3.110403805479258418e-02
2.968737089524209338e-02
2.723709908550528760e-02
2.576959531109245666e-02
2.484938064135322824e-02
2.254910043476599651e-02
2.119566197388056059e-02
2.026777369975379592e-02
1.818882226631747881e-02
1.739338930373366884e-02
1.664117139629269632e-02
1.555288253113299227e-02
1.523333264056727157e-02
1.359833692115855822e-02
1.274757720668247100e-02
1.184097460035517940e-02
1.124992632775166125e-02
1.090417283897788733e-02
9.884627017669069329e-03
9.579122177470924052e-03
9.230752081043572949e-03
8.839023928399847990e-03
8.367292673235911596e-03
7.988500765331380676e-03
7.755679497128862947e-03
7.224077353868652018e-03
7.013674520595712496e-03
6.739777636842852505e-03
6.359848953557358485e-03
6.139809755918748148e-03
5.958090442207540638e-03
5.601007535779610642e-03
5.389724941735464167e-03
5.084786236787754328e-03
4.887920477878103000e-03
4.762815127706781886e-03
4.521175463394574122e-03
4.327121683697775223e-03
4.040805354897091493e-03
3.821351963720655970e-03
3.587299156455082787e-03
3.451015069765604737e-03
3.324344136348371739e-03
3.226736763008569535e-03
2.969387183288371441e-03
2.902215640284565908e-03
2.706802159326464688e-03
2.635582055145284635e-03
2.455415849075253537e-03
2.383758271476987736e-03
2.209000342281115803e-03
2.173747225673076326e-03
2.044680512918379319e-03
1.971893419963378045e-03
1.871948182349543249e-03
1.756169985117035605e-03
1.681678273286100382e-03
1.634039682359407801e-03
1.537399773267797724e-03
1.474984271860534666e-03
1.401195952742569127e-03
1.329858663689947353e-03
1.282168311662524977e-03
1.179765554075970155e-03
1.157859853509293855e-03
1.105565271509625306e-03
1.038824570773463256e-03
9.754337185549852036e-04
9.455996144743682901e-04
9.151181738561046724e-04
8.521905294121419035e-04
7.909048782916690366e-04
7.578983375280787423e-04
6.426704392164945797e-04
5.948175122587651175e-04
5.417058019197859651e-04
4.707768969591916608e-04
4.330207406930051376e-04
3.756460075052553025e-04
3.583590636863478508e-04
3.466898827592192526e-04
3.033473041274430452e-04
2.925758983195986631e-04
2.746896450912094528e-04
2.541835453785074397e-04
2.399320282696779593e-04
2.222485652988591322e-04
2.137624399303095387e-04
2.056583439681164156e-04
1.902562439473536125e-04
1.869440942608992478e-04
1.781753833872906179e-04
1.679976410364477713e-04
1.610822528439814836e-04
1.522322532589088281e-04
1.477389575863564421e-04
1.297098317964775495e-04
1.195623533277946393e-04
1.131745493156984352e-04
1.005574564725491242e-04
9.582380376972548055e-05
9.051660368637900154e-05
8.328106157425725338e-05
7.779890004751476528e-05
7.476181591445505618e-05
6.928468931904910246e-05
6.578230846215924550e-05
6.357403522787485526e-05
6.057499165680446917e-05
5.647206165738936266e-05
5.245219988308537622e-05
5.120216825075846103e-05
4.677177158654318280e-05
4.382398950708730811e-05
4.186223645464061009e-05
3.459061210848898951e-05
3.245490908528262243e-05
3.099761284983166166e-05
2.641047717792263945e-05
2.478572375422946473e-05
2.324639454590373070e-05
2.166806324727192838e-05
1.929175686966026369e-05
1.790198004674579781e-05
1.639754828279693660e-05
1.553037986823511244e-05
1.429190004239073742e-05
1.361296306718700783e-05
1.325527109973382386e-05
1.262731925497547783e-05
1.214188016896026242e-05
1.177882095102126568e-05
1.128722267697339989e-05
1.094328521120905931e-05
1.019094860382689848e-05
9.570565181132905516e-06
9.409659372979169549e-06
9.051710911380265664e-06
8.402332997323036507e-06
8.153690832413613127e-06
7.443744081884241103e-06
7.176835120520013823e-06
6.961238497033831916e-06
6.719953782237886119e-06
6.299017784974939463e-06
5.963082760064286264e-06
5.530404114163139305e-06
5.423959676411896790e-06
5.057229875505375113e-06
4.878167908983436798e-06
4.631517048632236876e-06
4.522075888070263147e-06
4.384738381861691617e-06
4.073223249459547747e-06
3.831447642188359895e-06
3.689915952648727582e-06
3.547138656539115645e-06
3.246421991220964848e-06
3.104493260084551459e-06
2.784262451779863257e-06
2.542970605573765332e-06
2.479168906978860906e-06
2.319967491287020230e-06
2.189092652149944692e-06
2.139744282333314602e-06
2.020425543442181029e-06
1.991923051505399799e-06
1.875619467185115327e-06
1.780251318461987373e-06
1.727219283051005912e-06
1.635275114647426007e-06
1.567875429880981575e-06
1.407734434660233235e-06
1.368518365450953062e-06
1.291994545454420352e-06
1.187642639762563913e-06
1.139733103327291395e-06
1.065910559334564366e-06
1.010214316709677797e-06
9.732023267603599035e-07
9.416226767469927477e-07
8.943978367777265412e-07
8.481188957213150620e-07
8.220841385968213095e-07
7.868885035023173746e-07
7.338286421915048299e-07
6.753436383411938966e-07
6.308010958268790809e-07
6.062223417913750011e-07
5.565103094489849619e-07
5.019645529880405053e-07
4.810681600854517028e-07
4.521222428362386055e-07
4.388265134797099326e-07
3.994824510726877335e-07
3.836962877421318928e-07
3.682411533545134847e-07
3.446486258714152084e-07
3.333477500273745643e-07
3.112777331790250199e-07
2.948389220545477230e-07
2.735377892721619293e-07
2.600965441019739953e-07
2.446013088418517922e-07
2.258994583967137014e-07
2.124914812682653047e-07
2.014484344110501382e-07
1.934516972741989548e-07
1.865565742175457060e-07
1.705899132707030442e-07
1.633038499910167949e-07
1.518851761962091898e-07
1.464410579078253779e-07
1.385723191628909183e-07
1.276756341665177376e-07
1.226319410452760884e-07
1.181309028344410110e-07
1.145694773019839166e-07
1.083494147629250696e-07
1.043562448471363348e-07
1.000602745760706530e-07
9.247588971872378236e-08
8.674003492491226537e-08
8.189880449026934165e-08
7.634149683776015442e-08
6.697148721283470089e-08
6.504742802460608627e-08
5.685247362915165521e-08
5.450572058181604767e-08
5.313350136376873584e-08
4.646802394391116962e-08
4.425361516050455784e-08
4.268547205825804564e-08
3.963923569763262147e-08
3.866416315891597755e-08
3.638160108865076902e-08
3.433124576511640434e-08
3.248122636072585910e-08
3.076520255438452253e-08
2.982390162958206781e-08
2.823933944154279503e-08
2.706132957203241048e-08
2.609535310693704578e-08
2.440157413149742700e-08
2.274995239938792269e-08
2.168025172284381229e-08
2.068253862397767216e-08
1.974673005850851764e-08
1.843659007148015412e-08
1.708669702100666403e-08
1.620261570654199063e-08
1.551741456294858096e-08
1.446762949661679186e-08
1.368214174407039652e-08
1.299390478958108762e-08
1.250231858909564760e-08
1.179558442212322019e-08
1.093246916876164550e-08
1.057354667286245603e-08
1.036440794188290762e-08
9.460157735791745100e-09
9.161623657744883363e-09
8.862154225239399459e-09
8.306192617562422733e-09
7.531686732325053932e-09
7.241907519311265002e-09
6.860704062873641153e-09
6.274233766432440532e-09
5.638668054822431671e-09
5.207720115388826255e-09
4.963670901737682261e-09
4.683018318224264276e-09
4.307091627776785721e-09
4.010344662228999156e-09
3.570462860078989974e-09
3.436995165777969043e-09
3.214669920656511415e-09
2.941134272028738986e-09
2.822961068689974987e-09
2.675510328916979061e-09
2.419350211976349374e-09
2.311509999803691029e-09
2.089702139588563621e-09
1.910401456044900659e-09
1.710750488387771450e-09
1.612218892910650734e-09
1.493362210836508751e-09
1.465593673970752849e-09
1.321033646035426786e-09
1.262914479592859259e-09
1.233873615011012746e-09
1.145756646374341591e-09
1.101705870953529680e-09
1.067508814939282836e-09
1.020671793554551082e-09
9.450075130328356914e-10
9.023241200132257832e-10
8.456431826007251100e-10
8.022396182646160984e-10
7.753242647609462934e-10
7.483604235305626726e-10
7.029078312778967042e-10
6.526173055574717104e-10
6.354511918057561011e-10
5.802254604329883239e-10
5.391987988681283283e-10
5.153024462484025935e-10
4.994822515953649559e-10
4.655836164502951306e-10
4.420743857820454988e-10
4.158858886961242900e-10
4.003360207831678707e-10
3.785370732863975118e-10
3.667653005187933256e-10
3.209615861195097304e-10
2.963451173741618716e-10
2.475864759816797358e-10
2.233000058059654107e-10
2.136798773679147426e-10
1.850225804839600225e-10
1.637096752387398303e-10
1.574009774036930732e-10
1.375036363482642041e-10
1.283148495904040349e-10
1.193111467998555818e-10
1.146226420757349774e-10
1.067428347042042579e-10
9.781600970981673229e-11
9.012853885916641945e-11
8.599286769098978289e-11
8.045894951825882648e-11
7.536691032948331225e-11
7.141453662208442061e-11
6.555209312644080788e-11
6.428361130850687780e-11
6.090097753104203643e-11
5.468618120851665787e-11
5.378088995469209058e-11
5.056450083415611445e-11
4.561034197812116494e-11
4.406715030935868497e-11
4.055849073875304130e-11
3.642384511604932189e-11
3.302111647367250935e-11
2.989356732467633639e-11
2.912429161736107451e-11
2.688328435504410478e-11
2.561149812217124971e-11
2.499256647378102172e-11
2.287352201274812471e-11
2.164048970658432601e-11
