8.981732408976431659e-01
8.634306635543611552e-01
8.302225184010439962e-01
8.115124775885519393e-01
7.854567233370192136e-01
7.604139285991665664e-01
7.259951734992743377e-01
6.828563376516674222e-01
6.479161070887399232e-01
6.153834066910561784e-01
5.867385971436783754e-01
5.475856820914137835e-01
5.070792182732736242e-01
4.775222048153519028e-01
4.481520001324217906e-01
4.268629561403131101e-01
4.017750564716583428e-01
3.770741952139599062e-01
3.539384104368754613e-01
3.353839829162048036e-01
3.161044398285924317e-01
2.987770962053523105e-01
2.868332604570098532e-01
2.730860440114475374e-01
2.550074674423578602e-01
2.321767873205015376e-01
2.233525701102808958e-01
2.104583097915624090e-01
1.889659215285796889e-01
1.683792978876579305e-01
1.537986479965111897e-01
1.373954704677175231e-01
1.197033055298517418e-01
1.053044063376626788e-01
9.367921834114473212e-02
8.384115437653523462e-02
7.617873849056847058e-02
7.093868899144349649e-02
6.598731828874923599e-02
5.935083878990608797e-02
5.568393036308843386e-02
5.362630344137032934e-02
4.821388461247547164e-02
4.361625327320467482e-02
4.166777108972916088e-02
3.767744897850335006e-02
3.365703431577556082e-02
3.060020245480503734e-02
2.879164656733153652e-02
2.633436022325470749e-02
2.358839866025074644e-02
2.118662826890135159e-02
1.900234316444400148e-02
1.764268935685969764e-02
1.653914029784596396e-02
1.503715082827616900e-02
1.371047488992959730e-02
1.256988143506316928e-02
1.182904823209405404e-02
1.139109518038043320e-02
1.105643827371654252e-02
1.038868105934681076e-02
9.821039758489002666e-03
9.612140741071317079e-03
8.967016188408919938e-03
8.509338500610275427e-03
8.056437399581627828e-03
7.556324729830798774e-03
7.154776526855810559e-03
6.774353624475482928e-03
6.247264169521060152e-03
5.878596740857377004e-03
5.613339192036286354e-03
5.257278179341680173e-03
4.841299552563493522e-03
4.494276863109178052e-03
4.084835480089870838e-03
3.948907019154511075e-03
3.682232766714233028e-03
3.469968560599469981e-03
3.258430914516807862e-03
3.129238830275554804e-03
2.839497724142319313e-03
2.574371655715958739e-03
2.335308458245769804e-03
2.105976526685234777e-03
1.829526921837613127e-03
1.623678135859013202e-03
1.501197523869447509e-03
1.426339852759461561e-03
1.312687518269621545e-03
1.198002237289332809e-03
1.138902893019954872e-03
1.044706412023568322e-03
9.812743678728997557e-04
9.257358087035923860e-04
8.440446797666638140e-04
7.487708101631147112e-04
7.086188641624958451e-04
6.737280435972185658e-04
5.994969054964009855e-04
5.357601638784222596e-04
4.876492258690515906e-04
4.442373290138514779e-04
4.017505028081919268e-04
3.675246510011505969e-04
3.247576186598510038e-04
2.951508812570405316e-04
2.627572878821492902e-04
2.392855889096240525e-04
2.101451006918096957e-04
1.930620209067754453e-04
1.683734364551204264e-04
1.614131196225836835e-04
1.409187042391590893e-04
1.294335019189279479e-04
1.164185137320653744e-04
1.104989009042080033e-04
1.065555831316722477e-04
9.387453934276491000e-05
8.605720987396555711e-05
7.939580311390185999e-05
7.063048348190695508e-05
6.773736286935940322e-05
5.914497908410867719e-05
5.366124235521903008e-05
5.126711408412246130e-05
4.636363963340573336e-05
4.476610354292219973e-05
4.119299155111998020e-05
3.930418831027470366e-05
3.817712322052365260e-05
3.421081276559802807e-05
3.028502117642929524e-05
2.913362093914810528e-05
2.734446377529273383e-05
2.435749483888399096e-05
2.145246751946265154e-05
1.968612011686157734e-05
1.812970259645174377e-05
1.733022448823352571e-05
1.554730886671488053e-05
1.469473397569885491e-05
1.335190280270257382e-05
1.256172420046160506e-05
1.173794675076191573e-05
1.108442156699909548e-05
1.071905822863757788e-05
1.013753603396169715e-05
9.696201147575153631e-06
9.047413090538636537e-06
8.403479059249964128e-06
8.012358018333784032e-06
7.611073388654103711e-06
6.880484078465630604e-06
6.086066023321809993e-06
5.501404522836985926e-06
4.984580967389816193e-06
4.478562591176214324e-06
3.629038465306478530e-06
3.294091632924933796e-06
2.960880449566525296e-06
2.685649288142208602e-06
2.516845892462727973e-06
2.235047787251897869e-06
2.102254562563522867e-06
2.019594132853647852e-06
1.799195927243949737e-06
1.665647780882411697e-06
1.515251738293480158e-06
1.471179770390907487e-06
1.388459145589615243e-06
1.213483098263149842e-06
1.126262573223217313e-06
1.059993344227132108e-06
9.613345587580354172e-07
8.801006517358548753e-07
8.288524107102555172e-07
7.634636257073729400e-07
6.868561407445176858e-07
6.341416005520613663e-07
5.351917221150410665e-07
4.910000024727315727e-07
4.556801062545447583e-07
4.087950994376555353e-07
3.550031340097864356e-07
3.229155284405855768e-07
3.071764918952361148e-07
2.720815020580208908e-07
2.577328959508065390e-07
2.295077708923997728e-07
2.169822841693588130e-07
1.959318541574017869e-07
1.846204629348013397e-07
1.733011550867175963e-07
1.572452724627948574e-07
1.440210500319546744e-07
1.318220835411637756e-07
1.170806024803447216e-07
1.118573953556295594e-07
1.067545549707783088e-07
1.007061376719810909e-07
9.364709470439778859e-08
8.837124150379188218e-08
8.362490972871665565e-08
7.588171431425090323e-08
7.401469236171342844e-08
7.052620981493003738e-08
6.566118886799269995e-08
6.264116668474341139e-08
5.741759295047707161e-08
5.428330883260349880e-08
5.150030492911104423e-08
4.952561245103223136e-08
4.722241064411471281e-08
4.368481510074205649e-08
4.070158812845603762e-08
3.950730279507747620e-08
3.646743309859179018e-08
3.266125585988425917e-08
3.070842294085465913e-08
2.827793934595776342e-08
2.741651099286589765e-08
2.527039756055005092e-08
2.342274538876267753e-08
2.175027797179201828e-08
1.936918495608096351e-08
1.816298840743466777e-08
1.643659994040491093e-08
1.351158979200260816e-08
1.256833560986035509e-08
1.079708868346880123e-08
9.432683241249330687e-09
8.338845730348978617e-09
7.263906928776321287e-09
6.301049749963220028e-09
5.810463099320391685e-09
5.373094212893441842e-09
4.401601091551071054e-09
3.801366802852769628e-09
3.315991730215358019e-09
3.164942073971768044e-09
2.880549928485877159e-09
2.645900132151230518e-09
2.462347552468095527e-09
2.279679880129518713e-09
2.108257267179538231e-09
1.964328675038199997e-09
1.844619584741079541e-09
1.667663178783796871e-09
1.483435356303170204e-09
1.395370875594025468e-09
1.252320611173848183e-09
1.146214632798666405e-09
1.051663855379622315e-09
9.719906299317050580e-10
8.828552088957543652e-10
8.103886923907135669e-10
6.983460093472926469e-10
6.008914349573205436e-10
5.603314074758480648e-10
4.657790999766436672e-10
3.874754774833635943e-10
3.202048723804129301e-10
2.850348906331526454e-10
2.538631041006144479e-10
2.189708471159824563e-10
2.069475851777473248e-10
1.933641842834102015e-10
1.695630911181636435e-10
1.537031967651423572e-10
1.489700037920800422e-10
1.440983587988586406e-10
1.369816869934218975e-10
1.321799061862374790e-10
1.247496346358392524e-10
1.206931348828315004e-10
1.178219499972874821e-10
1.085395847225012677e-10
1.038447863351070967e-10
9.784955309697539530e-11
9.180112339078457916e-11
8.556458792504527303e-11
8.281838702892459070e-11
7.855220740422857707e-11
7.458228225542767487e-11
7.148883220449647110e-11
6.677481179036965122e-11
6.157719188183807992e-11
5.903814688966701190e-11
5.193732054196902277e-11
4.836540715790808250e-11
4.247081754794603134e-11
3.811934617050683382e-11
3.504576030655920912e-11
3.379813938791442684e-11
2.953054074282262888e-11
