8.828939322672069157e-01
8.334431063269701623e-01
8.069746749429567156e-01
7.529090963636569933e-01
6.823694567854651227e-01
6.256091944769058832e-01
5.805877778115431376e-01
5.507778418716735569e-01
5.110550483399961541e-01
4.798388781448263418e-01
4.604055056185497596e-01
4.342406757816120733e-01
4.042212728805684163e-01
3.763330248431838165e-01
3.475519622988836876e-01
3.212512529766718417e-01
2.927210151499060053e-01
2.622992729533954459e-01
2.385772924845852849e-01
2.163424976433314106e-01
1.900681218853243759e-01
1.721819599321935956e-01
1.548190173086583521e-01
1.400610658059115998e-01
1.241861804243479528e-01
1.152119231039906849e-01
1.057966839537096831e-01
9.303938528031724386e-02
8.462328159418526508e-02
7.694825344249812960e-02
7.086092989185134583e-02
6.667427837788789113e-02
6.191538392135184643e-02
5.534673232778086760e-02
4.869686196089349772e-02
4.467777517020728867e-02
4.092211361100408368e-02
3.575862791402604351e-02
3.204502565776350814e-02
2.733073917338864692e-02
2.291620683782706613e-02
2.001055736429796506e-02
1.844146990844005088e-02
1.575956765863937084e-02
1.356239661096070651e-02
1.205634450011120254e-02
1.107338945703869107e-02
9.455952493189605582e-03
8.733424795023363163e-03
7.667056007258882949e-03
6.660306688699919528e-03
5.789430556128594488e-03
5.033692338342000451e-03
4.372019539806699766e-03
3.895690641279487242e-03
3.392950798779140534e-03
3.022460606493906562e-03
2.573886810136215980e-03
2.377655257115832751e-03
2.076347091123551935e-03
1.801321818922361172e-03
1.640222360298090182e-03
1.443441590437842233e-03
1.271597617988823271e-03
1.159027163449378355e-03
1.080474658767927466e-03
9.975163809993034449e-04
8.981155578463494117e-04
7.637978826398382579e-04
6.848003482232217993e-04
6.078513039207089847e-04
5.247556452563296092e-04
4.826073587405281377e-04
4.291548892147830285e-04
3.834379134734443285e-04
3.496457264173687932e-04
3.161107066465306589e-04
2.881072553101329098e-04
2.670276231126385031e-04
2.406766888649851800e-04
2.260811900008853246e-04
2.027098365033032303e-04
1.855386586568854733e-04
1.616960151164485303e-04
1.524878242599863069e-04
1.328945479760008030e-04
1.173813216570147779e-04
1.087420027588440125e-04
9.180970450336684604e-05
7.884482708080685668e-05
7.080294110255404467e-05
5.852715492235401561e-05
4.953130356154173867e-05
4.280285292220751278e-05
3.559951446144902327e-05
2.938670638236762401e-05
2.541064600922524872e-05
2.147037511382660009e-05
1.885539249928226349e-05
1.596819581314852280e-05
1.506988390510229350e-05
1.310264307241889092e-05
1.199790025900916588e-05
1.129270262420151813e-05
1.055418304623430055e-05
1.015989979244649987e-05
9.299485209791521470e-06
8.468457581739135848e-06
8.134221055627182810e-06
7.504677445432064453e-06
7.005774013244261833e-06
6.232933419673365216e-06
5.893461437785122639e-06
5.234389144562915042e-06
4.594796833669928823e-06
4.159109693436884376e-06
3.732914042861562300e-06
3.107609207577500870e-06
2.823317579096426718e-06
2.463951218139104735e-06
2.147146265282552149e-06
1.854823090565955990e-06
1.620346445391136306e-06
1.354213389739160402e-06
1.121721365783598534e-06
1.029067431234210262e-06
9.199694481187790145e-07
8.228713545284217662e-07
7.293136773077673117e-07
6.464406383208098064e-07
6.167916104910712917e-07
5.447265916140365802e-07
5.146411880016142623e-07
4.653445102620022310e-07
4.219590990123667490e-07
3.666613054829123808e-07
3.287776656655149084e-07
2.826888334494224476e-07
2.683920978740741233e-07
2.323155646214517487e-07
2.077794035412755501e-07
1.947990869176997054e-07
1.800511888054949767e-07
1.604937742914854596e-07
1.479790195739156642e-07
1.227119073367958118e-07
1.058526639640539338e-07
8.958305521404104672e-08
7.627517498212426891e-08
6.580400053087391416e-08
5.951879766237900037e-08
5.114042637075189635e-08
4.436928933562697970e-08
3.561274123269780066e-08
3.183143156946225952e-08
2.760260805811063234e-08
2.283424841828530485e-08
1.996543978096776029e-08
1.616029769781994669e-08
1.499461535825656143e-08
1.275488390929664166e-08
1.164592018379944923e-08
1.060673627335368576e-08
8.981817319405988329e-09
7.834433854531226937e-09
6.993252453772729802e-09
6.117652872647900709e-09
5.251689020314704447e-09
4.930584606341376230e-09
4.212385490146146000e-09
3.583611869223978493e-09
3.206767645838990927e-09
2.669429000925058046e-09
2.415672521627595160e-09
2.119536547840328242e-09
1.857512084112358908e-09
1.663219258585724621e-09
1.482325311424555130e-09
1.280301867024858057e-09
1.184759791390625281e-09
1.044124260814395567e-09
9.442749091078458404e-10
8.704263530637611181e-10
7.647360254715659090e-10
6.645796444484350008e-10
5.546151977572535356e-10
4.853211179493982309e-10
4.184640758563524053e-10
3.681085566667909147e-10
3.256729315577239337e-10
2.929932148520112256e-10
2.577596900875164446e-10
2.235069326483015371e-10
1.920286947955688105e-10
1.698550761816686597e-10
1.613437648181988110e-10
1.461761446074396465e-10
1.249048536353344288e-10
1.162132915493030619e-10
9.900236474197863305e-11
8.943841598588027918e-11
6.993687908611616545e-11
6.318822429231316847e-11
4.989231090616380217e-11
3.892810336316150379e-11
3.429916986672834925e-11
2.932207421846336000e-11
2.580723036463340492e-11
2.304630810884637221e-11
2.032454703605887262e-11
1.847544276629411214e-11
