8.289494036160421908e-01
7.928989401664749970e-01
7.442140295020998053e-01
6.891281895780106970e-01
6.151362631937863368e-01
5.595899411827488512e-01
5.139069364296720011e-01
4.562754797664506645e-01
3.991529810687992064e-01
3.466037831765518273e-01
3.089618753917972582e-01
2.645971175998277913e-01
2.309744168062504710e-01
1.965446457453755291e-01
1.660151514845757681e-01
1.425688255380837266e-01
1.198654086781410499e-01
1.013829761106245092e-01
8.499029516712786059e-02
7.949342406878873168e-02
6.973492711836463964e-02
6.020750420626395233e-02
5.325606517977739263e-02
4.798883016995600381e-02
4.270555406774680790e-02
3.805390154468197422e-02
3.437494356657955913e-02
3.142156801033600677e-02
2.926200957631994864e-02
2.720010731297104259e-02
2.423029110254344004e-02
2.190953659429812836e-02
1.960801748259957678e-02
1.867750745705036575e-02
1.709245387314059852e-02
1.546728545762856948e-02
1.359456642116239553e-02
1.207279911209873692e-02
1.073293773755430204e-02
9.739429321915129070e-03
8.922079279700055945e-03
8.005980098953239046e-03
7.083883462423837089e-03
6.094404177423080882e-03
5.318943922686631548e-03
4.791581012627710127e-03
4.233320064537692516e-03
3.714192422219357408e-03
3.541291396725120867e-03
2.898053218337773903e-03
2.441468062626872462e-03
2.144445898735229498e-03
1.767000873746372687e-03
1.600771098170467597e-03
1.277912907811168657e-03
1.030744454515877297e-03
8.240148968957931776e-04
6.760486391566867268e-04
5.876233676441447364e-04
5.242947994005840500e-04
4.417992235493130564e-04
4.049187672844815444e-04
3.756008809794172607e-04
3.450491025504033864e-04
3.020198439948223231e-04
2.550163390434417041e-04
2.321289176824781685e-04
2.082317998323534442e-04
1.867790058402225741e-04
1.665441740875023312e-04
1.426312479749787098e-04
1.352898793572539498e-04
1.160136301342588476e-04
9.585719117942033125e-05
8.267518428533176297e-05
7.340244389860901863e-05
6.773462829807396738e-05
5.709219157530510713e-05
5.037675642794422131e-05
4.022115527913023859e-05
3.479950273141714777e-05
2.963373962606670055e-05
2.499320101332565370e-05
2.300668583151866479e-05
1.921926926584084934e-05
1.726932081889492155e-05
1.484030214466054697e-05
1.321261501478099992e-05
1.083997344380546977e-05
1.012602738505702886e-05
8.616866014429222292e-06
7.811385415679131966e-06
6.607802576356500600e-06
5.634699287378999895e-06
4.327925928905850626e-06
3.359837210351110918e-06
3.049444501443739322e-06
2.658895059360872500e-06
2.207412224509258772e-06
1.794796311730115312e-06
1.509307130333069791e-06
1.331108743257052588e-06
1.250197139101927719e-06
1.157079003242891004e-06
1.039925352356130393e-06
9.032021676552873598e-07
7.669584012973688130e-07
6.856798038654424238e-07
6.007636213970938040e-07
5.568464822405778548e-07
4.942160356589674969e-07
4.223626697798122259e-07
3.809720731136519743e-07
3.137445274482952175e-07
2.543375957946472921e-07
1.952988881602500819e-07
1.755021055870922364e-07
1.524233700331077980e-07
1.275875111024761010e-07
9.574126673525945453e-08
8.029809579006054105e-08
6.867868176505889524e-08
5.890113617929447107e-08
4.703199841754548682e-08
3.812946231893070028e-08
3.435729946869089855e-08
2.795843140260713745e-08
2.386821971683310687e-08
1.990138257760578910e-08
1.834221567146511172e-08
1.632071961483614701e-08
1.458910697126881134e-08
1.307363756880429645e-08
1.073095299513263453e-08
9.595817834838036827e-09
7.951012374966621360e-09
7.051444498878568899e-09
6.328119756703757666e-09
5.741320272241172193e-09
4.653968921140267187e-09
4.120765765062029119e-09
3.380426107887509673e-09
3.213099596516346506e-09
2.835927084974298970e-09
2.526072053007693617e-09
2.145853071284630739e-09
1.839963334487084318e-09
1.578098761542457355e-09
1.286844087356256621e-09
1.122708218230386537e-09
1.005626674377222485e-09
8.160708049326433276e-10
7.537710160585940530e-10
6.178218588045302024e-10
5.529055261900280688e-10
5.047110080562196097e-10
4.378371055812841016e-10
4.202608683975177362e-10
3.643958399294935342e-10
3.345532519289685411e-10
2.820643314321751989e-10
2.418737292019408322e-10
2.100264772463708852e-10
1.978746354341401136e-10
1.546184261477935629e-10
1.203248076518241327e-10
1.075566330657822648e-10
9.594252601909377579e-11
7.545978879304701504e-11
6.384930348287756142e-11
5.747955242261329390e-11
4.676799940479372400e-11
3.840440611728345271e-11
3.010196354296297655e-11
2.561469259473812688e-11
2.220230613723427341e-11
1.918446518927073499e-11
1.684851737473884345e-11
