9.268169832195105595e-01
9.066633508111993089e-01
8.990746041129348276e-01
8.864786678159048972e-01
8.712816084768610914e-01
8.404639551606946091e-01
8.158648521172768842e-01
7.922980065003704109e-01
7.731453367619210981e-01
7.529506200892540635e-01
7.358074876507280093e-01
7.187226912508791754e-01
6.915133250757186101e-01
6.616182766600287035e-01
6.334313585219178977e-01
6.099147492848793206e-01
6.058335790075335403e-01
5.775645171254479848e-01
5.528773314368427005e-01
5.315061234802338497e-01
5.104753715996084296e-01
4.844523467691882468e-01
4.613052784063828016e-01
4.478679046462756275e-01
4.341417932892434606e-01
4.138098846020998312e-01
4.087635769937105201e-01
3.969461296727854749e-01
3.898692920547243701e-01
3.728831057005400074e-01
3.663665477026313844e-01
3.530613077571105318e-01
3.479119193379205388e-01
3.324233106104371172e-01
3.180933667339951310e-01
3.060595161565818900e-01
3.010973309653192653e-01
2.889240104351373239e-01
2.794131009233302709e-01
2.770102190521701035e-01
2.694494126413515267e-01
2.616338334128557874e-01
2.518949872570495074e-01
2.427554317421976304e-01
2.338830654740030324e-01
2.308823289357433417e-01
2.218018849955588623e-01
2.191418589322179922e-01
2.114593087849062081e-01
2.026363147133646569e-01
1.982567133449103791e-01
1.929129319064215586e-01
1.880437971674759623e-01
1.807943358757161945e-01
1.744492540015994686e-01
1.707958421672232385e-01
1.611305192026073752e-01
1.543366543001770119e-01
1.481479828065125903e-01
1.378766303070480537e-01
1.329770673419478910e-01
1.287987171783770701e-01
1.277028502077524053e-01
1.207678531780573411e-01
1.150628492308465728e-01
1.130899015245417499e-01
1.076694992805386775e-01
1.060408189662921524e-01
1.032302818727777738e-01
9.942257368481365043e-02
9.621178881020343854e-02
9.291120876582155408e-02
8.795607739378569212e-02
8.572759620453054841e-02
8.502392486682387729e-02
8.260248428538610743e-02
8.103863789482364244e-02
7.784982028783704600e-02
7.694670453172744451e-02
7.403609612283625074e-02
7.090574733677464103e-02
6.806934874427893190e-02
6.508233891584017106e-02
6.290975353986467955e-02
6.152001950111959244e-02
6.057196842819903559e-02
5.847085713341944324e-02
5.778497930215635570e-02
5.598400847261898045e-02
5.434479442923668274e-02
5.096441597069149843e-02
4.751352193112239747e-02
4.445641778107219111e-02
4.264821832949902691e-02
4.116340043208108201e-02
4.027112761747138336e-02
3.914315160858095055e-02
3.858873364009305501e-02
3.696257962012415577e-02
3.584937575753117944e-02
3.492561420352004870e-02
3.354922445214703064e-02
3.254697543763850065e-02
3.148444904952141937e-02
3.103975237786922928e-02
3.008800758831315161e-02
2.928804261868162701e-02
2.881977044310188307e-02
2.767904955634140768e-02
2.753746685266494909e-02
2.676979018441628944e-02
2.589619946588958554e-02
2.551833714695959585e-02
2.470760422184204580e-02
2.413908642333302199e-02
2.326781686516982833e-02
2.241031279846769642e-02
2.205278588211246130e-02
2.125489339461159380e-02
2.093756335967254106e-02
2.074882734204064674e-02
2.010832659364412273e-02
1.991621347506493736e-02
1.929161622845350019e-02
1.872943241089472868e-02
1.852504987115803289e-02
1.791587313690306410e-02
1.766671734454250409e-02
1.728502021370870514e-02
1.680520432619132115e-02
1.598472121975071103e-02
1.551967131711265782e-02
1.541957747509782595e-02
1.499559180872256023e-02
1.443262803449467044e-02
1.430103538071936936e-02
1.386311997038654729e-02
1.354289930146235915e-02
1.339869534090501121e-02
1.314083513472535415e-02
1.290524837084210640e-02
1.269471320660460305e-02
1.242535600936995124e-02
1.237885100101103648e-02
1.210820925934496389e-02
1.173210264976904012e-02
1.165685475287882300e-02
1.138104712942276421e-02
1.112302699674714776e-02
1.094787466622645575e-02
1.061324616520103840e-02
1.007482010138766385e-02
9.864164932455883258e-03
9.517384199167531686e-03
9.385340844247587466e-03
9.121696711738503521e-03
8.762130895293642960e-03
8.450718356483729113e-03
8.320005946015862977e-03
7.981095422477553492e-03
7.879927733374200022e-03
7.639227533630159328e-03
7.531265734137882091e-03
7.242533676917990194e-03
6.898719654547905665e-03
6.712711162195014042e-03
6.667529558467112129e-03
6.528962841925094011e-03
6.367144281441368403e-03
6.102734447117516906e-03
5.815606074810998616e-03
5.630297925775374149e-03
5.534533890801958574e-03
5.250816383058862571e-03
4.950192813640293121e-03
4.704793670511702233e-03
4.484773492290112379e-03
4.451441837499904922e-03
4.244068429468714210e-03
4.145113017987226041e-03
3.999058061587660098e-03
3.930904176900035241e-03
3.714756169645052394e-03
3.632148112232739569e-03
3.480899494571821403e-03
3.253725116862851274e-03
3.172112503767440892e-03
3.021871340160027508e-03
2.965375873069153994e-03
2.846704949073165358e-03
2.814138990464913961e-03
2.657945047319257553e-03
2.531003643087846849e-03
2.416984885881214799e-03
2.354843390812506616e-03
2.274421888512570804e-03
2.074563863892923965e-03
1.959145358955315802e-03
1.817374895604898259e-03
1.684779309086029738e-03
1.667849294913440351e-03
1.627904574326017196e-03
1.538459447564940671e-03
1.492721805103669084e-03
1.452094820224803786e-03
1.373221499969054212e-03
1.310516668005616602e-03
1.262116474415890229e-03
1.229767605257681964e-03
1.169044028668046178e-03
1.091533810818189933e-03
1.037118685330817120e-03
9.830095399170715210e-04
9.615005802798382928e-04
9.092510446709550038e-04
8.918590052480401213e-04
8.556632071319086267e-04
8.323605751612030406e-04
7.762762641209305361e-04
7.514517706791689049e-04
6.842988460693564612e-04
6.401943813183477369e-04
6.148863693147193577e-04
5.846306522894012493e-04
5.610026442630052564e-04
5.515699378568848354e-04
5.170148612063360559e-04
4.848826215214794210e-04
4.762303825831278969e-04
4.372271433988784853e-04
4.222311920004575420e-04
3.868788956661986024e-04
3.696914646765084886e-04
3.491363569321712101e-04
3.281542590857607555e-04
3.246296783202137987e-04
3.092040717845417875e-04
3.030174324841634881e-04
2.921819736717913866e-04
2.684257749123936175e-04
2.514967097827200990e-04
2.438317489183893167e-04
2.352582922048249419e-04
2.272452587184717733e-04
2.180477903291336750e-04
2.118870990366014965e-04
2.069560102858017533e-04
1.999654774000056228e-04
1.983777419371093127e-04
1.897444342277358178e-04
1.867758437419572964e-04
1.788705666518955180e-04
1.741712249332649765e-04
1.700607759627720999e-04
1.654362046018053667e-04
1.574400953942000367e-04
1.521604744364271362e-04
1.468019853849768816e-04
1.456437349973950469e-04
1.425826799735698664e-04
1.411879022669074299e-04
1.362938518205765903e-04
1.323698949985001902e-04
1.292420021811306087e-04
1.243513016551282336e-04
1.218134777688756847e-04
1.185674933871707916e-04
1.150686097440839354e-04
1.080705350302851994e-04
1.042076784538017385e-04
1.029319610661686449e-04
1.019573933090291574e-04
9.700237975917314092e-05
9.391525315263726489e-05
8.944412394922232504e-05
8.642530378848877664e-05
8.441397808808495011e-05
8.134044014239051503e-05
7.599274807003185027e-05
6.927702003035256066e-05
6.756087424958443898e-05
6.527899863544921698e-05
6.420445500027088304e-05
5.998152619945313106e-05
5.686045902200268030e-05
5.508504070508161082e-05
5.406180821827850659e-05
5.204104997056530903e-05
4.966415749178655701e-05
4.832506116539474580e-05
4.567586608127948713e-05
4.342704766147715764e-05
4.196633632960947152e-05
4.170120610548599640e-05
4.095201444613490475e-05
3.910488074044094311e-05
3.788722441067288361e-05
3.632741205053273203e-05
3.554172460404586391e-05
3.388897234874576882e-05
3.310416609804859114e-05
3.208117392060741478e-05
3.172367618365361946e-05
3.025412438372129830e-05
2.990135962935164542e-05
2.914047704261483101e-05
2.891819175558875334e-05
2.821906402275862038e-05
2.759994306225440163e-05
2.675806872791105449e-05
2.554142836347982767e-05
2.502738989429184970e-05
2.430076422061863955e-05
2.386369113284456673e-05
2.342542709982269890e-05
2.312746355007024718e-05
2.277394620049208004e-05
2.268694117366309949e-05
2.231015767174214629e-05
2.180107318648397629e-05
2.124036785770423477e-05
2.102895123489470532e-05
2.070554905202956215e-05
2.022748570290966924e-05
1.995143073650120104e-05
1.969058138012416042e-05
1.935300617434894093e-05
1.894337857998901100e-05
1.858766008736551471e-05
1.799409702766158835e-05
1.790901947896674973e-05
1.693494673325846730e-05
1.669140017797002561e-05
1.600244406396261710e-05
1.546508065932788200e-05
1.500536194816466656e-05
1.401144385790989758e-05
1.378713472829226732e-05
1.301560073156535951e-05
1.228482745505282167e-05
1.210850475630488197e-05
1.190083375115918691e-05
1.152646100135957308e-05
1.074492019942708961e-05
1.014289977296836907e-05
1.000367077375343687e-05
9.553217446593100347e-06
9.464421908691173619e-06
8.962121197647459966e-06
8.842153179583076629e-06
8.461041656942856393e-06
8.227804022611632964e-06
8.050139107937453605e-06
7.811216006466010104e-06
7.494912813139010617e-06
7.269681006090612158e-06
7.046417275719037035e-06
6.964205213508292106e-06
6.736417882327752476e-06
6.576146773485208180e-06
6.460392518998252234e-06
6.265550428704621248e-06
6.025722637337902219e-06
5.734882714296761074e-06
5.677412243330087573e-06
5.469549243808790162e-06
5.341818526425619562e-06
5.152141387375323342e-06
4.874800140895091460e-06
4.637116764437764701e-06
4.579155650134638408e-06
4.281048108547268611e-06
4.187200877061699592e-06
4.061817810541840023e-06
3.870829838164198489e-06
3.694263256166501743e-06
3.649341472533319928e-06
3.522755711720954138e-06
3.467154847800492961e-06
3.215023819720500024e-06
3.171316101969815762e-06
2.960183056364667162e-06
2.828042585350275299e-06
2.658953233751257607e-06
2.522406094351139267e-06
2.454785910365325853e-06
2.375723561344826049e-06
2.235107932827994158e-06
2.206110171878722658e-06
2.157868196201137244e-06
2.025732541899899795e-06
1.894324299588387164e-06
1.857860091299188343e-06
1.733837790552263890e-06
1.644691013596373042e-06
1.566239370653839997e-06
1.489991897460055003e-06
1.463037171027975869e-06
1.371557224934212301e-06
1.326592852748378641e-06
1.303673379858909410e-06
1.239548369821869893e-06
1.207008677959910330e-06
1.121939978813002101e-06
1.052697519073316733e-06
9.996782920860589316e-07
9.490888000335686288e-07
9.050202738600087223e-07
8.581567886313947152e-07
8.091305840183013056e-07
7.748823932116908574e-07
7.693074003974604065e-07
7.394343724630100483e-07
7.030602818516312879e-07
6.940580449767068170e-07
6.675511809153450007e-07
6.457815188725247252e-07
6.356329454118524830e-07
6.249432996359979566e-07
6.118507123402050177e-07
5.906881818476642216e-07
5.828492608909253710e-07
5.738821369768567543e-07
5.668432710678091888e-07
5.536134842929124413e-07
5.513138133846722235e-07
5.403380930458166977e-07
5.212842155415074321e-07
5.130031306904076876e-07
5.045333268579706574e-07
4.838610619697521696e-07
4.709086723732703465e-07
4.531632504034300399e-07
4.398598445521066489e-07
4.321850888803038489e-07
4.241883392147392620e-07
4.212590535613288474e-07
4.113316121228724942e-07
4.076456061089491063e-07
3.975859907986286813e-07
3.862754946267248144e-07
3.749645126312047431e-07
3.688042863925887100e-07
3.563790104831305211e-07
3.415002260875161918e-07
3.355817069544032002e-07
3.176945901955224767e-07
3.063725864067613879e-07
2.984117502873354715e-07
2.963250764159613493e-07
2.799733929384280745e-07
2.737261667877177367e-07
2.594889644763141054e-07
2.485899198702406990e-07
2.375657903562650260e-07
2.243815845412157285e-07
2.213332291943783624e-07
2.155719676795331140e-07
2.041539794738604785e-07
2.000518319195763885e-07
1.936872519175476888e-07
1.923065579323532365e-07
1.870449955508296285e-07
1.794958379855909134e-07
1.768406644087753877e-07
1.730037088707334103e-07
1.654784038076093875e-07
1.622549084150201540e-07
1.582742302088850139e-07
1.519107959555802066e-07
1.475873806156430398e-07
1.441107137663427130e-07
1.373178047494310509e-07
1.295804378104203418e-07
1.286087942472852645e-07
1.229097679612865301e-07
1.209965038482455595e-07
1.161610853610422824e-07
1.121450570373235516e-07
1.085477917581985635e-07
1.056103272905609667e-07
1.027136778321184660e-07
1.011493687084529038e-07
9.690395453297991512e-08
9.420165831015972412e-08
9.332784297312157984e-08
8.960458036058500850e-08
8.838133665821718379e-08
8.527290758589401852e-08
8.483493845014816066e-08
8.119051058790124118e-08
7.916490744072061404e-08
7.540778676913929510e-08
7.420812637514613337e-08
7.055353828666625987e-08
6.830069854809297114e-08
6.752124337168048680e-08
6.485906448988769155e-08
6.201354429394820167e-08
6.015782829219268386e-08
5.868648638687833112e-08
5.712641814636554533e-08
5.618310736560594136e-08
5.533090302742265838e-08
5.371173355394095486e-08
5.278252109958486925e-08
5.141225324875141013e-08
5.010974118830802730e-08
4.926284478065201978e-08
4.813477418354300155e-08
4.530732333876813102e-08
4.298944607986068683e-08
4.085553346462693852e-08
3.861862078301002270e-08
3.762348201900090141e-08
3.682241052358458415e-08
3.597227075273918764e-08
3.481580337255515883e-08
3.444095832863291855e-08
3.228853943650928482e-08
3.128821322075780344e-08
3.003515205037422009e-08
2.900483705444052638e-08
2.810098178707271431e-08
2.736937240684758113e-08
2.644743983332195164e-08
2.565756611585599969e-08
2.513368503259190621e-08
2.419875711663912927e-08
2.390066560094288931e-08
2.371540253856976291e-08
2.181681271531752306e-08
2.030416982945605272e-08
1.924921133486326602e-08
1.866621191777905901e-08
1.798676316353962708e-08
1.746547775410978448e-08
1.646893496381484768e-08
1.568512765244384191e-08
1.507511382774713262e-08
1.414033479812394981e-08
1.406650970667765741e-08
1.308359230586209728e-08
1.240105769733743452e-08
1.186689036147264464e-08
1.146777161843135306e-08
1.118496465483484757e-08
1.085571317386739672e-08
1.025164937589848696e-08
9.879521096109524072e-09
9.760028293165919939e-09
9.326808037553279912e-09
8.821335821353852353e-09
8.719444019646407534e-09
8.590264419685996357e-09
8.407411741568248746e-09
7.983132780106586249e-09
7.811843698238511155e-09
7.430778939200918392e-09
7.138881175450287372e-09
6.938075890101713628e-09
6.769389590286379402e-09
6.505842641576272188e-09
6.308986051088457323e-09
6.123941341111647635e-09
6.058167373026095150e-09
5.844183199188822605e-09
5.659040756834058856e-09
5.417990748946246815e-09
5.342710364790411791e-09
5.071265994554748580e-09
4.745441681353673774e-09
4.673129109744193090e-09
4.418554301806391990e-09
4.160097011275889548e-09
4.050412365001951696e-09
3.769020554153365309e-09
3.547578078872537516e-09
3.498336553544869978e-09
3.194165937446345851e-09
2.923167189190824258e-09
2.593373966276043443e-09
2.369040947453431233e-09
2.264329315081448055e-09
2.155393847100302569e-09
2.058796256546939756e-09
1.974859640133013942e-09
1.887221850765536418e-09
1.842691156322390948e-09
1.767099937788844655e-09
1.717286928085734847e-09
1.639599908773587920e-09
1.579309224753302233e-09
1.483344034336730036e-09
1.438926514388896747e-09
1.376690963365677832e-09
1.281208177753925177e-09
1.231151110305868245e-09
1.208574786512582065e-09
1.111155691477724403e-09
1.063362983934306921e-09
1.015602525356563510e-09
1.002116416520716656e-09
9.453889764092792559e-10
8.812001067455411056e-10
8.142112376241734638e-10
7.957868119382072760e-10
7.551043120088185369e-10
7.320088271484836397e-10
6.621079548070132740e-10
6.378173841182553589e-10
6.159320096573218420e-10
5.648999108876861815e-10
5.496798135761328709e-10
5.372007965049514074e-10
5.303869232010019203e-10
4.897466123560427026e-10
4.611312595294397667e-10
4.389928641814087215e-10
4.238191920708836290e-10
4.005342468341689387e-10
3.735686539404803683e-10
3.528551647281970626e-10
3.298428773748968604e-10
3.116701448880770294e-10
3.010690553031403472e-10
2.963714120971003483e-10
2.811117335351115243e-10
2.708365859528274395e-10
2.530214982581723179e-10
2.293938780432199528e-10
2.102804974932816805e-10
2.023307793664638668e-10
1.946352030377109212e-10
1.882796256145949931e-10
1.818289398946697572e-10
1.729753660951677567e-10
1.700235351323838495e-10
1.610239962723282623e-10
1.492854858422604578e-10
1.447748970305107743e-10
1.408625816766148734e-10
1.301315655895201836e-10
1.255398316818950747e-10
1.211393501565377085e-10
1.152517796092782354e-10
1.089869616821692338e-10
1.046750226382717566e-10
1.011965899078282008e-10
9.923079074747211214e-11
9.429084466240074236e-11
8.678473415981779769e-11
8.365764342685036195e-11
7.832456976502017538e-11
7.386314005029320874e-11
7.221346913439326953e-11
6.869196121652976217e-11
6.625705723688347299e-11
6.443662334022285769e-11
6.192770301144051379e-11
6.114961561440041434e-11
5.836048971622932329e-11
5.765674767152546837e-11
5.349887576567391737e-11
5.271179890912837688e-11
4.923960981373591279e-11
4.600829365867465614e-11
4.422934512456982848e-11
4.330599083746320643e-11
3.977012003566164339e-11
3.780259891587176617e-11
3.725689163536140059e-11
3.399520496919460819e-11
3.241712827683220530e-11
3.061880780408761317e-11
2.884571384904427528e-11
2.825860934342012852e-11
2.662673152186306823e-11
2.456398364174248959e-11
2.418182805771070408e-11
2.351250996626886340e-11
2.205002919585451796e-11
2.166346818270209087e-11
2.126589392717345767e-11
2.030360693585754768e-11
1.923182664005035225e-11
