6.697780099333351389e-01
5.934018982415855126e-01
5.394576067664295094e-01
4.593762261767783683e-01
3.703583827289378960e-01
3.093563673490627441e-01
2.719399231644349935e-01
2.349791618637036561e-01
2.038865130490840338e-01
1.761734274385692856e-01
1.552890103337701277e-01
1.375256167470199353e-01
1.196471738078366404e-01
9.973229939539009214e-02
8.035050854745182103e-02
6.238530442825115235e-02
4.516178299139896740e-02
3.384628604139649360e-02
2.442366256569204752e-02
1.770279593255327105e-02
1.215502329094892385e-02
9.202773104468441739e-03
6.546128981701305333e-03
4.840297064226090074e-03
3.605290481920987201e-03
2.867104632224539307e-03
2.341309194940710894e-03
1.984739917986915771e-03
1.703584766062729268e-03
1.353407484506531080e-03
1.018359877745532221e-03
8.545451747227939161e-04
7.171103504522014080e-04
5.643470512843168363e-04
4.790085687971400901e-04
4.008007649392900627e-04
3.485424638658946137e-04
3.148640078215526363e-04
2.877992736285159910e-04
2.461767530063677860e-04
2.111695164442836160e-04
1.757833967976521841e-04
1.390518900355398239e-04
1.030836858281224447e-04
7.712057702989132373e-05
5.893348091838727319e-05
4.434609913803281038e-05
3.570551830744141786e-05
3.004534286285150103e-05
2.746692539448659245e-05
2.398223453262981984e-05
2.101628092218192309e-05
1.863075345924382800e-05
1.581267134371139348e-05
1.296286391567634107e-05
1.142383742616250647e-05
9.073228463314450209e-06
6.648347487159013007e-06
4.564813684300982981e-06
2.908005098760973140e-06
1.887563385681929702e-06
1.253083840589824141e-06
9.795806977759165653e-07
7.734065564732159620e-07
5.641681517456255457e-07
4.570299855801796728e-07
3.483902234096597820e-07
2.779974792469739905e-07
2.379362185782134266e-07
1.944499062675183899e-07
1.696506108798193986e-07
1.443370953165609661e-07
1.307166847627324799e-07
1.051556103180168460e-07
8.425746030937163623e-08
6.721839760175205569e-08
5.499197754228256600e-08
4.541664479048233570e-08
4.007818398440474937e-08
3.303254328465194537e-08
2.508058795797574650e-08
1.979463711324066818e-08
1.378847650365674427e-08
9.022973984527582454e-09
5.725762524835335910e-09
3.932055200313742457e-09
3.044458278243454920e-09
2.164503925489132711e-09
1.392974691257895630e-09
1.039804992837692687e-09
7.874849343935254597e-10
5.267763425111031493e-10
4.314578891299101030e-10
3.317726499440942228e-10
2.417435538847516201e-10
1.745380602039301521e-10
1.268048156768520505e-10
9.693786837593873840e-11
7.197433768691451115e-11
4.684355633420666267e-11
3.687210283557012664e-11
2.600408689093660257e-11
1.865764319516933942e-11
