9.310280051900028386e-01
9.117459191952079767e-01
9.023241912768140693e-01
8.843943136246110726e-01
8.462356746948055397e-01
8.139990020073596400e-01
7.792001506982121350e-01
7.584491324692119729e-01
7.428641209487329977e-01
7.228105639578960018e-01
6.980581888022902026e-01
6.788154674854333104e-01
6.599435472535082337e-01
6.419303524956657681e-01
6.284251950083258320e-01
6.093955146906575582e-01
5.927251078214187396e-01
5.752107008010844957e-01
5.550138276729624787e-01
5.344672048936984776e-01
5.159235910537267600e-01
5.070608005405085050e-01
4.940237674567419246e-01
4.782071088731406627e-01
4.577994654607824843e-01
4.407281498915439077e-01
4.211095305295662894e-01
4.030568328360861763e-01
3.855847714926017300e-01
3.758534903288461293e-01
3.600086457705112819e-01
3.412815034951595106e-01
3.224696887790707289e-01
3.025840362420434415e-01
2.892430761680945261e-01
2.823781328505163835e-01
2.693371890833887172e-01
2.644997007869066552e-01
2.527243813467084932e-01
2.436447607475605015e-01
2.338290190010404723e-01
2.223056583238084416e-01
2.159348585510913188e-01
2.075263207846005653e-01
1.964763043667805131e-01
1.868389077236607410e-01
1.818590751161528185e-01
1.732653010537182625e-01
1.632048186296932157e-01
1.543614880623225827e-01
1.485434377143040885e-01
1.437405666619850086e-01
1.408413302888155694e-01
1.341406463919875836e-01
1.314614284144313694e-01
1.235912586289575898e-01
1.184598485603126916e-01
1.105070316815222886e-01
1.046683770712636408e-01
9.996878253080707100e-02
9.545743524720547157e-02
9.079368625076449095e-02
8.883099622360535186e-02
8.343392557776786733e-02
7.969779461989197344e-02
7.620485956406512773e-02
7.316507836864080683e-02
7.071394796862477683e-02
6.757723137428472970e-02
6.551374776469161276e-02
6.362076397003231520e-02
6.155484236757721023e-02
5.934710571299609688e-02
5.789229087510991412e-02
5.614291959256755005e-02
5.332825963409056069e-02
5.117958403737323664e-02
4.924348987544297646e-02
4.804328064157887407e-02
4.512403759614790760e-02
4.174847983226271514e-02
3.993604193229623178e-02
3.741784450035404858e-02
3.507115893043803723e-02
3.414923602160255950e-02
3.344259315101432567e-02
3.190550716873916115e-02
3.101936247372878014e-02
2.913316373187375616e-02
2.804750788449659332e-02
2.678591022580715034e-02
2.612863948550376084e-02
2.482788107623785934e-02
2.378611358278817298e-02
2.323730362121670043e-02
2.279703595028704718e-02
2.194853618272239390e-02
2.129147395405769916e-02
2.088692575520398331e-02
2.046560109829595117e-02
1.977063327694998998e-02
1.947598864897779475e-02
1.890234944702120362e-02
1.806961345520801884e-02
1.710296652201186152e-02
1.682760464849810539e-02
1.627431366731114937e-02
1.556005204828874756e-02
1.486355573256843872e-02
1.445133761034151157e-02
1.426605859429993725e-02
1.371081132366604519e-02
1.330735317788919909e-02
1.259725795388961199e-02
1.213809236159828393e-02
1.195920758100272978e-02
1.122594609965712857e-02
1.092166073554676209e-02
1.010158801962490055e-02
9.724134927244620225e-03
9.236748917533579850e-03
8.820098080208414737e-03
8.429610911500807699e-03
8.062781315960505790e-03
7.522990921864414898e-03
6.875505615282780959e-03
6.513095327982726043e-03
6.020773885025889477e-03
5.737459902170193894e-03
5.543656712570661435e-03
5.266540604317198823e-03
4.934659499379418987e-03
4.821475640407154803e-03
4.497544037627711731e-03
4.071805377992129306e-03
3.562019101816678822e-03
3.471049436133871128e-03
3.165906945220051116e-03
2.991210079058509094e-03
2.829446826823098053e-03
2.636286606447325789e-03
2.586988805581063363e-03
2.477498219037067417e-03
2.339189356873808915e-03
2.262888574286370420e-03
2.232721737550610874e-03
2.064326271494989259e-03
2.030973709621875737e-03
1.900252355066061032e-03
1.823752102563576437e-03
1.770452469012462815e-03
1.731686756609949899e-03
1.588241412474966511e-03
1.532248741968037301e-03
1.476041168241199386e-03
1.398873513233283693e-03
1.330517894151004568e-03
1.274702404672516803e-03
1.226733937909751633e-03
1.187147344374076940e-03
1.163330453484232117e-03
1.143569532497530541e-03
1.109428590701566414e-03
1.064168942897029003e-03
1.021548483455757793e-03
9.855116479249228113e-04
9.660338164164174743e-04
9.361119308140778295e-04
9.111626939510517617e-04
8.907226449890445286e-04
8.736133605517348161e-04
8.537992001691509236e-04
8.197393653157277480e-04
7.920725616404333813e-04
7.460039854821218707e-04
7.332022493384056806e-04
7.175502332031890316e-04
7.059375354650608688e-04
6.726126454100561864e-04
6.399678448544446167e-04
5.887872262761443187e-04
5.677494056981406516e-04
5.244594299902416695e-04
4.921488597658048606e-04
4.583676208397073864e-04
4.402184220586977028e-04
4.290800562076255544e-04
4.159336038720131074e-04
3.838524501697766289e-04
3.745388221018340884e-04
3.643599714138318329e-04
3.392208882252110958e-04
3.187701863745455834e-04
3.082022050088375304e-04
2.829113142780285170e-04
2.716682889544628707e-04
2.554146143349278497e-04
2.331186406296789301e-04
2.247474814789340825e-04
2.148096794319912959e-04
1.986816316545275695e-04
1.838328130694096355e-04
1.801646145672620080e-04
1.676978167515661908e-04
1.589054501099203211e-04
1.560920504893964457e-04
1.478978044943207130e-04
1.396984957040942575e-04
1.302535565938050773e-04
1.239042398155685112e-04
1.140764645171996858e-04
1.120200740635141664e-04
9.975178673224547254e-05
9.657774752717696596e-05
8.992076575021745982e-05
8.311624529151094782e-05
8.017506941376124875e-05
7.791176689542449044e-05
7.487569659165973829e-05
7.136985973013158259e-05
6.986763134547236201e-05
6.750753103861281191e-05
6.307496557594547955e-05
6.182971797911648859e-05
5.735252864958550838e-05
5.407923006394933167e-05
5.259309298824139765e-05
5.012538884185238538e-05
4.783833283874830086e-05
4.637452086581230057e-05
4.346762702307589227e-05
4.284248434274309813e-05
4.100022151580170766e-05
4.040323364449439637e-05
3.883857466826890024e-05
3.732906506586556558e-05
3.650597064506547320e-05
3.470416886860921898e-05
3.395939320489586014e-05
3.273158484901185310e-05
3.157780266088148536e-05
3.054339688828148537e-05
3.018314728401983149e-05
2.891490208967946630e-05
2.832933647294925047e-05
2.750056319265078734e-05
2.700080250611055759e-05
2.632664890647668030e-05
2.566349739225685583e-05
2.491924945241997294e-05
2.412803335731037642e-05
2.267010459318759413e-05
2.236436573494986118e-05
2.166689395468877322e-05
2.080847661646973546e-05
1.980886708396601260e-05
1.924354709613353159e-05
1.833808447853351264e-05
1.789044071243111789e-05
1.722140815705941664e-05
1.679716902996181277e-05
1.637168654535333312e-05
1.591654081164719915e-05
1.518921453551661988e-05
1.481994764896510788e-05
1.367900579247076362e-05
1.319278397339909600e-05
1.247348672989735742e-05
1.139429903932611776e-05
1.092611553951404738e-05
1.041677009374704302e-05
9.595563827679022529e-06
8.881105217623966135e-06
8.639236779200023359e-06
7.815695195206604908e-06
7.507982533568367582e-06
7.309491313365910821e-06
6.988429257245586630e-06
6.350142590795132806e-06
6.180764149284573048e-06
5.823287831297490903e-06
5.437015523231111539e-06
5.136425816630009673e-06
4.710754453426673914e-06
4.408411627497967221e-06
4.094691504440194172e-06
3.969899147847562630e-06
3.771852817148961852e-06
3.419589308483173866e-06
3.342139659417892726e-06
3.196886631910525415e-06
3.134101642910783201e-06
2.915029074295028193e-06
2.821391556572313131e-06
2.759084316193889911e-06
2.599225059407494407e-06
2.390802213085313504e-06
2.354740569958933809e-06
2.137692797173353241e-06
2.073995086621721897e-06
1.936804690267938648e-06
1.817651074987617923e-06
1.736457019070068324e-06
1.712634086539001478e-06
1.632634390812494191e-06
1.587565097631418986e-06
1.534745844077742762e-06
1.461281939255528994e-06
1.435498634417824602e-06
1.384406248096186350e-06
1.310679077921551327e-06
1.288161090379074877e-06
1.250956234774896892e-06
1.218679663590559523e-06
1.188197062423217943e-06
1.136035255053335858e-06
1.098630395637633897e-06
1.058038368215001869e-06
1.039539957379685860e-06
1.013434020098703757e-06
9.742019661566740561e-07
9.374589736218535380e-07
9.096850701583620195e-07
8.767230391680345459e-07
8.579707118815082842e-07
8.237443669616970134e-07
7.779343947231569558e-07
7.621429583207226237e-07
6.912936694063867805e-07
6.630805639695118565e-07
6.169093205820294830e-07
6.015380091685069370e-07
5.810408736176693000e-07
5.682558207205646403e-07
5.438652769384799231e-07
5.107766887556791484e-07
4.840874131493188076e-07
4.701628770257358023e-07
4.504858373873943225e-07
4.296582343833664206e-07
4.210038473928920536e-07
4.014154888390636857e-07
3.821691179750753842e-07
3.708675036407954393e-07
3.356041768129984440e-07
3.232978156343145504e-07
3.019720566244785777e-07
2.957436185018000214e-07
2.807254758555345607e-07
2.574720788528728781e-07
2.390121323517843491e-07
2.296675243267220841e-07
2.078011201446759878e-07
2.015735548859981824e-07
1.864039255974827725e-07
1.693631912262780596e-07
1.598569712688005067e-07
1.525608714731265786e-07
1.396502112636430093e-07
1.298311936244523872e-07
1.228724141578255675e-07
1.203902655364846918e-07
1.083125161496217028e-07
9.856296973829032867e-08
9.691283780200763376e-08
9.268547273046063746e-08
8.783836307208835565e-08
8.504274687407364792e-08
8.012116753696683925e-08
7.686377665570421934e-08
7.413545386259255596e-08
7.214766656194902497e-08
7.029848009246879291e-08
6.682324609701679256e-08
6.465033633186259970e-08
6.183234188210238790e-08
6.062657592122917980e-08
5.722246681254055874e-08
5.532035471148867906e-08
5.210419956772791766e-08
5.045305294536535803e-08
4.782817078465012655e-08
4.634911070275235501e-08
4.494956299647054456e-08
4.055711779210432775e-08
3.935696433169106259e-08
3.829072421752994571e-08
3.533239467714636296e-08
3.470113879894412587e-08
3.347904378157321078e-08
3.198656228184370808e-08
3.079196203517289408e-08
2.821886123167819333e-08
2.726843949763041130e-08
2.605772068546662137e-08
2.441088045736195886e-08
2.286680152758417400e-08
2.138473799279807435e-08
1.998243014623131599e-08
1.951238791577400591e-08
1.762350481590366942e-08
1.691667270117743049e-08
1.597761197918707826e-08
1.536782273940097543e-08
1.475699399768881018e-08
1.400573282806382348e-08
1.307670641118821430e-08
1.254210539071328256e-08
1.195558235254963008e-08
1.146972230599736082e-08
1.063394381004738877e-08
1.035775713484695646e-08
9.846266479578088455e-09
9.485292028581567409e-09
8.935623492504316435e-09
8.479031383252442505e-09
8.309736687425620610e-09
7.918949287591991395e-09
7.485786827076213698e-09
7.370161443688512830e-09
6.847709325723188205e-09
6.539430749344732189e-09
6.068847838969980722e-09
5.493812261296566538e-09
5.384934008961455107e-09
5.118938751782188465e-09
4.788174942323136029e-09
4.618635448680661279e-09
4.216207084136412277e-09
4.081284220121979749e-09
3.932034885699161863e-09
3.788865091869142200e-09
3.659275117907892704e-09
3.502672537852130834e-09
3.439193663727213966e-09
3.303449832066948647e-09
3.039609146454807447e-09
2.937273546239786268e-09
2.736861055624204390e-09
2.568682816368118365e-09
2.359270508152063063e-09
2.300503266320025196e-09
2.157085538355747778e-09
1.988348837768752538e-09
1.876484446176419542e-09
1.842690052576863638e-09
1.765138946705192427e-09
1.699210466611488528e-09
1.626376285150336165e-09
1.567381554234640404e-09
1.517087236570015860e-09
1.419871206740583710e-09
1.343415893898408954e-09
1.306372771428809381e-09
1.239982759411403488e-09
1.184878958624795136e-09
1.112255886587304396e-09
1.052362975758209456e-09
9.732607415997238732e-10
9.064952348556258537e-10
8.341525848257832478e-10
8.085407886458357354e-10
7.889511979916255526e-10
7.257744436624700607e-10
7.030344301527939974e-10
6.425250437786374324e-10
5.870441484134852153e-10
5.343337242940663872e-10
5.063390430428982358e-10
4.845631368304597431e-10
4.467735845794155137e-10
4.143269140362177617e-10
3.582885409030581696e-10
3.472597388982748107e-10
3.178800689407621838e-10
3.043333986547627054e-10
2.797217329615806949e-10
2.723422767698276913e-10
2.586505786662992478e-10
2.296423813362445433e-10
2.205458264446715512e-10
2.103478798771474135e-10
2.030465506379729459e-10
1.968724468681247000e-10
1.859737808532708354e-10
1.747225987392501558e-10
1.555866615095770755e-10
1.515208242174214720e-10
1.466068028802683668e-10
1.401994131772779707e-10
1.339402673252577152e-10
1.267332344520583446e-10
1.200069190209552956e-10
1.123822843320544839e-10
1.031953268459284862e-10
1.008958289396764819e-10
9.357502777349049686e-11
8.877802353701047974e-11
8.170301879584006737e-11
7.592492860026946992e-11
7.115350261142161334e-11
6.486810894219574494e-11
6.340567459099603059e-11
5.927003230350629114e-11
5.602569926295189370e-11
5.454099014713333239e-11
5.233584020941691469e-11
4.903799708921697371e-11
4.588335268299932595e-11
4.442525760807609824e-11
4.102641809302632753e-11
3.985412364365715070e-11
3.763549846078301948e-11
3.402890286903032655e-11
3.317974733558675905e-11
3.231662278411148256e-11
2.971300750501206283e-11
2.885292364404203645e-11
2.834574516579635361e-11
2.635755784042389221e-11
2.526381511200123765e-11
2.375356676313912534e-11
2.239285518354503181e-11
2.186815786277291828e-11
2.112546016619381867e-11
1.964403329620726839e-11
