7.544672652547737002e-01
6.981019544407766064e-01
6.041380312657965712e-01
4.556300101782707057e-01
2.977211471657096875e-01
2.279923556503863080e-01
1.816072439354772805e-01
1.497682416199506150e-01
1.173531677579275068e-01
8.999054242030779527e-02
6.451589424144726914e-02
5.202189351546458035e-02
3.404573763185306245e-02
2.357283868922657039e-02
1.727436278105416376e-02
1.234294506326772539e-02
8.349013173007853450e-03
6.019446257249855443e-03
4.033342456007733834e-03
2.589855625037144286e-03
1.783914648589035286e-03
1.511907365559041639e-03
1.033619444358832443e-03
7.625849599288825461e-04
5.702414259079427884e-04
3.921948646568533927e-04
2.474426439811395258e-04
1.625043793520234011e-04
1.111121728392912761e-04
7.454001671806301103e-05
4.389475227229484194e-05
2.726488870949552958e-05
2.096313389457657068e-05
1.608417203683112470e-05
1.108399789253966975e-05
7.645014088430455298e-06
5.325123652936698889e-06
4.146347647204893196e-06
2.803978451718090007e-06
2.030689972708519699e-06
1.336279498736556535e-06
9.552253288939426419e-07
7.123710963219294012e-07
5.792063833993977050e-07
3.870136502311948650e-07
2.454520067985991154e-07
1.659872740336923011e-07
1.201889977834548205e-07
8.078442796089588497e-08
4.647650968594659588e-08
3.071589959185511943e-08
2.209544526036923256e-08
1.794767293818154164e-08
1.519533969820755801e-08
1.266110458032241575e-08
8.887418499480422878e-09
5.556310906144885812e-09
3.515687214940600560e-09
2.319719820359120828e-09
1.467825555338628548e-09
1.089450127420347259e-09
8.740108211280440858e-10
5.798412878676944303e-10
3.443648483011357684e-10
1.921395432798616156e-10
1.114202790340676025e-10
8.741627853878894243e-11
5.579031729501366577e-11
3.706463577160708997e-11
2.599016933626098374e-11
2.004669163190090633e-11
1.384436635170045172e-11
