9.417925031751163134e-01
9.266761100344993451e-01
9.177129570218368615e-01
9.068269317363455428e-01
8.890648205254952918e-01
8.629915380877811737e-01
8.326068587616717309e-01
7.982845960925747386e-01
7.806767322403689313e-01
7.590300078801875960e-01
7.316066692665719184e-01
6.923116069819033047e-01
6.668221807571921289e-01
6.453339911245976612e-01
6.192006088255058716e-01
6.000064942015002067e-01
5.735973016026378879e-01
5.468577469407839287e-01
5.239733970002187213e-01
5.028063074628229545e-01
4.820087293152907626e-01
4.690632824149708058e-01
4.520015896712954451e-01
4.340869664554273810e-01
4.162295318683942313e-01
3.945056500757527784e-01
3.793369633840301680e-01
3.682323570555184888e-01
3.508782463974753352e-01
3.322201156916233522e-01
3.177359467313310981e-01
3.101311892912891888e-01
2.892478224828436972e-01
2.716016743441935777e-01
2.545119496702350492e-01
2.398939865910874880e-01
2.304581022144189528e-01
2.208194760049576599e-01
2.060251122307978910e-01
1.974720308983871075e-01
1.773649841051957166e-01
1.637648111279395025e-01
1.565273023923632600e-01
1.436822551949157034e-01
1.346322489717504955e-01
1.266272070632836200e-01
1.224334028060836965e-01
1.134520194250353553e-01
1.045071392071167116e-01
9.880208124532255387e-02
9.547539132949810214e-02
8.988900780333057561e-02
8.601276494317065813e-02
8.295252675038508605e-02
7.868999336549514778e-02
7.228726499460397248e-02
6.992439637694579380e-02
6.541474730697358075e-02
6.182654118303083229e-02
5.928530246798269926e-02
5.617116740781562950e-02
5.401441176828723073e-02
5.059622711038845588e-02
4.759564883186108430e-02
4.614415315312508925e-02
4.383400184179593595e-02
4.168467081393313622e-02
4.010194635843202654e-02
3.933704275406613160e-02
3.700680208724237835e-02
3.572796859711636908e-02
3.381954505985719506e-02
3.305812906323846861e-02
3.115658122499844612e-02
3.022269103978055330e-02
2.818008183923765078e-02
2.633850211079241319e-02
2.526816367635323357e-02
2.376552827297000181e-02
2.184322784157107650e-02
2.048037846262599701e-02
1.954282348741371439e-02
1.910879322628647112e-02
1.816999264494901720e-02
1.746037221171784296e-02
1.717626815913406157e-02
1.625383039149894127e-02
1.580062935008390290e-02
1.508478934885986930e-02
1.455838292076919345e-02
1.413388383134055008e-02
1.337128023144325273e-02
1.292575808968047558e-02
1.229720210240978044e-02
1.180257943462111048e-02
1.137527043644917697e-02
1.061083920690417993e-02
1.000335152536408097e-02
9.518771376364624018e-03
9.176866309591014820e-03
8.608668583309541170e-03
8.247890729971750490e-03
8.041440656957259819e-03
7.508087138308058676e-03
7.193374910443278702e-03
6.945913401506785025e-03
6.542761778086375948e-03
6.185027163043818089e-03
5.583147429827893873e-03
4.949043020743151312e-03
4.486425208133562083e-03
4.282554985361927517e-03
4.076259514554511458e-03
3.732909858522267567e-03
3.556150347793789971e-03
3.295943454782642498e-03
3.238163507952470082e-03
3.066360535291556052e-03
2.938905680332433955e-03
2.760870319274097949e-03
2.684946781167184011e-03
2.589341711373929593e-03
2.519642667979162757e-03
2.416704513787563697e-03
2.260255514961206566e-03
2.210737959895737494e-03
2.052856049058018103e-03
1.952899564932233500e-03
1.853504968091265314e-03
1.763556041648675719e-03
1.626407631878378467e-03
1.581266251987188285e-03
1.532972091506053453e-03
1.438042274820973106e-03
1.366404038735190502e-03
1.317706611417680893e-03
1.179291335865606007e-03
1.083249508543120913e-03
9.970573010304646395e-04
9.425986711646352654e-04
8.834104236195771884e-04
8.526085407018203733e-04
7.788347197679299947e-04
7.482144848415326743e-04
6.964181454379293583e-04
6.374270283998514615e-04
6.225299324028270688e-04
5.998737897266482330e-04
5.689128548301546637e-04
5.462646296454702838e-04
5.197119447705848567e-04
4.907455467487103302e-04
4.795620550290593804e-04
4.612216734682426478e-04
4.408422627346202387e-04
4.261912282352350455e-04
3.963862021747211199e-04
3.753808405273992288e-04
3.494036192460560461e-04
3.425657548478763413e-04
3.297048582923171010e-04
3.101586129339719091e-04
2.958687268089553262e-04
2.879721278761225058e-04
2.768006614889595885e-04
2.597019273412221356e-04
2.500566634239450312e-04
2.234618126608013580e-04
2.144559391317751190e-04
1.999644703310209408e-04
1.885297633360349489e-04
1.800696489894009432e-04
1.730328785324683645e-04
1.637109721537337238e-04
1.571991356809817871e-04
1.514512495584208955e-04
1.437086076207811237e-04
1.367491814642547297e-04
1.339354041547066471e-04
1.271813795426736849e-04
1.244733399165053966e-04
1.198117220418075103e-04
1.119385039605856223e-04
1.079936306207700481e-04
9.902493715907014719e-05
9.528991486066898050e-05
8.852530792336222025e-05
8.169063262809404726e-05
7.824067882522554634e-05
7.041834146100812563e-05
6.517788613098925415e-05
6.062064628340189568e-05
5.918108293877234039e-05
5.622711914845203218e-05
5.399976020899216076e-05
5.194237643275533331e-05
4.928593711804601121e-05
4.630200050800971590e-05
4.487515005383348741e-05
4.098042033795093957e-05
3.963958539400333654e-05
3.754035685729416549e-05
3.507066460634326779e-05
3.410143444240160664e-05
3.165716004552516437e-05
2.989331983329787014e-05
2.906453668472856080e-05
2.708157444922370394e-05
2.621466560993040979e-05
2.536079438936822154e-05
2.387925343744317079e-05
2.310417967613292422e-05
2.141663495953642293e-05
2.061043250345813123e-05
1.964234092518401799e-05
1.917714898941947136e-05
1.806791900956861838e-05
1.757586973189710798e-05
1.700716548523021978e-05
1.589473580550327544e-05
1.446758486870325666e-05
1.362574642343983053e-05
1.317682308030813752e-05
1.248912402204870746e-05
1.209481982923558744e-05
1.176218867780831859e-05
1.134165912674823454e-05
1.083537393208761067e-05
1.047061399066397504e-05
9.819702560618060618e-06
9.364838548381706259e-06
8.738769642437472054e-06
8.523251746061655812e-06
8.213725237091424274e-06
7.759414148940349569e-06
7.380878098641434218e-06
7.029503156054489001e-06
6.685943254220460870e-06
6.509659152492112338e-06
6.193740567845550611e-06
5.710524201639773107e-06
5.553144542250786378e-06
5.383085459305983083e-06
5.083307835004194338e-06
4.747345481391593048e-06
4.265478414979786635e-06
4.086141761589428962e-06
3.821046317140157391e-06
3.566722036615457507e-06
3.314054591151133426e-06
3.180193929787383149e-06
3.061597466121063837e-06
2.861635150106742327e-06
2.756863300000702704e-06
2.635952402045180070e-06
2.474365370932326552e-06
2.290661808458599195e-06
2.247100608171369304e-06
2.159266714905748401e-06
2.072619202956001463e-06
2.024551230233396086e-06
1.936845429165404965e-06
1.877104584304845568e-06
1.793690772387429334e-06
1.687941616789705279e-06
1.651081300516089647e-06
1.558227466896508635e-06
1.502762982808421806e-06
1.436473955513531722e-06
1.368574405214465483e-06
1.332732550318860347e-06
1.253830836959623968e-06
1.183338929944514197e-06
1.149019239941807616e-06
1.075651279825652467e-06
1.017636601817619414e-06
9.277985500625725116e-07
8.813727043491323946e-07
8.393798638885093668e-07
7.754466251006155083e-07
7.501511507187537975e-07
7.129352992508477722e-07
6.762021611847540695e-07
6.379463437137770231e-07
6.014234015085871130e-07
5.412603195485096944e-07
5.124124026191288317e-07
4.849290949391815401e-07
4.703795933068382277e-07
4.329804352698253559e-07
4.162528881998314628e-07
3.968517979113460583e-07
3.785201184728824887e-07
3.357278240568051501e-07
2.887831417224137885e-07
2.698340226365358430e-07
2.442579364091048122e-07
2.261366698126177594e-07
2.132345583675357498e-07
1.947015442371388964e-07
1.838543443086184166e-07
1.701634751019059936e-07
1.643813539028390030e-07
1.578954001591018717e-07
1.441502790349889557e-07
1.366528084281401265e-07
1.262336329144110094e-07
1.193511372158252805e-07
1.107229233528473404e-07
1.075420843208450009e-07
9.849900083768480124e-08
9.258640044365766094e-08
8.433220795256768077e-08
7.549984976870868670e-08
7.236468775601233783e-08
6.815639525288472562e-08
6.284797809176764972e-08
5.864788564383539107e-08
5.496712543116988145e-08
5.219781746352250794e-08
4.984726849152929085e-08
4.709377134596702181e-08
4.051581372995392933e-08
3.869704051067108025e-08
3.671283479291942614e-08
3.259704137906840698e-08
3.008119015011956736e-08
2.785638793816327226e-08
2.658884236202725832e-08
2.569273830818043390e-08
2.322580656868647925e-08
2.062778442580331216e-08
2.000908720744921674e-08
1.775693589241383647e-08
1.683110324390867932e-08
1.637851184109787367e-08
1.488245879916479361e-08
1.382181997209589433e-08
1.271631760209094534e-08
1.164525189726808245e-08
1.114569897912981064e-08
1.019672345512435638e-08
9.490418646850269495e-09
8.908694577870963978e-09
8.516888131637142309e-09
7.951812448060299122e-09
7.525099871666435206e-09
7.201778371149043929e-09
6.888869220078856630e-09
6.670069615399284989e-09
6.196906085559029430e-09
6.075704942668452087e-09
5.852179015502776719e-09
5.466412180764810510e-09
5.317632490178114006e-09
5.085082828543801444e-09
4.877106450032964419e-09
4.685786992226116570e-09
4.410615945090056648e-09
4.304763222345235505e-09
3.929720117902891250e-09
3.567415927064524952e-09
3.489266589986579611e-09
3.235751414474324978e-09
3.086928268077019063e-09
3.002060293874591870e-09
2.861566348404696729e-09
2.657848978566867696e-09
2.541228910145023606e-09
2.458602220256220987e-09
2.352768130762520811e-09
2.187854914256091787e-09
2.099915492026854192e-09
1.899521638548555627e-09
1.817838156554326088e-09
1.701559600651375101e-09
1.613892136220901415e-09
1.531054387010017242e-09
1.431362393883066628e-09
1.377578053908663429e-09
1.323388678993231683e-09
1.255297520292915939e-09
1.225306764185648280e-09
1.174690643295066899e-09
1.122625995943997256e-09
1.083045196850859320e-09
1.012799107548112404e-09
9.805800470388517651e-10
9.592909251510522668e-10
9.318903648017744868e-10
8.876938383897562525e-10
8.633687238943453062e-10
8.423700446441067321e-10
8.032448913732905024e-10
7.712647528029767238e-10
7.542820152553650130e-10
7.278467881860914489e-10
7.161941975793963305e-10
6.783986486448623019e-10
6.548418513155903930e-10
6.033544764103541833e-10
5.823763933849339667e-10
5.578099811914983277e-10
5.396696212148138066e-10
5.022281862324261265e-10
4.813584187752798729e-10
4.476731452886489301e-10
4.289517797910707428e-10
4.110975446187660319e-10
3.825862334343220476e-10
3.547946472354600868e-10
3.382492088871590167e-10
3.201351113171957644e-10
3.027774408534698430e-10
2.773190898170951767e-10
2.493465903396917284e-10
2.343348794199085564e-10
2.094627675294388841e-10
1.835911994131042182e-10
1.652201881428507357e-10
1.577734876209140197e-10
1.444057776530183620e-10
1.359687126059695395e-10
1.256994982350516144e-10
1.149890322542058036e-10
1.044272865304042793e-10
1.008522458136968735e-10
9.584116454964650038e-11
9.104271998185284283e-11
8.637162352116239964e-11
8.050482335107815297e-11
7.727445320243971146e-11
7.327802354618731376e-11
6.834582977446387960e-11
6.640475079954581384e-11
6.054596279535257240e-11
5.848107352932350479e-11
5.596347903253788447e-11
5.264109611396319133e-11
4.963060724484238744e-11
4.765431551105126695e-11
4.634932548060401232e-11
4.391693560440713788e-11
4.258222958392046613e-11
4.086647624612589639e-11
3.754894834636102985e-11
3.528294698014874603e-11
3.327106566935342022e-11
3.235675933091614555e-11
2.972614114970315914e-11
2.854787632730128959e-11
2.703662111937823318e-11
2.466121625801264461e-11
2.339399312695397827e-11
2.169830955332264074e-11
2.034461459756278575e-11
1.907755801077110589e-11
1.845601861316276267e-11
