9.921751741306766847e-01
9.841951764836099903e-01
9.749012976324126223e-01
9.649522720826916311e-01
9.537623440595295321e-01
9.424315748363115697e-01
9.301718934987953658e-01
9.173316648063349898e-01
9.034174984644703921e-01
8.882946701439005111e-01
8.727142528528013532e-01
8.572167826513411582e-01
8.409558681859014007e-01
8.252768412137165832e-01
8.105312514944310598e-01
7.942772924073876473e-01
7.781046700720165576e-01
7.615828018119967791e-01
7.455019370520205024e-01
7.290722839253057641e-01
7.121857251171483938e-01
6.944407643094044902e-01
6.763288757593195477e-01
6.575244893542242508e-01
6.375276298368284245e-01
6.164610785958736239e-01
5.948221860429652175e-01
5.726973105655279728e-01
5.504968525536366730e-01
5.290070440198330060e-01
5.077563184142166453e-01
4.876606601577347377e-01
4.672817960902934664e-01
4.464831791590400667e-01
4.252482734451901725e-01
4.038126871807942719e-01
3.833936446021233846e-01
3.638815697631679891e-01
3.458940796632512527e-01
3.290862554281017704e-01
3.129584863681387219e-01
2.982281558637263630e-01
2.841079985332430335e-01
2.713108819555638540e-01
2.593576247250033440e-01
2.482964571681061938e-01
2.383514752602691467e-01
2.286204170987168605e-01
2.195057786334424499e-01
2.112468639317332531e-01
2.036364998226748435e-01
1.966413812218210655e-01
1.901102939069519160e-01
1.837260425597897484e-01
1.777635956851146837e-01
1.720365261595842299e-01
1.668171747576596420e-01
1.617673343674399800e-01
1.567015783932255713e-01
1.517884353926277630e-01
1.467587809408875399e-01
1.420433424083175356e-01
1.373786137244005223e-01
1.328491571489229250e-01
1.288226429390380567e-01
1.247551632061634080e-01
1.205340832008301027e-01
1.164266775145562788e-01
1.126292967761251679e-01
1.086039116185116282e-01
1.046453290340814690e-01
1.008128391906420035e-01
9.719779436310799214e-02
9.373613679483587535e-02
9.045055397195071734e-02
8.722376716566392074e-02
8.404822095105045354e-02
8.103632791609735597e-02
7.803582417543471206e-02
7.507499815417094380e-02
7.229993130972986459e-02
6.954480521753944600e-02
6.671600563968993480e-02
6.389480701036620580e-02
6.101791050764068108e-02
5.821661638633609387e-02
5.559795074814236071e-02
5.323824965074801241e-02
5.094972481552970806e-02
4.881957210607826281e-02
4.671114947201007728e-02
4.463195021689844028e-02
4.258339348209884412e-02
4.067091009147534575e-02
3.891693576524741377e-02
3.724735802630941423e-02
3.575181480066841333e-02
3.438036651491063744e-02
3.315084315279324262e-02
3.190524588188494576e-02
3.079310670999352989e-02
2.980474825890826532e-02
2.887701016710241333e-02
2.795413231169123838e-02
2.706276303033496033e-02
2.623784099103519327e-02
2.543250778327971889e-02
2.467550274248703907e-02
2.392156591374030097e-02
2.316005090313410369e-02
2.240264963962583858e-02
2.168538102981894949e-02
2.099344223679908139e-02
2.030280136340063823e-02
1.962026173219232755e-02
1.893030888479809576e-02
1.822662174432814614e-02
1.754381646067791622e-02
1.691325367299420165e-02
1.629112077107306572e-02
1.570425896515626266e-02
1.509559570252636679e-02
1.450113842330883959e-02
1.388627247126782496e-02
1.326931615611092428e-02
1.266529890781564228e-02
1.208628646088694657e-02
1.152449306566507604e-02
1.102489331244979782e-02
1.049776728675745965e-02
9.964033932070534214e-03
9.432723068354733828e-03
8.886254372839661603e-03
8.376447870945333621e-03
7.880257893514769005e-03
7.404424206610853154e-03
6.957797679832011806e-03
6.539290564112631293e-03
6.173872933829485481e-03
5.855255574757765001e-03
5.564337193854594632e-03
5.298432595160285259e-03
5.057844222066206277e-03
4.826601046811831996e-03
4.613978041474316519e-03
4.412288380232710222e-03
4.223373907206111333e-03
4.056193710346480893e-03
3.896272787921168084e-03
3.736957787072674349e-03
3.592127317057750794e-03
3.460677799919090712e-03
3.332865406743283111e-03
3.198610536509009263e-03
3.070025252623114365e-03
2.949354112678530520e-03
2.834047976726773374e-03
2.723748559472528429e-03
2.618836023208728596e-03
2.514450786704197117e-03
2.411853358196150952e-03
2.305762814191668775e-03
2.201530325286233866e-03
2.100881321660303617e-03
2.006172794870733547e-03
1.910654405802661134e-03
1.820108786366520697e-03
1.734986095402939882e-03
1.655366670064589664e-03
1.582405181766021992e-03
1.510756797847456106e-03
1.445430178199622311e-03
1.376298204433003269e-03
1.307075528930951112e-03
1.243077992918490901e-03
1.183367879494849834e-03
1.127523182050482829e-03
1.075053819060296442e-03
1.027665497059852134e-03
9.852260075863190133e-04
9.484084720339934667e-04
9.104607128004289047e-04
8.717352067048162421e-04
8.343631465289270879e-04
7.984040884230210293e-04
7.658216316303705909e-04
7.356942124754128681e-04
7.072108021180230440e-04
6.799304297643608483e-04
6.548828929177998893e-04
6.318070434667622708e-04
6.107696472111464854e-04
5.881710426982237174e-04
5.649636513035367425e-04
5.429149150858107557e-04
5.232088313133768020e-04
5.047682521562579534e-04
4.849709891588424950e-04
4.643194121893876947e-04
4.442474351291122569e-04
4.248572329067980703e-04
4.055889331868527364e-04
3.855847614426885376e-04
3.649863637794546712e-04
3.450657134748344197e-04
3.268743379023713951e-04
3.100850795232692461e-04
2.944895940932968476e-04
2.793727403655960409e-04
2.638707207207407709e-04
2.486042946153316766e-04
2.346400410820196117e-04
2.216935267742422752e-04
2.102070098709154611e-04
2.000953050412071792e-04
1.903414254380553217e-04
1.808209306460643016e-04
1.719501907049987815e-04
1.636655643910864776e-04
1.561937313678448942e-04
1.503748785145686486e-04
1.450214104891117564e-04
1.390480273876823600e-04
1.334198008065033214e-04
1.283745880401486938e-04
1.239403289209538512e-04
1.195288205517402546e-04
1.149458751815140157e-04
1.107744167384872182e-04
1.069387605656045131e-04
1.030678419295409307e-04
9.932204850353213224e-05
9.596483823644998286e-05
9.299158165268562909e-05
9.032153530231007877e-05
8.777547439455677866e-05
8.529393965629894915e-05
8.296556928804147432e-05
8.071480887051710206e-05
7.872641292035405562e-05
7.680700237729367274e-05
7.485836874762285718e-05
7.295356405495987556e-05
7.112783608820263048e-05
6.924151483344106626e-05
6.743463844171731808e-05
6.568293081728003710e-05
6.395407818901769725e-05
6.238870426221064178e-05
6.098459949995531815e-05
5.961643902094305292e-05
5.818295241607075296e-05
5.671781409913214110e-05
5.526777416671131894e-05
5.385902229845124651e-05
5.252364553515064845e-05
5.108103115261304232e-05
4.955362102448990122e-05
4.812194889586638428e-05
4.653964270948469570e-05
4.474502770289009789e-05
4.282703717120698472e-05
4.087233822709328951e-05
3.882095532368808093e-05
3.677622214765043524e-05
3.492014801130697768e-05
3.305017977401678275e-05
3.116576230333500914e-05
2.921507218491687158e-05
2.748835480732799336e-05
2.591425852835001659e-05
2.435163404007248373e-05
2.284213223480437388e-05
2.138807587300431339e-05
1.996575003132039278e-05
1.868930181856169674e-05
1.751032824109445110e-05
1.642408372408111510e-05
1.537661959287080769e-05
1.436199123543148066e-05
1.348624538968291603e-05
1.257713075061856549e-05
1.172884042468468928e-05
1.102031953768323732e-05
1.046172175092241851e-05
9.942846855516100714e-06
9.456013403661143299e-06
9.005893040483264260e-06
8.597785839138762695e-06
8.212553745888307349e-06
7.862430943207634465e-06
7.538039738420581950e-06
7.241601672482126466e-06
6.988759693476429046e-06
6.742826455561994489e-06
6.487381944281305218e-06
6.252515797320116919e-06
6.038504272085200621e-06
5.847685227182117826e-06
5.647743376067911665e-06
5.448135005943700807e-06
5.255449979339679525e-06
5.063190604820264461e-06
4.878562312272834236e-06
4.698958122334046661e-06
4.524523755239676795e-06
4.361334550132142473e-06
4.211519423920582598e-06
4.066882919236396260e-06
3.929803653207308416e-06
3.798239664475053983e-06
3.665378436309399755e-06
3.524524201346341505e-06
3.384815003117642794e-06
3.250254775048442649e-06
3.120606981894364774e-06
2.991740677235838267e-06
2.872079859478240193e-06
2.751987630234055843e-06
2.638061723123499048e-06
2.530812098095331893e-06
2.420406290012560540e-06
2.308896739771072897e-06
2.198395513703917117e-06
2.090941365079849567e-06
1.993109568803295560e-06
1.901235972739928116e-06
1.809310235293480345e-06
1.727301648366672951e-06
1.652427961285580701e-06
1.579667640498790834e-06
1.510994883742636968e-06
1.439932785986362027e-06
1.370860781714396490e-06
1.309619934210267269e-06
1.248610582193367089e-06
1.186190276709588780e-06
1.125418693524614090e-06
1.068913682006546635e-06
1.016526877919635435e-06
9.688178604098874308e-07
9.260079487712770064e-07
8.851339087193957499e-07
8.490810359005886958e-07
8.161527587011026815e-07
7.823062083340331379e-07
7.509338151635117001e-07
7.209527771146305261e-07
6.925055797152792508e-07
6.650248358371191392e-07
6.391347734506350631e-07
6.158895688459865035e-07
5.929658154050852034e-07
5.724818961673549671e-07
5.527633458076743359e-07
5.316168653994572456e-07
5.108096954105245348e-07
4.913352349836264073e-07
4.738940736558411154e-07
4.575818163531885672e-07
4.430471408941391378e-07
4.284008284316491915e-07
4.130080881465746739e-07
3.990872004693580718e-07
3.860014886020153662e-07
3.698768528823875100e-07
3.537629338210461993e-07
3.382920934800139576e-07
3.246400357827630470e-07
3.109091719147236711e-07
2.963252266121873459e-07
2.827865459486694035e-07
2.694394827213024831e-07
2.545862410164390316e-07
2.398882193507216258e-07
2.270235229653374253e-07
2.148669009687453040e-07
2.015267735291561984e-07
1.891374444974437928e-07
1.773937146369454846e-07
1.666104342183761519e-07
1.563197451002450400e-07
1.473472022201398337e-07
1.394895948722666642e-07
1.317654466143792734e-07
1.242878340112541704e-07
1.181595877971952141e-07
1.125651623954777188e-07
1.072242645406057812e-07
1.026976005208364588e-07
9.893712023277155556e-08
9.529500464495005871e-08
9.174098720744259723e-08
8.865529447084247071e-08
8.581523262797512507e-08
8.277712479979521729e-08
7.982394533287928923e-08
7.706675443414076040e-08
7.431730308412856003e-08
7.174815043647450589e-08
6.956905443027838046e-08
6.757164707445830663e-08
6.555454596234400013e-08
6.349268767146861455e-08
6.161791500442845927e-08
5.991378285047556015e-08
5.839533078096661449e-08
5.692250710997078178e-08
5.529142928281717048e-08
5.359741213319415657e-08
5.200599089417823141e-08
5.060115653025177794e-08
4.895624362404738779e-08
4.725476531258545533e-08
4.578122683645881033e-08
4.448206734304014369e-08
4.293593003750886783e-08
4.114121460690573705e-08
3.931012059480209763e-08
3.746500677224895782e-08
3.571989108612168438e-08
3.411537483450681048e-08
3.254176712297770566e-08
3.092926160693613697e-08
2.934991867249347225e-08
2.784458712951387499e-08
2.634446003215250569e-08
2.484382871683017472e-08
2.342975253412955898e-08
2.225936347859975170e-08
2.115740098905309598e-08
1.997651085337537126e-08
1.884888328109772832e-08
1.784908984202374508e-08
1.697052895071196903e-08
1.618919042588644990e-08
1.543262417137878908e-08
1.469087964208275609e-08
1.400563342795612928e-08
1.335382350957919485e-08
1.274738739820130668e-08
1.219001634711579298e-08
1.171617956272281933e-08
1.129033241941697359e-08
1.089992667682179684e-08
1.057081268220344637e-08
1.026339100256127333e-08
9.920283569455579885e-09
9.610457408827216465e-09
9.331766139982389009e-09
9.048699617667839073e-09
8.740796563365083877e-09
8.446546162929709340e-09
8.168108692762583885e-09
7.926185263432671623e-09
7.717945907366481083e-09
7.487942032645386299e-09
7.264436864865126323e-09
7.056609421855433939e-09
6.830962664267807366e-09
6.607190437431667587e-09
6.405550621859326596e-09
6.213351586436939058e-09
5.992810657079324676e-09
5.771554097690596571e-09
5.569471703714691036e-09
5.391150079446326951e-09
5.185177758215634134e-09
4.982841571940877041e-09
4.800653813326492540e-09
4.602291796387794900e-09
4.386383015751665427e-09
4.170299417348060056e-09
3.969169355522575463e-09
3.776287854902815433e-09
3.596901488137311762e-09
3.444615498788825039e-09
3.292830985962080365e-09
3.127573499477018847e-09
2.985229790271042824e-09
2.862157470776798767e-09
2.728523158186090129e-09
2.597356130366849784e-09
2.473058828384664430e-09
2.350741298895725558e-09
2.230515618179910033e-09
2.122815406808295422e-09
2.031350833336392672e-09
1.936980221824632438e-09
1.839164716247397359e-09
1.752842562931108242e-09
1.675693472084156393e-09
1.602179538035046684e-09
1.526178609421993494e-09
1.455090925681510459e-09
1.388224352554880426e-09
1.318644672927876738e-09
1.250998183219738993e-09
1.189228896277424922e-09
1.127549518989762075e-09
1.060467068108961242e-09
9.968391472309675914e-10
9.379332974509599182e-10
8.788094137705110675e-10
8.142202712700459470e-10
7.540729511409200570e-10
7.012165902607362138e-10
6.539226130791518061e-10
6.097805096291579067e-10
5.685978603142866133e-10
5.320120920847271787e-10
4.979901827269001813e-10
4.707886954153952788e-10
4.437539360696158724e-10
4.156439132816830733e-10
3.912092701702617819e-10
3.705629154963000638e-10
3.503038587048442308e-10
3.305189534131102534e-10
3.115074063893870604e-10
2.956847580173911367e-10
2.823106206219994452e-10
2.690119890960443171e-10
2.576318258782249265e-10
2.466841165790775001e-10
2.364673670870465397e-10
2.279358024026334559e-10
2.197115692812165711e-10
2.111853439859450095e-10
2.032353976491499798e-10
1.964527813628812916e-10
1.914664818800042534e-10
1.863782718218645270e-10
1.815382227045869611e-10
1.774278084173272267e-10
1.733857764114260654e-10
1.694280320834283296e-10
1.657433096711880023e-10
1.625056664408058234e-10
1.595927072376840486e-10
1.563287450234816000e-10
1.530632665807617479e-10
1.500792969296364902e-10
1.470357314059454656e-10
1.440274223381688478e-10
1.410694501413845437e-10
1.380037596540934768e-10
1.347846460636019744e-10
1.317511364306091795e-10
1.286768764236216239e-10
1.253502322537492757e-10
1.218638507012810019e-10
1.184460629831798743e-10
1.153864167973722552e-10
1.122982081855967391e-10
1.093133639604653147e-10
1.061816860458929427e-10
1.028689644808648916e-10
9.947903463237457638e-11
9.623705276902508476e-11
9.362839652009913742e-11
9.081364213497681518e-11
8.763093047393521858e-11
8.459630514818085400e-11
8.181412128276630980e-11
7.907925583429147349e-11
7.625906971177732601e-11
7.366064654798111788e-11
7.098374641650543378e-11
6.819576447277018559e-11
6.547822167465439180e-11
6.298086421305028624e-11
6.034055353707260150e-11
5.770906542126388324e-11
5.514762252123878540e-11
5.270430578769219268e-11
5.019405357132421758e-11
4.785887680844780930e-11
4.551972697017677752e-11
4.296369668415463572e-11
4.033842139360034239e-11
3.769808391124211990e-11
3.529459566395879258e-11
3.303801536509582278e-11
3.097984206662568748e-11
2.902542022195050563e-11
2.728313468098394669e-11
2.566781603006864180e-11
2.413307791961466365e-11
2.281260407474081608e-11
2.148222623938282391e-11
2.016767413709942345e-11
1.899658288902343674e-11
1.784112440082599753e-11
