7.136454878015150438e-01
6.685671867417614100e-01
5.708680420491932805e-01
4.354064235616235123e-01
3.684964872078630993e-01
2.841042037570722378e-01
2.326084860485012618e-01
1.984072911623021851e-01
1.652942984228454593e-01
1.391532711538189804e-01
1.201465457945619930e-01
9.850652545208074540e-02
8.184109301561666439e-02
6.413653526894987078e-02
4.885137475528062573e-02
3.695403569342579908e-02
3.046720329781481273e-02
2.393421482430979283e-02
1.897685378351268021e-02
1.372739325735288125e-02
9.552406142406153974e-03
6.519569287268429762e-03
4.999450618066842399e-03
3.824478927282977479e-03
3.049106858048620649e-03
2.483441841149055217e-03
2.076618493867566327e-03
1.720950426324316298e-03
1.466632336165049622e-03
1.204846060170806357e-03
1.014213582885895720e-03
8.854957696568968410e-04
7.890292900177699013e-04
6.965470648543938253e-04
5.827117655810877539e-04
5.118294879037863778e-04
3.995629996225291279e-04
2.974266338748566781e-04
2.153424068098183750e-04
1.552544726765277890e-04
1.162458942637430083e-04
8.230528822490236539e-05
6.009473758554186924e-05
4.866449709738941541e-05
3.966676896041149570e-05
3.240649287718628369e-05
2.593662347210707217e-05
2.041583630933560943e-05
1.587733469232210934e-05
1.285419205058598275e-05
1.001208161984940692e-05
7.186868997742040507e-06
5.132783676575197080e-06
3.596324971929495243e-06
2.523933748223776482e-06
1.691873082478138695e-06
1.329751947284821844e-06
9.341483522331246837e-07
6.468249701290195759e-07
4.547954267833918685e-07
3.380220416140089399e-07
2.691145531518997464e-07
1.977972707078944525e-07
1.341059929746408636e-07
1.023707566635625261e-07
7.511494956808189779e-08
5.882238836257843542e-08
3.821935871074187315e-08
2.452467078071758995e-08
1.544973733175378951e-08
9.158553695674514915e-09
5.420907973731308659e-09
3.426574761463367077e-09
2.359849188318054560e-09
1.771921306431493271e-09
1.278862266265348859e-09
9.710941016012955910e-10
6.896303070058913131e-10
4.336676915796473879e-10
2.935675501845370104e-10
2.368458320473180263e-10
1.684728697673193702e-10
1.183896776420570538e-10
8.433937359498869749e-11
6.774508600631152276e-11
5.158097605379264647e-11
3.875007401399249615e-11
2.674148920349409141e-11
1.834794609374078909e-11
1.107355374193587593e-11
