7.198940554278675519e-01
6.741440038136301549e-01
6.302646002042040507e-01
5.549661413552458011e-01
4.614361167390835239e-01
3.991388330120911876e-01
3.263369367017246447e-01
2.796479407146919005e-01
2.368658117868546187e-01
1.989650895414292187e-01
1.673636667149014379e-01
1.434641179686299284e-01
1.240129465093665062e-01
1.032115639269015755e-01
9.025127621229346586e-02
7.505094133211868968e-02
6.437498380391534769e-02
5.564947137242861469e-02
4.619714485395078063e-02
3.831448917631912615e-02
3.314011611637836946e-02
2.770077729066122360e-02
2.250611585965081943e-02
1.823788794590963658e-02
1.481281213630587790e-02
1.204076076273973353e-02
1.012656689734676811e-02
8.050873648560975815e-03
6.176125771860591258e-03
4.843083902523834076e-03
3.901339973328735080e-03
3.159566937953909357e-03
2.805076068672404232e-03
2.396697495423899104e-03
2.043178558521023796e-03
1.682899642234014304e-03
1.376084663125033258e-03
1.030552986388008282e-03
8.345018758584752359e-04
7.231806769049276429e-04
5.708932210376486309e-04
4.400783938702916304e-04
3.395019238111801965e-04
2.558248759408776477e-04
2.060370366822411267e-04
1.648741038697103256e-04
1.401268507432846774e-04
1.204365322511475716e-04
9.618961554236960833e-05
7.652592180236743227e-05
5.764028772214002167e-05
5.081357349294801873e-05
4.150364019621485319e-05
3.327555527123403139e-05
3.106369177782795747e-05
2.525304249121038643e-05
2.192239884497063199e-05
1.785644291595323539e-05
1.377534230267739637e-05
1.133589318675073273e-05
8.896449135951692449e-06
6.874697589252813976e-06
6.023054478491355576e-06
4.308635858426592875e-06
3.207017766920343890e-06
2.701525799634232415e-06
1.941251009759783474e-06
1.552644036928382456e-06
1.262363282857510721e-06
8.721591272251597328e-07
7.533353158303805376e-07
5.385339045534434588e-07
3.800509310955987928e-07
3.314609269998599806e-07
2.699063516332038847e-07
2.178675516509596314e-07
1.922441165851816928e-07
1.660482165058853141e-07
1.474485381804208805e-07
1.157471439498478181e-07
8.828609322161584125e-08
7.065080119247121181e-08
6.240671180474105023e-08
5.455323669168501492e-08
4.647312427315792979e-08
3.627282651695422726e-08
3.115853139311004951e-08
2.276216589487422368e-08
1.767021395539569246e-08
1.532581554551448507e-08
1.112084898785114272e-08
7.988236475087996121e-09
7.174239283297131923e-09
5.652215991217497647e-09
4.356136025892935875e-09
3.454222222718373629e-09
3.017849390777164153e-09
2.364913015154043927e-09
2.107983130244136235e-09
1.889323962738611071e-09
1.640817623930456082e-09
1.540112988072895253e-09
1.213910783656995018e-09
1.091337979243356154e-09
7.997060318128428455e-10
5.500615473236769171e-10
4.267518870070972712e-10
2.960108030746240203e-10
2.420526318698865328e-10
1.673350299722651778e-10
1.188308328227086742e-10
9.041947350069183908e-11
7.030112598673170901e-11
5.995196071762577910e-11
5.091927654364590987e-11
3.983100706746062380e-11
2.907529700587230764e-11
2.418508027092763832e-11
2.014416699140032588e-11
1.551311029177164559e-11
