2.050528634551730007e+06
1.746996218063252512e+06
1.698340629881741246e+06
1.646044842824755004e+06
1.642944611839990830e+06
1.598839810200557811e+06
1.592193586056678789e+06
1.576146410509107169e+06
1.561878412208560156e+06
1.540673869748641737e+06
1.517559746021141298e+06
1.490001930698937038e+06
1.483077646406599553e+06
1.474724926320500439e+06
1.471700994176598033e+06
1.424850551382633857e+06
1.391466839075097349e+06
1.365222078062525252e+06
1.319743045099788811e+06
1.286315950270138681e+06
1.272691975522354944e+06
1.262946786045152694e+06
1.262540158798735123e+06
1.259024097347530304e+06
1.254816433323737001e+06
1.245469681076315232e+06
1.237736010124961380e+06
1.234398682267924771e+06
1.225281064619915094e+06
1.202068456921202596e+06
1.190872321491515497e+06
1.187040953180993209e+06
1.181001003089018399e+06
1.178548250539920526e+06
1.173761486020413926e+06
1.172440358133360045e+06
1.168928418977970257e+06
1.153910674859393621e+06
1.149533825484619942e+06
1.148946194717357168e+06
1.145632897456519073e+06
1.134980009621338453e+06
1.122234131810366875e+06
1.119092871205234202e+06
1.115576345192048000e+06
1.112860475530447904e+06
1.102765743909814395e+06
1.099723930722129531e+06
1.094531787726410199e+06
1.087815031975274207e+06
1.084210987593794474e+06
1.083732558799820021e+06
1.073186640042102430e+06
1.069675043891301379e+06
1.048336376553476672e+06
1.041091722044128343e+06
1.040892117915513809e+06
1.034951046368281823e+06
1.030417796188708278e+06
1.028986459080198547e+06
1.026945508725563413e+06
1.025763619263111497e+06
1.020735756969487760e+06
1.016307678904596483e+06
1.014403367552055395e+06
1.010999521576302941e+06
1.008406134669142775e+06
1.002935157695026370e+06
9.972569186085180845e+05
9.953258406044719741e+05
9.932469365544910543e+05
9.819074076088223374e+05
9.725247088957218220e+05
9.712672583713450003e+05
9.667368795857940568e+05
9.636501875475278357e+05
9.600012325498621212e+05
9.527925411417797441e+05
9.498623972013287712e+05
9.467522789375006687e+05
9.447121585041313665e+05
9.380198899386659032e+05
9.351200353096359177e+05
9.326411853458740516e+05
9.239040525054192403e+05
9.225107378998951754e+05
9.176027502648050431e+05
9.168107422510408796e+05
9.111560881505552679e+05
9.083048125312326010e+05
9.072206837737822207e+05
9.053818438751316862e+05
8.983234806791023584e+05
8.902929002818533918e+05
8.850730527999023907e+05
8.801615505183030618e+05
8.772422543688114965e+05
8.760001762533384608e+05
8.720701243843592238e+05
8.718658011756828055e+05
8.642732566462170798e+05
8.568264556604903191e+05
8.558728737037640531e+05
8.508593507596338168e+05
8.494259869652588386e+05
8.473628750640774379e+05
8.439553546213535592e+05
8.430113949867486954e+05
8.388026753036683658e+05
8.352267144583758200e+05
8.337991930250244914e+05
8.329079244320895523e+05
8.308034477140047820e+05
8.295530032178733964e+05
8.272047241155511001e+05
8.261519820487705292e+05
8.246812304246106651e+05
8.235679508798713796e+05
8.189607012024398427e+05
8.183391016235263087e+05
8.177717515171221457e+05
8.155800820340326754e+05
8.144246230413094163e+05
8.130177589198735077e+05
8.016671923899695976e+05
8.002640820190970553e+05
7.954768355966983363e+05
7.933629412735386286e+05
7.905069411915080855e+05
7.844745178711503977e+05
7.836131815307737561e+05
7.806933247682149522e+05
7.795122193529310171e+05
7.730440810720814625e+05
7.693149342684086878e+05
7.650761297483566450e+05
7.638977232413314050e+05
7.616153646774587687e+05
7.583995831380310701e+05
7.548841129289717646e+05
7.544669931749971583e+05
7.533279501715641236e+05
7.527278564110661391e+05
7.514543140702664386e+05
7.496261869601209182e+05
7.485857734234107193e+05
7.457480229319185019e+05
7.437159099608612014e+05
7.434915784992728150e+05
7.409520087575324578e+05
7.398462543980948394e+05
7.385662694749652874e+05
7.364597444387517171e+05
7.342309321261865553e+05
7.315078319430521224e+05
7.302673258498802315e+05
7.273895375495104818e+05
7.256701836057349574e+05
7.242909270837121876e+05
7.208396514765374595e+05
7.184309372898347210e+05
7.174903961814041249e+05
7.162314994324601721e+05
7.145797101734324824e+05
7.118130996207565768e+05
7.099295134422010742e+05
7.096921007836818462e+05
7.086510300650651334e+05
7.070009408665263327e+05
7.055447866079666419e+05
7.038512851882905234e+05
6.993493987584970891e+05
6.983818710317958612e+05
6.975254671502423007e+05
6.964859867918008240e+05
6.956336319387479452e+05
6.942297702518323204e+05
6.928213218242515577e+05
6.911017689512458164e+05
6.903684622908144956e+05
6.887567277537363116e+05
6.877687253729029326e+05
6.844608487149470020e+05
6.815572357496821787e+05
6.803850117089289706e+05
6.795713253055375535e+05
6.776010324556867126e+05
6.735340742213482736e+05
6.719894157650814159e+05
6.703567235844127135e+05
6.700898918963250471e+05
6.669408085163503420e+05
6.665303100640871562e+05
6.629280256755683804e+05
6.615779614621542860e+05
6.593210397816092009e+05
6.585065651013388997e+05
6.580683643670897000e+05
6.554320646453927038e+05
6.544927981449672952e+05
6.518561172868679278e+05
6.503340350152947940e+05
6.479993723756836262e+05
6.467839911446464248e+05
6.453834812197572319e+05
6.436022430163715035e+05
6.422898701246888377e+05
6.406271811220435193e+05
6.392177179979900829e+05
6.390053674512117868e+05
6.350523862779830815e+05
6.345058786447084276e+05
6.334180453130899696e+05
6.322095673017349327e+05
6.311403286068554735e+05
6.270395430301051820e+05
6.263535599357029423e+05
6.256301927021859447e+05
6.210046166449261364e+05
6.193906339018974686e+05
6.180932115979881492e+05
6.173316661588253919e+05
6.147847271030178526e+05
6.140984277158513432e+05
6.124687334907108452e+05
6.106762194868390216e+05
6.071151500410531880e+05
6.057263700971419457e+05
6.040490717991255224e+05
6.008569466695642332e+05
5.988193152552554384e+05
5.974561774069103412e+05
5.955534240936212009e+05
5.946228376941363094e+05
5.932010088330532890e+05
5.922952864978011930e+05
5.911047544407015666e+05
5.901768063468293985e+05
5.891258794324158225e+05
5.872428340391695965e+05
5.867666374597974354e+05
5.849109392664113548e+05
5.831690712974995840e+05
5.821543066209078534e+05
5.799983239099880448e+05
5.786087344650136074e+05
5.770212419537152164e+05
5.761970945027914131e+05
5.749932656098728767e+05
5.736852870527177583e+05
5.732455403945840662e+05
5.717130185981724644e+05
5.710940274723879993e+05
5.691715440495404182e+05
5.679938295059159864e+05
5.677892734069058206e+05
5.667732371362291742e+05
5.653587312061467674e+05
5.643326577883354621e+05
5.628705548718936043e+05
5.623027238257955760e+05
5.610961086748213274e+05
5.596172933790816460e+05
5.593601907950167079e+05
5.577096122936194297e+05
5.572796529929932440e+05
5.555654469022843987e+05
5.540961978125062305e+05
5.531175262000611983e+05
5.522954265677775256e+05
5.510984281433152501e+05
5.494996355494515738e+05
5.479168401466313517e+05
5.478405849601593800e+05
5.466541807883508736e+05
5.451267000850974582e+05
5.436373049019166501e+05
5.428774704980175011e+05
5.421794304133559344e+05
5.403044440572630847e+05
5.380822254869294120e+05
5.376352138069770299e+05
5.369979478127926122e+05
5.367095584727985552e+05
5.358611345883745234e+05
5.342024074608451920e+05
5.334875249007465318e+05
5.323346016554165399e+05
5.316259306432749145e+05
5.311615150307996664e+05
5.297700466072136769e+05
5.286773481207365403e+05
5.283463316549119772e+05
5.273872807787249330e+05
5.272663082662291126e+05
5.250951971604177961e+05
5.246895981069797417e+05
5.240140591028645285e+05
5.220377134007473360e+05
5.216018064208587748e+05
5.210292832428663387e+05
5.203133659716699622e+05
5.195059182270606398e+05
5.184606960216638981e+05
5.180502331665235688e+05
5.175059865482767927e+05
5.166493961275140173e+05
5.145406196620814735e+05
5.131108845728633460e+05
5.126064137617142405e+05
5.107094353689926211e+05
5.098873633235352463e+05
5.079937371581512270e+05
5.077766968571155448e+05
5.065855063686782378e+05
5.062569463170600939e+05
5.053445436871028505e+05
5.044186690759416088e+05
5.042193166367750382e+05
5.025858839934440330e+05
5.006695310620712116e+05
5.002741983656359953e+05
4.990754428789421800e+05
4.973477168713907595e+05
4.972266804994926788e+05
4.960213978469570866e+05
4.948870116196732270e+05
4.940136711181726423e+05
4.935342390971455607e+05
4.915850569813481998e+05
4.913214611794715165e+05
4.908594782631742419e+05
4.898868717995506013e+05
4.892101665061238455e+05
4.889804860986522981e+05
4.883297129578210879e+05
4.872756005838055280e+05
4.863209069232977927e+05
4.853319721880651778e+05
4.848679420526872273e+05
4.843352055634781136e+05
4.839743737436090596e+05
4.833526863278275705e+05
4.826374430262183887e+05
4.817737198082572431e+05
4.810728316043618252e+05
4.800359423895513755e+05
4.794032935160656925e+05
4.783918969878671342e+05
4.780673215203055297e+05
4.768751707932025893e+05
4.752848932378361351e+05
4.749602273395894445e+05
4.742392683788545546e+05
4.733018811405809247e+05
4.728040476481093210e+05
4.720479080181194004e+05
4.712410656197842909e+05
4.710904523741491139e+05
4.694582673192629591e+05
4.685006031414314639e+05
4.671029712283475674e+05
4.670121408588399063e+05
4.663963874952137703e+05
4.660677437995054061e+05
4.656291486263960833e+05
4.642928740990327788e+05
4.626777913479101844e+05
4.621591322853937745e+05
4.617025775762567064e+05
4.603843345802234253e+05
4.602576091503520147e+05
4.585031247085275827e+05
4.576797402138468460e+05
4.573111722534014261e+05
4.572280548783445847e+05
4.559122501893527806e+05
4.552434614143828512e+05
4.538297728014872409e+05
4.536511878393414081e+05
4.529063152786611463e+05
4.525652795500943903e+05
4.522379945802105940e+05
4.507623389441203908e+05
4.502715615072602523e+05
4.497170117820515297e+05
4.483058603942949558e+05
4.474331437645180849e+05
4.469708512972610770e+05
4.462889111670650891e+05
4.459900549125109683e+05
4.455318287720118533e+05
4.446990760426399647e+05
4.436560142582912813e+05
4.435179945087068481e+05
4.431071214107209234e+05
4.421131681638863520e+05
4.414369469139687135e+05
4.408803877552208141e+05
4.405461407094282913e+05
4.395430800810826477e+05
4.394917878441446810e+05
4.386079539732356789e+05
4.381881938630611403e+05
4.375175230908643571e+05
4.370685240445947857e+05
4.361306221165560419e+05
4.359099366793358349e+05
4.353203916177732171e+05
4.342456367029816029e+05
4.338525618647296797e+05
4.331184182151578716e+05
4.323793051486205077e+05
4.315310830841764109e+05
4.309117796645991621e+05
4.305300054897149093e+05
4.295817807906268863e+05
4.285922273209146806e+05
4.277675720978180179e+05
4.273833291937687318e+05
4.270074946761295432e+05
4.256160516764835920e+05
4.252770306451761280e+05
4.247578324063339969e+05
4.241064579925095895e+05
4.230306402252689586e+05
4.226680479915807955e+05
4.224629882261658786e+05
4.206164577507562935e+05
4.200284467607319821e+05
4.195343416989632533e+05
4.192809377892188495e+05
4.186424390152244014e+05
4.180624987273872248e+05
4.172212483649672358e+05
4.164088701683739782e+05
4.157425183050928172e+05
4.148544230791215668e+05
4.140974608101514168e+05
4.134238047782224603e+05
4.131427425839452189e+05
4.127971321551097208e+05
4.123929130383753218e+05
4.117455709790298715e+05
4.114577554758083425e+05
4.106526544299943489e+05
4.099727368865897297e+05
4.097298695205479162e+05
4.091592993546952493e+05
4.084661963366933051e+05
4.081757738176689018e+05
4.075677508028665907e+05
4.071853395233209594e+05
4.069215209300373099e+05
4.064606715182218468e+05
4.059777836256852606e+05
4.057779066692581400e+05
4.055484335445833276e+05
4.053286161440343712e+05
4.042763644473059685e+05
4.039751756384291803e+05
4.036204797906906460e+05
4.031120512840131414e+05
4.020402625949032954e+05
4.013506906643487746e+05
4.006488422888191999e+05
4.002730702247750596e+05
3.995319247139522340e+05
3.994651066861290601e+05
3.982665803986542742e+05
3.980113752503849682e+05
3.978993099803547957e+05
3.978307517732729320e+05
3.973788794496625196e+05
3.969849215127693024e+05
3.962013223283964326e+05
3.960372054942927789e+05
3.958277038509671693e+05
3.954181803843516973e+05
3.952258423818349838e+05
3.947497027435362688e+05
3.937654310350505984e+05
3.930505271892265300e+05
3.927706551092353184e+05
3.924442721924703219e+05
3.919836421105321497e+05
3.915365770129383309e+05
3.911039930946702952e+05
3.901201665311018587e+05
3.895659789101064671e+05
3.893189562778120162e+05
3.888539066406532656e+05
3.882465136481946101e+05
3.876042904427516623e+05
3.873230768258693279e+05
3.863742843172301655e+05
3.859180981435836875e+05
3.850446285453801393e+05
3.836334588799992925e+05
3.833977006357647479e+05
3.830172816514014849e+05
3.823172961086888099e+05
3.818837580338054104e+05
3.810076029450229835e+05
3.805560425135121332e+05
3.802799736081688898e+05
3.799793644197000540e+05
3.798290035605402081e+05
3.789524218395411735e+05
3.779166840745245572e+05
3.776917933492968441e+05
3.768024275799640454e+05
3.763270273897910956e+05
3.761442421687122551e+05
3.758241989463958307e+05
3.751349192589346785e+05
3.748642591790306615e+05
3.740871240742140217e+05
3.733981036983825616e+05
3.730529747036013287e+05
3.721466800193818053e+05
3.719319290155993076e+05
3.711572593612071360e+05
3.704582286779052229e+05
3.699765389273539186e+05
3.696673639424231369e+05
3.692396798174094292e+05
3.686538495244585793e+05
3.682099751154310652e+05
3.680555012899110443e+05
3.670663320636639255e+05
3.667226964472724940e+05
3.661412945118384669e+05
3.659457326225573197e+05
3.653571335023036227e+05
3.649991856633369462e+05
3.646399367554428754e+05
3.641499748444118304e+05
3.634348691824395210e+05
3.627590547066667350e+05
3.627342170379896997e+05
3.622688293153260602e+05
3.618516558367828839e+05
3.613428942570893560e+05
3.606907610862876754e+05
3.600131261849299772e+05
3.588668694282333017e+05
3.584978645515063545e+05
3.575292828284702846e+05
3.570527103158906102e+05
3.559377291992324172e+05
3.556256421559872688e+05
3.555444875908680842e+05
3.545384204960148199e+05
3.544024785506764892e+05
3.537617236612058477e+05
3.528389040143905440e+05
3.526743423962186789e+05
3.522352279056073749e+05
3.518209532225421281e+05
3.515878142887512222e+05
3.499189289876447874e+05
3.495281184425255051e+05
3.488200867252499447e+05
3.481765444093545666e+05
3.477714777019709582e+05
3.475335728597125271e+05
3.469288757528191200e+05
3.460464526628205203e+05
3.454386422952302382e+05
3.450519507256136858e+05
3.447249835860691965e+05
3.439443509896390024e+05
3.433273865161139984e+05
3.428507898748278385e+05
3.427327444116154802e+05
3.416688129017399624e+05
3.405172624678966822e+05
3.402121856005738955e+05
3.393539228970819968e+05
3.388010047179313260e+05
3.378518048391255434e+05
3.373088674218750675e+05
3.371474617140557384e+05
3.362942238507947768e+05
3.357205140065634041e+05
3.353974664107374265e+05
3.350863094769463059e+05
3.345192212815547246e+05
3.341748966660755686e+05
3.338407662814980140e+05
3.336009786083576037e+05
3.327933558411613922e+05
3.318520196863095043e+05
3.311257463668210548e+05
3.308720085430538165e+05
3.301712560497940867e+05
3.297172714489326463e+05
3.295244465227150358e+05
3.288119083935547969e+05
3.282651885989011498e+05
3.275590622289871098e+05
3.269443085163248470e+05
3.265563935189760523e+05
3.264851344695686712e+05
3.260179274434829713e+05
3.256049766829680884e+05
3.250627010616087937e+05
3.250369534346525907e+05
3.244306619833182194e+05
3.232445372703314060e+05
3.229718683432771941e+05
3.226076468909780378e+05
3.222688371767814388e+05
3.219416685677283094e+05
3.217000033897233079e+05
3.213615635485806270e+05
3.209093546625691815e+05
3.203948982813092880e+05
3.203718044427341665e+05
3.191234875455625006e+05
3.188805455424421234e+05
3.184083904262181022e+05
3.179746854715863592e+05
3.177249453242996242e+05
3.170756840253084083e+05
3.157944756453747978e+05
3.156071507584236097e+05
3.153581599936868879e+05
3.152269812505709706e+05
3.144001793322181911e+05
3.139425740214079269e+05
3.134529494291302399e+05
3.127610606074419920e+05
3.125572826841342612e+05
3.119885752554616774e+05
3.119122487673401483e+05
3.107181709806644940e+05
3.104177815900660353e+05
3.100951798301091767e+05
3.097850667324528331e+05
3.088708644956556382e+05
3.084035810612640344e+05
3.080140244401001255e+05
3.077604944542218000e+05
3.070860991613374790e+05
3.069123526941702585e+05
3.058484142493163235e+05
3.053969511925725383e+05
3.053083119793211226e+05
3.047320208382457495e+05
3.041295586720668944e+05
3.031785874654772924e+05
3.028484586469613714e+05
3.023707617234912468e+05
3.021035041655073292e+05
3.019200503737329855e+05
3.006192275748336688e+05
3.002128849908730481e+05
2.995530005354178720e+05
2.994134084588232217e+05
2.991373078372032614e+05
2.990250059485931997e+05
2.989791245950285229e+05
2.978146974454760784e+05
2.972439410616924288e+05
2.971523242542713997e+05
2.969427300422906992e+05
2.966726270485038985e+05
2.964919714735575835e+05
2.959452616946725757e+05
2.954703447173915338e+05
2.952782060678324196e+05
2.950697181855790550e+05
2.947946851659461972e+05
2.944389539102048147e+05
2.934009024773901328e+05
2.931079900581307011e+05
2.927439887104615336e+05
2.918493074248822522e+05
2.916939695924417465e+05
2.912501092492322787e+05
2.911652437826974201e+05
2.909195954611648340e+05
2.905189945454333210e+05
2.898817766886582249e+05
2.893072586556338938e+05
2.891790404386416194e+05
2.887103149180195178e+05
2.880828862065855064e+05
2.875029189451888669e+05
2.869815487362402491e+05
2.864508498682578211e+05
2.861217564153791755e+05
2.860345155647209031e+05
2.857016517505373922e+05
2.852725255124819814e+05
2.849396692970221047e+05
2.846985274772357661e+05
2.844584323381962022e+05
2.834320638448258396e+05
2.828314516754422802e+05
2.821558642164205667e+05
2.817876949124254752e+05
2.814937673848092672e+05
2.812833277865926502e+05
2.807578388042744482e+05
2.803340125636254088e+05
2.790481219804642024e+05
2.788447811901965761e+05
2.786729170734521467e+05
2.778967295996492030e+05
2.773991101251765504e+05
2.771858533385098563e+05
2.767008434717521886e+05
2.765884711111262441e+05
2.758923401865178021e+05
2.755495171123062028e+05
2.752107078819297603e+05
2.749338140200389898e+05
2.740563227533905301e+05
2.733417428011199227e+05
2.732564684035243117e+05
2.731715578591095982e+05
2.727931921579928603e+05
2.724747218602906796e+05
2.719809818759490154e+05
2.716306147492807359e+05
2.713478980325990124e+05
2.711703358605343965e+05
2.706251654672686709e+05
2.705819483394179842e+05
2.698671523928967654e+05
2.696994398372180876e+05
2.695979384933146066e+05
2.694652234997812775e+05
2.692161976673759636e+05
2.691296019002081011e+05
2.690508838846028084e+05
2.689322280524393427e+05
2.688383979642796912e+05
2.687281933154927683e+05
2.683126982984665083e+05
2.680371320686927647e+05
2.674888778725668672e+05
2.667006552135009551e+05
2.662097390612754971e+05
2.658676806329909596e+05
2.657309557878971682e+05
2.654535406529363245e+05
2.652152890335812699e+05
2.650838712265642826e+05
2.641792790235860157e+05
2.639225790700673242e+05
2.634438843767114449e+05
2.632498573582323152e+05
2.626048303626911365e+05
2.614558864962757798e+05
2.613337617928609543e+05
2.612936464745420672e+05
2.611692640192068357e+05
2.609955833558232407e+05
2.609576263052569120e+05
2.604209018603104923e+05
2.600883775245443976e+05
2.598752347818117705e+05
2.595763029446801811e+05
2.590386535908641526e+05
2.586136282906065171e+05
2.580240160674233630e+05
2.575693061270316539e+05
2.573228235098003643e+05
2.569454875554152532e+05
2.564342744715076988e+05
2.560696533808471868e+05
2.556661784012881399e+05
2.554908116349526681e+05
2.551875583289055212e+05
2.547078990171054320e+05
2.545349259219390224e+05
2.542299195031732088e+05
2.541045244476996304e+05
2.539692922741350485e+05
2.538801292643803754e+05
2.532047676463750540e+05
2.530644566548300791e+05
2.528727172424840101e+05
2.527322089426255552e+05
2.524706567694345140e+05
2.518049069496656302e+05
2.512858723226461734e+05
2.505920586167673464e+05
2.503477923239407246e+05
2.497885394189441577e+05
2.493400532204340270e+05
2.492145276227837603e+05
2.486810530313732743e+05
2.483236662806481472e+05
2.479910465950446378e+05
2.478478317525928724e+05
2.477006519054732926e+05
2.469703058386579505e+05
2.463835240017129981e+05
2.457950486871639441e+05
2.457443150866561045e+05
2.453330339498565590e+05
2.449676831240553001e+05
2.447403816048752924e+05
2.441323974030522513e+05
2.440709144354606397e+05
2.437237961391520512e+05
2.432220477878210077e+05
2.430293234241552418e+05
2.428097195086049032e+05
2.421264035357833782e+05
2.416457795735025138e+05
2.411164020200775121e+05
2.407632837353171781e+05
2.407147044733173971e+05
2.403712282843159046e+05
2.401745708579704515e+05
2.400029858409981534e+05
2.396230754952233983e+05
2.394502390355425887e+05
2.392172857881281525e+05
2.391119777861808543e+05
2.390506314683835080e+05
2.380379965906434809e+05
2.376986594879768381e+05
2.375578598133666383e+05
2.371423570222962007e+05
2.365487634750712605e+05
2.361466698675672524e+05
2.357257165202262404e+05
2.354851044185207575e+05
2.354104264369992015e+05
2.349206671301687020e+05
2.345207316596437886e+05
2.344132373386716645e+05
2.338950794520015770e+05
2.336631032329311420e+05
2.333726999775350560e+05
2.329643365588815359e+05
2.319588096793417353e+05
2.317913446910298662e+05
2.316621933039797295e+05
2.316041271551000536e+05
2.314647650148925022e+05
2.308517367315661686e+05
2.304399218580491142e+05
2.300301650704138738e+05
2.296830714015638223e+05
2.288774706758758402e+05
2.287336006527824793e+05
2.283149047566971858e+05
2.280278490790781507e+05
2.278040484624521923e+05
2.272094324821156624e+05
2.261795828246100864e+05
2.258944305696590163e+05
2.257285602937789226e+05
2.254606403729779704e+05
2.251836883754679293e+05
2.245288338737415615e+05
2.243282005534825730e+05
2.239252539170125092e+05
2.236876339242841641e+05
2.234530484361071722e+05
2.227120080050787947e+05
2.225708231248875672e+05
2.220097804493886360e+05
2.212563420452562859e+05
2.207814547482251364e+05
2.201156596699179499e+05
2.198409984249808185e+05
2.196700155381514051e+05
2.190687665252920706e+05
2.188174182542188209e+05
2.182958158053450752e+05
2.181263299263259105e+05
2.181039500057903060e+05
2.172754548512124165e+05
2.171180340967230732e+05
2.167940103272332344e+05
2.162151279598174733e+05
2.161606346134995692e+05
2.157961690757751931e+05
2.146113348671630956e+05
2.142963317367354466e+05
2.142289012419303472e+05
2.138818910613447661e+05
2.134261119740058784e+05
2.133151507015408424e+05
2.131063359419304179e+05
2.128517486710269877e+05
2.125804636933618749e+05
2.125016531437473313e+05
2.124099594925453130e+05
2.122678170620301389e+05
2.118619339502015209e+05
2.113555675723176973e+05
2.111728914207616763e+05
2.110070057690323156e+05
2.106181091170989966e+05
2.104101406084901246e+05
2.103695922607993998e+05
2.101248972435325559e+05
2.093185618154430995e+05
2.085444031518074917e+05
2.083685215253703645e+05
2.082493922215019702e+05
2.081424659549156204e+05
2.076467586670258315e+05
2.069416624497729063e+05
2.063546218145853491e+05
2.059950893988517346e+05
2.055699787849202403e+05
2.049128764891225728e+05
2.047601069160591869e+05
2.040802887557671347e+05
2.037546615646929713e+05
2.033800329463527887e+05
2.030375663107223227e+05
2.029714299448719830e+05
2.023690664959401474e+05
2.020736679180361389e+05
2.020218782441596559e+05
2.019729494431140192e+05
2.018495357965312724e+05
2.012840252202187839e+05
2.008769155742481817e+05
2.007857846007465268e+05
2.007247623205840355e+05
2.002532907145514037e+05
2.001582786659814883e+05
2.000315876245393301e+05
1.998012667572474165e+05
1.996756759377080016e+05
1.992684085097689822e+05
1.991428138048273977e+05
1.987975492537855171e+05
1.987708133745031082e+05
1.977408400087099290e+05
1.973619999167743081e+05
1.971841484984237177e+05
1.970306873163876298e+05
1.969981437749773904e+05
1.967783077720856527e+05
1.966702203983168001e+05
1.959656839098917844e+05
1.955351689846360241e+05
1.952850096922229568e+05
1.950582412477876933e+05
1.948443470689878741e+05
1.945316594799406012e+05
1.943516290570989368e+05
1.941053789159314183e+05
1.934727956571104296e+05
1.926941862117731653e+05
1.924915113843016443e+05
1.914920134462122223e+05
1.914140384881598584e+05
1.911763860724949918e+05
1.906766376269410830e+05
1.904815644737051043e+05
1.903826001209908281e+05
1.900151333934199647e+05
1.893122086005899764e+05
1.887029688610573940e+05
1.885872661384086823e+05
1.878580528663902369e+05
1.874469858034355857e+05
1.873049775253964472e+05
1.870944483182043186e+05
1.867088823736747436e+05
1.860483101499026525e+05
1.857390010914775485e+05
1.856894077914040827e+05
1.854846994664205995e+05
1.849520712651356589e+05
1.845706452948605001e+05
1.840998990785002534e+05
1.837974315518320072e+05
1.835861633474604751e+05
1.830872085219964792e+05
1.829860878419885121e+05
1.826176786588364630e+05
1.825304119267740462e+05
1.824325631328354357e+05
1.821440956938927702e+05
1.815076734563292121e+05
1.810216396826858108e+05
1.807400042576198757e+05
1.806578131315308274e+05
1.804054308669658494e+05
1.802992641051272512e+05
1.802558803280812863e+05
1.795410991068063013e+05
1.792000174815950741e+05
1.791419867962613353e+05
1.790533615735023632e+05
1.787307435399820388e+05
1.783147944945813797e+05
1.779025757682858966e+05
1.777461712536922423e+05
1.769237407253730926e+05
1.766983611958547262e+05
1.765756743218245974e+05
1.762547131947932357e+05
1.755941946012558474e+05
1.752996871870541654e+05
1.752047058004051796e+05
1.748731549907179433e+05
1.741487187547620852e+05
1.738908396816585155e+05
1.738175389252189489e+05
1.735979720115095552e+05
1.734752670948975428e+05
1.729973776121594419e+05
1.720234002977600321e+05
1.718841076727915497e+05
1.715056549934442446e+05
1.712182837949876848e+05
1.708180057521101844e+05
1.703974684428485925e+05
1.700597110256616725e+05
1.697880287276256713e+05
1.694023779027845012e+05
1.690447032429092214e+05
1.686979383640979941e+05
1.681566638811682933e+05
1.666992915450726869e+05
1.663004251542589918e+05
1.657860626319211733e+05
1.656497611521822982e+05
1.652018381139400008e+05
1.646956978258132294e+05
1.641720772496030550e+05
1.639177975307134038e+05
1.632562307222334493e+05
1.627852505136858963e+05
1.624947657064078085e+05
1.623497113829398877e+05
1.621969315503890393e+05
1.618892696925745695e+05
1.613821371878023492e+05
1.608965107306537975e+05
1.604941589202033938e+05
1.603075900947810733e+05
1.599152665177281888e+05
1.592888214339337719e+05
1.590450657360381447e+05
1.587584107091570331e+05
1.585758184231504565e+05
1.580424962044454587e+05
1.577314508758585725e+05
1.574321266987755662e+05
1.562752435220064363e+05
1.550571080743035127e+05
1.549169717214124103e+05
1.547292151264763379e+05
1.545912814574164222e+05
1.533367478340055095e+05
1.528565857397077489e+05
1.527888092085972021e+05
1.525147366917711042e+05
1.518235451971573348e+05
1.509507382369834231e+05
1.507461559192146524e+05
1.507198934504047793e+05
1.488356305424796883e+05
1.483111731181750365e+05
1.479624682321027794e+05
1.468685312451393402e+05
1.465119929744631518e+05
1.461392441467943136e+05
1.460350787643869699e+05
1.457487483758339949e+05
1.455864017962378275e+05
1.451449281528604042e+05
1.449085116923982860e+05
1.447088197888850700e+05
1.440671272953438747e+05
1.433660085001159459e+05
1.430978152954656398e+05
1.422793602762654773e+05
1.418227954822365136e+05
1.418159641119124717e+05
1.414860982010995212e+05
1.414694542847411940e+05
1.411287586392544035e+05
1.406439038789800252e+05
1.404562169478435826e+05
1.400369430682123057e+05
1.399583175953518657e+05
1.390082164789448725e+05
1.387823073021091404e+05
1.381738541311153967e+05
1.378306438596618245e+05
1.376663622965739632e+05
1.372661506403648236e+05
1.372472968639617902e+05
1.365562284131988999e+05
1.364939965366731340e+05
1.361385396594318154e+05
1.360037386301208171e+05
1.357203564836019359e+05
1.345441009115018242e+05
1.345259525477893767e+05
1.343573137902064773e+05
1.341087614853100677e+05
1.340265062155252090e+05
1.332394660158597399e+05
1.330750349191520363e+05
1.325515887840623909e+05
1.317439277175733296e+05
1.311341460305567598e+05
1.307898595651270298e+05
1.301973927322392847e+05
1.297058432505002565e+05
1.291595697159562405e+05
1.291135074057497986e+05
1.288254712032250536e+05
1.287307225154239422e+05
1.277896788918802486e+05
1.271541242889350833e+05
1.266180474117037083e+05
1.264791869439919392e+05
1.259950710411063337e+05
1.257975430645935849e+05
1.257387707383706875e+05
1.254109591997421958e+05
1.251583438593330648e+05
1.245027693458642025e+05
1.244393465758705570e+05
1.242906998814457183e+05
1.242693190579520306e+05
1.234546556026444450e+05
1.229791759905774961e+05
1.223331299538632593e+05
1.221539091370909446e+05
1.217444455907999363e+05
1.211975628344628640e+05
1.208278901777690626e+05
1.199342648360488674e+05
1.181091460390241555e+05
1.178427950310609594e+05
1.177376292304412345e+05
1.169713345779972733e+05
1.163729029927382653e+05
1.160895161036677309e+05
1.156361260945001122e+05
1.151804512362021051e+05
1.151558342177175364e+05
1.150619310627375526e+05
1.144535035238518176e+05
1.140896549425876001e+05
1.139989343332971766e+05
1.134854613133285457e+05
1.126217406064002862e+05
1.122081305176574970e+05
1.104609707263442833e+05
1.103606122262993595e+05
1.103080925671397126e+05
1.101363342424609436e+05
1.100672029829985258e+05
1.097552414956251450e+05
1.088245242670324951e+05
1.080506222304982366e+05
1.071396137147243280e+05
1.071266932029706077e+05
1.071153874703813781e+05
1.066884496502169786e+05
1.060940564529469120e+05
1.059321084403048590e+05
1.058601924907884677e+05
1.044701167827809113e+05
1.043392502747216495e+05
1.040644199886029674e+05
1.037086987178794807e+05
1.033051879061022482e+05
1.029535882251346775e+05
1.028730978998929495e+05
1.025366385287934536e+05
1.023648030263026885e+05
1.017574117806277500e+05
1.013028844827802823e+05
1.010484317773661751e+05
1.005328689165572723e+05
1.003356702500791143e+05
1.000658976826188591e+05
1.000546237512253574e+05
9.974731911525181204e+04
9.817972455648535106e+04
9.811840832670369127e+04
9.784665298977951170e+04
9.755542437795324076e+04
9.675674031074185041e+04
9.668207807011030673e+04
9.564385234160872642e+04
9.560528584933729144e+04
9.489699594796496967e+04
9.460047298247519939e+04
9.444527847577836656e+04
9.436245514313819876e+04
9.349163662995801133e+04
9.322541114724996442e+04
9.316172502184998302e+04
9.296303809250672930e+04
9.231558651751052821e+04
9.222287376001829398e+04
9.202083881157117139e+04
9.163616739703192434e+04
9.132875839958970028e+04
9.113837321042353869e+04
9.093856498220261710e+04
8.936924669669041759e+04
8.788854813349057804e+04
8.647834108372987248e+04
8.639551304582229932e+04
8.611992628236833843e+04
8.520543244771235914e+04
8.495333133895425999e+04
8.452715108083382074e+04
8.433934307155419083e+04
8.388217011347619700e+04
8.317664522575904266e+04
8.307584734608164581e+04
8.269272317373007536e+04
8.253568661890838121e+04
8.149942066367865482e+04
8.121337057460201322e+04
8.074080696018041635e+04
8.055044432284896902e+04
8.028923104953642178e+04
7.975521020474719990e+04
7.954283597495699360e+04
7.943782748799401452e+04
7.914780134328755958e+04
7.859314515050209593e+04
7.822349107235785050e+04
7.821330516881812946e+04
7.719426929217882571e+04
7.679533212866258691e+04
7.637000530057691503e+04
7.562652261772553902e+04
7.551886233390319103e+04
7.495024460715713212e+04
7.487508030568757385e+04
7.429550032210965583e+04
7.381071684664569329e+04
7.306946293122686620e+04
7.290520059584277624e+04
7.222072670780983754e+04
7.146042631144405459e+04
7.141544887262268458e+04
7.080897321175594698e+04
7.033885476142331026e+04
6.951097650033253012e+04
6.895526952230458846e+04
6.872776719574681192e+04
6.855574390422931174e+04
6.851147878709383076e+04
6.768997508822918462e+04
6.702934441619408608e+04
6.617076196796800650e+04
6.614177663387988287e+04
6.579641288677447301e+04
6.513163403236252634e+04
6.461368828491771274e+04
6.375000304789128131e+04
6.339433315581902571e+04
6.295608547864638240e+04
6.275607904519192380e+04
6.204131126110418700e+04
6.121859313286448014e+04
6.114511966590876546e+04
6.060772092054825043e+04
6.009284829264310974e+04
6.002655455359089683e+04
5.964162014886632824e+04
5.919959369473380502e+04
5.884810745809406944e+04
5.866670484231254522e+04
5.811548549842402281e+04
5.782964472114822274e+04
5.757232138703770033e+04
5.698119434489472042e+04
5.633134991400066792e+04
5.628414144327740360e+04
5.582995886330203939e+04
5.531526301255417638e+04
5.512182841716998519e+04
5.467883580630507640e+04
5.448114096142410563e+04
5.433867643056537781e+04
5.421035971431870712e+04
5.395244682910536358e+04
5.358892173139734223e+04
5.277356799528937700e+04
5.269462065111447009e+04
5.215661958927992237e+04
5.208777945247048774e+04
5.184540935729410558e+04
5.071084118257412047e+04
5.064825911850537523e+04
5.050472230040293653e+04
4.988508282959320059e+04
4.975676828587543423e+04
4.971465609766195848e+04
4.945836315910649864e+04
4.930364681530453527e+04
4.849826707350135985e+04
4.821521306172545883e+04
4.802755887164888554e+04
4.758323929302332544e+04
4.714509674807483680e+04
4.678939895204362256e+04
4.634376267631666997e+04
4.626350022502103820e+04
4.604380813573492924e+04
4.560954855705967202e+04
4.528628628534110612e+04
4.517085878729848628e+04
4.496703993880185590e+04
4.446768626619005954e+04
4.326503480621687049e+04
4.287596858838179469e+04
4.254073607982353860e+04
4.253593412297432951e+04
4.206477069522294187e+04
4.192622479512641439e+04
4.156836083171450446e+04
4.100993423578550573e+04
4.010230241962970467e+04
3.988260177939783898e+04
3.873766919740602316e+04
3.796685892735036032e+04
3.747334995015996537e+04
3.694474058895141206e+04
3.655647678371398797e+04
3.582010658411017357e+04
3.550514865729415033e+04
3.543914262869302911e+04
3.492624010113230906e+04
3.413397899130441510e+04
3.403756955728258617e+04
3.394925012112691911e+04
3.352240349046019401e+04
3.315054182231985760e+04
3.308079081521457556e+04
3.299813246359466575e+04
3.227786269458922834e+04
3.182806851268304308e+04
3.114506037676037886e+04
3.083139522078931623e+04
3.045772438015697844e+04
3.036032694545017512e+04
3.012475783767200119e+04
2.953883518778088910e+04
2.928045747772325558e+04
2.874429805781888717e+04
2.848804212884576555e+04
2.761105449919497187e+04
2.734311027869428654e+04
2.624210706038585340e+04
2.554313386654636997e+04
2.537105894174607965e+04
2.526768486830362599e+04
2.438754831185852890e+04
2.403691613771738412e+04
2.375470345479121170e+04
2.258369650160469246e+04
2.224073463638335670e+04
2.184744344102550531e+04
2.159907740028265471e+04
2.075274353339919253e+04
2.039536810152765611e+04
1.929008827004673731e+04
1.856089673125416812e+04
1.784262504797718066e+04
1.741705604396718263e+04
1.666020199864554525e+04
1.584080074415815761e+04
1.541176772639435148e+04
1.521578243839418064e+04
1.401531991230766653e+04
1.353020219576125965e+04
1.333091114862959148e+04
1.281798829906180617e+04
1.236453602709479674e+04
1.212255058983989875e+04
1.198213900283114344e+04
1.142844313494463677e+04
1.111826693048105881e+04
1.054890592286350147e+04
1.015525212029763861e+04
1.014368914623812452e+04
1.004489247574522233e+04
9.826529016762611718e+03
9.315937793753812002e+03
9.236439204176967905e+03
8.861841431158371051e+03
8.403794945612760785e+03
8.197482434149609617e+03
7.821461505798843064e+03
7.559512377534082589e+03
6.830627453101304127e+03
6.674712704646788552e+03
6.014331039147376941e+03
5.937019430544602073e+03
5.913279814490548233e+03
5.828006760126216250e+03
5.188278314662235971e+03
4.690811390903842039e+03
4.392193901853745047e+03
