8.358519206454123370e+06
7.124287715804903768e+06
6.710052940194289200e+06
6.697527645395648666e+06
6.517834976822417229e+06
6.490922787810316309e+06
6.425023363228725269e+06
6.362888308133064769e+06
6.277685891919174232e+06
6.184954313146369532e+06
6.064145162600323558e+06
6.033712435996844433e+06
5.993825544792107306e+06
5.673488669604744762e+06
5.545629262098238803e+06
5.186059139605464414e+06
5.137606060896674171e+06
5.133817436904229224e+06
5.121622416208502837e+06
5.103547514468418434e+06
5.071062194974328391e+06
5.042118346216813661e+06
5.022238648287824355e+06
4.981954704263867810e+06
4.864302731105861254e+06
4.827055338197167963e+06
4.788690246271965094e+06
4.669798508112061769e+06
4.653596801278423518e+06
4.609777695093041286e+06
4.559937663171535358e+06
4.549031520162664354e+06
4.500755226356419735e+06
4.480315396334100515e+06
4.436422595333680511e+06
4.379493213176027872e+06
4.371745368621445261e+06
4.364410608360669576e+06
4.346251913649012335e+06
4.339330863045831211e+06
4.264414820027995855e+06
4.203525078770124353e+06
4.201422314646989107e+06
4.167223634771811310e+06
4.166013409438068513e+06
4.156628048945473973e+06
4.120484742131928913e+06
4.109333989536216017e+06
4.094394651593659073e+06
4.081972808000304736e+06
4.043325021721743513e+06
4.019455892112796661e+06
3.990661554939889349e+06
3.942203606838143896e+06
3.921141588344623335e+06
3.904190757924855687e+06
3.889295378229104448e+06
3.862871423658948392e+06
3.848794763485847972e+06
3.832088465140093118e+06
3.774141207073268481e+06
3.770966972248303704e+06
3.761140444592780899e+06
3.754322332957167178e+06
3.723435686412028037e+06
3.689881165404201020e+06
3.679425252380331047e+06
3.638375051869259216e+06
3.610678654894760810e+06
3.577558885537919588e+06
3.553475332402708940e+06
3.538770874657053500e+06
3.499692695139275398e+06
3.468836477926017251e+06
3.454420415964144748e+06
3.427255070385000668e+06
3.405675708010788076e+06
3.396862465196365956e+06
3.390914793761650566e+06
3.387358218218970578e+06
3.377258012459257618e+06
3.368805091557051986e+06
3.351260509614453651e+06
3.346586574197219219e+06
3.336711229558276478e+06
3.333396675652043894e+06
3.329828255868101493e+06
3.302954476291175000e+06
3.301687126202675980e+06
3.299957326083388180e+06
3.298730090578329284e+06
3.295683139312482905e+06
3.290921908124499489e+06
3.262112752289970405e+06
3.255628926198927686e+06
3.211764424401342403e+06
3.195151758892423939e+06
3.148804247845061589e+06
3.121981618933348916e+06
3.111481674340977333e+06
3.105893852692998946e+06
3.091295204486538656e+06
3.046376123852973338e+06
3.038539641414998565e+06
3.002973536318454426e+06
2.992540776410440914e+06
2.977036653147374745e+06
2.972734664133339189e+06
2.968955458223573864e+06
2.968021617802973837e+06
2.961660403057143092e+06
2.957953651780702639e+06
2.955538011374710128e+06
2.952288756260577589e+06
2.948467850910260342e+06
2.946471388316007797e+06
2.943012478768189438e+06
2.938953702378526330e+06
2.934195780375625938e+06
2.923764280288204085e+06
2.893483091617059428e+06
2.878086931225358974e+06
2.862276629164701328e+06
2.843083125266501680e+06
2.835920079247566871e+06
2.829352077771065757e+06
2.821905608665618114e+06
2.809613577224994078e+06
2.800422098786007147e+06
2.795631463897901587e+06
2.777824824170725886e+06
2.773469892408540472e+06
2.765618261957366485e+06
2.762659372454936616e+06
2.756284765238499269e+06
2.752167368458265904e+06
2.748263156748873182e+06
2.740205702769787982e+06
2.736582940113472287e+06
2.731529965054607019e+06
2.726243758326737210e+06
2.712470866865432821e+06
2.706212092154097278e+06
2.693181870436969679e+06
2.681700731942415237e+06
2.665179151234080084e+06
2.653439257755094673e+06
2.627638878284262959e+06
2.620402619213666301e+06
2.615735589986314997e+06
2.594779021442340221e+06
2.592380905644818209e+06
2.586816692403679248e+06
2.580932869554431178e+06
2.573345832977377810e+06
2.563443273005328607e+06
2.548060289018694777e+06
2.545097934485786594e+06
2.537945595978969242e+06
2.521555001648174599e+06
2.514060482211872470e+06
2.493447768560932018e+06
2.490232313652390148e+06
2.480786418712010141e+06
2.474084587807525415e+06
2.470256152704713866e+06
2.455198236143088434e+06
2.451742679083591327e+06
2.448978320296966471e+06
2.443617335678028408e+06
2.439602569599486422e+06
2.429699322960586753e+06
2.420272433249165770e+06
2.412746691712403670e+06
2.396066831511749886e+06
2.381211937261453830e+06
2.364022824535824358e+06
2.360346374180062208e+06
2.337487125831908081e+06
2.329640120593711734e+06
2.317478146757071838e+06
2.311620759963601362e+06
2.298472203313338570e+06
2.281556100897361990e+06
2.268110359063366428e+06
2.258248546795286704e+06
2.255781362944712862e+06
2.245537388006824069e+06
2.240818525948156137e+06
2.230280078468075488e+06
2.229442297206580639e+06
2.225680775315925013e+06
2.219111228420058731e+06
2.217118410794883501e+06
2.213806194683789276e+06
2.208542651227181312e+06
2.205868619486978743e+06
2.200862210217991844e+06
2.191987227100062184e+06
2.188056391140186228e+06
2.170199093197070528e+06
2.163672263997022063e+06
2.161396890330843627e+06
2.154589896824410185e+06
2.146042202023004647e+06
2.140290317304243334e+06
2.138145701828796882e+06
2.128944283044386189e+06
2.128741663834078237e+06
2.126248030242785811e+06
2.122125968944124412e+06
2.118627107564513572e+06
2.110463238888851833e+06
2.104084730969325639e+06
2.099511076387586538e+06
2.096965297085445840e+06
2.087221082721926505e+06
2.069210451629538089e+06
2.064315160325889476e+06
2.063266996748866979e+06
2.058247439091198379e+06
2.050038039564402308e+06
2.044150165803196374e+06
2.034358915864665527e+06
2.025978796374289086e+06
2.023522709999716608e+06
2.020415966599332169e+06
2.018964495133100776e+06
2.012886701578594744e+06
2.007721167254572036e+06
1.997721410149092088e+06
1.991023778782417532e+06
1.988367982535074698e+06
1.985020788095982512e+06
1.977956981398809003e+06
1.970873317145457491e+06
1.968218260385610396e+06
1.964421339606434340e+06
1.962371578207280254e+06
1.957416727448327933e+06
1.955105840389197692e+06
1.950749986509541050e+06
1.945794290731939953e+06
1.940243262665953021e+06
1.935894947542795679e+06
1.933858539149543503e+06
1.929445697141040815e+06
1.927416021383715561e+06
1.922180954735812498e+06
1.920817500169344712e+06
1.916758656482110964e+06
1.914966364002388902e+06
1.914359626807795372e+06
1.911535641405594070e+06
1.902778241934072459e+06
1.900999699856867548e+06
1.896582737872600555e+06
1.893555136303161969e+06
1.887696822136384202e+06
1.883146748638540274e+06
1.878924397641726537e+06
1.875725579816030338e+06
1.872488058381091338e+06
1.868903473392585292e+06
1.867666282112333691e+06
1.854019230655525113e+06
1.845123493742187507e+06
1.844936107827390311e+06
1.842362200730322395e+06
1.836495574773088330e+06
1.828064273417143617e+06
1.818496406271713320e+06
1.814905199503307464e+06
1.811045463933225488e+06
1.804229680131398141e+06
1.802523774787521688e+06
1.801068945626687491e+06
1.800427862905106973e+06
1.797133887706263224e+06
1.795730264263929101e+06
1.793273149088856066e+06
1.792112587503937539e+06
1.789920173245727550e+06
1.785395410389246419e+06
1.783622907865055138e+06
1.782444064158110647e+06
1.773270653785116971e+06
1.765796794604182011e+06
1.764810345875059720e+06
1.763713398905270267e+06
1.756540996713666944e+06
1.754353131308389129e+06
1.748161927229438443e+06
1.737456951811087318e+06
1.735540887461670674e+06
1.731432411466142628e+06
1.725217325411511119e+06
1.721800883775134338e+06
1.705050195682803867e+06
1.703443027216626098e+06
1.701762819442838663e+06
1.699497255937834037e+06
1.698787756139348727e+06
1.691116580331925070e+06
1.687420357889289269e+06
1.683606462732054526e+06
1.678650455307845725e+06
1.674882039954364765e+06
1.672109815457372228e+06
1.669887170069418149e+06
1.666423862052915618e+06
1.665413631228330079e+06
1.661445438212568173e+06
1.657239595887840725e+06
1.654861329099871218e+06
1.650567376241116319e+06
1.648976225336956792e+06
1.646140721798687940e+06
1.643858532095646253e+06
1.641542382085216697e+06
1.639368475883757463e+06
1.637674308087253012e+06
1.634913564693321474e+06
1.633386316784331808e+06
1.631028207652818877e+06
1.627657283891268773e+06
1.623512490478013176e+06
1.622536695222926559e+06
1.621796818162544398e+06
1.617656649402020499e+06
1.613342484905601479e+06
1.608629946972308215e+06
1.605313555665187072e+06
1.602336585127929458e+06
1.601538198689525016e+06
1.600962012931905920e+06
1.600351307628852082e+06
1.599625451180021977e+06
1.596449539910680847e+06
1.589290395498071099e+06
1.587698753344113240e+06
1.583862294433489442e+06
1.582184135159934405e+06
1.578618633477507858e+06
1.577699673983775079e+06
1.576230233818913344e+06
1.573539805805859854e+06
1.572601140324799577e+06
1.565522982152522542e+06
1.561635816002538893e+06
1.553816394859057851e+06
1.553437691708142869e+06
1.545306620461532613e+06
1.543241658661997877e+06
1.537157172896097647e+06
1.533453128627157537e+06
1.526720933369453764e+06
1.526251870387868490e+06
1.523197036828596843e+06
1.522000619999552611e+06
1.515804493268430699e+06
1.512597318500184454e+06
1.511731869006988592e+06
1.510185023867537035e+06
1.506923669249677332e+06
1.505788956319643185e+06
1.504965994064412545e+06
1.503811807203833247e+06
1.502364090227122186e+06
1.497533000921425410e+06
1.492571932229385711e+06
1.489043034575307742e+06
1.484728116754078772e+06
1.483542906297911890e+06
1.480579257409607060e+06
1.473956001831095200e+06
1.469578465647950070e+06
1.467861859953312902e+06
1.466523915692334529e+06
1.460354486157025443e+06
1.456902706668732921e+06
1.456513417561677983e+06
1.454938593486189377e+06
1.452724314725335222e+06
1.451024671810931293e+06
1.447690344604251208e+06
1.442793850156966597e+06
1.440796278735751286e+06
1.437506710050980328e+06
1.434220002351519186e+06
1.432658937068494502e+06
1.430575708636068972e+06
1.426969078019375214e+06
1.422627929164184956e+06
1.422062805799635826e+06
1.419576936396569246e+06
1.417094084773796378e+06
1.413411359325085534e+06
1.412874400110609597e+06
1.408090766471561976e+06
1.401582800834654598e+06
1.396823654933995334e+06
1.395325544077540282e+06
1.394350403350414941e+06
1.388539854154121829e+06
1.385052974151085364e+06
1.383661719009922817e+06
1.382425085572012467e+06
1.377376645596820628e+06
1.376200068622485967e+06
1.372963519607610069e+06
1.370464135060402798e+06
1.367298530869976617e+06
1.360805046685056761e+06
1.357852831315811956e+06
1.353538829309259541e+06
1.352710584554901579e+06
1.348836723797607468e+06
1.344443239769171691e+06
1.343530325092796469e+06
1.340976298933280166e+06
1.340222764043782605e+06
1.336824286766076926e+06
1.333775652568829479e+06
1.328904733905270463e+06
1.324887515454611741e+06
1.323146010617559543e+06
1.321208176979583688e+06
1.320576271334809950e+06
1.318349475292217918e+06
1.317403622883292148e+06
1.316203293584247353e+06
1.313689495272434782e+06
1.310017621886410518e+06
1.308801711677239975e+06
1.300290512014920358e+06
1.293877937204085290e+06
1.292417465875163907e+06
1.288698856026489753e+06
1.284602571518625831e+06
1.282989324349630391e+06
1.282103494477350498e+06
1.280113182232674677e+06
1.278320228785176761e+06
1.275902463562937919e+06
1.274371683064008132e+06
1.272879711117431289e+06
1.271217935487325536e+06
1.267791066940351622e+06
1.264669712401316967e+06
1.262675465708977543e+06
1.262216901090304600e+06
1.255938108843046008e+06
1.249878903322353726e+06
1.247982676634564297e+06
1.245330487036412349e+06
1.240346825420518406e+06
1.238542222488546511e+06
1.235421196353723528e+06
1.231392395300447708e+06
1.227848918875230011e+06
1.226203544212829554e+06
1.224537341555067338e+06
1.221959282507260563e+06
1.218762191180167021e+06
1.215946705438113539e+06
1.213320138027774170e+06
1.212181681467200629e+06
1.208699447478290647e+06
1.204733892001903849e+06
1.203272616625924828e+06
1.201364145310023101e+06
1.200717955162900034e+06
1.197346443095763912e+06
1.196445029447479639e+06
1.194588637596447486e+06
1.193192780776658095e+06
1.191249685229935683e+06
1.189637261753131170e+06
1.187056104315502569e+06
1.184541854881515261e+06
1.183643888121080119e+06
1.181830621795356972e+06
1.180509118345481576e+06
1.177228899859379511e+06
1.176379430241401074e+06
1.174417987095436780e+06
1.172191209033914842e+06
1.168257386561610736e+06
1.164570449616148137e+06
1.161340045310065150e+06
1.158321351007105783e+06
1.155060357976200292e+06
1.153763867374791298e+06
1.147666670412740437e+06
1.145096493540133582e+06
1.144157109944557073e+06
1.143135913494752487e+06
1.142157174236494349e+06
1.138744347035332583e+06
1.137748053875019075e+06
1.136884795894128038e+06
1.135304130406423472e+06
1.133472174814793281e+06
1.132544538926849840e+06
1.131002477372874506e+06
1.129375253242896870e+06
1.127507132831762545e+06
1.126125008837840520e+06
1.125075405233440921e+06
1.123656370406598086e+06
1.120305028756699525e+06
1.118654580848774873e+06
1.114737401620560093e+06
1.114257452933246270e+06
1.114105820981530007e+06
1.113908348353172652e+06
1.112717353052810766e+06
1.111242560198544292e+06
1.109267823841872392e+06
1.107994076668821508e+06
1.105852390864483546e+06
1.104302245998359518e+06
1.102329055745133664e+06
1.100638128042790573e+06
1.100146929528990295e+06
1.098845086871730862e+06
1.096511621374438517e+06
1.095582833633386763e+06
1.095013253213687567e+06
1.094874181206808658e+06
1.094716939889066853e+06
1.092863158212018199e+06
1.091995420100811869e+06
1.091407438973439625e+06
1.089852988588428358e+06
1.088202725817654748e+06
1.087500265100210207e+06
1.086101940170656191e+06
1.085251223386760335e+06
1.080736418392101070e+06
1.079886739476253511e+06
1.078532265209197765e+06
1.075990154789616587e+06
1.073182350859076483e+06
1.070877623385392362e+06
1.067489985250646947e+06
1.063848505665681325e+06
1.063339910121599678e+06
1.063153793934896355e+06
1.063038900140603073e+06
1.062903237053167308e+06
1.062045977121136384e+06
1.060940093850514852e+06
1.059253669494867790e+06
1.059103409663709812e+06
1.057307584447704721e+06
1.056462327878067037e+06
1.053471345194690395e+06
1.053272987843413372e+06
1.049610103433100739e+06
1.049033189816958271e+06
1.047154581568317837e+06
1.046543434202416334e+06
1.043137469331153086e+06
1.041344594701797701e+06
1.038958483432259178e+06
1.037273738475712249e+06
1.036108325786579866e+06
1.035890111183340778e+06
1.035721540124163264e+06
1.034838813509748667e+06
1.034154649586646003e+06
1.032488846970995306e+06
1.029325501797484932e+06
1.029066283357964829e+06
1.028493474536971538e+06
1.028261877380947466e+06
1.027549152659729240e+06
1.026847172961627017e+06
1.025755059686219203e+06
1.022787607846844010e+06
1.020658577258361736e+06
1.018781893579437281e+06
1.016402851730339811e+06
1.012587666953794658e+06
1.011426021300039836e+06
1.009492771964121726e+06
1.008206095986961271e+06
1.004864469690285856e+06
1.004395785581999226e+06
1.001588566160922288e+06
9.996025689965097699e+05
9.989728473864445696e+05
9.969713326228471706e+05
9.950755662241666578e+05
9.946712562976746121e+05
9.923029479324881686e+05
9.913583715793980518e+05
9.888024932945140172e+05
9.861502953266348923e+05
9.854930166801624000e+05
9.830988466275787214e+05
9.823282061223157216e+05
9.814864535310588544e+05
9.778609175914658699e+05
9.771496851543571102e+05
9.761006487201419659e+05
9.738262607853164664e+05
9.723125638288288610e+05
9.716171596805544104e+05
9.712041886711234692e+05
9.701321699923534179e+05
9.691239991967240348e+05
9.669669211359826149e+05
9.646104594995130319e+05
9.618212419548447942e+05
9.603012610218623886e+05
9.565014008563871030e+05
9.535806680876190076e+05
9.524633985690836562e+05
9.516940166907344246e+05
9.510361442199684680e+05
9.505366999895181507e+05
9.501628922020235332e+05
9.498591846330482513e+05
9.484385753171956167e+05
9.475949501462806948e+05
9.457856461606493685e+05
9.446734452254470671e+05
9.429795722284760559e+05
9.415787405434297398e+05
9.405660936190505745e+05
9.382800980808582390e+05
9.378065574631021591e+05
9.365497801380668534e+05
9.361656824407645036e+05
9.349113521623936249e+05
9.331665560260418570e+05
9.322698107733681099e+05
9.312418403038521064e+05
9.304605252036565216e+05
9.297189899891347159e+05
9.281681931084527168e+05
9.259706433820652310e+05
9.246129675408037147e+05
9.238057240128895501e+05
9.222788477408118779e+05
9.216585819153396878e+05
9.210694958218239481e+05
9.202337729508451885e+05
9.188905798041091766e+05
9.167926308421113063e+05
9.164862583726576995e+05
9.145750124220822472e+05
9.127656357358027017e+05
9.111364254355428275e+05
9.101220864535383880e+05
9.088815801318935119e+05
9.047323264278327115e+05
9.038446550683118403e+05
9.021146542808650993e+05
8.999191193193881772e+05
8.973795510956083890e+05
8.955300130601765122e+05
8.941506079437606968e+05
8.934550298924179515e+05
8.903177963166686241e+05
8.897793070968253305e+05
8.880778969970693579e+05
8.845829326323119458e+05
8.829677385965958238e+05
8.806787694122998510e+05
8.789411664828413632e+05
8.773880490342541598e+05
8.737469452451810939e+05
8.721661520103578223e+05
8.716686057792466599e+05
8.705377822769775521e+05
8.671109366139591439e+05
8.663214516054923879e+05
8.650061596771754557e+05
8.632659556771352654e+05
8.617718071778267622e+05
8.603455067997562001e+05
8.576997323974511819e+05
8.571310992988785729e+05
8.553794732896090718e+05
8.532947258886303753e+05
8.523392059285452124e+05
8.511298423452549614e+05
8.502115156943459297e+05
8.499809757544052554e+05
8.488301905612210976e+05
8.486348368154346244e+05
8.477158029395476915e+05
8.455334944185981294e+05
8.442107249488238012e+05
8.437515781406288734e+05
8.419138465863983147e+05
8.398437842857732903e+05
8.384704182199871866e+05
8.381385096176962834e+05
8.365925517265482340e+05
8.363719883938183775e+05
8.341014572476650355e+05
8.334946132096748333e+05
8.322304357985788956e+05
8.312330182642275468e+05
8.300357267734507332e+05
8.293288832450748887e+05
8.284060000159136252e+05
8.265115194516575430e+05
8.256748688952093944e+05
8.251110236680899980e+05
8.221865187145448290e+05
8.217759746678727679e+05
8.204007292070947587e+05
8.198509807369896444e+05
8.187863542259142268e+05
8.164559519853509264e+05
8.156571364310213830e+05
8.148133201780915260e+05
8.140361140256518265e+05
8.131122785227409331e+05
8.111753685364749981e+05
8.095269157058666460e+05
8.091073695490772370e+05
8.070440053164843703e+05
8.054955470461543882e+05
8.050326299114614958e+05
8.040674186471188441e+05
8.028889765975190094e+05
8.019895516104226699e+05
8.013757725089419400e+05
8.004106629039297113e+05
7.996662708617799217e+05
7.977313885160038481e+05
7.973087759114502696e+05
7.945921560467563104e+05
7.939701119048343971e+05
7.932297265615127981e+05
7.912382289210115559e+05
7.900593220009384677e+05
7.893217112328127259e+05
7.880899786963841179e+05
7.858803313302486204e+05
7.857268237862597452e+05
7.840638218922956148e+05
7.826641836413544370e+05
7.815482458113869652e+05
7.810579420232895063e+05
7.802829639109536074e+05
7.785830449846158735e+05
7.777861103549238760e+05
7.765832188809912186e+05
7.753912504409931134e+05
7.743992265173203778e+05
7.724215661290467251e+05
7.706672673392238794e+05
7.688376573164603906e+05
7.682373830141179496e+05
7.679161850126239005e+05
7.666231012160121463e+05
7.659734060229760362e+05
7.639756165594978957e+05
7.635292587028633570e+05
7.630779477391488617e+05
7.610478065930600278e+05
7.604301060492059914e+05
7.595221969671266852e+05
7.576392384018354351e+05
7.559384699572485406e+05
7.547415435021615122e+05
7.533668927688057302e+05
7.528547077470148215e+05
7.522126255081288982e+05
7.489979770077615976e+05
7.478456774452344980e+05
7.461410536632661242e+05
7.451838854697231436e+05
7.448460529314047890e+05
7.441410050302848686e+05
7.433404974585437449e+05
7.429457867732485756e+05
7.413305201070569456e+05
7.404378204199024476e+05
7.396500797166253906e+05
7.387859663896424463e+05
7.359940521275944775e+05
7.344435703558700625e+05
7.340932048918146174e+05
7.309404377800538205e+05
7.296752665703212842e+05
7.286625398244180251e+05
7.278230978826647624e+05
7.270722488977626199e+05
7.241792666801642627e+05
7.235286340525231790e+05
7.208362614167098654e+05
7.198066488015280338e+05
7.194133667158954777e+05
7.186963704433826497e+05
7.175463553676590091e+05
7.172062803793451749e+05
7.159916538959003519e+05
7.139788540647814516e+05
7.126549753584215650e+05
7.122020098332702182e+05
7.115959981440007687e+05
7.105795428721886128e+05
7.089636390219229506e+05
7.080160555725886952e+05
7.078331278446068754e+05
7.068798289556102827e+05
7.055271179270024877e+05
7.049554807756958762e+05
7.033216880203110632e+05
7.023982507612496847e+05
7.002368878069514176e+05
6.984596533767335350e+05
6.982539890514860163e+05
6.981467400033078156e+05
6.976470487498191651e+05
6.966017822553691221e+05
6.960296351144385990e+05
6.947132934867138974e+05
6.933636725505138747e+05
6.922385955473902868e+05
6.918612668944926700e+05
6.911715713242517086e+05
6.898630559659469873e+05
6.887067808740002802e+05
6.882927482204978587e+05
6.877252773669395829e+05
6.859489780570602743e+05
6.844996768313272623e+05
6.827980245766672306e+05
6.806957827490746276e+05
6.784812789925803663e+05
6.780526506603771122e+05
6.769637632832353702e+05
6.761030473041741643e+05
6.733356926584540633e+05
6.723723357610298553e+05
6.709394957818479743e+05
6.703316289966994664e+05
6.680385753451476339e+05
6.677173918088072678e+05
6.660732643372415332e+05
6.657178219648697414e+05
6.652228101389328949e+05
6.640504430226241238e+05
6.632365333485155134e+05
6.620634455338792177e+05
6.607634282333251322e+05
6.586256764020906994e+05
6.578729859034485416e+05
6.576199605477441801e+05
6.555199619417038048e+05
6.545095222202407895e+05
6.511462170511314180e+05
6.503826659246928757e+05
6.499764046598721761e+05
6.492267994927841937e+05
6.477471379411302041e+05
6.470974032337398967e+05
6.466273119209462311e+05
6.448940120094621088e+05
6.437816105254200520e+05
6.433222245791632449e+05
6.426907576485894388e+05
6.415152481141027529e+05
6.404625865895454772e+05
6.401141485700155608e+05
6.388059888750653481e+05
6.376530142835924635e+05
6.361460976088958560e+05
6.334717086812745547e+05
6.324198650881026406e+05
6.316223387529186439e+05
6.305694940576754743e+05
6.303316048144076485e+05
6.283988095659665996e+05
6.281447729412583867e+05
6.259363733918456128e+05
6.258799042397825979e+05
6.232457689794177422e+05
6.225686994929481298e+05
6.205750112053264165e+05
6.196874062833121279e+05
6.190219969089055667e+05
6.180042702321562683e+05
6.163623176283547655e+05
6.143757822405447951e+05
6.139871145607017679e+05
6.130791546519490657e+05
6.118577478909983765e+05
6.113577416163042653e+05
6.100089200523954351e+05
6.091429784985078732e+05
6.074728478446612135e+05
6.061492885580458678e+05
6.057249712027179776e+05
6.043979464779640548e+05
6.023193245633330662e+05
6.011612354346342618e+05
6.003498401052813279e+05
5.974673549059416400e+05
5.962156317094669212e+05
5.949769577911805827e+05
5.933726615816318663e+05
5.929188264711474767e+05
5.911821303043588996e+05
5.901740620100087253e+05
5.897261181236505508e+05
5.875110282144353259e+05
5.866158365699776914e+05
5.862699184496420203e+05
5.850955359173587058e+05
5.835918930376787903e+05
5.826566530655003153e+05
5.809819962733766297e+05
5.794771696273578564e+05
5.793215165015085367e+05
5.776986555551727070e+05
5.769642786971511086e+05
5.749707056137777399e+05
5.746040240742753958e+05
5.741467455302245216e+05
5.734938670810026815e+05
5.726712442433791002e+05
5.723674488828507019e+05
5.703809663557447493e+05
5.702658640041919425e+05
5.687101642828425393e+05
5.678124997924489435e+05
5.664451708838903578e+05
5.661037968142401660e+05
5.644743523113427218e+05
5.644172838780877646e+05
5.623968445292188553e+05
5.613630102221575798e+05
5.594591287142689107e+05
5.590836341696373420e+05
5.578009403137649642e+05
5.570721721344428370e+05
5.565816489553672727e+05
5.556801371892071329e+05
5.545613354944445891e+05
5.537804647566496860e+05
5.530485538142558653e+05
5.518574278437428875e+05
5.513084409754055087e+05
5.485237345375684090e+05
5.479976704128655838e+05
5.475716144274689723e+05
5.467536729828073876e+05
5.450723561553583713e+05
5.444811352080174256e+05
5.424619378412803635e+05
5.420287665586693911e+05
5.409639690094733378e+05
5.389806969862865517e+05
5.384889223778452724e+05
5.366433026300724596e+05
5.354877724653590703e+05
5.347667658658745931e+05
5.333000159293415491e+05
5.326007221867516637e+05
5.312271447861756897e+05
5.300909605581054930e+05
5.287878484127635602e+05
5.279630433685724856e+05
5.274504306670833612e+05
5.268804468901797663e+05
5.258687423816621304e+05
5.248128528747789096e+05
5.233719936607737909e+05
5.224413219968322664e+05
5.212872644890153315e+05
5.200480781950667733e+05
5.195606252236890723e+05
5.183262090461254120e+05
5.161874038658674690e+05
5.149612672915073344e+05
5.148713661746396101e+05
5.139824492545251269e+05
5.119179827666130732e+05
5.105409930095992750e+05
5.098541200251191040e+05
5.086188982539813151e+05
5.079525705082303029e+05
5.067177299506114796e+05
5.055987538049503928e+05
5.052880968189319246e+05
5.024064846178513835e+05
5.022955892347486806e+05
5.015245933745938819e+05
5.007252429735483602e+05
5.001359245518291718e+05
4.993305281871687621e+05
4.980065952382446849e+05
4.975353951833163155e+05
4.964021660296765622e+05
4.943815608294904814e+05
4.935002808016813360e+05
4.910966669601530884e+05
4.904137536710641580e+05
4.895369486823307816e+05
4.885731814876135322e+05
4.874429516980724293e+05
4.872507216850206023e+05
4.859096773056944367e+05
4.845097969656485948e+05
4.843375706080517848e+05
4.830496525900777779e+05
4.819270690627363510e+05
4.800671351459891885e+05
4.796625009368247120e+05
4.787661046117758378e+05
4.777796347835417255e+05
4.767944824579728884e+05
4.759950245696005877e+05
4.745000052530192770e+05
4.734944830608218326e+05
4.719826533096209751e+05
4.715740583177838707e+05
4.701058271726412349e+05
4.687591101519069634e+05
4.664509534701356897e+05
4.645858458969983039e+05
4.644071756245854194e+05
4.620478512454035808e+05
4.609672630172994686e+05
4.608324499452182790e+05
4.602060215201516403e+05
4.589328882298824028e+05
4.577641464184893412e+05
4.561739251032049651e+05
4.549972929845280014e+05
4.541144075045927311e+05
4.526536593755680951e+05
4.522345896163451835e+05
4.506787675957647734e+05
4.497164533050311729e+05
4.492231696608054917e+05
4.478591025332465069e+05
4.458056145914997905e+05
4.440984565147808171e+05
4.429125888315124321e+05
4.418407091268088552e+05
4.400376375230980921e+05
4.394475703886961564e+05
4.381815022403037874e+05
4.370640411153050372e+05
4.366986139069026685e+05
4.359444614776879316e+05
4.336465722854129272e+05
4.327046753386576311e+05
4.315083197277990403e+05
4.310225385990355862e+05
4.300801046428942354e+05
4.290781244209277793e+05
4.283161057669480215e+05
4.279222565367321949e+05
4.262778761003458058e+05
4.247967885201380705e+05
4.236371789583540522e+05
4.223336590790642658e+05
4.220226026503047906e+05
4.215106666480181739e+05
4.200824418118089670e+05
4.191078605708182440e+05
4.186339685621560202e+05
4.179179406703415443e+05
4.169814455481821205e+05
4.148357573890138883e+05
4.131355786995457602e+05
4.120744225042357575e+05
4.113969483001242043e+05
4.103569725354181137e+05
4.100098745569327148e+05
4.088045083370362991e+05
4.076981364439441240e+05
4.068882598526101210e+05
4.056432292441457394e+05
4.052776769512221217e+05
4.019721808961948263e+05
4.017556977652331698e+05
3.990915805116471020e+05
3.974096910255666007e+05
3.969057968298516935e+05
3.954890084906034172e+05
3.949918512363843038e+05
3.934638377909929841e+05
3.925618051373063354e+05
3.913584363198227948e+05
3.911695930133589427e+05
3.875034445531060919e+05
3.869262549999040202e+05
3.859895730656654923e+05
3.853431635805446422e+05
3.833323017949466594e+05
3.818956697201308561e+05
3.809724225454417174e+05
3.804089533261475153e+05
3.798048660555898095e+05
3.782553589245813782e+05
3.762289711689955438e+05
3.755260679726444650e+05
3.745422303548587952e+05
3.742912259536145139e+05
3.730116549285111832e+05
3.712987985884356895e+05
3.707984206493502716e+05
3.702074749144930975e+05
3.675728788775087451e+05
3.674105871081311489e+05
3.663594765262575820e+05
3.616657511592918891e+05
3.611537876184651977e+05
3.592782105586513644e+05
3.588065310535476310e+05
3.581088197522686678e+05
3.555413144780950388e+05
3.547787607467807247e+05
3.536704265282294364e+05
3.529589334593962412e+05
3.522421870304416516e+05
3.506148279763465398e+05
3.489923197575018276e+05
3.480904168282728060e+05
3.476206731340377592e+05
3.462209654182213126e+05
3.442586137569640414e+05
3.436018477074537659e+05
3.406518734444834408e+05
3.390695495008403668e+05
3.380915177656282904e+05
3.374676055366636720e+05
3.362685974408383481e+05
3.350563687240803847e+05
3.326177415563683026e+05
3.314618303719731630e+05
3.303169940729864757e+05
3.297198084194546682e+05
3.276608835387384170e+05
3.270996261659656302e+05
3.259314774687422323e+05
3.236282609417103813e+05
3.223304283222366357e+05
3.218776048427486676e+05
3.208887680598682491e+05
3.194290225669321371e+05
3.183326162021277705e+05
3.179111687229486997e+05
3.176704776374358917e+05
3.164514592986505595e+05
3.156088053846582770e+05
3.146447575704312185e+05
3.134540790682088700e+05
3.123961991345002898e+05
3.108657454184804810e+05
3.097175669440531055e+05
3.079950570684268023e+05
3.065079777520404314e+05
3.054489614869737998e+05
3.050729933769548661e+05
3.045639771865959628e+05
3.027271957714273594e+05
3.023365824566132505e+05
2.987511553518871660e+05
2.984076962989650783e+05
2.978111698797401041e+05
2.968281961764881271e+05
2.937480805428349413e+05
2.933603196451611584e+05
2.924097589647246059e+05
2.905611116342335008e+05
2.898670166325099999e+05
2.891029104791139835e+05
2.881184002092006267e+05
2.854161589698263560e+05
2.835652120036602719e+05
2.833827120267614955e+05
2.817544831845948938e+05
2.813747177471223986e+05
2.801604214240970323e+05
2.789683728065706673e+05
2.777600301580738742e+05
2.770028677186583518e+05
2.760114233544279123e+05
2.746344670918842312e+05
2.733775198921486735e+05
2.717995364750777371e+05
2.709533271629901719e+05
2.706348351393873454e+05
2.688256206262565684e+05
2.680921084619519534e+05
2.672332988782860921e+05
2.653932442211527959e+05
2.642699381332083140e+05
2.635287085153695079e+05
2.627302926837988198e+05
2.599858456177881453e+05
2.583764198169534793e+05
2.566360278918169206e+05
2.561330579824091983e+05
2.536690929555089679e+05
2.528172554187288333e+05
2.526507425897557114e+05
2.518769344787150039e+05
2.501655594977868604e+05
2.492598340879653697e+05
2.485391235408794601e+05
2.466238006187533611e+05
2.453145471439491375e+05
2.450525661717688781e+05
2.442916251467496622e+05
2.421013615204987000e+05
2.407817011495222105e+05
2.397153118867679150e+05
2.380850855890358216e+05
2.355866453830716200e+05
2.350897243386666523e+05
2.346699564182882314e+05
2.343925868684333400e+05
2.335796430496771936e+05
2.321388729953999282e+05
2.302851264749472030e+05
2.294681729283935856e+05
2.287353003349363571e+05
2.263553920344337821e+05
2.256994246567634400e+05
2.245715045477267704e+05
2.238749219768555486e+05
2.223912470463158097e+05
2.221681234530590591e+05
2.217981964640745427e+05
2.215480152845635312e+05
2.203718836148224073e+05
2.194866364420686150e+05
2.191282695123410667e+05
2.176296691261892556e+05
2.167946855965519790e+05
2.149645294008231140e+05
2.141813354674497969e+05
2.110237524372052285e+05
2.096318327441738220e+05
2.086562991118501523e+05
2.080825746897313511e+05
2.063874642101815552e+05
2.043264079788887757e+05
2.032365729092358961e+05
2.028507456167709897e+05
2.024100442209108733e+05
2.000729605269954773e+05
1.984677509801273118e+05
1.978035092226312845e+05
1.970596453964407556e+05
1.952358498189222300e+05
1.928894816584173241e+05
1.916182688456829637e+05
1.899488594113535946e+05
1.891848050465116976e+05
1.883625904803945450e+05
1.874541136863548018e+05
1.873175265710184176e+05
1.857418831419859780e+05
1.851986502611901960e+05
1.846765075904668192e+05
1.840786352232329664e+05
1.823176225011656643e+05
1.813502731818250613e+05
1.804775809532419080e+05
1.793627794143604697e+05
1.783636879271849757e+05
1.773006878099279129e+05
1.766713583764579962e+05
1.762070294574048603e+05
1.744586149969486869e+05
1.741521830877660541e+05
1.730312519359175931e+05
1.712234978217529133e+05
1.698820727647905005e+05
1.684795115129809710e+05
1.672949102113324334e+05
1.667270054364447715e+05
1.646630389774868963e+05
1.634772418258619728e+05
1.627141226803073660e+05
1.621463641654174426e+05
1.608855192787083215e+05
1.583178281247902778e+05
1.573384572512140148e+05
1.570603264549129526e+05
1.557688751101014204e+05
1.543757341131459689e+05
1.530636920271520503e+05
1.510164685044366051e+05
1.500252638494996354e+05
1.490136683178239036e+05
1.477789618741719169e+05
1.462067986479690298e+05
1.455375213879027870e+05
1.447783178834831924e+05
1.437446813231126289e+05
1.416906703965012566e+05
1.411997121720196446e+05
1.410324438139504637e+05
1.388837278306184453e+05
1.384717466761075193e+05
1.374454571662835660e+05
1.370267127594791527e+05
1.348537429693207960e+05
1.347020002653233823e+05
1.344101149072362459e+05
1.328240401340785320e+05
1.306140968651857838e+05
1.291026061899867636e+05
1.278045099183168204e+05
1.278007410696456936e+05
1.266237311148148001e+05
1.255276290198839706e+05
1.243661734720863897e+05
1.225943357200370228e+05
1.216782926078282908e+05
1.186642315461129911e+05
1.178291950246552442e+05
1.172632524323094258e+05
1.152679704222846776e+05
1.134752144961014710e+05
1.127211923917363893e+05
1.124713638944920676e+05
1.103755773138381483e+05
1.089204784262399626e+05
1.081182983713237481e+05
1.055646237515257089e+05
1.045751413650388422e+05
1.024742301439462026e+05
1.005226075894443929e+05
1.003368039117198496e+05
9.916291247073178238e+04
9.766849971464049304e+04
9.470306768678060325e+04
9.256187398323579691e+04
9.084250603960224544e+04
8.830228605693197460e+04
8.779808114634160302e+04
8.699940508622140624e+04
8.535209026947501116e+04
8.448922234464826761e+04
8.324505461032826861e+04
7.872669429432207835e+04
7.847368102127131715e+04
7.821001198588334955e+04
7.689054839833860751e+04
7.528086963483956060e+04
7.263113350894322502e+04
7.063862656013996457e+04
6.983549135845093406e+04
6.895569028310698923e+04
6.845182985081330116e+04
6.774957892264157999e+04
6.713769907987414626e+04
6.698475071599268995e+04
6.486283563214095921e+04
6.307061285951709579e+04
6.265825187768330215e+04
6.230184950734200538e+04
6.132663591253780760e+04
6.075957447428488376e+04
5.909741260283461452e+04
5.747012426817559754e+04
5.587865777102040738e+04
5.529260375166194717e+04
5.325390164775465382e+04
5.303933359879358613e+04
5.169370918573459494e+04
5.108239284597843653e+04
4.877674479564126523e+04
4.749688894786494347e+04
4.467291445169559302e+04
4.202824193082913553e+04
4.155650206024179352e+04
3.878720943297179474e+04
3.569307948886574013e+04
3.375802940383956593e+04
3.294782524865800224e+04
3.132794557304670525e+04
2.959630444975948922e+04
2.713804628659992159e+04
2.607660753656053203e+04
2.577442941432922453e+04
2.364195162649078702e+04
2.242321756096982426e+04
2.195282626277166855e+04
2.125867272027271974e+04
1.923816533254242677e+04
1.918658515224842995e+04
1.889458636898179975e+04
1.726989556576911855e+04
1.690787175858430783e+04
1.647489056764044653e+04
1.637348266468238580e+04
1.504842123652876762e+04
1.344217185611772038e+04
1.325624258336181629e+04
1.239103494572999989e+04
1.170084481570291609e+04
1.110798351958794410e+04
1.067959777830671374e+04
9.531221571748921633e+03
9.337111655561913722e+03
9.205545764083273752e+03
