4.792246897004292905e+07
4.085085882956420630e+07
3.847118365335345268e+07
3.839715030029258877e+07
3.736928501262480021e+07
3.721917173485077173e+07
3.683876744171747565e+07
3.646275888483007252e+07
3.598518127840017527e+07
3.545539898173387349e+07
3.475864478974669427e+07
3.457866179741091281e+07
3.435753429582393914e+07
3.252976194900228456e+07
3.177063003845726326e+07
2.973629783085535094e+07
2.943182882473213971e+07
2.941047990651974455e+07
2.935300892602470890e+07
2.923710050416276976e+07
2.906478682003044710e+07
2.889375220605433360e+07
2.878570093867284432e+07
2.855630435080554709e+07
2.784744122496896610e+07
2.766531863688065857e+07
2.744035941394564137e+07
2.674854960284030437e+07
2.665043530740698799e+07
2.640540439192516729e+07
2.614148397280604765e+07
2.605344364035704359e+07
2.569444267671223357e+07
2.564875421485998109e+07
2.539883862770747021e+07
2.504424542886281386e+07
2.498495981825006753e+07
2.497879445594520494e+07
2.489488754070765898e+07
2.487850704421586916e+07
2.444136576647789031e+07
2.408255074532354996e+07
2.403904408781840652e+07
2.385307884311996028e+07
2.384858342825222388e+07
2.379937763577955589e+07
2.359081290128460899e+07
2.353567835594340041e+07
2.344391645664332807e+07
2.337742265528834239e+07
2.316725027863826603e+07
2.300535343598689884e+07
2.285786676925998181e+07
2.257970585801726952e+07
2.245407685297149047e+07
2.235229901668133959e+07
2.226377380086323246e+07
2.212496220836934075e+07
2.204363617728898302e+07
2.194198990699891001e+07
2.159278147722086310e+07
2.158620686737628654e+07
2.150625366388314962e+07
2.148044621656810865e+07
2.131322314228346199e+07
2.111474880092993751e+07
2.106728282992605120e+07
2.081102554324410483e+07
2.066345031055269018e+07
2.044049402531724423e+07
2.031086751834492758e+07
2.024292764838640019e+07
1.999657117208487913e+07
1.977326228714772686e+07
1.972491101514887810e+07
1.955220014826717973e+07
1.946486489295751974e+07
1.939013141180838272e+07
1.936221395696288347e+07
1.932014781476410478e+07
1.927499160704061389e+07
1.924830267576604337e+07
1.912782104672359303e+07
1.902551958556890488e+07
1.901617699516296759e+07
1.898878582831361145e+07
1.896963336166850477e+07
1.886135114629048482e+07
1.883269248547752202e+07
1.882486329260824993e+07
1.881896198652904481e+07
1.880926407109871879e+07
1.877699348188500851e+07
1.861056623775315285e+07
1.853288335575729609e+07
1.836438728934196383e+07
1.824638424983659759e+07
1.800167139041363820e+07
1.783778645020463690e+07
1.776641520624034852e+07
1.772659909420448169e+07
1.766152256380962208e+07
1.742753528701901436e+07
1.733416646464971080e+07
1.716916788980492949e+07
1.703673238702144474e+07
1.696063670620303974e+07
1.689443592898155749e+07
1.685867711107050627e+07
1.682877176962047815e+07
1.682529967545647919e+07
1.681461415661294758e+07
1.680398892153523862e+07
1.679247790877582878e+07
1.674253942894303799e+07
1.673276587177733332e+07
1.672947220704401471e+07
1.672331361427521333e+07
1.671197033534061909e+07
1.663345028662706725e+07
1.653482178666638397e+07
1.643273356772417203e+07
1.635319473187799752e+07
1.622654157092838734e+07
1.617929761620698310e+07
1.612614420625890791e+07
1.608605213823913410e+07
1.604585903228865564e+07
1.598478992032643408e+07
1.595345555158358067e+07
1.579042426970408298e+07
1.575616452059068345e+07
1.572048781305241957e+07
1.569433485950001702e+07
1.564272352140364051e+07
1.560053076413848065e+07
1.559416949474766292e+07
1.557596558178946190e+07
1.556455458470452577e+07
1.554122637559093349e+07
1.551361102571229637e+07
1.540755494362096675e+07
1.535889154350100085e+07
1.531288321327777952e+07
1.524384061019670032e+07
1.516560699089719914e+07
1.508571428329765983e+07
1.498761385864206590e+07
1.492297939797742106e+07
1.488164921533040330e+07
1.475089641471837461e+07
1.473009168919498101e+07
1.464058460954309627e+07
1.461475957039497793e+07
1.459244558991341107e+07
1.457273770588129014e+07
1.444554990335485153e+07
1.428840896268001571e+07
1.427923513555585034e+07
1.423601301420029253e+07
1.421994178687607311e+07
1.413596709231970832e+07
1.409638352271048166e+07
1.407317378440744244e+07
1.399111782067793235e+07
1.390072601099843159e+07
1.382148038988823071e+07
1.374927624131848477e+07
1.373795111636669934e+07
1.372249359552544355e+07
1.370408726187768020e+07
1.369185301154978387e+07
1.364051361270918325e+07
1.361086747355305031e+07
1.356587726021886617e+07
1.350348193442325853e+07
1.343430289722771570e+07
1.339818914557054266e+07
1.335643616784608923e+07
1.324408750470364466e+07
1.314869375883259252e+07
1.310167330775316991e+07
1.301254164833627269e+07
1.291128652655583434e+07
1.282624559797983803e+07
1.281461147345586680e+07
1.275743630938031897e+07
1.273780125010709465e+07
1.269175982053887658e+07
1.260725638729961962e+07
1.260100711400471628e+07
1.257580079754824005e+07
1.256254629343535565e+07
1.254337175695813447e+07
1.250916502147184871e+07
1.248999165882772021e+07
1.244776584425270930e+07
1.242377822313873097e+07
1.240800925739893690e+07
1.236910266484664753e+07
1.229235829873558320e+07
1.223369698437591642e+07
1.220647214315235801e+07
1.218631049471083470e+07
1.216161903821401857e+07
1.209137471535146609e+07
1.205304127675328031e+07
1.199967768351160549e+07
1.195841243572762981e+07
1.193274664731584676e+07
1.189801539592082426e+07
1.188142400344095007e+07
1.184888514970260859e+07
1.183858634049303830e+07
1.183347432339218445e+07
1.181708823626498878e+07
1.178853977693978325e+07
1.169168393335320055e+07
1.167193269891375676e+07
1.162035359375724569e+07
1.156471345190007612e+07
1.156140959026551060e+07
1.145749561734884977e+07
1.143340225007345155e+07
1.139758141831320897e+07
1.136800440184589848e+07
1.134757023855124041e+07
1.133621333233245090e+07
1.128732934015425667e+07
1.127700429117540456e+07
1.126030845825050958e+07
1.120884579328840226e+07
1.115343143998603523e+07
1.113300985482287779e+07
1.111521854573924281e+07
1.109847197384778224e+07
1.108938415026970394e+07
1.108519128682092391e+07
1.106986691960656270e+07
1.102771080273403227e+07
1.094665767053200677e+07
1.091751825554576144e+07
1.090385503083411604e+07
1.087829838778580166e+07
1.086090296660898626e+07
1.084542761173121072e+07
1.079427536730006523e+07
1.078807788277702592e+07
1.077628232120065205e+07
1.077128837077381648e+07
1.074825712090246007e+07
1.074102320163726434e+07
1.072656028067320213e+07
1.067908231771933474e+07
1.066305937164573744e+07
1.062296356788870506e+07
1.057750210125960596e+07
1.055978195060959831e+07
1.054524037080915831e+07
1.053689358945143223e+07
1.051526973050549254e+07
1.045743978564427979e+07
1.042704325700978562e+07
1.041160792769485526e+07
1.035886277991387621e+07
1.033221767257544026e+07
1.031130437576403841e+07
1.027212094815269299e+07
1.022572174136134051e+07
1.018673845211413875e+07
1.015868300843273476e+07
1.014586183833654411e+07
1.014491833782951161e+07
1.014135487705984712e+07
1.013683000905057974e+07
1.009700204105237499e+07
1.006575923779541254e+07
1.001663559664978832e+07
1.000928177038756758e+07
1.000188447229766846e+07
9.990246729622570798e+06
9.980476467458877712e+06
9.956590117753522471e+06
9.947060350099673495e+06
9.906855944406684488e+06
9.901865565084904432e+06
9.869460887615716085e+06
9.837675914387341589e+06
9.809118682821378112e+06
9.770910616557711735e+06
9.750438469674663618e+06
9.707275680575013161e+06
9.655427017948631197e+06
9.644188057401135564e+06
9.621886678405430168e+06
9.598505388408295810e+06
9.593179965434106067e+06
9.581504419546013698e+06
9.571014972963267937e+06
9.529150963837714866e+06
9.504768481536421925e+06
9.482174316285284236e+06
9.470650845652820542e+06
9.458868839883130044e+06
9.404306627110024914e+06
9.381737499461693689e+06
9.377128603193592280e+06
9.374186971144787967e+06
9.368209461788393557e+06
9.338469550256138667e+06
9.335172495591189712e+06
9.327303072259832174e+06
9.324905955870082602e+06
9.299006436387669295e+06
9.285862024025615305e+06
9.268441719306649640e+06
9.239867004203084856e+06
9.201198414005929604e+06
9.181041286065224558e+06
9.160747448408089578e+06
9.159944763007786125e+06
9.157264192616807297e+06
9.155967222745425999e+06
9.135216854012355208e+06
9.118046821492724121e+06
9.064515467946916819e+06
9.039782723308496177e+06
9.033297523338187486e+06
9.025272893313203007e+06
8.989052915918953717e+06
8.988017154053956270e+06
8.986764515434606001e+06
8.980324534251146019e+06
8.975017610137477517e+06
8.966438728717951104e+06
8.955453745803963393e+06
8.936026507551163435e+06
8.910778778344145045e+06
8.850346747446244583e+06
8.843924675847873092e+06
8.816529512805530801e+06
8.752152345550924540e+06
8.720956179801046848e+06
8.711266850387899205e+06
8.697891489905960858e+06
8.681516815919499844e+06
8.662475429007969797e+06
8.634626048928821459e+06
8.606205350379353389e+06
8.593186556225417182e+06
8.589618585405969992e+06
8.586673840809565037e+06
8.584490819544801489e+06
8.579000724966209382e+06
8.560796606267305091e+06
8.462556072817968205e+06
8.454264128080297261e+06
8.431521055447131395e+06
8.427985917627282441e+06
8.415734749238260090e+06
8.375133961845985614e+06
8.360648427055808716e+06
8.331300548716340214e+06
8.311280079183143564e+06
8.267370528814721853e+06
8.234232365343429148e+06
8.227181072822614573e+06
8.223371115231515840e+06
8.220880916812932119e+06
8.216137261759350076e+06
8.189967274099257775e+06
8.184077830071876757e+06
8.154597204666237347e+06
8.138429567233826034e+06
8.129867711910367943e+06
8.082100225793951191e+06
8.061878827631288208e+06
8.060493729620559141e+06
7.983597333154601045e+06
7.974368788433186710e+06
7.955948336570125073e+06
7.936718024875405245e+06
7.907540578224611469e+06
7.901126336556215771e+06
7.858584968827475794e+06
7.849314534776790999e+06
7.842214439914739691e+06
7.800180982576834038e+06
7.797314801842525601e+06
7.791462966579148546e+06
7.777664477721568197e+06
7.767645776005096734e+06
7.742986783589978702e+06
7.732053485463460907e+06
7.703537662970380858e+06
7.696062803854377009e+06
7.662524608296321705e+06
7.657795683767969720e+06
7.633178809456355870e+06
7.630491158924754709e+06
7.620473448356759734e+06
7.610313914398857392e+06
7.584257373898595572e+06
7.563699704574747942e+06
7.555725270400363952e+06
7.536515794244478457e+06
7.528516064035636373e+06
7.519537272615539841e+06
7.495966350517489016e+06
7.491382031057390384e+06
7.479669616955149919e+06
7.471884164451108314e+06
7.467871827879643068e+06
7.451819391214270145e+06
7.445945511168424040e+06
7.433350006983260624e+06
7.387354019979540259e+06
7.365066236505103298e+06
7.353480754891488701e+06
7.344664162656639703e+06
7.300400711295897141e+06
7.267938473493550904e+06
7.264204264835097827e+06
7.242791139991993085e+06
7.231353136840292253e+06
7.206297772951540537e+06
7.203168016462953761e+06
7.198369223478117958e+06
7.190208956124315970e+06
7.163308377967890352e+06
7.160922065291686915e+06
7.145941606033924036e+06
7.113210928362794220e+06
7.095576079512222670e+06
7.091499244599547237e+06
7.084467727461589500e+06
7.051050802939597517e+06
7.040238890227182768e+06
7.029573138484813273e+06
7.025753847201870754e+06
7.006676723964927718e+06
6.960298384249204770e+06
6.933328950452968478e+06
6.926264061647118069e+06
6.919471901011385024e+06
6.891253027616252191e+06
6.861725736476625316e+06
6.812119822268412448e+06
6.804116225286995992e+06
6.791094322155031376e+06
6.786635992150410078e+06
6.780258988552870229e+06
6.761180771686511114e+06
6.758601074888482690e+06
6.753716603986114264e+06
6.738798415142905898e+06
6.713622047530880198e+06
6.699551288400563411e+06
6.689801312767359428e+06
6.675386665567715652e+06
6.650773355510187335e+06
6.639444736135660671e+06
6.599977757592731155e+06
6.577507423878677189e+06
6.557187967056460679e+06
6.538216971859673969e+06
6.528316695186924189e+06
6.525986543924138881e+06
6.515442533996739425e+06
6.503730642958839424e+06
6.497849161413124762e+06
6.485587883069218136e+06
6.453266480059352703e+06
6.440015556049109437e+06
6.432462350891774520e+06
6.428254202830046415e+06
6.411249739531449042e+06
6.402382158455248922e+06
6.401307840074896812e+06
6.399821195615575649e+06
6.393862677449331619e+06
6.381285144454007037e+06
6.376948156299313530e+06
6.373774624899681658e+06
6.372727514732785523e+06
6.357900958794308826e+06
6.347218943899391219e+06
6.338701429630425759e+06
6.313723576049569994e+06
6.308725251400005072e+06
6.304660579316097312e+06
6.278866645410919562e+06
6.275726188043539412e+06
6.275603597243608907e+06
6.274982835465263575e+06
6.271331518852836452e+06
6.257238406533575617e+06
6.253113032960645854e+06
6.245903949471146800e+06
6.192325950751825236e+06
6.185600795819889754e+06
6.178543399973126128e+06
6.168246507554956712e+06
6.157777840131355450e+06
6.129559438308397308e+06
6.114230095099701546e+06
6.100671269891954027e+06
6.093192769317022525e+06
6.092736938040213659e+06
6.092337812457356602e+06
6.091972122913745232e+06
6.090663488778976724e+06
6.057143770443431102e+06
6.052595398501547053e+06
6.042050425524787977e+06
6.040326731323216110e+06
6.026365260777783580e+06
6.023297269764707424e+06
6.011275803682074882e+06
5.983842154919094406e+06
5.977239337072491646e+06
5.968599200703797862e+06
5.966693540345697664e+06
5.956529874687635340e+06
5.944146209763847291e+06
5.942834271538452245e+06
5.940146644994728267e+06
5.937578056019927375e+06
5.921974159546646290e+06
5.920960557841493748e+06
5.920705578916021623e+06
5.920001581066069193e+06
5.915339751505010761e+06
5.913750577948748134e+06
5.905511662048539147e+06
5.886287213147891685e+06
5.884535269096285105e+06
5.884169539660187438e+06
5.878288267094753683e+06
5.858751170381949283e+06
5.853157498139929026e+06
5.832805782514609396e+06
5.772029373109602369e+06
5.763550683455233462e+06
5.757248323154234327e+06
5.741894701143680140e+06
5.730390569580564275e+06
5.719757130715269595e+06
5.703438209013123065e+06
5.695723178468626924e+06
5.693759572857298888e+06
5.677256047722339630e+06
5.655381372177181765e+06
5.647186340397381224e+06
5.635059566006781533e+06
5.627995568835251965e+06
5.619442408837078139e+06
5.606881531980036758e+06
5.601826170282473788e+06
5.592090334013579413e+06
5.585867076827079058e+06
5.575395982701518573e+06
5.574771529319967143e+06
5.569422114024162292e+06
5.566011564599879086e+06
5.551015904532108456e+06
5.544103258858289570e+06
5.541957502696175128e+06
5.527795570461769588e+06
5.522554539665390737e+06
5.515604531418825500e+06
5.509237807587129064e+06
5.449900876508433372e+06
5.445049165215024725e+06
5.440782817712638527e+06
5.439453178351170383e+06
5.439335612492233515e+06
5.435129173679958098e+06
5.433619397500487044e+06
5.430184956225106493e+06
5.428561813502239995e+06
5.424456592463364825e+06
5.380684762514713220e+06
5.368544945982107893e+06
5.361363678171301261e+06
5.349479536825167947e+06
5.338104023309757002e+06
5.333394142578506842e+06
5.327812743973387405e+06
5.321598955964577384e+06
5.315969978517426178e+06
5.309941267486164346e+06
5.286275703507415019e+06
5.276819294556522742e+06
5.273109477931322530e+06
5.265177794014101848e+06
5.257481980180332437e+06
5.250860171966861933e+06
5.239591117542263120e+06
5.235667036056727171e+06
5.231843529823648743e+06
5.219438395637502894e+06
5.213977759856770746e+06
5.212532470405720174e+06
5.203970203237416223e+06
5.194417136546406895e+06
5.188681588345409371e+06
5.178605849564484321e+06
5.146817276982576586e+06
5.143605381006358191e+06
5.130621644663488492e+06
5.089982089717173949e+06
5.083829564889846370e+06
5.074205678933786228e+06
5.066736712292199954e+06
5.061308108350945637e+06
5.034797437074057758e+06
5.029823308024483733e+06
5.018045081932075322e+06
5.014621510966463014e+06
4.994086501216993667e+06
4.970961316612737253e+06
4.963589962977937423e+06
4.960318319440046325e+06
4.942085418614041992e+06
4.939180356963075697e+06
4.936132578773207963e+06
4.932346591426646337e+06
4.928082245438675396e+06
4.913649593659606762e+06
4.908687036697186530e+06
4.890036512023836374e+06
4.885713807055926882e+06
4.844754666874721646e+06
4.844486376566744410e+06
4.834585510762587190e+06
4.832049378631010652e+06
4.828050905567643233e+06
4.826501408456755802e+06
4.814688760782219470e+06
4.804221082774051465e+06
4.800192561874446459e+06
4.788137239374332130e+06
4.777269946265807375e+06
4.764944986058562994e+06
4.763149914807063527e+06
4.759388079669587314e+06
4.749503091266471893e+06
4.740458992871472612e+06
4.730985702381484210e+06
4.721067408269333653e+06
4.712796428931193426e+06
4.691972475705376826e+06
4.689360768100167625e+06
4.686297801989467815e+06
4.672154372006596997e+06
4.651815962315853685e+06
4.646585133564749733e+06
4.643669583390585147e+06
4.637555342714412138e+06
4.629482006620177999e+06
4.623761616497124545e+06
4.620571414428159595e+06
4.616178640889363363e+06
4.604716766447800212e+06
4.586156815775838681e+06
4.584516367102899589e+06
4.579257184406683780e+06
4.577119109135705978e+06
4.573231454403038137e+06
4.563108912658644840e+06
4.559909153664722107e+06
4.546360956694637425e+06
4.523737737555483356e+06
4.517939286116478033e+06
4.517183123690626584e+06
4.509836744752172381e+06
4.505717774870017543e+06
4.486307445316276513e+06
4.479630323620478623e+06
4.473803598399687558e+06
4.464269534937208518e+06
4.460171993215471506e+06
4.445607424095644616e+06
4.444036803002434783e+06
4.443521370746617205e+06
4.415487370097856037e+06
4.407211633869107813e+06
4.406224275861310773e+06
4.403463638257795945e+06
4.378184787389213219e+06
4.375101316739399917e+06
4.373032873222381808e+06
4.368946000653436407e+06
4.363448554190424271e+06
4.344602519633516669e+06
4.337266539507722482e+06
4.332977548048876226e+06
4.332625020340102725e+06
4.309037339014544152e+06
4.300121106934620067e+06
4.296017096591272391e+06
4.283829352209861390e+06
4.276701005296082236e+06
4.260591690129647031e+06
4.248184515835953876e+06
4.239995612892733887e+06
4.239207541376463138e+06
4.237364244744246826e+06
4.224201587672696449e+06
4.220739918661817908e+06
4.216685175993187353e+06
4.213145744159391150e+06
4.205495072339966893e+06
4.199931409145298414e+06
4.197469024243284948e+06
4.169253516427646857e+06
4.163148462852836121e+06
4.161716652030800935e+06
4.148239339555079583e+06
4.139975549807076808e+06
4.130227650960612111e+06
4.127887763512854464e+06
4.127206841565245297e+06
4.103058304514729418e+06
4.102651836739555933e+06
4.098348591742900200e+06
4.094595659387070220e+06
4.083765724029745907e+06
4.077951792700880673e+06
4.066833663573281839e+06
4.061250471561823506e+06
4.058996587731563020e+06
4.044586046312074177e+06
4.041103616686109919e+06
4.036895786150772125e+06
4.035914320205352269e+06
4.023756008187096100e+06
4.005616555918160826e+06
3.992548522516130935e+06
3.986966430358502083e+06
3.983131278331302106e+06
3.976529228774995077e+06
3.972399098543158732e+06
3.964319530712851789e+06
3.951563083011192270e+06
3.945910399508629926e+06
3.924092810937388334e+06
3.920842324536838103e+06
3.910504754448103253e+06
3.903488354356083088e+06
3.895182260001723655e+06
3.886255610604322515e+06
3.883993185891366564e+06
3.872948572987129912e+06
3.870364105427211151e+06
3.860455843009904493e+06
3.852260149941167329e+06
3.841776452039512806e+06
3.838391109820050653e+06
3.833541273587659467e+06
3.820161982120950706e+06
3.812334257468129043e+06
3.791152692174296826e+06
3.787314498525291681e+06
3.776715045072602574e+06
3.776459625587608665e+06
3.772850752404775936e+06
3.763681284965072758e+06
3.748418132179824635e+06
3.744478304122883826e+06
3.729050747742971405e+06
3.723905191655506380e+06
3.717348612699059770e+06
3.712308227320290636e+06
3.700993995606690180e+06
3.699708434293912724e+06
3.694793292872499675e+06
3.693054438363316469e+06
3.685986334206269588e+06
3.685891192302055657e+06
3.659375774459111039e+06
3.655955223830466624e+06
3.647007034482477233e+06
3.642525930814328138e+06
3.637876598957406357e+06
3.632943573484284338e+06
3.630934552123167552e+06
3.625706460631443653e+06
3.622061342323328368e+06
3.613075633771724068e+06
3.600788598151990213e+06
3.572743349700717255e+06
3.561790354095912073e+06
3.560216500972096808e+06
3.549892772387319710e+06
3.545612122967451345e+06
3.530968040921668988e+06
3.518656678439877462e+06
3.515602914805160370e+06
3.499584290807042737e+06
3.495402724435672164e+06
3.482355869755507447e+06
3.476241611292904243e+06
3.469844956898324657e+06
3.464778650330403354e+06
3.461818117547175381e+06
3.453439080846847501e+06
3.444172487813702784e+06
3.441370001171368174e+06
3.431193159125580918e+06
3.428249556232613511e+06
3.426065357826137450e+06
3.412083229069897905e+06
3.395851240476619452e+06
3.393598630239598453e+06
3.385389625602906104e+06
3.381410412584944628e+06
3.363089293965996709e+06
3.360479148174898233e+06
3.353218937971608713e+06
3.336781516373957042e+06
3.321433622697769664e+06
3.314781773881309666e+06
3.307092281838449650e+06
3.304064405148980208e+06
3.302307944521488622e+06
3.297016411904798355e+06
3.289617338158119470e+06
3.283106027314621024e+06
3.262923330862626899e+06
3.260286474597409368e+06
3.254892561019298621e+06
3.251189688175571617e+06
3.245552752419083845e+06
3.245202566716643516e+06
3.233477945480755996e+06
3.231549020304474048e+06
3.230186091826650314e+06
3.211136459563389886e+06
3.207505800641679671e+06
3.204915487451215275e+06
3.202356775368039031e+06
3.191009116159479134e+06
3.188827598623019177e+06
3.184304270301636774e+06
3.170786512781654950e+06
3.164170802423994988e+06
3.155311116726235487e+06
3.148222531646347139e+06
3.146193275642422959e+06
3.136563445323793218e+06
3.133963262876778841e+06
3.128617696671959944e+06
3.121236057829996105e+06
3.112198663293914404e+06
3.087185693070326466e+06
3.078435999004710466e+06
3.076519014518172015e+06
3.070903363750479184e+06
3.069845469441500027e+06
3.065979158126225229e+06
3.064721826555467676e+06
3.048959893711129669e+06
3.045218482373885810e+06
3.025665341823637486e+06
3.022931854477620684e+06
3.000049637346934061e+06
2.993369014795110095e+06
2.988795578087146394e+06
2.980902760675149504e+06
2.973790979270654730e+06
2.969454999563870486e+06
2.961578419094118290e+06
2.958124810675767716e+06
2.945294768250946421e+06
2.943422758328544907e+06
2.928752077611726709e+06
2.914317600134177133e+06
2.912348166817910969e+06
2.906630921462262981e+06
2.903382831883507781e+06
2.895685305368719157e+06
2.887285885510986671e+06
2.882816477131783962e+06
2.873653115727317985e+06
2.866071578600834124e+06
2.865992750011181924e+06
2.851934830625223462e+06
2.849969454059442971e+06
2.830979630029319320e+06
2.824859678098668344e+06
2.817928981634212192e+06
2.814567741157440469e+06
2.803801792594324797e+06
2.796948461625169963e+06
2.791028355123219080e+06
2.787148973224611022e+06
2.779459374039020855e+06
2.773089375778927002e+06
2.760903789514801465e+06
2.758599497307153884e+06
2.755777780951534864e+06
2.749187793871636968e+06
2.735325696016530972e+06
2.723340105232307222e+06
2.702829770333340392e+06
2.701730516954652034e+06
2.697521283778975718e+06
2.692857362288776785e+06
2.691395524433352053e+06
2.685226143392693251e+06
2.667910840958761983e+06
2.660755780504775234e+06
2.659611796766285319e+06
2.650107521516630892e+06
2.640555857441284228e+06
2.638234800748950802e+06
2.634005195580476895e+06
2.624992606427950319e+06
2.621884192277388647e+06
2.616657282194831874e+06
2.596589267748855520e+06
2.590057317986048292e+06
2.581459160857539158e+06
2.575024137227438390e+06
2.572800211919287685e+06
2.567734518614156637e+06
2.553235849486595020e+06
2.537679597426224034e+06
2.534807694276192226e+06
2.527998744164247066e+06
2.518718675787637942e+06
2.509019685294386931e+06
2.505089416743189562e+06
2.498056896706008818e+06
2.486661741708731744e+06
2.482986602837822866e+06
2.476977189819697291e+06
2.464762805357652251e+06
2.463574190681969747e+06
2.461017994373631198e+06
2.459973854493323714e+06
2.435402207098483108e+06
2.429876230115793645e+06
2.427522486199553125e+06
2.424517378300820943e+06
2.423415129756133538e+06
2.417517872075158171e+06
2.417201894703214988e+06
2.394284396295988932e+06
2.389150522674394771e+06
2.383095306264666375e+06
2.378066819995561615e+06
2.371444244821490720e+06
2.368709983990970068e+06
2.362600486274972558e+06
2.351186527561403811e+06
2.350333286619651597e+06
2.344192881072503980e+06
2.328702429574791808e+06
2.327667086992735974e+06
2.302303427866680082e+06
2.290590435965830926e+06
2.289862844745838549e+06
2.282276661829318386e+06
2.271233429022556171e+06
2.270432264614605345e+06
2.267889710473387502e+06
2.260568041319497395e+06
2.254790315962537192e+06
2.251173391044686548e+06
2.229632865866155364e+06
2.228881016268267296e+06
2.216086286710483953e+06
2.207397764500753488e+06
2.200465633337301668e+06
2.195804299140715506e+06
2.193028048288790509e+06
2.186065651924929116e+06
2.165271298843729310e+06
2.159470159949682187e+06
2.156330218363812659e+06
2.148076113777427003e+06
2.135869050785013940e+06
2.132021481171883643e+06
2.125710135329708457e+06
2.123021672661373857e+06
2.119825757539471146e+06
2.116377014210144058e+06
2.104645287013384979e+06
2.102344327903111465e+06
2.092410561635890044e+06
2.085700959238455864e+06
2.077946862489682855e+06
2.068384214433317538e+06
2.067025587709020358e+06
2.057537618655989645e+06
2.054098684527194127e+06
2.041713472688654670e+06
2.033387126973613398e+06
2.028264558039647527e+06
2.022761894053658703e+06
2.014426276578519959e+06
2.008908168287151260e+06
1.990676314107920509e+06
1.986256098949268227e+06
1.981475049255428603e+06
1.978595057416996220e+06
1.976191698465666734e+06
1.969183460657461314e+06
1.958683521499339491e+06
1.957363091352754040e+06
1.949500845561501337e+06
1.937594821160051972e+06
1.937475736581769073e+06
1.931932045532405144e+06
1.917201438599923858e+06
1.912670334382808534e+06
1.897440290309801465e+06
1.895151528898170916e+06
1.887659693212513812e+06
1.874151869125239318e+06
1.868270972824221710e+06
1.859548078126464505e+06
1.856714794267792953e+06
1.850992608651536983e+06
1.848143074419778306e+06
1.846431266563740093e+06
1.836012307322100969e+06
1.829181619002574356e+06
1.823330336583409691e+06
1.819592525577030843e+06
1.816733946052805521e+06
1.807150887961304514e+06
1.799915786178218201e+06
1.796446539101123111e+06
1.785736633288278244e+06
1.781826769155499991e+06
1.772899108343015192e+06
1.766628344679038273e+06
1.762478945279936306e+06
1.760380655180643080e+06
1.754490312851164257e+06
1.735996100076976931e+06
1.732394702758183703e+06
1.723303216610186966e+06
1.710811907408347121e+06
1.705446508664914407e+06
1.703113280119622126e+06
1.700269180257508764e+06
1.690669773148269160e+06
1.682143885838491376e+06
1.671967007900917437e+06
1.670819085267262068e+06
1.666688309287121519e+06
1.661589079774571350e+06
1.648575036986958003e+06
1.647882653655869421e+06
1.647228196960403584e+06
1.643547035077111330e+06
1.635246268064996228e+06
1.633593489857242443e+06
1.624658857337458292e+06
1.611202903642367106e+06
1.606754825534252217e+06
1.599065428078400204e+06
1.597466578698083293e+06
1.593574948091580300e+06
1.590076389496847522e+06
1.578392379841691349e+06
1.574727079600920202e+06
1.569383838454200653e+06
1.568687413641362684e+06
1.561309427260156721e+06
1.557924063762589125e+06
1.549860286249156110e+06
1.547777897241915576e+06
1.532464699279015418e+06
1.526704099529072177e+06
1.516591290329212090e+06
1.509670018554545008e+06
1.503293549913139315e+06
1.496587870030653430e+06
1.495136703095889185e+06
1.485323910125811817e+06
1.484374524948424893e+06
1.477152964667079272e+06
1.470992986372169340e+06
1.467099246660831152e+06
1.462251063107525464e+06
1.459386453912682831e+06
1.458104257190755568e+06
1.451032247911397368e+06
1.441054051144668134e+06
1.433941739084972767e+06
1.431071230836696690e+06
1.423903532434352674e+06
1.419684335128663341e+06
1.416778033150569303e+06
1.411765096310849534e+06
1.403044687643979210e+06
1.394032842478619656e+06
1.392874343313961057e+06
1.387792018619860988e+06
1.377278559245212469e+06
1.370365501874394948e+06
1.361395572191400221e+06
1.356815750414569397e+06
1.349327895224412670e+06
1.347745253261885140e+06
1.343095141223791288e+06
1.338187732568916166e+06
1.332483564257921884e+06
1.330902640860758023e+06
1.325955619876525830e+06
1.321257191480773268e+06
1.307518218618581304e+06
1.305210390156432986e+06
1.300694371857514372e+06
1.293858094678848516e+06
1.289117708448832156e+06
1.286694104019486345e+06
1.283685198085333919e+06
1.280538087337241974e+06
1.275284228924782947e+06
1.272920631498170318e+06
1.271807456277735997e+06
1.262514933604161721e+06
1.262070507936621550e+06
1.255593705946297850e+06
1.247175048754535383e+06
1.242454135732358322e+06
1.233399484443848254e+06
1.226814607945479220e+06
1.225251615974776680e+06
1.219763888509210199e+06
1.219230315328912809e+06
1.212501920132744359e+06
1.207784846061127260e+06
1.203865686231627129e+06
1.201820677389720920e+06
1.199523250005832873e+06
1.197236974631160265e+06
1.190577285589425126e+06
1.187037230220678030e+06
1.183225609612665605e+06
1.180663450513044838e+06
1.178316293538326863e+06
1.174806551239186665e+06
1.170277666284922510e+06
1.164495788325588219e+06
1.163243777534689987e+06
1.159639637233734364e+06
1.151558819884197554e+06
1.147845711750341346e+06
1.142969883084703935e+06
1.140179181540958351e+06
1.139700857599234441e+06
1.131875731515866704e+06
1.125563685164744267e+06
1.121729721806122456e+06
1.119205691420299467e+06
1.110712002946496475e+06
1.109726623664662242e+06
1.104242597702488303e+06
1.100985818284143694e+06
1.098819746960997116e+06
1.088481189325012267e+06
1.087293958686946891e+06
1.078879539302861551e+06
1.077898499536128249e+06
1.076423726503899321e+06
1.070869769317490282e+06
1.066390082326189149e+06
1.060220196465450339e+06
1.054742460885500303e+06
1.051375938601992326e+06
1.042172951898401137e+06
1.037981927314891131e+06
1.035644753315784154e+06
1.031756303822253598e+06
1.028876647425853880e+06
1.026805463442579610e+06
1.020292298605123884e+06
1.018054698824497638e+06
1.009393349291505758e+06
1.004458344257982331e+06
1.000176276790104574e+06
9.928163362445995444e+05
9.913081908985569607e+05
9.867005036549039651e+05
9.810916507127005607e+05
9.792251279823125806e+05
9.781358940420437139e+05
9.745180041667398764e+05
9.698572889759443933e+05
9.688990347006563097e+05
9.626403467739418847e+05
9.538122092958558351e+05
9.485115504216506379e+05
9.448510123054446885e+05
9.399825079028606415e+05
9.370936599974846467e+05
9.354421555569608463e+05
9.332610253669697559e+05
9.283368466633239295e+05
9.229939983537297230e+05
9.216195365009272937e+05
9.185982845528785838e+05
9.099547787678695749e+05
9.056040866290822159e+05
9.012645524049561936e+05
8.987313321570152184e+05
8.931625749646528857e+05
8.893574490153496154e+05
8.852529609811775154e+05
8.827643094285358675e+05
8.792064305729429470e+05
8.752317512774231145e+05
8.683183985264151124e+05
8.661455928248021519e+05
8.612231217891508713e+05
8.583369523902044166e+05
8.568973098384458572e+05
8.549578690749589587e+05
8.452787718287983444e+05
8.431767366482431535e+05
8.354939433706300333e+05
8.348171526198706124e+05
8.270933477015480166e+05
8.239934677109738113e+05
8.210262933622256387e+05
8.208958651914000511e+05
8.154211316923734266e+05
8.136828224086612463e+05
8.054789935908081243e+05
8.008958892144291895e+05
7.942202142290715128e+05
7.938009060732878279e+05
7.907720649712788872e+05
7.881813239848761586e+05
7.837261795602148632e+05
7.801445979126341408e+05
7.747551117340191267e+05
7.691916226428347873e+05
7.666313503251507645e+05
7.635160312289299909e+05
7.606019059157783631e+05
7.569199346975515364e+05
7.473137931155142142e+05
7.389723638735538116e+05
7.355463061604852555e+05
7.296198976523471065e+05
7.276244233818743378e+05
7.228451572806529002e+05
7.174625551621643826e+05
7.155216325642464217e+05
7.137245601592110470e+05
7.042048582236758666e+05
7.027443385100159794e+05
6.995882543158972403e+05
6.911551904829844134e+05
6.891412225925551029e+05
6.872762629747483879e+05
6.774306551594586344e+05
6.662638019629223272e+05
6.646903170926083112e+05
6.604764159712392138e+05
6.559117755017228192e+05
6.528528977099164622e+05
6.491730144785810262e+05
6.401128239439106546e+05
6.386511519386654254e+05
6.331939995033798041e+05
6.305141841368643800e+05
6.276861895535396179e+05
6.263635648574212100e+05
6.204373770520230755e+05
6.150243299918390112e+05
6.126384799892341252e+05
6.011315819607591256e+05
5.989972945123111131e+05
5.946664079752950929e+05
5.930454578050355194e+05
5.894131868565175682e+05
5.860530161517976085e+05
5.826562135882754810e+05
5.779869302919860929e+05
5.727682375413783593e+05
5.680899867352207657e+05
5.665011730478804093e+05
5.600935912310566055e+05
5.525721383582501439e+05
5.472189635255548637e+05
5.411152178277553758e+05
5.361162569711206015e+05
5.321569090477112914e+05
5.261895435825133463e+05
5.242453167500256677e+05
5.208139011824382469e+05
5.190817501764579210e+05
5.108134351969441050e+05
5.057084134115466150e+05
4.955383063768961001e+05
4.918424634996767854e+05
4.863184649863944505e+05
4.755649638323886902e+05
4.732332609475494246e+05
4.718530089991742279e+05
4.702575892184325494e+05
4.688456295842384570e+05
4.632306644381998340e+05
4.596744918402723852e+05
4.572986025942263659e+05
4.519668762373915524e+05
4.439411958033588016e+05
4.362001372955859406e+05
4.332147200094378786e+05
4.300457231419680757e+05
4.265389469069859479e+05
4.244589190663952031e+05
4.220740040272893384e+05
4.190057338011794491e+05
4.118895295988469152e+05
4.115507997364099137e+05
4.036782953420467675e+05
3.961560689479131834e+05
3.914739886710587307e+05
3.821603997635091073e+05
3.755865862979617668e+05
3.729305229892880307e+05
3.717714984753737808e+05
3.702241662296917639e+05
3.686518675875465851e+05
3.667976891421369510e+05
3.570028521771911182e+05
3.440976742567986366e+05
3.354827199755385518e+05
3.317865463556771283e+05
3.311692440924670664e+05
3.282824171427187393e+05
3.253885345396290068e+05
3.177388856500276597e+05
3.166740073596216971e+05
3.147367165545636090e+05
3.099873445226652548e+05
3.062533822046844289e+05
2.973797113251024275e+05
2.964418526884696912e+05
2.914493981922197272e+05
2.833732494702127296e+05
2.823725796085933689e+05
2.816459518243466155e+05
2.802195768582521123e+05
2.774151126013479661e+05
2.701345321096170810e+05
2.656441319577153772e+05
2.619797809124570631e+05
2.539962808555153024e+05
2.505080481478783768e+05
2.458591269444851787e+05
2.375767893298102135e+05
2.254481760720273887e+05
2.220211361964363605e+05
2.166614759852523566e+05
2.103089444085985597e+05
2.044275256228787184e+05
1.997406314161520277e+05
1.981706548440605693e+05
1.954115622342026036e+05
1.869305680901452142e+05
1.838142010641461529e+05
1.780250740274636482e+05
1.760553188396030455e+05
1.730964449234217464e+05
1.579211187996433000e+05
1.567660808469737822e+05
1.550654809262802592e+05
1.519440361648819235e+05
1.489555752312303230e+05
1.482509593800746370e+05
1.426253214896430436e+05
1.393356202173720230e+05
1.387667100673223904e+05
1.332657161150096508e+05
1.306437328406902816e+05
1.269756063153987052e+05
1.263274328918454703e+05
1.186360105501993385e+05
1.173528338391170691e+05
1.113500457485992956e+05
9.711764047828940966e+04
9.579729021166701568e+04
8.443840635309326171e+04
7.563720871050165442e+04
6.871466374843609810e+04
6.787635180479242990e+04
6.661565529004881682e+04
6.018755630206147907e+04
5.347574682983939420e+04
4.993822513101657387e+04
4.962014482067021891e+04
4.474377225319195713e+04
4.043864743669494055e+04
3.957331843295659201e+04
3.758730097984715394e+04
3.460073451969071175e+04
3.165990820454302957e+04
3.068008437343405240e+04
2.881113729812944075e+04
2.696358476431999952e+04
2.446937125060375547e+04
2.252863089865493021e+04
2.245204344797111116e+04
2.213799933133376908e+04
