1.657665714542494155e+06
1.450113784388386877e+06
1.397721232100161258e+06
1.295656240347302053e+06
1.271544945518564666e+06
1.144795281891596504e+06
1.139276095135027543e+06
1.122895328468456399e+06
1.110559491985286819e+06
1.103245960414489033e+06
1.088350113178942353e+06
1.081608544668745017e+06
1.062705384131361032e+06
1.039085776968499413e+06
9.878266958244959824e+05
9.830208623160497518e+05
9.718800284623143962e+05
9.624261996145404410e+05
9.374826547072952380e+05
9.266808972447543638e+05
8.628274833230710356e+05
8.599006156020181952e+05
8.494062471399906790e+05
8.340231168681319105e+05
8.186317695150530199e+05
7.842444411891228519e+05
7.781212967503248947e+05
7.533134619334003655e+05
7.512077566793025471e+05
7.306096934454574948e+05
7.179526641383672832e+05
7.053126038997294381e+05
7.045904011864952045e+05
6.946222847499472555e+05
6.816753201083726017e+05
6.763344231102484046e+05
6.734261020120569738e+05
6.678544893930813996e+05
6.502788165402571904e+05
6.423415683409780031e+05
6.339230120759869460e+05
6.306975192744642263e+05
6.204209457122066524e+05
6.157900775938044535e+05
6.140639124898076989e+05
6.133330950740590924e+05
5.910288236183541594e+05
5.834540647513070144e+05
5.817935249706498580e+05
5.725646466641275911e+05
5.705314888108902378e+05
5.637149451010961784e+05
5.624768777363942936e+05
5.513215420596251497e+05
5.500668528687746730e+05
5.351414895528622437e+05
5.306371309026284143e+05
5.294250331574581796e+05
5.273403219188704388e+05
5.190631969645730569e+05
5.178446212919485406e+05
5.145284452320888522e+05
5.126179165540313115e+05
5.076628917081977706e+05
5.032558472494588350e+05
4.995080988026843406e+05
4.971692626873960835e+05
4.942774356083561433e+05
4.833925594572904520e+05
4.831836381147155771e+05
4.783813103394279606e+05
4.742979238271228387e+05
4.716816980734161334e+05
4.692656058070574654e+05
4.622001457273382694e+05
4.612991028786294628e+05
4.572199289971672697e+05
4.488604436515995767e+05
4.488373747361378046e+05
4.485155325402775779e+05
4.452582155524905538e+05
4.377844251193135860e+05
4.354895011205484043e+05
4.342898096318009775e+05
4.296894197284385446e+05
4.251592356815256644e+05
4.244436283811497851e+05
4.241134595188124222e+05
4.234287210606000153e+05
4.225413006498196628e+05
4.172879548403265071e+05
4.166547897128375480e+05
4.144571486958829919e+05
4.113943036905865301e+05
4.097299281364728231e+05
4.096072250536278589e+05
4.064410648351497948e+05
4.054375402333310340e+05
4.029619007544070482e+05
4.020213662857671152e+05
3.985387202794749755e+05
3.964038720789004583e+05
3.956999852257448947e+05
3.948681155782887945e+05
3.905808379207058460e+05
3.886469615159758832e+05
3.864299716866682284e+05
3.860665001968652359e+05
3.838333127188412473e+05
3.825389354390040971e+05
3.797571746345233987e+05
3.794980299670706736e+05
3.786679458886288921e+05
3.756907737118115765e+05
3.699560751765189343e+05
3.692022062029166846e+05
3.660823300040028989e+05
3.619848819110025070e+05
3.592550050584580167e+05
3.576759908869451028e+05
3.569570145750161028e+05
3.558617353521189652e+05
3.534827640784332179e+05
3.518108642022050335e+05
3.512836303787254146e+05
3.494252675415006233e+05
3.475983933615812566e+05
3.465117433300020057e+05
3.422311662263771868e+05
3.421660688862080569e+05
3.387042901668527047e+05
3.373881803234695690e+05
3.360110271175625385e+05
3.348410354483905830e+05
3.312603093950165785e+05
3.300556909437568393e+05
3.298374744035586482e+05
3.279250029265229823e+05
3.278131964733986533e+05
3.265780581452921615e+05
3.259180587663125480e+05
3.251782431871492299e+05
3.245725464202800649e+05
3.230441156535684713e+05
3.213625229986270424e+05
3.202698532069580979e+05
3.199567853813292459e+05
3.190752226304289070e+05
3.179931435635397793e+05
3.175313068721831078e+05
3.167703524177838117e+05
3.153397070526403259e+05
3.132458174558325554e+05
3.128094411452793865e+05
3.118456726489694556e+05
3.114352759961060947e+05
3.095428261528681032e+05
3.086314550733006909e+05
3.069494975216454477e+05
3.057709186534932232e+05
3.051752581007510307e+05
3.049010960274162935e+05
3.025687591579391737e+05
3.021602395395689528e+05
3.003623544020443223e+05
2.993657459274158464e+05
2.981069784139237599e+05
2.975101378309046268e+05
2.972479841555631720e+05
2.962590157157769427e+05
2.946081545980245573e+05
2.945787964677519049e+05
2.939915177616737201e+05
2.922983329297245946e+05
2.919154646561273839e+05
2.905420215529435081e+05
2.899628498474538210e+05
2.890477432499483111e+05
2.882185968252220191e+05
2.879357704437703360e+05
2.863859971457947977e+05
2.861323275128372479e+05
2.856900348793579033e+05
2.845824963459002320e+05
2.844678414010960842e+05
2.836241426644806052e+05
2.821017293099745875e+05
2.816665156191357528e+05
2.797518398474734277e+05
2.793205230779932463e+05
2.783703010691971867e+05
2.780993784373057424e+05
2.775051998314193916e+05
2.761810339770579012e+05
2.758303204400001559e+05
2.742080855180991348e+05
2.737029451886369498e+05
2.733088258444127860e+05
2.727764244229949545e+05
2.709445035072729224e+05
2.706549155391253298e+05
2.691143361283526174e+05
2.681004097872907296e+05
2.676904765763225150e+05
2.669602906220169389e+05
2.655452744665886858e+05
2.653874305316294194e+05
2.649147240845685592e+05
2.645656760975285433e+05
2.644365262647200143e+05
2.637279795609744033e+05
2.632262115492289886e+05
2.630500866650254466e+05
2.624726809489741572e+05
2.617170279823847231e+05
2.611534955584243289e+05
2.606627486604320584e+05
2.594038919149009453e+05
2.581005001636403322e+05
2.577993495326401317e+05
2.576443356967219443e+05
2.569550543896309391e+05
2.555923242422258481e+05
2.549903267006634560e+05
2.546379476762227423e+05
2.533723367444663018e+05
2.528072517926206929e+05
2.526239368719475460e+05
2.516350068486980163e+05
2.512156281371896330e+05
2.505355518312744098e+05
2.500078042036816187e+05
2.495964087064317137e+05
2.484707163950386457e+05
2.479349446148138668e+05
2.476733877060269879e+05
2.469877839960507990e+05
2.461255123070646077e+05
2.455673003674122156e+05
2.451953748864674999e+05
2.448215467941071547e+05
2.446463854625246313e+05
2.437158304814805451e+05
2.435113676714873291e+05
2.425340552349812351e+05
2.420598330435671669e+05
2.412563183669424325e+05
2.408307304015002446e+05
2.407578830960965133e+05
2.404480048521943099e+05
2.400838927739383362e+05
2.395837768407868862e+05
2.391876443449436338e+05
2.388127824406745203e+05
2.387115204651823151e+05
2.380931268025253667e+05
2.374513153569244605e+05
2.371297680671831477e+05
2.367606865389697487e+05
2.357264454395406065e+05
2.353115304080145725e+05
2.349948786813150800e+05
2.344509059914213140e+05
2.336153367541636399e+05
2.332248092054426961e+05
2.330592029174854397e+05
2.325041841129398963e+05
2.322877883657288039e+05
2.320615733291738143e+05
2.310882698059144022e+05
2.308303165860107692e+05
2.303223518021672207e+05
2.297911706990882813e+05
2.296458472433609131e+05
2.293613666734785365e+05
2.289572484204602661e+05
2.284286870049160498e+05
2.281181068105918239e+05
2.278270565485516854e+05
2.272149633824992634e+05
2.270143767787833349e+05
2.265754757615494600e+05
2.261131001849652093e+05
2.255010818551996490e+05
2.248237224975484132e+05
2.244358940949569223e+05
2.238808223158855981e+05
2.237572622380570974e+05
2.229936720001742069e+05
2.220758993253434310e+05
2.216663720989259891e+05
2.211711098680920259e+05
2.210932109429007978e+05
2.204711586418081424e+05
2.204089824998057156e+05
2.198352015714962617e+05
2.189982963935843145e+05
2.180969746366625477e+05
2.177149743035556457e+05
2.176474173881397583e+05
2.170343228842899553e+05
2.165802088646983320e+05
2.164559723762382928e+05
2.161674551203885057e+05
2.160645450686260883e+05
2.156976605794422503e+05
2.153593379805068835e+05
2.146909297508937598e+05
2.144415400139316043e+05
2.142843283650981029e+05
2.137367430928180402e+05
2.136275999664917472e+05
2.132987258235333138e+05
2.128051267581743887e+05
2.124346538261305541e+05
2.121811731216775661e+05
2.114718250858894316e+05
2.113862423229127598e+05
2.106795992037745018e+05
2.100475539585748338e+05
2.096423812191957259e+05
2.094431952833175601e+05
2.087023647654638044e+05
2.082579537416300154e+05
2.080217943320163467e+05
2.076523944627896999e+05
2.074823299614401185e+05
2.070977508383111854e+05
2.067601771369405615e+05
2.062433000600250380e+05
2.059093810797469632e+05
2.057852047344637685e+05
2.054760642316155427e+05
2.051730445056362660e+05
2.046458164642766642e+05
2.041723845460986195e+05
2.038125972914963495e+05
2.037174943875854951e+05
2.035160602047235298e+05
2.030853312749579200e+05
2.029574529260915006e+05
2.022566404360646266e+05
2.020748967113476538e+05
2.019325026803493965e+05
2.015733679869268090e+05
2.010992391184115841e+05
2.005571205767827923e+05
2.000304641489456699e+05
1.999520802550352528e+05
1.997479016417138337e+05
1.991666833096040646e+05
1.988079869937846961e+05
1.983731531111834629e+05
1.983388824358994025e+05
1.978652809197056340e+05
1.973138390893547912e+05
1.970719506095640245e+05
1.968657494792113139e+05
1.965339260069554439e+05
1.963395662967174139e+05
1.961312050611710874e+05
1.959328233074171003e+05
1.956278353735044075e+05
1.952664704278128338e+05
1.946505097821404925e+05
1.943583900176855095e+05
1.941458873308319598e+05
1.939571191496788233e+05
1.936661958368181658e+05
1.931067239203242352e+05
1.929703498518719862e+05
1.927852276720320515e+05
1.926973879571410653e+05
1.923289631943253044e+05
1.921774564944972808e+05
1.920955570706467552e+05
1.917680985890702577e+05
1.914605464110378525e+05
1.910257268465404341e+05
1.908494421528755920e+05
1.906600920781722525e+05
1.904761857507643290e+05
1.903013470040633692e+05
1.898799243015258107e+05
1.896727634466477029e+05
1.894946293696138600e+05
1.891495664445993607e+05
1.886975488955287437e+05
1.884692334489738278e+05
1.880835540656948288e+05
1.878163901746300689e+05
1.875121459658893000e+05
1.874050284970893699e+05
1.870516643277965195e+05
1.865903729291642376e+05
1.857348817253925663e+05
1.855534849055057857e+05
1.850429171535069763e+05
1.849645572882052511e+05
1.847512203334390360e+05
1.844164062572066323e+05
1.842683701162789657e+05
1.838705222784368962e+05
1.835229760385726113e+05
1.832897583706697624e+05
1.828630105079713976e+05
1.825180358096330892e+05
1.823063870422282198e+05
1.822537297277123434e+05
1.820467725306829670e+05
1.814819730198247125e+05
1.814170820474908105e+05
1.808262323755262478e+05
1.805556871449031169e+05
1.803485011868262372e+05
1.801451860495803994e+05
1.798650725225375791e+05
1.792595236767843307e+05
1.790340159809307661e+05
1.786264557240361755e+05
1.785415443993819063e+05
1.781349390630515409e+05
1.780162661224805342e+05
1.778550006751844776e+05
1.774634965923572599e+05
1.769646483002413297e+05
1.768738471611974237e+05
1.765474750035653997e+05
1.760736775185861916e+05
1.757689584618286463e+05
1.754718487816042034e+05
1.745146057958586316e+05
1.741625093373793061e+05
1.739136661775858083e+05
1.737591681040203257e+05
1.732923751494788448e+05
1.730935952136866690e+05
1.728887581573003554e+05
1.724986619066141720e+05
1.723145305121194979e+05
1.722966125209158345e+05
1.718926120002660900e+05
1.716744087635389878e+05
1.715914661448955012e+05
1.712984530774623563e+05
1.710688055696916126e+05
1.706949169630720862e+05
1.706341620512765949e+05
1.703244201212543703e+05
1.700697003904650337e+05
1.699493507574828982e+05
1.698246742084995203e+05
1.696014678269577853e+05
1.692556884936100105e+05
1.688537284190141945e+05
1.687220406468928559e+05
1.683449147137699474e+05
1.682483176251043042e+05
1.675581699516533990e+05
1.673465885567425576e+05
1.672615103012039326e+05
1.670310236930859392e+05
1.669227400878610497e+05
1.668599826998750505e+05
1.664454539990010089e+05
1.663336808022930636e+05
1.659175504257499997e+05
1.657272492728729849e+05
1.656322817087867879e+05
1.652966745750516420e+05
1.651786308884211758e+05
1.648611501406894240e+05
1.647077324634386750e+05
1.645213291143827664e+05
1.641927872941713722e+05
1.639235225361783814e+05
1.636425677059633017e+05
1.635566350019173697e+05
1.634025731184163596e+05
1.631857525931877608e+05
1.628935230315172521e+05
1.624376108821323432e+05
1.623886516228400578e+05
1.619872572186742618e+05
1.617616502921645297e+05
1.614163651795929763e+05
1.613477620170763403e+05
1.612382625086795306e+05
1.608183032855486963e+05
1.605142597817655187e+05
1.602622002143137797e+05
1.599513099023547256e+05
1.598032559127671120e+05
1.597507421758252895e+05
1.593611078762357938e+05
1.590648458035826625e+05
1.590272356033904362e+05
1.583484849251353880e+05
1.582245210736430599e+05
1.578475246439652692e+05
1.577611909691494657e+05
1.573831895462489920e+05
1.573221614788624574e+05
1.571232277041347115e+05
1.569578962133700261e+05
1.566736076580074732e+05
1.566714852683575882e+05
1.563134821124568989e+05
1.562540399295180105e+05
1.560611592158455169e+05
1.557373424710115069e+05
1.555489407035563199e+05
1.553507020252910152e+05
1.549162403579064994e+05
1.547637247254612448e+05
1.545644999588905775e+05
1.543136160379863286e+05
1.540483826535118278e+05
1.538988727115406655e+05
1.536832005531440373e+05
1.533502893125528062e+05
1.532999663288058946e+05
1.531225332985639980e+05
1.528485268385672825e+05
1.526927974719915364e+05
1.523129713907210680e+05
1.522309234725329152e+05
1.519427642131655011e+05
1.517136403967482038e+05
1.515355776845327637e+05
1.511419191874897224e+05
1.507945745300746348e+05
1.506110405223376292e+05
1.501232364001553506e+05
1.499003966043138644e+05
1.498654487224028853e+05
1.495346837001244421e+05
1.493244456906562264e+05
1.492379220777237497e+05
1.490044121683562407e+05
1.489501169061657565e+05
1.486682992148959893e+05
1.485070746561977721e+05
1.484132317673907673e+05
1.480482678044851928e+05
1.474689479856913968e+05
1.470415836179172038e+05
1.467134890896610450e+05
1.466454045465659874e+05
1.463689439534774865e+05
1.462136531655358849e+05
1.459289052039388334e+05
1.458934263884914981e+05
1.457265398831989733e+05
1.453312287172531651e+05
1.451490601222616388e+05
1.450848260925951472e+05
1.445902270650828723e+05
1.445498206700221344e+05
1.441717514111344353e+05
1.441327770999715431e+05
1.439740690151863964e+05
1.433669284607266891e+05
1.432370090449674462e+05
1.430311179971841048e+05
1.429016540115636308e+05
1.424820211776596261e+05
1.423241607729294628e+05
1.421221304126843170e+05
1.418340746465670236e+05
1.414500759134563559e+05
1.411293323570000066e+05
1.409314691746672906e+05
1.406858135801690223e+05
1.404373068119662639e+05
1.403042789638452232e+05
1.401635225577634119e+05
1.400211324354640674e+05
1.397795186185456696e+05
1.396312610769629828e+05
1.394847153214813152e+05
1.392161044575262640e+05
1.390007106268816278e+05
1.388971910565358412e+05
1.387063057444669830e+05
1.385295346754791972e+05
1.382801302342317649e+05
1.381742633477617346e+05
1.380961737694282492e+05
1.378818748989332526e+05
1.376925267285941518e+05
1.376425737417934288e+05
1.372994047584328800e+05
1.370601362036376959e+05
1.370100151527214621e+05
1.369573456275501230e+05
1.366604745358804066e+05
1.365569743392512028e+05
1.358373487990013382e+05
1.358201000610124029e+05
1.357564664792980766e+05
1.354566875218856439e+05
1.353588728359426023e+05
1.351576122604299162e+05
1.348492966018033330e+05
1.344215074440502212e+05
1.343553696755545971e+05
1.342946364114349417e+05
1.336420329069530708e+05
1.334437940741999482e+05
1.333557842598948046e+05
1.331309561068830080e+05
1.329364122703312314e+05
1.328428585911607370e+05
1.325068863409810001e+05
1.323737617301985447e+05
1.322668826621596527e+05
1.320193491200300923e+05
1.318851413228081365e+05
1.316478796469443478e+05
1.313803697303973895e+05
1.310853274871794565e+05
1.310527049290278082e+05
1.308931638097575633e+05
1.307326520821052109e+05
1.306044025205719809e+05
1.302116613142857241e+05
1.300013383041716879e+05
1.297711667011128739e+05
1.292892650660377694e+05
1.291490080860560556e+05
1.286542687193346792e+05
1.285043018908393860e+05
1.281954220244141907e+05
1.280517351245567988e+05
1.278261990328427200e+05
1.277040301611291652e+05
1.274220018133449921e+05
1.271162600475883664e+05
1.269778652826994949e+05
1.268392151108581456e+05
1.267174740841265011e+05
1.265830867254660843e+05
1.264501123767352547e+05
1.259314398207272461e+05
1.257359770268359862e+05
1.256655572322591615e+05
1.253565869508152682e+05
1.249710030052187212e+05
1.247973396567003365e+05
1.246339588447165443e+05
1.245763300661608955e+05
1.245351917171504465e+05
1.243527535085932905e+05
1.241719353270827123e+05
1.241063197600228450e+05
1.238523293362712866e+05
1.236696026998426096e+05
1.233787001600342483e+05
1.232625195170926600e+05
1.230994181651885883e+05
1.229648901370188541e+05
1.228126076877385931e+05
1.225392418139901420e+05
1.223867315998004487e+05
1.222130283347719815e+05
1.221630002655327407e+05
1.220380624310260901e+05
1.218423770037877839e+05
1.217193020460868138e+05
1.215626278998169437e+05
1.215199744794892322e+05
1.214092899976945046e+05
1.210486479413416237e+05
1.208936984068710735e+05
1.204952316058884317e+05
1.202231301836219500e+05
1.200268565634691040e+05
1.197917403276464029e+05
1.195160990317910182e+05
1.194074410626485333e+05
1.191073091246753029e+05
1.186791075925746409e+05
1.181493774293032620e+05
1.180319855293044093e+05
1.179413392307494796e+05
1.177957755751993827e+05
1.175863640998560732e+05
1.173941307839513902e+05
1.169020410685238166e+05
1.166159403236346261e+05
1.164949357601812517e+05
1.164082321607427002e+05
1.158680374866717029e+05
1.157674147530158662e+05
1.156804075347534817e+05
1.155617668480873399e+05
1.150431045245514106e+05
1.149248484517266479e+05
1.147685047705639299e+05
1.144236320032309159e+05
1.141177973533085024e+05
1.139363102272011020e+05
1.136761958489317185e+05
1.132135926649692265e+05
1.130602080474508111e+05
1.129913586588553881e+05
1.127248744845121400e+05
1.125603582949419797e+05
1.123753368949096766e+05
1.121503292021883535e+05
1.119397941484413168e+05
1.118307705517557188e+05
1.117315331207362615e+05
1.113640449403660168e+05
1.111134381772704801e+05
1.110497660935212043e+05
1.109589109516810422e+05
1.106015509919167671e+05
1.103702354871865246e+05
1.101968407992677821e+05
1.100786042919212487e+05
1.100465986066068872e+05
1.096724724921040470e+05
1.094951122277553513e+05
1.093291326508238999e+05
1.092196631898146443e+05
1.088506386714911641e+05
1.087306224699876475e+05
1.086816466636238765e+05
1.084224715544891515e+05
1.083336191880260594e+05
1.081991273093981727e+05
1.080909838819027937e+05
1.080135739338015701e+05
1.079064418606627296e+05
1.077837309378974169e+05
1.073939142344354186e+05
1.073414500471582724e+05
1.071408452762144152e+05
1.068948182102310966e+05
1.067155563967326598e+05
1.066371140958192118e+05
1.064162527999793529e+05
1.062197944305233832e+05
1.060353673450647184e+05
1.058867171956300735e+05
1.058310381482834346e+05
1.057256275469028333e+05
1.055745704653905850e+05
1.053685622448874929e+05
1.052300450743426481e+05
1.051235091308569245e+05
1.050497064869289752e+05
1.050111956273689721e+05
1.046792753052179905e+05
1.045051057571546698e+05
1.041176144234603271e+05
1.038165629786158242e+05
1.037804148243231757e+05
1.036482863897968782e+05
1.036138798366024275e+05
1.033099724661543150e+05
1.032593940058344015e+05
1.028448246695828420e+05
1.027988424271971162e+05
1.026936711238337011e+05
1.025767085487727454e+05
1.025552187894185190e+05
1.024212548606794735e+05
1.022916422442428157e+05
1.020962762131624040e+05
1.020185339583864989e+05
1.019515894436623057e+05
1.018149375060457824e+05
1.016456316649142827e+05
1.014911774302328122e+05
1.010644704938188952e+05
1.009564429508028552e+05
1.008407100387782848e+05
1.005851880006849533e+05
1.003867899255964585e+05
1.000630142104731931e+05
1.000217932949426759e+05
9.981373304599508992e+04
9.972665940202731872e+04
9.944497049367675208e+04
9.918952807236624358e+04
9.899363661442007287e+04
9.884241126025392441e+04
9.862747689849630115e+04
9.844493740226206137e+04
9.815137109815332224e+04
9.775989646730525419e+04
9.731314808673379594e+04
9.691469867969716142e+04
9.685275756527254998e+04
9.659274989233291126e+04
9.653443244625000807e+04
9.639090853577123198e+04
9.632682487995702832e+04
9.614413807409566652e+04
9.596389729342893406e+04
9.529024968031783646e+04
9.501459428450814448e+04
9.489588198018130788e+04
9.479377858615537116e+04
9.451114930297501269e+04
9.429279477893625153e+04
9.418812920008673973e+04
9.399905904526465747e+04
9.381508447961730417e+04
9.375790849950426491e+04
9.364401655876265431e+04
9.354199382501587388e+04
9.342190260217296600e+04
9.325911916070022562e+04
9.295650464738809387e+04
9.283384187579115678e+04
9.261388733347688685e+04
9.244520340178826882e+04
9.224901125282091380e+04
9.209272070740365598e+04
9.188348131547048979e+04
9.168145656175148906e+04
9.153483213559904834e+04
9.127397646634098783e+04
9.106350885141188337e+04
9.095016984723195492e+04
9.053322980345519318e+04
9.042788608654197014e+04
9.024528728892633808e+04
8.986454172333424503e+04
8.973809704826856614e+04
8.926346712955590920e+04
8.924854236956362729e+04
8.907709507793282683e+04
8.903047632969592814e+04
8.873667635781233548e+04
8.867996299061689933e+04
8.860677803829735785e+04
8.851006074840722431e+04
8.839138413812739600e+04
8.829405220978350553e+04
8.823059876717477164e+04
8.808086010575013643e+04
8.788832850543920358e+04
8.781820297449731152e+04
8.753486800352025602e+04
8.721226720907284471e+04
8.700003364218752540e+04
8.678933441513353318e+04
8.651729655370737601e+04
8.643514011753519299e+04
8.632597002693441755e+04
8.576657862634772027e+04
8.561109816332493210e+04
8.553068112163747719e+04
8.537491000426425308e+04
8.501432172582557541e+04
8.481568859787427937e+04
8.476251867808477255e+04
8.460470745010281098e+04
8.453079693132339162e+04
8.438731679466084461e+04
8.420938939848818700e+04
8.391041380609470070e+04
8.385485890070746245e+04
8.372753747455330449e+04
8.362776983166085847e+04
8.306956299515231512e+04
8.300811741984788387e+04
8.277809059122524923e+04
8.237935633132368093e+04
8.235241314227979456e+04
8.195420845878438558e+04
8.180362475613215065e+04
8.162508706106516183e+04
8.136664800306047255e+04
8.109353314233961282e+04
8.099571834335754102e+04
8.088765105730391224e+04
8.082030279369605705e+04
8.055210910140696797e+04
8.022498398880836612e+04
8.014915843511033745e+04
7.992114669765731378e+04
7.963082255580085621e+04
7.937812715703426511e+04
7.932133802728758019e+04
7.906054944062377035e+04
7.895316430963113089e+04
7.856420667613213300e+04
7.845966864971852920e+04
7.831710822302091401e+04
7.827389121052711562e+04
7.809191743365443836e+04
7.799242798913593288e+04
7.794111165522353258e+04
7.779400548000028357e+04
7.778187323906194069e+04
7.776290156175194716e+04
7.750513817938235297e+04
7.738572018627941725e+04
7.725565004465714446e+04
7.699606414561952988e+04
7.680973158980179869e+04
7.660545460673562775e+04
7.642359118753758958e+04
7.624520212896772136e+04
7.619198346954621957e+04
7.605595693549046700e+04
7.594354434074720484e+04
7.584869700436129642e+04
7.556118787388701458e+04
7.543438895670650527e+04
7.536456469532933261e+04
7.511993982560629956e+04
7.505180416323193640e+04
7.496202252798809786e+04
7.476178532490550424e+04
7.461916427074151579e+04
7.447631513247634575e+04
7.413635005381137307e+04
7.383901991166129301e+04
7.381234199333400466e+04
7.293523419346385344e+04
7.285315186239303148e+04
7.266207794395893870e+04
7.246911081938045390e+04
7.235111287163716042e+04
7.228303342626565427e+04
7.221650079741927038e+04
7.188519096997418092e+04
7.172277102805272443e+04
7.152358153882017359e+04
7.150348589351102419e+04
7.115701330252835760e+04
7.115316853909454949e+04
7.108455383018782595e+04
7.090862660979857901e+04
7.089008169555687346e+04
7.084557113303249935e+04
7.081434228964628710e+04
7.070459101175269461e+04
7.063360172446117213e+04
7.045927668114186963e+04
7.045775820498159737e+04
7.039543688973647659e+04
7.027172580670594471e+04
7.011879120558309660e+04
7.004995960189370089e+04
7.001426528463042632e+04
6.991009776914698887e+04
6.974555910910805687e+04
6.970468781208337168e+04
6.948777623987394327e+04
6.927884967344450706e+04
6.911574302903373609e+04
6.909583657936601958e+04
6.907197580135405587e+04
6.898024017461927724e+04
6.886733345283393282e+04
6.880656993349846744e+04
6.873813306023474433e+04
6.797885016986630217e+04
6.784480028386229242e+04
6.773051501297629147e+04
6.771795095378533006e+04
6.756690261414130509e+04
6.747848509104987897e+04
6.729842571196943754e+04
6.725872438046026218e+04
6.689596086373674916e+04
6.685776920673441782e+04
6.677377165659210004e+04
6.666221428198281501e+04
6.662945927861389646e+04
6.654777449364059430e+04
6.652276897901391203e+04
6.649407103499022196e+04
6.642264833997969981e+04
6.641166502602980472e+04
6.640828986415259715e+04
6.634303096284766798e+04
6.632541142029697949e+04
6.612841640954534523e+04
6.601408707639115164e+04
6.597012794449976354e+04
6.596438120053813327e+04
6.595087064603478939e+04
6.593130907982368080e+04
6.542788449401009711e+04
6.514813185823149252e+04
6.504252946398538916e+04
6.500543580462158570e+04
6.457868695061986364e+04
6.437481276263398468e+04
6.430522135317282664e+04
6.427914206468885095e+04
6.426502639045774413e+04
6.417720545554422279e+04
6.370375164875326300e+04
6.366397733474234701e+04
6.346925548256040929e+04
6.341168325985604315e+04
6.335838093506050791e+04
6.327441574523461168e+04
6.323905245466261113e+04
6.313503168697008368e+04
6.297636217307952029e+04
6.272099857557517680e+04
6.267872431242505991e+04
6.263551085724697623e+04
6.253943427181457810e+04
6.252373930448566534e+04
6.249423378226593195e+04
6.226916542535639019e+04
6.220318825928033039e+04
6.210525849798418494e+04
6.202419302650429745e+04
6.201187722106539150e+04
6.195955039819476951e+04
6.181574429614258406e+04
6.128518055356464902e+04
6.109733309684065898e+04
6.105168614817094203e+04
6.093994807585667877e+04
6.074134093807877798e+04
6.073209908976153383e+04
6.053163485660178412e+04
5.984326208576325007e+04
5.981494021702067403e+04
5.968831022833078168e+04
5.916614482532631519e+04
5.888610534345970518e+04
5.885627478204297950e+04
5.874866487201897689e+04
5.851121576255601394e+04
5.850048135537678172e+04
5.826654567203059560e+04
5.819719639523066144e+04
5.779018368236516835e+04
5.767804572687811014e+04
5.749219017947412794e+04
5.739856669144744956e+04
5.719835294875506224e+04
5.719517457803623984e+04
5.719147660206956789e+04
5.705414269369193062e+04
5.701549051301736472e+04
5.697668298615999083e+04
5.691695647273697978e+04
5.668497078627994051e+04
5.632321465995974722e+04
5.631360430427992833e+04
5.622035164176770195e+04
5.620962119161283772e+04
5.609151686627592426e+04
5.607819141330994171e+04
5.577762009783280519e+04
5.574414393223672960e+04
5.554469343760993070e+04
5.552866323249752895e+04
5.531663743900043482e+04
5.507421679935661086e+04
5.500014984338146314e+04
5.478431605639059126e+04
5.465588215669419151e+04
5.453980253175920370e+04
5.442493920108902239e+04
5.435640507526069268e+04
5.425647990823181317e+04
5.414656680460321513e+04
5.379169148673056770e+04
5.362394870567099861e+04
5.352710193940087629e+04
5.342195207645110349e+04
5.331863176009100425e+04
5.324330232394578343e+04
5.320896713478599122e+04
5.289753552207873872e+04
5.289421413321736327e+04
5.281832556382324401e+04
5.278063176073045179e+04
5.249803195821368718e+04
5.234926011895878764e+04
5.217785320403699006e+04
5.196941368378997140e+04
5.184805731571844808e+04
5.177152072607227456e+04
5.150616690952525096e+04
5.149575408577426424e+04
5.140238838829642191e+04
5.128063296479623386e+04
5.124263115987497440e+04
5.101431716728164611e+04
5.099076953140812839e+04
5.095641359780173661e+04
5.095512675893370033e+04
5.075303977226876304e+04
5.073480678376710421e+04
5.073348806828310626e+04
5.041601626100017165e+04
5.032522373389403219e+04
5.022145247594683315e+04
5.008340529709518887e+04
4.991305132749479526e+04
4.973528006425313652e+04
4.955686601453239564e+04
4.935137671455502277e+04
4.934465475111739215e+04
4.925943680743900768e+04
4.919911831419201189e+04
4.919035626610859617e+04
4.836109032904195919e+04
4.819890831799068110e+04
4.819124259734915540e+04
4.808337950653464941e+04
4.793574520338170987e+04
4.764741979684708349e+04
4.762442906142395077e+04
4.746670127982756821e+04
4.745022420544434135e+04
4.699608697743683297e+04
4.695252969817927078e+04
4.684761233948876179e+04
4.653471921821582509e+04
4.633572982877172035e+04
4.630706333966073726e+04
4.609190850615310774e+04
4.597005208637977921e+04
4.583109931597669492e+04
4.574045738128162338e+04
4.570342830637803127e+04
4.554517975746728916e+04
4.540966807687136316e+04
4.517335635872207786e+04
4.512029836949712626e+04
4.437424177422736102e+04
4.407821678767342382e+04
4.360635750112070673e+04
4.339521604585645400e+04
4.324817491065365175e+04
4.311686750936725730e+04
4.265398834927708958e+04
4.262982962716022303e+04
4.261043212182328716e+04
4.256555409943557606e+04
4.237179200625833619e+04
4.220277393777036195e+04
4.205917211182801111e+04
4.199533369075423252e+04
4.172008236593933543e+04
4.165924589711358567e+04
4.162707698668666126e+04
4.136460649542654573e+04
4.125306306634824432e+04
4.122423554230351874e+04
4.117439417966164910e+04
4.094819168583069404e+04
4.087162175173225114e+04
4.071514583818476967e+04
4.069394712444605830e+04
4.059225054263391939e+04
4.052423000387141656e+04
4.035290723453377723e+04
4.023988205852254760e+04
4.019248091359296086e+04
4.005787519954331947e+04
3.997715863906309824e+04
3.995377488305881707e+04
3.990435125408074236e+04
3.953667223144148738e+04
3.937695031708082388e+04
3.908291460616792028e+04
3.887475095810832863e+04
3.883902314618942182e+04
3.883555343230840663e+04
3.882768691611489339e+04
3.867755288331462361e+04
3.849967689000217069e+04
3.834295109457227954e+04
3.829015015330786991e+04
3.814596091899525345e+04
3.807596861283254839e+04
3.806339516170842398e+04
3.791858739779147436e+04
3.759697136033884453e+04
3.751095018431195786e+04
3.729581479303274682e+04
3.712965172716139932e+04
3.698465936640402651e+04
3.692801870349519595e+04
3.691381719386539771e+04
3.656417396429000655e+04
3.636668322367718065e+04
3.619727747753736185e+04
3.617223190292189975e+04
3.597921826024352777e+04
3.597114439244107052e+04
3.590976525357441278e+04
3.575518426671802445e+04
3.574613389660295798e+04
3.563713155538254796e+04
3.555906534049128823e+04
3.548610461039301299e+04
3.538166728146653622e+04
3.513199063885231590e+04
3.476173293408073368e+04
3.454775826721043995e+04
3.438935152723365172e+04
3.401087753835887270e+04
3.356424409119990742e+04
3.352759049264027271e+04
3.349199704591283080e+04
3.343336717498690996e+04
3.328927019481791649e+04
3.261771056304026570e+04
3.259039139713327677e+04
3.220737784875524812e+04
3.214897119925589504e+04
3.197492403347067375e+04
3.189662428437434573e+04
3.186443733186557074e+04
3.181645487476439666e+04
3.140755162024223318e+04
3.125083721302189588e+04
3.096279617096456786e+04
3.058718568052747287e+04
3.037607394175452282e+04
3.033655933671944513e+04
3.019579656878035166e+04
3.009798316292065283e+04
2.991371563594385225e+04
2.978271937037059251e+04
2.965199802159303363e+04
2.955067040906646798e+04
2.942894451988560104e+04
2.942249813107607042e+04
2.939620871893326694e+04
2.938117537436221028e+04
2.885555594211806238e+04
2.867781438779164091e+04
2.858894919064033820e+04
2.833615854255671002e+04
2.813997536753115492e+04
2.812167600858154765e+04
2.805945957142760381e+04
2.792401125347613197e+04
2.772847780816577142e+04
2.769419031657256346e+04
2.752031132118870300e+04
2.751601654575327484e+04
2.735848018212649549e+04
2.729273909601700507e+04
2.724857442706763686e+04
2.670863765853624864e+04
2.669204337649644003e+04
2.647150220938344864e+04
2.610376383857824840e+04
2.602162502325757305e+04
2.546341948482827502e+04
2.530517198437311527e+04
2.527663620938831809e+04
2.506171166885958883e+04
2.494910272051239008e+04
2.491239144363940068e+04
2.486571144191175699e+04
2.482368877166949824e+04
2.472499913328923867e+04
2.449391862037367173e+04
2.425844164662710682e+04
2.406660583892418072e+04
2.399672771073757758e+04
2.399171719672287873e+04
2.385848097404964210e+04
2.383061577482041685e+04
2.371872872777068187e+04
2.370097624188732152e+04
2.357975301759944705e+04
2.325254319162534739e+04
2.275205671248855288e+04
2.271875932117685807e+04
2.263388306557114629e+04
2.238870384886025931e+04
2.220870004327505012e+04
2.211364550103083093e+04
2.164149933897564551e+04
2.135322389472640134e+04
2.133004701765143909e+04
2.117950900896280291e+04
2.109359838725477675e+04
2.103502481372706461e+04
2.082641072810650803e+04
2.078093737689040063e+04
2.072304359572011890e+04
2.039635968548639357e+04
1.973498982673309365e+04
1.971306428333916119e+04
1.937290440032858896e+04
1.932802188273058346e+04
1.932378712284965150e+04
1.926441122333291059e+04
1.917342284882096283e+04
1.891539103452077688e+04
1.890434985328958646e+04
1.840307313021198934e+04
1.837158562775531391e+04
1.733622912637120317e+04
1.710473059122900668e+04
1.671288710568670649e+04
1.661034873763770520e+04
1.646084559637189159e+04
1.628725980432001234e+04
1.621253382170786062e+04
1.619903404658802719e+04
1.619208944165731918e+04
1.610224094681152565e+04
1.587180011332820141e+04
1.582900233583449335e+04
1.567473610395932883e+04
1.556249458821007829e+04
1.515049343350147683e+04
1.510236379910552205e+04
1.504015221084261066e+04
1.497247260474910581e+04
1.491138809377731377e+04
1.485486905127453610e+04
1.482598315997856480e+04
1.470986974430251212e+04
1.457355075130665864e+04
1.448688182679089732e+04
1.435948477487265518e+04
1.419210413848854660e+04
1.412522814595250384e+04
1.407387623217740475e+04
1.386877945443302451e+04
1.381025801913197211e+04
1.359941684336880644e+04
1.357107645291462359e+04
1.353614823024118596e+04
1.339038209009648563e+04
1.328249624868117644e+04
1.325357089981882200e+04
1.307553592309059422e+04
1.259994129783208155e+04
1.255152150531784537e+04
1.239656957088741365e+04
1.234888583168235527e+04
1.213469589037497644e+04
1.206721869117357710e+04
1.162520840325479730e+04
1.160798854952989677e+04
1.143554589180952462e+04
1.140115246613952331e+04
1.119298272576109230e+04
1.062580714716711191e+04
1.055427826560097128e+04
1.050794054506917928e+04
1.022214836619695234e+04
1.016449920442100301e+04
9.942726298065808805e+03
9.780990440766196116e+03
9.455212043338828153e+03
9.324127204951553722e+03
9.172249383925707662e+03
8.937055343358226310e+03
8.766876629631913602e+03
8.604568300607092169e+03
8.525355322568588235e+03
8.263633508335480656e+03
8.195913426184071795e+03
8.029367637930023193e+03
7.918153123146230428e+03
7.753881160711416669e+03
7.709458155275848185e+03
7.621448801330916467e+03
7.556246882901830759e+03
7.340016742949501349e+03
7.149241975562825246e+03
7.096146648726069543e+03
6.902822544693173768e+03
6.684452722683769025e+03
6.577401080135628945e+03
6.564760696713099605e+03
6.318345316920978803e+03
6.256771208472360740e+03
6.181610962239201399e+03
6.081413852154507367e+03
5.820506268971581449e+03
5.810453455268887410e+03
5.581650401920804143e+03
5.455204318105972561e+03
5.447000747138675251e+03
5.255574267096461881e+03
5.248054564173395192e+03
5.075830016749755487e+03
5.057872056234578849e+03
4.959782205134166361e+03
4.782027260280919108e+03
4.737415371144119490e+03
4.602686207388092043e+03
4.013143185755615832e+03
3.997672381529734594e+03
3.816231851289556289e+03
3.707861664349341936e+03
3.558517825968865509e+03
3.439425463706743358e+03
3.375241153931309782e+03
3.343694980571381620e+03
3.179537345841472415e+03
3.111421080684916888e+03
3.003817716867222771e+03
2.419379344613760168e+03
2.009309162900993897e+03
