1.147553449990495134e+00
1.135561413253660445e+00
1.130246561070000100e+00
1.122972302226721952e+00
1.109966292450181413e+00
1.097484328504817030e+00
1.091243641827440491e+00
1.088366494675542695e+00
1.087949285240088715e+00
1.084441222343061728e+00
1.083424190230862560e+00
1.081844155378505201e+00
1.077942816827056172e+00
1.075356627498127660e+00
1.074457400863193079e+00
1.071586935277807795e+00
1.070446470847226328e+00
1.069258108098833926e+00
1.068909368548667915e+00
1.068812673327189211e+00
1.068714488967967391e+00
1.067382406978238274e+00
1.065875427477239068e+00
1.065354178476462410e+00
1.063961851783487234e+00
1.060645136189645843e+00
1.058542336988126387e+00
1.056038296547791910e+00
1.054199746712531915e+00
1.053519488926128345e+00
1.053512991758775108e+00
1.052675019121360078e+00
1.051053315397125543e+00
1.050273933060306808e+00
1.050101740328119426e+00
1.049463686368459880e+00
1.049048539263821578e+00
1.048182735201251603e+00
1.045836529409809978e+00
1.044798227572049987e+00
1.044621259051930817e+00
1.043819057079037771e+00
1.042798741403669682e+00
1.042479392208444322e+00
1.042445134896081482e+00
1.041522885145073296e+00
1.040316246566365344e+00
1.039920838876022158e+00
1.039319091407623574e+00
1.038676622005054062e+00
1.038466608243183709e+00
1.037923614510894543e+00
1.037696358010800957e+00
1.037467352144828547e+00
1.036940739664731437e+00
1.036445115758038105e+00
1.036215376117790354e+00
1.035833862075377310e+00
1.035793545577889052e+00
1.035381440888855087e+00
1.034650350019285847e+00
1.034293991019821890e+00
1.034051043527007385e+00
1.033552902508827032e+00
1.033354187857523865e+00
1.032627655814593481e+00
1.031978631784703060e+00
1.030978668779910512e+00
1.030917708475411088e+00
1.030661734951595188e+00
1.029956218758814934e+00
1.029464420095841604e+00
1.029424271296756732e+00
1.028481717558151542e+00
1.028286243726120652e+00
1.027829358277122518e+00
1.027677182230377406e+00
1.027553738142513939e+00
1.026730264567859763e+00
1.026435969847169005e+00
1.025900417751701266e+00
1.025433636417468541e+00
1.025180195635626568e+00
1.024890608997219399e+00
1.024452375775475099e+00
1.023891012629263075e+00
1.023576954147954687e+00
1.023390220080553359e+00
1.023234674556188883e+00
1.023014048573354540e+00
1.022915518435825621e+00
1.022518056694490696e+00
1.022347665607716172e+00
1.022289348024400857e+00
1.021621912948701194e+00
1.021538636035451253e+00
1.021519108452225044e+00
1.021340142157188380e+00
1.020971419433150063e+00
1.020595781492460219e+00
1.020474605774377874e+00
1.020129641459172953e+00
1.020028909256947891e+00
1.019937731274885850e+00
1.019801657129743466e+00
1.019502657031298609e+00
1.019201359828715070e+00
1.019022102271261776e+00
1.018868050848339646e+00
1.018694566576587412e+00
1.018550740334542182e+00
1.018301416443016416e+00
1.018004646635063848e+00
1.017958873644991824e+00
1.017913773457115090e+00
1.017742231606689529e+00
1.017628129043036234e+00
1.017037449088995738e+00
1.016963917510504967e+00
1.016851937269170447e+00
1.016797075148961005e+00
1.016596885862281363e+00
1.016542538725257572e+00
1.016397461159103566e+00
1.016179701061064033e+00
1.015919382903473833e+00
1.015656234094218568e+00
1.015499120504749220e+00
1.015431449304909473e+00
1.015300403673844887e+00
1.014620999508790922e+00
1.014541930560932448e+00
1.014473800385604862e+00
1.014424337820421851e+00
1.014377897565755804e+00
1.013749088167573920e+00
1.013531647807755398e+00
1.013406212850926691e+00
1.013338969511852206e+00
1.013273836560978358e+00
1.013191677860340700e+00
1.013072269162176742e+00
1.012939853707322868e+00
1.012878163112320484e+00
1.012829108983539728e+00
1.012745399724580775e+00
1.012677966624743409e+00
1.012396895718987055e+00
1.012249430459036814e+00
1.012192678790252875e+00
1.012156832754960822e+00
1.012009423272921094e+00
1.011889174069946495e+00
1.011820927864834907e+00
1.011750549022129908e+00
1.011673120139912729e+00
1.011592780653416623e+00
1.011473196675431563e+00
1.011448937677227544e+00
1.011339445131330672e+00
1.011331595039111741e+00
1.011127597134770406e+00
1.011125638835889795e+00
1.010969922720024838e+00
1.010939739537184412e+00
1.010833488029004634e+00
1.010678013053013080e+00
1.010577205904293674e+00
1.010516151099552840e+00
1.010458204614663291e+00
1.010382506268496350e+00
1.010247830992170304e+00
1.010158411676744139e+00
1.010138741694934783e+00
1.009935713907164301e+00
1.009828667706640815e+00
1.009739968014143674e+00
1.009689673096229257e+00
1.009560678124550082e+00
1.009526008243426975e+00
1.009459723778612483e+00
1.009394722222824559e+00
1.009314502186470897e+00
1.009245004744555141e+00
1.009174735076862506e+00
1.009080910500094186e+00
1.008961805951333002e+00
1.008823517698504979e+00
1.008750599854026486e+00
1.008699203435946767e+00
1.008609812318266963e+00
1.008573781627449817e+00
1.008431254284448242e+00
1.008401558293103184e+00
1.008357162542959484e+00
1.008310931095727003e+00
1.008121893767185639e+00
1.008088580113833954e+00
1.008051109686829205e+00
1.008018055948165292e+00
1.007987485718002452e+00
1.007934985386438997e+00
1.007929929533152746e+00
1.007904683360657749e+00
1.007870336427269864e+00
1.007708031521842074e+00
1.007687368655789006e+00
1.007632055109322522e+00
1.007532961378809988e+00
1.007470739228045087e+00
1.007393084678411821e+00
1.007352850935486543e+00
1.007280823842241269e+00
1.007259372388935592e+00
1.007202115614017401e+00
1.007150931047814169e+00
1.007106273452464729e+00
1.007066638038813133e+00
1.007022535633991689e+00
1.006941652820498412e+00
1.006916635585597186e+00
1.006819014203362839e+00
1.006779185283329214e+00
1.006714851632313446e+00
1.006692463875415333e+00
1.006676388420991053e+00
1.006638776359527476e+00
1.006537312391422301e+00
1.006498860580377519e+00
1.006423944362470291e+00
1.006314946229394769e+00
1.006300085388164067e+00
1.006252123106749607e+00
1.006197170956466991e+00
1.006154447741690161e+00
1.006120016205733325e+00
1.006089147733055800e+00
1.006052985553359536e+00
1.005968169403559598e+00
1.005947804712858051e+00
1.005930575610492150e+00
1.005817522186141399e+00
1.005796370870955636e+00
1.005773563367955425e+00
1.005725425232825820e+00
1.005673147814930779e+00
1.005641087031957870e+00
1.005633556419383234e+00
1.005613559437338544e+00
1.005559378342597787e+00
1.005534345717435274e+00
1.005505270544900354e+00
1.005472817280587350e+00
1.005427660894878228e+00
1.005402256275915729e+00
1.005383494219513896e+00
1.005356232659825544e+00
1.005353199247527751e+00
1.005242387097420087e+00
1.005201664253002392e+00
1.005158582789139166e+00
1.005131221333504632e+00
1.005095093710417498e+00
1.005036825054361538e+00
1.004979844302836378e+00
1.004969032706391374e+00
1.004845468705936717e+00
1.004814115013916265e+00
1.004782736077549421e+00
1.004739657704203815e+00
1.004736352210251704e+00
1.004725221373081068e+00
1.004693763973054654e+00
1.004670075070033697e+00
1.004665607849646758e+00
1.004618777136796259e+00
1.004612399307134529e+00
1.004579203705840085e+00
1.004524678238556623e+00
1.004459826588187443e+00
1.004456576620073704e+00
1.004427531379556093e+00
1.004372766813223183e+00
1.004309175620909489e+00
1.004280166083650450e+00
1.004268641923228733e+00
1.004253115699453414e+00
1.004195484251729331e+00
1.004162440933495715e+00
1.004135980630084912e+00
1.004116608952369649e+00
1.004045472351318802e+00
1.004017933641187410e+00
1.003996527225112789e+00
1.003981415937701627e+00
1.003954044104683474e+00
1.003949096005700259e+00
1.003936284674433965e+00
1.003930818114042278e+00
1.003906134126460792e+00
1.003860456146304037e+00
1.003815240742814030e+00
1.003790603528355252e+00
1.003776134313182578e+00
1.003766614330796170e+00
1.003723622784202130e+00
1.003707657675183107e+00
1.003654521914073339e+00
1.003620374248801683e+00
1.003600558837168144e+00
1.003583687701788740e+00
1.003535187174618759e+00
1.003514138855159610e+00
1.003505903096757024e+00
1.003483899280676050e+00
1.003445700973938592e+00
1.003422839223635288e+00
1.003400978651932673e+00
1.003374837228373062e+00
1.003357568452486470e+00
1.003328793807926722e+00
1.003295286429764843e+00
1.003288071501742484e+00
1.003277550761076053e+00
1.003266451028005601e+00
1.003265082678315379e+00
1.003239757342713201e+00
1.003218092908347847e+00
1.003212008371456410e+00
1.003190076023913191e+00
1.003150677402948832e+00
1.003107065860272984e+00
1.003091748851824283e+00
1.003082474277971814e+00
1.003055481552248329e+00
1.003041076946215471e+00
1.003019738315743759e+00
1.002976327328122474e+00
1.002971081615462223e+00
1.002947371931448783e+00
1.002931641554167363e+00
1.002921925175622286e+00
1.002905640712590474e+00
1.002864746540895080e+00
1.002836336990402533e+00
1.002786382583977343e+00
1.002780424718562102e+00
1.002771804324926297e+00
1.002763543707906768e+00
1.002750807950871126e+00
1.002738948025601484e+00
1.002719890342251619e+00
1.002707038446947863e+00
1.002688311322857739e+00
1.002640178857197251e+00
1.002618343736783046e+00
1.002585493937479200e+00
1.002578570442723249e+00
1.002576674566839410e+00
1.002558467358656946e+00
1.002511907083723841e+00
1.002499592586123089e+00
1.002490876462506675e+00
1.002460497619047430e+00
1.002439627139138478e+00
1.002421149981385984e+00
1.002405883010159870e+00
1.002387260963077953e+00
1.002382816448385006e+00
1.002369431042649417e+00
1.002352575402170265e+00
1.002334365254209825e+00
1.002323850405625549e+00
1.002316454360164588e+00
1.002314929659459564e+00
1.002292308516320229e+00
1.002278361711323562e+00
1.002265856729366300e+00
1.002257282859394749e+00
1.002253964900904348e+00
1.002251957295190454e+00
1.002236571117929964e+00
1.002215301452114904e+00
1.002201418286806422e+00
1.002188229407181330e+00
1.002159938049934418e+00
1.002143108565740182e+00
1.002131797249076417e+00
1.002103741120131231e+00
1.002088920266237970e+00
1.002079443777516454e+00
1.002068064650903256e+00
1.002052991331191745e+00
1.002039761392148121e+00
1.002030521456317880e+00
1.002020602435865548e+00
1.001975485031410207e+00
1.001952060699583313e+00
1.001944860288610517e+00
1.001934669540508693e+00
1.001926704161045123e+00
1.001903631562227170e+00
1.001891910084569792e+00
1.001872371373417447e+00
1.001843786315380624e+00
1.001832759886750468e+00
1.001824519351805165e+00
1.001819983799961289e+00
1.001810745071428865e+00
1.001806623394124962e+00
1.001792552054998842e+00
1.001780040566075725e+00
1.001760543990556140e+00
1.001739279914141800e+00
1.001733147767767562e+00
1.001722300671699761e+00
1.001720153935754754e+00
1.001714260216888253e+00
1.001694880504894414e+00
1.001675632760722134e+00
1.001667218759063172e+00
1.001661078582305020e+00
1.001652829123652166e+00
1.001634134691424372e+00
1.001601782789049988e+00
1.001598633357559498e+00
1.001591883879896283e+00
1.001583699793339388e+00
1.001578061930074037e+00
1.001575219888340529e+00
1.001559083643287273e+00
1.001554027702081795e+00
1.001551010398769037e+00
1.001522575912340063e+00
1.001517754329796617e+00
1.001511736755548165e+00
1.001495176696622691e+00
1.001487656052831854e+00
1.001486000012197453e+00
1.001474162391060796e+00
1.001468444871849162e+00
1.001446223536950786e+00
1.001437901866624847e+00
1.001435816812202173e+00
1.001424536641020158e+00
1.001416622559489822e+00
1.001407719085510406e+00
1.001392754512719474e+00
1.001387598784215349e+00
1.001372280923788827e+00
1.001360180159751367e+00
1.001358206543199181e+00
1.001354778945213297e+00
1.001340893967403112e+00
1.001336902566448250e+00
1.001327053304746473e+00
1.001309721075584358e+00
1.001292810124068344e+00
1.001285432257721153e+00
1.001277801306964310e+00
1.001273613727605039e+00
1.001271288112313806e+00
1.001263169726894997e+00
1.001257263723710711e+00
1.001252591863855734e+00
1.001246682668477606e+00
1.001221056449474123e+00
1.001212622168043520e+00
1.001205048046132973e+00
1.001195421957361775e+00
1.001191212758247628e+00
1.001186884962624868e+00
1.001176380651257913e+00
1.001162082306777057e+00
1.001154006194760582e+00
1.001152468294873810e+00
1.001149622658301430e+00
1.001143664479873463e+00
1.001138601615693347e+00
1.001136240866590477e+00
1.001131630936378247e+00
1.001128649270903725e+00
1.001120187907232673e+00
1.001111904919611328e+00
1.001095862242284529e+00
1.001091152927664263e+00
1.001083996632537110e+00
1.001080382891736287e+00
1.001068020458036667e+00
1.001047441120564985e+00
1.001040807389977472e+00
1.001028637049000025e+00
1.001011103600091712e+00
1.001008887803400027e+00
1.000998694866348515e+00
1.000993722650865614e+00
1.000988644167648767e+00
1.000980107188212731e+00
1.000973746602571879e+00
1.000972516058505235e+00
1.000970977883078206e+00
1.000964413573234735e+00
1.000961253131169570e+00
1.000959951707062867e+00
1.000943366535334444e+00
1.000931298792237190e+00
1.000929726864149716e+00
1.000922444248863785e+00
1.000918172148262286e+00
1.000913968347615146e+00
1.000912187480172744e+00
1.000892554053363748e+00
1.000882920286096267e+00
1.000878620451977508e+00
1.000871830398261553e+00
1.000867848851165087e+00
1.000860104399823758e+00
1.000850901891987332e+00
1.000848814192617731e+00
1.000841696784349644e+00
1.000826998514396493e+00
1.000821166585371458e+00
1.000818039748350818e+00
1.000813560243504208e+00
1.000809374809556562e+00
1.000806641703622990e+00
1.000793966401385404e+00
1.000786002061233360e+00
1.000783501255496200e+00
1.000776967005540197e+00
1.000771844675053313e+00
1.000770197085812496e+00
1.000756007890450938e+00
1.000746329410010516e+00
1.000744244401726935e+00
1.000743094541591383e+00
1.000737032597193155e+00
1.000733638665150416e+00
1.000731514525679655e+00
1.000721398048937338e+00
1.000712676143347357e+00
1.000705325424470660e+00
1.000699055453088127e+00
1.000697407635142255e+00
1.000690437232341079e+00
1.000678538337262724e+00
1.000671160280242278e+00
1.000664078415724134e+00
1.000663793496953780e+00
1.000655044638879998e+00
1.000647604952704661e+00
1.000644989443215671e+00
1.000641450512051334e+00
1.000628124345874337e+00
1.000623669991630438e+00
1.000622268701872652e+00
1.000614051942684934e+00
1.000609087235089234e+00
1.000602263324947394e+00
1.000597633604532799e+00
1.000593480531538182e+00
1.000585957631551670e+00
1.000580794602751622e+00
1.000577260500175036e+00
1.000575195958148811e+00
1.000567994267387295e+00
1.000561462632320486e+00
1.000560873839322351e+00
1.000559010888977252e+00
1.000557384267695582e+00
1.000551308986839416e+00
1.000549526995109906e+00
1.000544235929280212e+00
1.000540053823540942e+00
1.000536884154175743e+00
1.000528483165433080e+00
1.000526373241839906e+00
1.000521433706130559e+00
1.000514883488320850e+00
1.000514522290779418e+00
1.000506786217727928e+00
1.000501846603339073e+00
1.000500731342012672e+00
1.000498856346031307e+00
1.000494969431054315e+00
1.000490388465277158e+00
1.000471896864845167e+00
1.000468807091394075e+00
1.000465914076771323e+00
1.000463588473341048e+00
1.000459848587359701e+00
1.000457728190643047e+00
1.000455099202097742e+00
1.000450757521912148e+00
1.000447987823957607e+00
1.000445528062456013e+00
1.000445183672981075e+00
1.000444494200996903e+00
1.000439503947623709e+00
1.000435443113641298e+00
1.000433202629231966e+00
1.000427575401487079e+00
1.000417546749655440e+00
1.000406661660792729e+00
1.000404966662145734e+00
1.000399095536408822e+00
1.000398162965720150e+00
1.000395880672125815e+00
1.000392198549518996e+00
1.000387357196493188e+00
1.000385488143060053e+00
1.000382097188253328e+00
1.000374338085096015e+00
1.000372021477952122e+00
1.000370812965772016e+00
1.000368567783489260e+00
1.000364255928400947e+00
1.000360041598316929e+00
1.000356743561531481e+00
1.000352594145034857e+00
1.000350647815275273e+00
1.000346721009453876e+00
1.000345899419479823e+00
1.000343669647603129e+00
1.000342983675833519e+00
1.000341058892718404e+00
1.000333861529959956e+00
1.000333393978763086e+00
1.000328880689732358e+00
1.000328279850255297e+00
1.000324598770394147e+00
1.000318209378102452e+00
1.000314021467278769e+00
1.000304960341945160e+00
1.000304375240546495e+00
1.000301342924299286e+00
1.000297286825645893e+00
1.000295728232843961e+00
1.000293214893152038e+00
1.000289173994843850e+00
1.000287098570456168e+00
1.000285465902673421e+00
1.000284929970740144e+00
1.000281557696762968e+00
1.000280339247565653e+00
1.000276629926096117e+00
1.000269489109599341e+00
1.000267144922729612e+00
1.000265854331110482e+00
1.000263285150822190e+00
1.000255991098223829e+00
1.000253281654475801e+00
1.000248759097264628e+00
1.000245307584132881e+00
1.000244499168157830e+00
1.000242754997391792e+00
1.000241529148773845e+00
1.000239970520608201e+00
1.000234403334295585e+00
1.000229390825744691e+00
1.000228020915736593e+00
1.000226525334248162e+00
1.000225626603946205e+00
1.000219091794541715e+00
1.000215951803108627e+00
1.000214159533896918e+00
1.000211157614391944e+00
1.000207546578203655e+00
1.000205392385587144e+00
1.000203864832601930e+00
1.000202281706154217e+00
1.000201490041054520e+00
1.000200693621867920e+00
1.000199765036788868e+00
1.000199222176707092e+00
1.000198564612271968e+00
1.000196637701249891e+00
1.000195559728670247e+00
1.000194065446452063e+00
1.000191257446365167e+00
1.000188654214948070e+00
1.000188192881839244e+00
1.000187296117845515e+00
1.000184039113885648e+00
1.000183276274641653e+00
1.000178460157205684e+00
1.000177591376676833e+00
1.000176712759738962e+00
1.000175612814950377e+00
1.000174140299323611e+00
1.000171875641806984e+00
1.000171141911092132e+00
1.000169065013386316e+00
1.000165982898888917e+00
1.000163515724585617e+00
1.000161574851662127e+00
1.000160282998817651e+00
1.000159062168356261e+00
1.000156362145722566e+00
1.000153601246789759e+00
1.000152543668042737e+00
1.000147739487973642e+00
1.000144653830005170e+00
1.000143467809315068e+00
1.000141078506436854e+00
1.000138768594273975e+00
1.000136485859370872e+00
1.000132387027395486e+00
1.000132036155370274e+00
1.000130505482690335e+00
1.000128495746046786e+00
1.000127677467040899e+00
1.000127099005247100e+00
1.000126005142759400e+00
1.000122796319746765e+00
1.000122509673902371e+00
1.000120296689117838e+00
1.000118138684882974e+00
1.000117293207721803e+00
1.000114596767939901e+00
1.000113637664421073e+00
1.000110909789120539e+00
1.000109170838516803e+00
1.000108202990327877e+00
1.000106511559521349e+00
1.000103125658700742e+00
1.000102098185093880e+00
1.000100476283163786e+00
1.000100226822683513e+00
1.000098915762370089e+00
1.000098441275774075e+00
1.000095685899124565e+00
1.000094801272723100e+00
1.000093316464002680e+00
1.000092045389646911e+00
1.000088882450219652e+00
1.000088300072653702e+00
1.000087186497510494e+00
1.000085694195543384e+00
1.000084712210012272e+00
1.000082703188453603e+00
1.000082430542423850e+00
1.000078871362807931e+00
1.000077299995302704e+00
1.000075573141570917e+00
1.000070988627146384e+00
1.000070411784403923e+00
1.000069188606337978e+00
1.000067680108906343e+00
1.000066562527796021e+00
1.000065238230557707e+00
1.000064658036462273e+00
1.000061923962434429e+00
1.000060790778309228e+00
1.000059106295342781e+00
1.000058419952817301e+00
1.000058161112403088e+00
1.000055387096918436e+00
1.000054121836129628e+00
1.000053978846208613e+00
1.000053129023348975e+00
1.000052864794975127e+00
1.000051535226684774e+00
1.000051341129088778e+00
1.000049383347367371e+00
1.000048286815972576e+00
1.000047277921020994e+00
1.000044983263917109e+00
1.000043792092176753e+00
1.000043613192864722e+00
1.000041327600354579e+00
1.000040834048459448e+00
1.000038008819753133e+00
1.000037734844289483e+00
1.000037421839374829e+00
1.000037128406775055e+00
1.000035244798733292e+00
1.000034460725577778e+00
1.000033623338058675e+00
1.000033276226667267e+00
1.000030818905030650e+00
1.000030258099763980e+00
1.000030098423861702e+00
1.000028853014069297e+00
1.000028059092933574e+00
1.000025388466001086e+00
1.000025098031997350e+00
1.000023374117553709e+00
1.000023201563221553e+00
1.000022792486012113e+00
1.000021768474375294e+00
1.000021055461753905e+00
1.000019713986167291e+00
1.000017520765795309e+00
1.000016349858785958e+00
1.000016121093046717e+00
1.000015752575239336e+00
1.000015470369372217e+00
1.000014214014568470e+00
1.000013515810460163e+00
1.000012721972466156e+00
1.000012547895449355e+00
1.000012314972628547e+00
1.000011936603176332e+00
1.000010670999325280e+00
1.000010043298358076e+00
1.000009734667384409e+00
1.000009601992872810e+00
1.000009439539274680e+00
1.000008628662854004e+00
1.000008189566604644e+00
1.000007358796191959e+00
1.000005567946325113e+00
1.000004508543137938e+00
1.000003948986531999e+00
1.000003418955421441e+00
1.000003272057135906e+00
1.000002285560832371e+00
1.000001535025988542e+00
1.000001462413843800e+00
1.000001107861340444e+00
1.000000649706985545e+00
9.999997494330775671e-01
9.999992922730965850e-01
9.999991448678740014e-01
9.999966468338292724e-01
9.999953270757522272e-01
9.999947567765951062e-01
9.999936854725787194e-01
9.999931297603502633e-01
9.999928279056663483e-01
9.999924137700069160e-01
9.999922776242541334e-01
9.999919571930036000e-01
9.999915124356810736e-01
9.999904898206831705e-01
9.999893657872679364e-01
9.999888573971539296e-01
9.999881519613860181e-01
9.999881323899525443e-01
9.999877292639227644e-01
9.999870149574747735e-01
9.999869046870456524e-01
9.999857753732122045e-01
9.999846581266698120e-01
9.999840108022292062e-01
9.999830238164600926e-01
9.999827619978433058e-01
9.999824779463123425e-01
9.999804530522512502e-01
9.999801102704708455e-01
9.999794246138273834e-01
9.999771344606819268e-01
9.999760638610566410e-01
9.999758536087324234e-01
9.999752092560199035e-01
9.999737112898899882e-01
9.999728537949016394e-01
9.999719612741975183e-01
9.999705097815723143e-01
9.999694778879372192e-01
9.999684560959442026e-01
9.999670111929966909e-01
9.999665889235748173e-01
9.999658602204393176e-01
9.999621710733187507e-01
9.999600894917822780e-01
9.999593513845537185e-01
9.999585694303690930e-01
9.999584473484224301e-01
9.999568031559350478e-01
9.999562216727104769e-01
9.999553541243131338e-01
9.999550821390676969e-01
9.999540992660813643e-01
9.999530882269404009e-01
9.999524085978264143e-01
9.999519049091227796e-01
9.999513656024660024e-01
9.999495709451166059e-01
9.999493877499787686e-01
9.999484497024861973e-01
9.999474056597967841e-01
9.999425092765201750e-01
9.999395107744929456e-01
9.999385891030001527e-01
9.999382235113577488e-01
9.999360181316788720e-01
9.999342971834874749e-01
9.999334718739679717e-01
9.999326289744082663e-01
9.999290283364399290e-01
9.999266378508742115e-01
9.999246493547906400e-01
9.999235818647264074e-01
9.999231036464096833e-01
9.999209577340644195e-01
9.999209131567312614e-01
9.999185767957522453e-01
9.999173601572931558e-01
9.999159414473434149e-01
9.999152875038557209e-01
9.999119635500669512e-01
9.999104646651538753e-01
9.999088273033835961e-01
9.999080302409356635e-01
9.999066225672326169e-01
9.999064826404916451e-01
9.999052612728532852e-01
9.999042696568474220e-01
9.998989596184019168e-01
9.998941613503798953e-01
9.998918228543599573e-01
9.998904316908516776e-01
9.998902355640663098e-01
9.998891751493104163e-01
9.998834285210776995e-01
9.998827366072848832e-01
9.998821543511533516e-01
9.998792437655008580e-01
9.998761941763958383e-01
9.998753769546172565e-01
9.998729062860003403e-01
9.998706312898644200e-01
9.998674388074305641e-01
9.998657603340619371e-01
9.998586251887254805e-01
9.998544045654642609e-01
9.998511338658215841e-01
9.998508614913760306e-01
9.998497143222020433e-01
9.998453962162714426e-01
9.998428991699607193e-01
9.998391477931556359e-01
9.998362381653449482e-01
9.998318482313811595e-01
9.998303500106829889e-01
9.998262749621692480e-01
9.998236737031748200e-01
9.998220612888942815e-01
9.998203356357509008e-01
9.998184407628154524e-01
9.998179031466432054e-01
9.998146119795910947e-01
9.998092992756356656e-01
9.998084266546325427e-01
9.998076151050099281e-01
9.998054370263206314e-01
9.998033205081477970e-01
9.998016027906806436e-01
9.997957222990474513e-01
9.997945717618748063e-01
9.997934726810638884e-01
9.997926725018271288e-01
9.997881133775198270e-01
9.997856708424490702e-01
9.997801274786392023e-01
9.997787574667785782e-01
9.997758234433731239e-01
9.997720025526017906e-01
9.997703001031531533e-01
9.997689391615878218e-01
9.997640169145181055e-01
9.997560574411399337e-01
9.997461456437981564e-01
9.997434173538736202e-01
9.997422432534869285e-01
9.997360053327941642e-01
9.997314180839169673e-01
9.997282482464252551e-01
9.997218110607006825e-01
9.997156579156751821e-01
9.997068515956551993e-01
9.997028505788901898e-01
9.996979446730862584e-01
9.996949474991183582e-01
9.996922728207816577e-01
9.996860232669153579e-01
9.996839028510835501e-01
9.996823727461915388e-01
9.996802914323961176e-01
9.996764044578626551e-01
9.996755556631958806e-01
9.996748346335335711e-01
9.996720734425270649e-01
9.996686417669243818e-01
9.996655002496407372e-01
9.996514444313084891e-01
9.996460552367980590e-01
9.996449389046003775e-01
9.996408560236590413e-01
9.996314721117536273e-01
9.996294141411837808e-01
9.996243269505690199e-01
9.996202091307099247e-01
9.996176678691187645e-01
9.996166785229569918e-01
9.996083689254021687e-01
9.995983392839195014e-01
9.995976245793203319e-01
9.995942688474835913e-01
9.995808558815988398e-01
9.995751331677601437e-01
9.995732931732679294e-01
9.995704823058687571e-01
9.995602247909480820e-01
9.995576075097969415e-01
9.995563032767549316e-01
9.995501582190056133e-01
9.995451586741512795e-01
9.995442927010631529e-01
9.995340506120523605e-01
9.995330065984927570e-01
9.995320947807947443e-01
9.995267952514216292e-01
9.995228641357725152e-01
9.995149503038673888e-01
9.995146309962218423e-01
9.995117179604955382e-01
9.995076393191015818e-01
9.994972060464289987e-01
9.994956921446527254e-01
9.994926157701681246e-01
9.994795245869656508e-01
9.994780556643180214e-01
9.994739036333116777e-01
9.994651946799339992e-01
9.994615780889017920e-01
9.994547696484586963e-01
9.994537456787380147e-01
9.994515326638949704e-01
9.994465721343414044e-01
9.994407304989774143e-01
9.994153039047306564e-01
9.994136159747590842e-01
9.994000297315134285e-01
9.993975272765265316e-01
9.993919729421341103e-01
9.993880348480135289e-01
9.993799547848555287e-01
9.993764342215472052e-01
9.993763322331968846e-01
9.993604091152803459e-01
9.993567270478979081e-01
9.993516945266029960e-01
9.993510479086614717e-01
9.993469883305903245e-01
9.993425540678408936e-01
9.993406544661316282e-01
9.993356486077357159e-01
9.993271457930033019e-01
9.993189236701516265e-01
9.992993441034012658e-01
9.992975945138941052e-01
9.992939974273674641e-01
9.992884047649789325e-01
9.992862820653535261e-01
9.992738912300624943e-01
9.992684488219564232e-01
9.992661482891169733e-01
9.992549523655429589e-01
9.992536770805120483e-01
9.992519245015885065e-01
9.992411647545783593e-01
9.992230750911369475e-01
9.992223872001427809e-01
9.992179532498136618e-01
9.992165712470331140e-01
9.992047738031970550e-01
9.992042607104416607e-01
9.991987852755893629e-01
9.991877011214361781e-01
9.991756094963438750e-01
9.991658472864456408e-01
9.991611694480786454e-01
9.991553622021526193e-01
9.991525440715122164e-01
9.991438824429036414e-01
9.991418729823594580e-01
9.991396313530223061e-01
9.991306365629917252e-01
9.991210499225745556e-01
9.991137055466677852e-01
9.991050980264145620e-01
9.991024974118472013e-01
9.990930307054085580e-01
9.990817710071973057e-01
9.990728692145161016e-01
9.990690711396517099e-01
9.990529430573460434e-01
9.990373679514211736e-01
9.990132472262350793e-01
9.990110569657636441e-01
9.990057900498848786e-01
9.989969775252287576e-01
9.989882473326079371e-01
9.989803311728315816e-01
9.989755373224054047e-01
9.989730102154201763e-01
9.989615958728615963e-01
9.989591541388996854e-01
9.989489881959346951e-01
9.989327892036560241e-01
9.989253075012662908e-01
9.989217142971691388e-01
9.989203943200618552e-01
9.989020189027257857e-01
9.988958264642159302e-01
9.988778606676679273e-01
9.988540129932194089e-01
9.988418542232467834e-01
9.988312225218730633e-01
9.988282328205329019e-01
9.988256513001447789e-01
9.988159438942459944e-01
9.988006919765366476e-01
9.987908689700748521e-01
9.987816038070711500e-01
9.987748287011074533e-01
9.987649863099498093e-01
9.987549556844531606e-01
9.987431108722744089e-01
9.987289807540465914e-01
9.987255548093588731e-01
9.987019446861139516e-01
9.986930181521871397e-01
9.986918138810567669e-01
9.986620405994729444e-01
9.986566880166098947e-01
9.986512288401769855e-01
9.986445503900127640e-01
9.986080192859523308e-01
9.986047622528305689e-01
9.986017194604659419e-01
9.985930069265867015e-01
9.985734729164615908e-01
9.985641856997932164e-01
9.985614833103807486e-01
9.985499503699695190e-01
9.985481629876511445e-01
9.985293487594498751e-01
9.985282933848941278e-01
9.985235123020003156e-01
9.984953453489562314e-01
9.984718966888084246e-01
9.984673609486935941e-01
9.984542578588809780e-01
9.984395496951259386e-01
9.984362703060262190e-01
9.984120185964987515e-01
9.983974949975645830e-01
9.983718380831110295e-01
9.983707417938741946e-01
9.983657370797063280e-01
9.983381991067727945e-01
9.983329383156167580e-01
9.983315327375910098e-01
9.983151545023551954e-01
9.983070959723695514e-01
9.982959263453159426e-01
9.982713378473113686e-01
9.982589716290583004e-01
9.982562691386165366e-01
9.982158194188229805e-01
9.982154077754048505e-01
9.982048643018994749e-01
9.981936771321348045e-01
9.981547985141393520e-01
9.981265651441632025e-01
9.981207101730522613e-01
9.981126453629326489e-01
9.981034684257373835e-01
9.980995571444019054e-01
9.980903656229864751e-01
9.980555498060096342e-01
9.980517862481750324e-01
9.980337812662531949e-01
9.980091042628284059e-01
9.979994225675885566e-01
9.979919123187619423e-01
9.979716256088703163e-01
9.979647842539942637e-01
9.979417320441839045e-01
9.979156525472594463e-01
9.978994876171154438e-01
9.978615187040884571e-01
9.978503385799956105e-01
9.978471138564950493e-01
9.978413490651166784e-01
9.978342953639086632e-01
9.978246060252281557e-01
9.977775085149036549e-01
9.977285397613983031e-01
9.977250550661513895e-01
9.977013723378562737e-01
9.976657357725017272e-01
9.976364796589169970e-01
9.976172743497140338e-01
9.976033600992266770e-01
9.976003926305135883e-01
9.975810936050539812e-01
9.975693149719060404e-01
9.975472704607775132e-01
9.975297634415807302e-01
9.975112421613411273e-01
9.975027564460402507e-01
9.974787117572807560e-01
9.974776942738152741e-01
9.974345771881345524e-01
9.974239833726318283e-01
9.973920353972470787e-01
9.973679003918334285e-01
9.973596760745186973e-01
9.973272800494134005e-01
9.972907010938673045e-01
9.972856859344751967e-01
9.972521775632605667e-01
9.972367538611166538e-01
9.972332021901859633e-01
9.972250720575112082e-01
9.972047513540536201e-01
9.971706713215995332e-01
9.971283227907790092e-01
9.971172420570407757e-01
9.971130262505485398e-01
9.970627969655185829e-01
9.970234520915329801e-01
9.969906314542403836e-01
9.969675145693691620e-01
9.969605608005080999e-01
9.969492042695400347e-01
9.968710807470229085e-01
9.967841548077986946e-01
9.967373955629188487e-01
9.967095773133817227e-01
9.966472244341481046e-01
9.966434065311480239e-01
9.966405488735421425e-01
9.965974533418282544e-01
9.965927927382881579e-01
9.965365198577144090e-01
9.964855061957405002e-01
9.964676192309078750e-01
9.963887060734241130e-01
9.963314401571973233e-01
9.963130118109281286e-01
9.963037332634762100e-01
9.962655847102814821e-01
9.962228429049402312e-01
9.962114383357077996e-01
9.962012927495077497e-01
9.961437049431620672e-01
9.961414123942086141e-01
9.961029992929852916e-01
9.960737954888654322e-01
9.959841692270501312e-01
9.959465144495166511e-01
9.959449311165172736e-01
9.959042631760984809e-01
9.958610719240286180e-01
9.958304933329343855e-01
9.957978074970289528e-01
9.957634062501846683e-01
9.957521245406314447e-01
9.956766773417080607e-01
9.955978538918887066e-01
9.955971987672922463e-01
9.955328285643384456e-01
9.955159451702019213e-01
9.954809343758630469e-01
9.954161189070145355e-01
9.952605943592943705e-01
9.952311898690561209e-01
9.951993298006940325e-01
9.951192019372784303e-01
9.950947246555533754e-01
9.949568803824008212e-01
9.949049080803288314e-01
9.947353077360309159e-01
9.947039469901044484e-01
9.946867624877715475e-01
9.945450509057457422e-01
9.945062129993643696e-01
9.944773956853931729e-01
9.944627547686245572e-01
9.944306916006681041e-01
9.943128775078721171e-01
9.942888880854187095e-01
9.942637973743080337e-01
9.942464330037485976e-01
9.941456961827505046e-01
9.940270734014866605e-01
9.939857699023936233e-01
9.939223982233901244e-01
9.939120599873719764e-01
9.938374320459730793e-01
9.938248614041528262e-01
9.937717495937425927e-01
9.936530420594624768e-01
9.935180515687931369e-01
9.935053202809190909e-01
9.933995562651103395e-01
9.932459694242899984e-01
9.932443638173654721e-01
9.931469408347722849e-01
9.931071189964417734e-01
9.930620063859519897e-01
9.929816005613737451e-01
9.929514767186716773e-01
9.928162102204545203e-01
9.927885360565537054e-01
9.927759892295375810e-01
9.927095772716308941e-01
9.926836449865769074e-01
9.925835499826153319e-01
9.924050554288615933e-01
9.922755831810923244e-01
9.921951123015950724e-01
9.920661552909122438e-01
9.918898925341529393e-01
9.917411145969045050e-01
9.916109506768605586e-01
9.915590892470546036e-01
9.914833392020641067e-01
9.914326858798137021e-01
9.913936664433512513e-01
9.912722264849863629e-01
9.912019291687490519e-01
9.911844641255139754e-01
9.910708797764327116e-01
9.910661601747613458e-01
9.909559507222513997e-01
9.908301403484732761e-01
9.907802680628593484e-01
9.906909472579273901e-01
9.906238899785749785e-01
9.905261382211306698e-01
9.904875591430433168e-01
9.900877129821773481e-01
9.900734684385675832e-01
9.900261279919927437e-01
9.899251448951877919e-01
9.898796970381431581e-01
9.897621454427589782e-01
9.896042843694325963e-01
9.895768426770807924e-01
9.894592512454888356e-01
9.893420435267229474e-01
9.891801943078876169e-01
9.890125803525823267e-01
9.889105359678181939e-01
9.888765344987501260e-01
9.886768998433967948e-01
9.884138668709181452e-01
9.882826653708828291e-01
9.881936913713029735e-01
9.878859545228468875e-01
9.878368581003097448e-01
9.876575283633606261e-01
9.876168466419733560e-01
9.873865216721572358e-01
9.872101508864479236e-01
9.866300525998423776e-01
9.861538803827699651e-01
9.860810669620621027e-01
9.860155968793052894e-01
9.859552656416027405e-01
9.859375037286903787e-01
9.854261075703196759e-01
9.849173431295493719e-01
9.846498345229639515e-01
9.839384620471476328e-01
9.837179683790704399e-01
9.836732117453624857e-01
9.836096131270355425e-01
9.834746534999000422e-01
9.833926637078012067e-01
9.832209504114272081e-01
9.827053194074656384e-01
9.822271059395762949e-01
9.818915480594724299e-01
9.812196881341210819e-01
9.811254878141388858e-01
9.804256201723320352e-01
9.804185931484528105e-01
9.798222606710650373e-01
9.797432445614258079e-01
9.788034293561268528e-01
9.785353079409360166e-01
9.780538048727497324e-01
9.775667190390846528e-01
9.773026120870772493e-01
9.768973636479075795e-01
9.767849036963305309e-01
9.763129799644826301e-01
9.760612588627244346e-01
9.746526074450209132e-01
9.720028806916882758e-01
9.718965868025918331e-01
9.702814743532645059e-01
9.702652421998488874e-01
9.660128534253938914e-01
9.659632388685274185e-01
9.650273289133725063e-01
9.635470076980620080e-01
9.621483846036709142e-01
9.613513440066914217e-01
9.586587039953784473e-01
9.573098370136211566e-01
9.563850498153911861e-01
9.562251808593894564e-01
9.535009279516853953e-01
9.532583543516199853e-01
9.526770950098802926e-01
9.506598650805363482e-01
9.456319434176554406e-01
