1.160388163353960556e+00
1.158012937160337597e+00
1.150183351373234908e+00
1.135157405777241557e+00
1.130635616439295221e+00
1.125693682631078829e+00
1.125613167621398736e+00
1.125028877997962029e+00
1.123712623236301722e+00
1.119902867083175879e+00
1.118199902520993660e+00
1.115444606226525970e+00
1.113333837601594878e+00
1.112347519981214061e+00
1.111783687414145794e+00
1.108817508633673565e+00
1.106281786795178412e+00
1.105309385520038656e+00
1.104771601619404464e+00
1.103295287254290047e+00
1.099503188737049442e+00
1.096741846459265757e+00
1.096373639072805384e+00
1.094230507198105995e+00
1.090300995555878671e+00
1.089425878398797343e+00
1.087935089155012358e+00
1.087754648260232049e+00
1.086349875614698757e+00
1.085326533905316415e+00
1.084754437563404172e+00
1.082260391731912463e+00
1.080594746795676908e+00
1.079030604499801038e+00
1.077563262805955935e+00
1.077384826272079321e+00
1.076213113812406474e+00
1.076072566099482986e+00
1.075099322045627304e+00
1.072966608252423626e+00
1.072659414107413944e+00
1.071652412637655427e+00
1.069669514167485236e+00
1.068933123529007601e+00
1.068110171820823684e+00
1.066907648285872146e+00
1.066473751834075223e+00
1.065929703020104036e+00
1.065393294971098026e+00
1.064365411519366811e+00
1.064029194019627589e+00
1.063802507674170394e+00
1.063329452226281946e+00
1.061895457706609314e+00
1.060432094886922361e+00
1.059929200604976973e+00
1.059726223651269450e+00
1.058937438615390025e+00
1.058696421668383847e+00
1.057577542081880706e+00
1.056664310296829834e+00
1.056475045947041114e+00
1.055318454904612180e+00
1.054195453165685414e+00
1.053733234901313098e+00
1.053213266999486697e+00
1.052999181937649631e+00
1.051918778876759442e+00
1.051421222740689609e+00
1.051031098416182585e+00
1.050908747513658037e+00
1.049946935977826845e+00
1.049426803288421306e+00
1.049006111679893882e+00
1.047999179223286337e+00
1.047011475590128526e+00
1.046790336303716096e+00
1.046354358825472675e+00
1.045302529329615870e+00
1.044833068382160279e+00
1.044155189897926883e+00
1.043524963071067013e+00
1.043458461090513545e+00
1.042549826008646097e+00
1.042056910758883959e+00
1.041609817986581366e+00
1.041437803290546693e+00
1.040540224217111120e+00
1.040438693577062423e+00
1.040123108133166774e+00
1.039614521016984927e+00
1.039305174440237067e+00
1.038658168304804619e+00
1.037882537078340661e+00
1.037632658241080197e+00
1.037562154453607555e+00
1.036919340023713776e+00
1.036466900669105184e+00
1.036326832720028568e+00
1.035739049657403266e+00
1.035558645357214536e+00
1.034431149252418969e+00
1.034040154489380248e+00
1.033883991050769779e+00
1.033800992305117461e+00
1.033281971191761128e+00
1.032698159374709768e+00
1.032277223106352837e+00
1.031852228926988913e+00
1.031709415744334279e+00
1.031019005864641125e+00
1.030494195920212519e+00
1.030290465089876317e+00
1.029998822665127323e+00
1.029892571844692961e+00
1.028968779599675809e+00
1.028850925460093491e+00
1.028663213092282369e+00
1.028462051850202785e+00
1.028141635236002438e+00
1.027960407488725636e+00
1.027525175708100313e+00
1.027083251202982606e+00
1.026902201283344418e+00
1.026742558494970980e+00
1.026440455148433850e+00
1.026040487493301789e+00
1.025870121800297685e+00
1.025817145151550092e+00
1.025605380998508842e+00
1.025415042840958302e+00
1.024758975125744875e+00
1.024096434413047874e+00
1.023661056494986177e+00
1.023079988987190658e+00
1.022973437162702171e+00
1.022844557519569264e+00
1.022728153564549824e+00
1.022640718098192680e+00
1.022577863106137519e+00
1.022464209352267561e+00
1.022313570662170434e+00
1.021785947562751984e+00
1.021638552171305836e+00
1.020965748440785692e+00
1.020895137492251914e+00
1.020859339230795415e+00
1.020753514724868749e+00
1.020664878571113876e+00
1.020552302284424950e+00
1.020352817748643837e+00
1.020163184945572787e+00
1.019978148735473988e+00
1.019773160372239085e+00
1.019433636056080505e+00
1.019294208614222930e+00
1.019134134243877998e+00
1.018799213905844381e+00
1.018469872420547873e+00
1.018393599911984415e+00
1.018286220135984799e+00
1.018082121248618410e+00
1.017767761124378945e+00
1.017533149882599242e+00
1.017325417622481298e+00
1.017032419541533894e+00
1.016971948761314470e+00
1.016755981429084965e+00
1.016478302584530757e+00
1.016366924983351572e+00
1.016178469095086578e+00
1.016135425186945884e+00
1.015894557925868469e+00
1.015760245563573472e+00
1.015704783886722584e+00
1.015598847355271062e+00
1.015527400325789698e+00
1.015401250331671612e+00
1.015191183260073515e+00
1.015050815368124804e+00
1.014935398335609529e+00
1.014835678052524282e+00
1.014703889753042709e+00
1.014601659217599927e+00
1.014505396852700692e+00
1.014307572711547145e+00
1.014229277094004456e+00
1.014085710774468296e+00
1.013981972610289217e+00
1.013903110627269566e+00
1.013861614836209402e+00
1.013818927410709669e+00
1.013796323044487524e+00
1.013691750989947904e+00
1.013667483960252413e+00
1.013477750451359016e+00
1.013408770141970283e+00
1.013331982264324083e+00
1.013099607285334880e+00
1.013057715992239594e+00
1.012910154996374379e+00
1.012678016315555984e+00
1.012613594267761208e+00
1.012529233810380846e+00
1.012430893169796953e+00
1.012404079618559605e+00
1.012209824139176151e+00
1.012181320194344369e+00
1.012128993062768156e+00
1.012037792095519695e+00
1.011931696279720239e+00
1.011882676044556506e+00
1.011789903303507376e+00
1.011729082834986970e+00
1.011496972511357617e+00
1.011462695994647776e+00
1.011428656598556186e+00
1.011200612719326486e+00
1.011058408116051410e+00
1.010999749419136284e+00
1.010967605984488094e+00
1.010901032291509072e+00
1.010749435729570544e+00
1.010667534638002296e+00
1.010548889601141864e+00
1.010414419608326231e+00
1.010294603965954385e+00
1.010258981142503565e+00
1.010157590810023542e+00
1.010128017511865206e+00
1.010083960990537877e+00
1.009924243301615343e+00
1.009818089449831424e+00
1.009778886210306537e+00
1.009706076817454168e+00
1.009541277704244289e+00
1.009456314568342838e+00
1.009355762775087761e+00
1.009280243090175500e+00
1.009270112535009201e+00
1.009238578990159896e+00
1.009176788404788194e+00
1.009138749273911229e+00
1.009052302186723926e+00
1.009011073560083460e+00
1.008947659243056183e+00
1.008844186481531180e+00
1.008826989893689463e+00
1.008687421634669734e+00
1.008655488632878683e+00
1.008636424405325416e+00
1.008625744144499015e+00
1.008527196900415035e+00
1.008466404212161605e+00
1.008413386054261451e+00
1.008345918551213805e+00
1.008270512271095098e+00
1.008226494856337974e+00
1.008100965888479195e+00
1.008064038215892078e+00
1.008045654953822590e+00
1.007930182348774961e+00
1.007813550993439167e+00
1.007690967157009343e+00
1.007674622113022167e+00
1.007643973810465221e+00
1.007593272040993915e+00
1.007418121217908302e+00
1.007394672192314378e+00
1.007363729363127680e+00
1.007290170709351784e+00
1.007197937606691518e+00
1.007163583985358768e+00
1.007104465050649766e+00
1.007060649391513740e+00
1.007053251592041176e+00
1.006958982946926984e+00
1.006894682649592809e+00
1.006822126107993931e+00
1.006747328453427848e+00
1.006742501847040838e+00
1.006708159571973793e+00
1.006646527279680958e+00
1.006614285229005201e+00
1.006573863176634998e+00
1.006564385049041999e+00
1.006535458976451025e+00
1.006519496056186069e+00
1.006468783691304436e+00
1.006432667429934869e+00
1.006365317268296034e+00
1.006355736208848883e+00
1.006287921338546276e+00
1.006238693873393375e+00
1.006179309458777871e+00
1.006145336071726071e+00
1.006064498720276923e+00
1.006032282178129122e+00
1.006007842131785734e+00
1.005999356974402792e+00
1.005945286128208327e+00
1.005918864178473759e+00
1.005914707890299242e+00
1.005892746116306524e+00
1.005851759094668507e+00
1.005809951444616379e+00
1.005721187807466999e+00
1.005706147484314306e+00
1.005659133032388741e+00
1.005611072562742292e+00
1.005594499252544516e+00
1.005556132613344200e+00
1.005548150868988744e+00
1.005529896555811931e+00
1.005467744814733999e+00
1.005444965566864912e+00
1.005371621977205532e+00
1.005360776532582712e+00
1.005342095703052996e+00
1.005294278083111781e+00
1.005244600052060955e+00
1.005210937576279884e+00
1.005202255366896447e+00
1.005167609720399424e+00
1.005157905992865031e+00
1.005131832877988352e+00
1.005074025220214162e+00
1.005019326214229070e+00
1.004996934612452764e+00
1.004971319327006229e+00
1.004952542801391235e+00
1.004915420070585208e+00
1.004852910441618175e+00
1.004824678104341507e+00
1.004817370284226241e+00
1.004771205577861481e+00
1.004740772208249755e+00
1.004716020919588670e+00
1.004658969701410332e+00
1.004641238098240352e+00
1.004603109872893585e+00
1.004556653850507297e+00
1.004542013608342499e+00
1.004499532583212229e+00
1.004451645540947125e+00
1.004434163934306179e+00
1.004407442073433465e+00
1.004395957304927922e+00
1.004343771767042037e+00
1.004337275020249276e+00
1.004311126818455024e+00
1.004283585641537746e+00
1.004254743382230419e+00
1.004236567116112200e+00
1.004189125252113346e+00
1.004180368788638145e+00
1.004150025258362611e+00
1.004144148716371587e+00
1.004126523512371749e+00
1.004103216771762508e+00
1.004083962372384065e+00
1.004063645410540273e+00
1.004028555798273770e+00
1.004001344555998765e+00
1.003999028944364325e+00
1.003941119043855412e+00
1.003891560170913966e+00
1.003883848236079235e+00
1.003872378530048959e+00
1.003844067398132589e+00
1.003822392942411268e+00
1.003778966232442116e+00
1.003742255255986926e+00
1.003717578252062204e+00
1.003701823658925907e+00
1.003686840463550167e+00
1.003676318817608326e+00
1.003650804593826162e+00
1.003628205393682693e+00
1.003612045487664473e+00
1.003604794623662810e+00
1.003551787611346446e+00
1.003530734434551430e+00
1.003513935395500933e+00
1.003490202164783129e+00
1.003468178857888748e+00
1.003460416189050575e+00
1.003435316821528200e+00
1.003401506051463388e+00
1.003388328919430306e+00
1.003385604402023290e+00
1.003362955063378914e+00
1.003342715508752869e+00
1.003324319855574798e+00
1.003298960841859655e+00
1.003270144836560629e+00
1.003228534149712692e+00
1.003217195561204367e+00
1.003195460845549780e+00
1.003167271283516460e+00
1.003160140476291984e+00
1.003122467204732304e+00
1.003088988533918480e+00
1.003078885810533949e+00
1.003045194229677195e+00
1.003021750397597334e+00
1.003001369492285022e+00
1.002993869109648051e+00
1.002968224359316762e+00
1.002943111872540483e+00
1.002926428684542737e+00
1.002917314120093328e+00
1.002887426130501414e+00
1.002881284646475857e+00
1.002863366736776563e+00
1.002839665973691341e+00
1.002804752772326724e+00
1.002780724524978906e+00
1.002779682084653290e+00
1.002760969299528737e+00
1.002731935777382510e+00
1.002726539413164364e+00
1.002717539432228966e+00
1.002680500063874991e+00
1.002675863031030179e+00
1.002650086520107786e+00
1.002628107694211623e+00
1.002606911511101151e+00
1.002587038816461940e+00
1.002558133507820193e+00
1.002544678264140954e+00
1.002525453615064066e+00
1.002517355076922190e+00
1.002502040292853280e+00
1.002484941622001191e+00
1.002480247526278401e+00
1.002456600399787234e+00
1.002451814442384626e+00
1.002446123729284322e+00
1.002409998416476489e+00
1.002405200778568650e+00
1.002394651619410437e+00
1.002370994640058743e+00
1.002352581087630146e+00
1.002346366679162548e+00
1.002324453800969462e+00
1.002305832896495108e+00
1.002298148381964182e+00
1.002277026246739533e+00
1.002260819590794272e+00
1.002254217299380468e+00
1.002237685173316128e+00
1.002228902682675171e+00
1.002228422337929858e+00
1.002221269289024663e+00
1.002195532027423841e+00
1.002166506155474979e+00
1.002156817230092756e+00
1.002144360394501721e+00
1.002117236710868386e+00
1.002111066799016070e+00
1.002100972205047791e+00
1.002082224182639481e+00
1.002069758260205612e+00
1.002037298676209165e+00
1.002034845682573838e+00
1.002019624359798078e+00
1.002013180728530184e+00
1.001992039002919999e+00
1.001988714962564586e+00
1.001965649604684705e+00
1.001952891797117884e+00
1.001943849145410681e+00
1.001927361095372726e+00
1.001922951534803596e+00
1.001911723185663794e+00
1.001906474485603660e+00
1.001897400731384336e+00
1.001882737242662191e+00
1.001863735629690666e+00
1.001846298897948850e+00
1.001829546666416215e+00
1.001824126974275586e+00
1.001804682542785097e+00
1.001777316484015801e+00
1.001762109815547142e+00
1.001754476191081045e+00
1.001738081524373492e+00
1.001721335625858522e+00
1.001710613170175623e+00
1.001696988594466653e+00
1.001676348565208485e+00
1.001671551879005362e+00
1.001656625808417855e+00
1.001644245339682104e+00
1.001625841601038847e+00
1.001624549027394284e+00
1.001616625652510750e+00
1.001608280338357693e+00
1.001583479966805523e+00
1.001581628216710040e+00
1.001573918613509306e+00
1.001553426245350265e+00
1.001536031123062331e+00
1.001528320680159734e+00
1.001510869124514702e+00
1.001497162131764762e+00
1.001486372522339519e+00
1.001469303829034763e+00
1.001461200675533236e+00
1.001444838671607718e+00
1.001437967819723385e+00
1.001431209435488245e+00
1.001414233628352024e+00
1.001411504802454333e+00
1.001405025331672416e+00
1.001382621899459480e+00
1.001378479071948657e+00
1.001373129830303244e+00
1.001356661371384904e+00
1.001350478763684881e+00
1.001340642148132787e+00
1.001333096216691976e+00
1.001320707694819623e+00
1.001316106296085140e+00
1.001314881276248459e+00
1.001303040526243526e+00
1.001286720093666816e+00
1.001278797565979595e+00
1.001270644844581614e+00
1.001267212447814803e+00
1.001255342423205796e+00
1.001249264861000077e+00
1.001241870430200853e+00
1.001233355967119820e+00
1.001231083800877109e+00
1.001222160814855044e+00
1.001209808626886799e+00
1.001209147327311921e+00
1.001194682516723056e+00
1.001193177608980633e+00
1.001190358785151169e+00
1.001180147388742725e+00
1.001165056132185871e+00
1.001156080826778982e+00
1.001150530874856726e+00
1.001139584854103592e+00
1.001131171731606040e+00
1.001120516480215938e+00
1.001110351016428313e+00
1.001103384364526727e+00
1.001096836991295591e+00
1.001089781393659228e+00
1.001066793500220653e+00
1.001066347021581260e+00
1.001060499929689929e+00
1.001053613427156597e+00
1.001050775100712276e+00
1.001047081427836938e+00
1.001042179096105933e+00
1.001026693717500082e+00
1.001018205719768961e+00
1.001016008252050504e+00
1.001011780250739669e+00
1.001005868948440236e+00
1.001000121067119775e+00
1.000996579821002763e+00
1.000989937434170862e+00
1.000977795292537165e+00
1.000975817168904936e+00
1.000973064807552992e+00
1.000951894095350792e+00
1.000945477593486288e+00
1.000930370865610763e+00
1.000913514656494918e+00
1.000910878418930006e+00
1.000907618342856020e+00
1.000897870383385513e+00
1.000893559950101208e+00
1.000887519282958271e+00
1.000881926855225590e+00
1.000880614632437604e+00
1.000873739909245552e+00
1.000872208026635679e+00
1.000866875499259123e+00
1.000854449076385988e+00
1.000849344492600546e+00
1.000848061872002148e+00
1.000842716016496103e+00
1.000838368160453129e+00
1.000830373143490881e+00
1.000827279156383032e+00
1.000823153456420256e+00
1.000807392323020739e+00
1.000806317319921757e+00
1.000795645160591274e+00
1.000789272769634808e+00
1.000786700621281167e+00
1.000781164220685193e+00
1.000772897546440499e+00
1.000770946350840962e+00
1.000765498252373709e+00
1.000755925245486067e+00
1.000751137465403229e+00
1.000744555547962600e+00
1.000738558054126370e+00
1.000730865527461599e+00
1.000726362310469630e+00
1.000716698564860563e+00
1.000701144354314565e+00
1.000697308664531660e+00
1.000691500288507951e+00
1.000679803163420978e+00
1.000676131336919017e+00
1.000672142278325349e+00
1.000667212132755779e+00
1.000652860556148882e+00
1.000651217420954087e+00
1.000647998172531361e+00
1.000644861768145377e+00
1.000640575133498578e+00
1.000637127054520903e+00
1.000631748205224936e+00
1.000629227065749083e+00
1.000626738373281421e+00
1.000623731937562821e+00
1.000619453822576110e+00
1.000615743749641240e+00
1.000613085170323213e+00
1.000607077822757818e+00
1.000600474558762887e+00
1.000596903833043338e+00
1.000590974672070699e+00
1.000587242742945193e+00
1.000582830127573208e+00
1.000576275433523232e+00
1.000571866895069384e+00
1.000570516648620956e+00
1.000566662978699561e+00
1.000560931965641887e+00
1.000551815755593488e+00
1.000550801422293912e+00
1.000546541056584138e+00
1.000537902537265600e+00
1.000534185473296089e+00
1.000532350994812303e+00
1.000526241091174162e+00
1.000514258165423831e+00
1.000512208123358615e+00
1.000508850016555984e+00
1.000504819488128305e+00
1.000502011143734382e+00
1.000500157971449866e+00
1.000496751129604345e+00
1.000489427551067179e+00
1.000478536017017417e+00
1.000477757587879379e+00
1.000474887163005366e+00
1.000470152703152538e+00
1.000464110010534480e+00
1.000457760793591833e+00
1.000447883234186541e+00
1.000446250021181482e+00
1.000442409862850823e+00
1.000440741253620924e+00
1.000437434188901742e+00
1.000433429475295233e+00
1.000427382952043365e+00
1.000423446788476500e+00
1.000418689638066017e+00
1.000417311529739006e+00
1.000415172996762747e+00
1.000410441664074002e+00
1.000409305350212774e+00
1.000408020745868543e+00
1.000406755883772814e+00
1.000405012338091648e+00
1.000399688777373397e+00
1.000393068859132262e+00
1.000388442498441943e+00
1.000385665304342142e+00
1.000383321060695607e+00
1.000378779887238112e+00
1.000372939050888643e+00
1.000370204431503041e+00
1.000361623872273009e+00
1.000359493196260940e+00
1.000355617820627208e+00
1.000352921043931476e+00
1.000350607913610190e+00
1.000343907219338080e+00
1.000340824174062115e+00
1.000336909959664178e+00
1.000334195631405132e+00
1.000328696890653069e+00
1.000326468629740839e+00
1.000325245229754190e+00
1.000318195583765446e+00
1.000315056133339375e+00
1.000310534144508212e+00
1.000306107951668633e+00
1.000305394942625270e+00
1.000304220052292470e+00
1.000295152833643675e+00
1.000284794702776647e+00
1.000280388321703073e+00
1.000277604334166126e+00
1.000275937009689198e+00
1.000274873271148390e+00
1.000273769958427428e+00
1.000272778452887534e+00
1.000269698327695078e+00
1.000266839311101830e+00
1.000261653465288392e+00
1.000254836296922800e+00
1.000253579468426857e+00
1.000252306483260023e+00
1.000249788795633643e+00
1.000247080265764588e+00
1.000244114246849669e+00
1.000239724898012605e+00
1.000235806400554761e+00
1.000233276141662131e+00
1.000229806836857582e+00
1.000226630250798721e+00
1.000221662364166209e+00
1.000220539402820297e+00
1.000219045849828570e+00
1.000215615439163264e+00
1.000214566502857449e+00
1.000210652624231811e+00
1.000208730892979236e+00
1.000208101603723199e+00
1.000205854965257934e+00
1.000202125006662168e+00
1.000201606491048834e+00
1.000197345663201620e+00
1.000191086467492996e+00
1.000188540000733983e+00
1.000185709563200742e+00
1.000180172521772270e+00
1.000177651187362349e+00
1.000174976259103898e+00
1.000173337197955981e+00
1.000166374891431120e+00
1.000163620155242628e+00
1.000162650148842980e+00
1.000159588836720292e+00
1.000158097499472376e+00
1.000155445179447877e+00
1.000154008179209741e+00
1.000146056479502388e+00
1.000142040607157501e+00
1.000141529373599791e+00
1.000138658897706145e+00
1.000137630466702454e+00
1.000134634450010385e+00
1.000133178387177635e+00
1.000132703083290719e+00
1.000130549666762292e+00
1.000129632767809973e+00
1.000126820848964870e+00
1.000124635483628399e+00
1.000124189472120895e+00
1.000123476748364437e+00
1.000122195177845397e+00
1.000119311230507790e+00
1.000118613686916014e+00
1.000117837198492454e+00
1.000112474663929385e+00
1.000112162534659399e+00
1.000109716439623986e+00
1.000107003532577421e+00
1.000104125944754729e+00
1.000103434374028710e+00
1.000102144313474772e+00
1.000098497385097929e+00
1.000095991879363710e+00
1.000094733103406686e+00
1.000092081715610481e+00
1.000091065893878195e+00
1.000090869233778657e+00
1.000089080351055815e+00
1.000087214817336534e+00
1.000084287812078809e+00
1.000084177434855226e+00
1.000081657648751454e+00
1.000080745673612936e+00
1.000078403871794919e+00
1.000076455518612573e+00
1.000070956256779553e+00
1.000069334589303249e+00
1.000067285066817746e+00
1.000067080584801316e+00
1.000065468248826139e+00
1.000059426634974047e+00
1.000058772916636363e+00
1.000057130407758343e+00
1.000056666881639522e+00
1.000054729745667448e+00
1.000053776699114882e+00
1.000052936592636721e+00
1.000052177020928745e+00
1.000049827694019511e+00
1.000048124383098758e+00
1.000047803819075209e+00
1.000047105470468711e+00
1.000044028630795223e+00
1.000043573054477886e+00
1.000042264442595030e+00
1.000041254574299598e+00
1.000040399377152500e+00
1.000039000580468906e+00
1.000037570605456061e+00
1.000036472359531636e+00
1.000034370608807954e+00
1.000032709368375183e+00
1.000030950263080864e+00
1.000029823556089825e+00
1.000029445048353116e+00
1.000027367492837493e+00
1.000027142220961895e+00
1.000025360003585995e+00
1.000023365516569118e+00
1.000023262336873442e+00
1.000022305495646302e+00
1.000021966126607431e+00
1.000020926696856938e+00
1.000020288089459086e+00
1.000018714882752402e+00
1.000017686089346824e+00
1.000016050415115654e+00
1.000014392249727990e+00
1.000013084247630912e+00
1.000010388511838100e+00
1.000009787136039385e+00
1.000009330297368271e+00
1.000007359552432806e+00
1.000006475700809139e+00
1.000006123008637005e+00
1.000003293400684168e+00
1.000002457051706317e+00
1.000001061410277892e+00
1.000000653054210265e+00
9.999995456893640000e-01
9.999980445132448104e-01
9.999971633166416796e-01
9.999963891474017430e-01
9.999961368714849197e-01
9.999940334593843128e-01
9.999927234821343047e-01
9.999913526651290629e-01
9.999888941653815033e-01
9.999882847541903264e-01
9.999866906425582957e-01
9.999841016435092600e-01
9.999832166343253226e-01
9.999821321449692269e-01
9.999800249075327940e-01
9.999794940538068166e-01
9.999790297341281109e-01
9.999781331186671229e-01
9.999780965717472991e-01
9.999773997665352132e-01
9.999757870694565565e-01
9.999728342163105577e-01
9.999711581111315750e-01
9.999700156446311716e-01
9.999677637334632996e-01
9.999670006519820742e-01
9.999585640497593575e-01
9.999580724376398999e-01
9.999570565585196302e-01
9.999560148278759941e-01
9.999557183046144937e-01
9.999527199144618850e-01
9.999489375826104975e-01
9.999457309332461241e-01
9.999434416101692369e-01
9.999412139541644651e-01
9.999393454171293660e-01
9.999375599115628566e-01
9.999366007278726043e-01
9.999342289158422714e-01
9.999317070479758485e-01
9.999271946389196586e-01
9.999231641424596306e-01
9.999221195775337412e-01
9.999208860703444612e-01
9.999199093781211412e-01
9.999173026912091533e-01
9.999142692832433399e-01
9.999108316014062581e-01
9.999097041201525649e-01
9.999087981492326138e-01
9.999054428103978376e-01
9.999029250108043554e-01
9.999001193935355136e-01
9.998968534314803813e-01
9.998961820023963831e-01
9.998924734763574573e-01
9.998829721113070557e-01
9.998796619167880095e-01
9.998746573175918417e-01
9.998701789331199130e-01
9.998649836349255970e-01
9.998584535731530609e-01
9.998555959339059385e-01
9.998472947027176039e-01
9.998419016320468922e-01
9.998369953341138539e-01
9.998362648598506652e-01
9.998313765926837293e-01
9.998278242391455128e-01
9.998250017685464952e-01
9.998229834692152762e-01
9.998182925244910590e-01
9.998175930688212310e-01
9.998133608880064305e-01
9.998087458995766896e-01
9.998037419680820825e-01
9.997995941182101776e-01
9.997958380849317761e-01
9.997915782926046768e-01
9.997847433653249682e-01
9.997718364345817843e-01
9.997678965390166539e-01
9.997644391340635428e-01
9.997627293659888670e-01
9.997603068711798935e-01
9.997584935939102246e-01
9.997539316401878873e-01
9.997531419340592862e-01
9.997506599940600980e-01
9.997459937658791373e-01
9.997315892844834684e-01
9.997274971861486170e-01
9.997260800574397921e-01
9.997084808632012987e-01
9.997035309399698866e-01
9.997011321461908295e-01
9.996940022693130423e-01
9.996775913218716170e-01
9.996673544067651296e-01
9.996609878310401820e-01
9.996558524556569125e-01
9.996416046689764467e-01
9.996352823042606861e-01
9.996330615477352355e-01
9.996297948482634199e-01
9.996277106981024119e-01
9.996176656615852751e-01
9.996139950425528831e-01
9.996090478132784174e-01
9.996037184209604076e-01
9.995991317011921895e-01
9.995972052043060607e-01
9.995861117620901126e-01
9.995764925633561226e-01
9.995693585814325877e-01
9.995616956861239633e-01
9.995592404159742150e-01
9.995559746775111165e-01
9.995539629678326099e-01
9.995407599519062769e-01
9.995342748860538418e-01
9.995154900528079311e-01
9.995148987523146955e-01
9.995089977413833537e-01
9.995053088258698537e-01
9.995016452710748789e-01
9.994880629946529815e-01
9.994853757895761914e-01
9.994803481640781584e-01
9.994655302771207062e-01
9.994613789358585132e-01
9.994496762146345414e-01
9.994304793182153812e-01
9.994286196532826683e-01
9.994278081698794169e-01
9.994208095439548467e-01
9.994120750944298637e-01
9.993960322512323025e-01
9.993925039175898251e-01
9.993901216600982185e-01
9.993787642905539448e-01
9.993696803984061239e-01
9.993651789473437796e-01
9.993446310523844689e-01
9.993345996108059515e-01
9.993280414644213350e-01
9.993193041736849747e-01
9.993171875394110115e-01
9.992943080111832410e-01
9.992806857670780696e-01
9.992742721281562268e-01
9.992651351602369614e-01
9.992521566214661588e-01
9.992506254630842966e-01
9.992319095911512683e-01
9.992195573711183387e-01
9.992175546823142129e-01
9.992102995331778592e-01
9.992084937650693721e-01
9.991954022115091538e-01
9.991924339181565973e-01
9.991840141943816311e-01
9.991641025216674299e-01
9.991576788649547680e-01
9.991514831308238032e-01
9.991495443365716600e-01
9.991293330749220214e-01
9.991237635593837041e-01
9.991050598693577145e-01
9.990929971120439124e-01
9.990878682353596663e-01
9.990834190108969226e-01
9.990593097234004016e-01
9.990307172362243859e-01
9.990293838814703342e-01
9.990213319261933567e-01
9.990116123200301068e-01
9.990048656877187350e-01
9.989754705044644467e-01
9.989714207764769371e-01
9.989636748049892656e-01
9.989557787240891384e-01
9.989540293841189245e-01
9.989332888573613234e-01
9.989124214169217142e-01
9.988976324477820690e-01
9.988764518705983697e-01
9.988742385752323871e-01
9.988536596206244456e-01
9.988417261509333622e-01
9.988309743937291429e-01
9.988287404141394932e-01
9.987874383231785114e-01
9.987793547276374584e-01
9.987772977885132075e-01
9.987535741118640509e-01
9.987430617252203158e-01
9.987338879746594511e-01
9.987234679932139869e-01
9.987211555269729368e-01
9.987096130461781129e-01
9.986957979747972391e-01
9.986811566537067142e-01
9.986652685573883526e-01
9.986437633203861797e-01
9.986404903290173607e-01
9.986175185044735558e-01
9.986132989824541006e-01
9.986073566224511477e-01
9.985873796212305642e-01
9.985783252757757245e-01
9.985522741321126716e-01
9.985209217066680631e-01
9.985151378761272234e-01
9.985093245679823593e-01
9.984998714372453898e-01
9.984917295877446808e-01
9.984809789632399513e-01
9.984485348804356120e-01
9.984406264177598800e-01
9.984112131832652004e-01
9.984036369639727182e-01
9.983926140433475593e-01
9.983776535753134951e-01
9.983449796058545544e-01
9.983229811438834034e-01
9.983148710552849359e-01
9.983045126454869189e-01
9.982993146607811452e-01
9.982974644576538825e-01
9.982553857500607863e-01
9.982437494441815939e-01
9.982226232070019467e-01
9.982214590966435042e-01
9.981976804881615983e-01
9.981833397309446410e-01
9.981641853056979485e-01
9.981474902514648750e-01
9.981112259679352228e-01
9.981044053812160310e-01
9.980833056117482949e-01
9.980779600326346035e-01
9.980454009851623676e-01
9.980137794315011579e-01
9.979881761690714281e-01
9.979731466026267039e-01
9.979664156714963541e-01
9.979521242886619792e-01
9.979338249161298080e-01
9.979105106196707320e-01
9.979095956036901915e-01
9.978679393110044815e-01
9.978443410783250922e-01
9.978289459799581929e-01
9.977872579624861293e-01
9.977581435444350388e-01
9.977526222767669761e-01
9.977458022672794913e-01
9.977230654686992661e-01
9.976991791856234526e-01
9.976773728080498005e-01
9.976618942352099006e-01
9.976521463030872949e-01
9.976018257951836388e-01
9.975993576532788953e-01
9.975504761452681501e-01
9.975450576236343236e-01
9.975116077843231288e-01
9.974760082279486850e-01
9.974291498751800544e-01
9.973831047376233716e-01
9.973667332589517542e-01
9.973590978097746085e-01
9.973140176039384519e-01
9.972850939074118237e-01
9.972794358072281096e-01
9.972168778777964482e-01
9.972105256929034711e-01
9.972026097285739965e-01
9.971145553037402687e-01
9.970875061573122311e-01
9.970794063025431031e-01
9.970492039242641047e-01
9.970186154446262217e-01
9.970066871873408676e-01
9.970032081186294137e-01
9.969559025676723030e-01
9.968958566589687376e-01
9.967775033523353923e-01
9.967286644363001491e-01
9.967148707336758173e-01
9.966480502956874821e-01
9.966413584188679176e-01
9.966116983584226707e-01
9.965889147872241116e-01
9.965597365395010288e-01
9.965067502414768352e-01
9.964942661073807884e-01
9.964894840717605229e-01
9.964631296259858217e-01
9.964324888012923154e-01
9.963697399952538003e-01
9.963670649917790723e-01
9.962891774506339448e-01
9.962407991543174024e-01
9.962111500123750352e-01
9.961896738101125859e-01
9.961554403372038236e-01
9.961135427748118998e-01
9.960353374207538968e-01
9.960234318739661363e-01
9.960083499318888034e-01
9.959995217077424190e-01
9.959632861677538695e-01
9.958568356946146949e-01
9.957824775753766344e-01
9.957505876821438617e-01
9.957389895818388181e-01
9.957110848646294476e-01
9.957068841417379135e-01
9.956018975030703766e-01
9.955912017248572665e-01
9.955737167640322793e-01
9.955455166712645632e-01
9.955180544866072401e-01
9.954839427422550457e-01
9.953156133294337460e-01
9.953003839070001524e-01
9.952444540338616363e-01
9.952044160714187404e-01
9.951723102174383495e-01
9.951627310854929132e-01
9.950968885190585311e-01
9.950499621735536815e-01
9.949239633908749658e-01
9.948790647052462299e-01
9.948281054955924185e-01
9.948004656105080556e-01
9.947810012068423191e-01
9.947681019066203501e-01
9.947043573263084637e-01
9.946613219788995597e-01
9.946376084594333866e-01
9.945887704445890432e-01
9.945312674391796337e-01
9.944587808971631082e-01
9.944236921216504932e-01
9.943605199680831674e-01
9.942009119558149477e-01
9.941769542471778909e-01
9.941331217565159140e-01
9.940970140653572207e-01
9.940321823688308411e-01
9.939928313323665998e-01
9.939651131741230605e-01
9.939454274097185849e-01
9.939157163724973154e-01
9.938926140240063045e-01
9.938359544117950639e-01
9.937292865599224312e-01
9.936169373360264068e-01
9.936099580333100922e-01
9.935610095854695567e-01
9.933949248764034623e-01
9.933532421581036109e-01
9.932915816487138949e-01
9.932689155456441155e-01
9.932488037330702291e-01
9.932235387586404451e-01
9.930971248888182945e-01
9.930514121590364729e-01
9.930128389805216171e-01
9.928922707279340676e-01
9.927700182643824922e-01
9.927313730447541174e-01
9.926893688042323083e-01
9.926785646193557744e-01
9.926260066351323408e-01
9.925219132932995292e-01
9.924754157834281276e-01
9.924144794796218028e-01
9.922904698408659963e-01
9.922646119942083454e-01
9.921413473221100121e-01
9.921203542269829700e-01
9.919891709578635419e-01
9.919768437529351557e-01
9.918783641727231259e-01
9.916118469661416857e-01
9.914265808740975183e-01
9.913194761137218425e-01
9.912442444138032105e-01
9.912307693174718937e-01
9.911585302812890852e-01
9.911279250095623716e-01
9.910775335516349704e-01
9.909820056800893173e-01
9.908145544932147608e-01
9.905564706781725404e-01
9.904676704846041568e-01
9.904103912154115230e-01
9.903067829437959269e-01
9.902554777023352406e-01
9.901891405278949732e-01
9.901018011165094723e-01
9.900626544839102872e-01
9.900517602653511329e-01
9.899736779348844440e-01
9.898734772798927217e-01
9.893917119365773782e-01
9.892883240356094010e-01
9.889665180412317014e-01
9.889319126722773134e-01
9.887985477768875819e-01
9.887660793961565719e-01
9.885965897897367460e-01
9.885525411898919979e-01
9.882553016560990944e-01
9.882240610649075663e-01
9.880523069013037452e-01
9.880234104911077564e-01
9.878156676622578125e-01
9.877774478404498515e-01
9.877496699166731231e-01
9.876661320165003310e-01
9.872999418038528319e-01
9.872281302010317283e-01
9.870063944614153595e-01
9.868798841853821946e-01
9.867643156945471450e-01
9.866169459527571739e-01
9.864516128722702337e-01
9.863638277641123553e-01
9.861818448821108030e-01
9.861456329824609401e-01
9.861391305187492407e-01
9.860493038766920959e-01
9.858227994326391741e-01
9.858056070722940323e-01
9.856824080313014713e-01
9.856313079529391841e-01
9.855484338554889590e-01
9.854143381027794524e-01
9.852785497902164513e-01
9.850083244298142304e-01
9.848238281655404824e-01
9.846341058824742420e-01
9.843961991737829598e-01
9.843930398993991915e-01
9.843363171691915658e-01
9.839313814605302744e-01
9.838351323365918111e-01
9.837351157564298010e-01
9.834669202401403743e-01
9.829788367649838765e-01
9.829111514367496749e-01
9.822356103689653395e-01
9.821288546367470396e-01
9.819813434661601725e-01
9.819595765157609346e-01
9.819004126899301133e-01
9.814461248613786104e-01
9.813074359750942888e-01
9.812401940114109378e-01
9.809952884545667384e-01
9.806446236366885838e-01
9.804347356252198775e-01
9.803158301068741753e-01
9.800296269229549218e-01
9.797317333702370012e-01
9.795355277890490653e-01
9.790775046003092896e-01
9.788115296933441734e-01
9.787153325925623815e-01
9.783887475785382204e-01
9.777275431018345175e-01
9.773921454051291979e-01
9.773521229860548942e-01
9.773240215090484018e-01
9.769401481498312112e-01
9.763297486528398350e-01
9.760235463702712222e-01
9.752393348265778750e-01
9.752022649416712818e-01
9.748473788382124861e-01
9.746529715202363331e-01
9.746366116094494769e-01
9.742150564590729145e-01
9.739608365640407550e-01
9.737286724895680701e-01
9.733192969657546989e-01
9.732878296704283727e-01
9.728125294767190345e-01
9.725420204202772645e-01
9.719568469420100110e-01
9.718623099262220233e-01
9.716306076719053442e-01
9.716300398167680985e-01
9.707582356319638395e-01
9.703461947246202479e-01
9.683806199037410245e-01
9.681283531342756987e-01
9.674780171249215410e-01
9.669749555338014169e-01
9.663875710618302639e-01
9.662772639452087420e-01
9.657219862295651769e-01
9.653116481843005969e-01
9.650179240415548421e-01
9.650098526888769568e-01
9.635194981110775103e-01
9.632909925491955905e-01
9.632141975253046828e-01
9.629796167619713021e-01
9.626850038059283632e-01
9.623380845483299195e-01
9.618188578899051766e-01
9.605579099906275120e-01
9.599689487291630519e-01
9.597362418006682994e-01
9.592027541745491437e-01
9.586916193231538319e-01
9.578976166476880216e-01
9.572677910811711044e-01
9.565110272522955315e-01
9.561319937469342500e-01
9.558529366646899561e-01
9.550764626060928020e-01
9.541755975385011190e-01
9.527281756668837254e-01
9.503764347454070061e-01
9.499009248532817029e-01
9.498152745428787291e-01
9.491964838733002452e-01
9.485595012241361257e-01
9.468482180097522738e-01
9.460873677036917284e-01
9.458090116066270037e-01
9.450826578577868897e-01
9.440052527521844983e-01
9.410707497446002545e-01
9.406200347311819421e-01
9.376703935587000771e-01
9.348180252988265160e-01
9.329674546237772814e-01
9.303906220016889828e-01
9.301641920511076744e-01
9.292680463248931266e-01
9.240973044707405659e-01
9.234143197424244942e-01
9.213031589038810365e-01
9.198725400849381284e-01
9.192166199806944826e-01
9.175625601565907674e-01
9.149707422015808111e-01
9.129138248512995713e-01
9.127644282955932331e-01
9.105011398614768492e-01
9.042047501498204909e-01
9.008921575167508911e-01
8.951609720317572627e-01
8.943685717880861530e-01
8.937557331641440284e-01
8.931340277461218280e-01
8.895378410125788227e-01
8.869869202026773314e-01
8.844321547361460034e-01
8.757561598214912424e-01
8.647528955865626532e-01
8.587236031625465893e-01
8.476763920946212005e-01
