3.456244021853211557e+00
3.335624581145865797e+00
2.613047040428984502e+00
2.464440062934034614e+00
2.396267927375195228e+00
2.236036470180161828e+00
2.162634242024093822e+00
2.133185535395395238e+00
2.098552290079700011e+00
2.092398287411204816e+00
2.009414556587720835e+00
1.981456785548007415e+00
1.958989505786222773e+00
1.908894750950719477e+00
1.875593330729259378e+00
1.836514575759021328e+00
1.805350772227256373e+00
1.793657097121964972e+00
1.767175403099596531e+00
1.740437150183091752e+00
1.733772221497325239e+00
1.716827972785685885e+00
1.698054159723417555e+00
1.695289719237337733e+00
1.691842518605773726e+00
1.691526903301420415e+00
1.675910430392843598e+00
1.669144709786848590e+00
1.668495765993436741e+00
1.653054112709873014e+00
1.650408408101397661e+00
1.649905240667422612e+00
1.629927153417238594e+00
1.619972286889648005e+00
1.612186994243702820e+00
1.612152243886642911e+00
1.593036011571894894e+00
1.592120931588470789e+00
1.586316212870686027e+00
1.576750866368358928e+00
1.570738731595624937e+00
1.569355878078559252e+00
1.564581665984893899e+00
1.562993132506767413e+00
1.556213223846805160e+00
1.553412816372031546e+00
1.549146401525888228e+00
1.548491923670433312e+00
1.544401155997739084e+00
1.542083858689890175e+00
1.531828730349728218e+00
1.528312520343215297e+00
1.519950274922400979e+00
1.518202947805752157e+00
1.510272732807704799e+00
1.507213435455464712e+00
1.506923740575096593e+00
1.495824326490570844e+00
1.493775093188609793e+00
1.492962566008394720e+00
1.490260177729629598e+00
1.484752222591618986e+00
1.479831407874166560e+00
1.471513895653955961e+00
1.469427240655859723e+00
1.460585752769783863e+00
1.458566083446487527e+00
1.456753864559918510e+00
1.456408192028750159e+00
1.449013716550390685e+00
1.446966240251620794e+00
1.443688148940564853e+00
1.441417292736808298e+00
1.436730716374659877e+00
1.435979510671359538e+00
1.431889628798200365e+00
1.429418529666765636e+00
1.429096649573402322e+00
1.425085713282491673e+00
1.424186281634958862e+00
1.421036282293982600e+00
1.419681624202020709e+00
1.417048087830317105e+00
1.415628661060482685e+00
1.412229359087209257e+00
1.405051612980358522e+00
1.402969132651361139e+00
1.401440505020382643e+00
1.400208246716626581e+00
1.399429452297136001e+00
1.396758832663195671e+00
1.394863909541466995e+00
1.391519997427064448e+00
1.389486225685414800e+00
1.383864413715350627e+00
1.383693310894220430e+00
1.382002850520966941e+00
1.378713803109077318e+00
1.377201765573996539e+00
1.375638835325125431e+00
1.375578799959553677e+00
1.374414919488294418e+00
1.371809145569412802e+00
1.370298905700766623e+00
1.367759716878693910e+00
1.366970218858261310e+00
1.363454845527154236e+00
1.361634712090079580e+00
1.359435822296089391e+00
1.358253644619944467e+00
1.356724192349241465e+00
1.353403251679762054e+00
1.350831508137493531e+00
1.349422931823968108e+00
1.346344167134656322e+00
1.344710041360060337e+00
1.343966337584548532e+00
1.343759484128756787e+00
1.337888058389862023e+00
1.335994506179106311e+00
1.335592814404319872e+00
1.333254080390735341e+00
1.331953308986768780e+00
1.329631729648690586e+00
1.328154271921379914e+00
1.326221122014035636e+00
1.326041293983093450e+00
1.324916441958181590e+00
1.324258966765241352e+00
1.321402747648516396e+00
1.319612538750491115e+00
1.315992548856546263e+00
1.313153624137393116e+00
1.311176745877296490e+00
1.308815132992431129e+00
1.307926254088235041e+00
1.307513268644390658e+00
1.307139277912820141e+00
1.305823002302120672e+00
1.302944871120147674e+00
1.300204481522187150e+00
1.297169901139940684e+00
1.296071017248761281e+00
1.295419186401616019e+00
1.294001571972662967e+00
1.293017488831127881e+00
1.290383309452609151e+00
1.288324328921367723e+00
1.287060158918442276e+00
1.285599881320313553e+00
1.285374731868410336e+00
1.284713557461592437e+00
1.283221091029838057e+00
1.282584927238066719e+00
1.282300110576140462e+00
1.281298753262369194e+00
1.279303894088544391e+00
1.276982146867973844e+00
1.274421951403142517e+00
1.272876753309355013e+00
1.271803660729671881e+00
1.270313969148507027e+00
1.267462758984531535e+00
1.267081817915508335e+00
1.266628483776861769e+00
1.264817001475123881e+00
1.262146381956755992e+00
1.261581068577181108e+00
1.260048799418190812e+00
1.259357428610997420e+00
1.259032590552069619e+00
1.257650538168376908e+00
1.257186077340837205e+00
1.255152937913964761e+00
1.254640901942539966e+00
1.254110384501770703e+00
1.253596120147581372e+00
1.251951747997842368e+00
1.250601032056637862e+00
1.250209447685030506e+00
1.246757873623098867e+00
1.245842326475474104e+00
1.245460840972501426e+00
1.244386240070191274e+00
1.243542146855930675e+00
1.242546336806415797e+00
1.242225643587262285e+00
1.241415519654070820e+00
1.240854127126721496e+00
1.238941104524495573e+00
1.237900810005186036e+00
1.237625665957896581e+00
1.235147836511188757e+00
1.234698367989922607e+00
1.233452126428506768e+00
1.232996754749115409e+00
1.232381114825808588e+00
1.231017158389592581e+00
1.229985498386565901e+00
1.229398452834572941e+00
1.228059800740342045e+00
1.226342137412733013e+00
1.225986443653361846e+00
1.224652428425644590e+00
1.223450343203207558e+00
1.221207722283944808e+00
1.220573235590761030e+00
1.219919238623172308e+00
1.219256493447709699e+00
1.217484573801770109e+00
1.215816237378559039e+00
1.215212104830232231e+00
1.214449509513950698e+00
1.214046679686065833e+00
1.213549940972228791e+00
1.213350609183994955e+00
1.212759321864198547e+00
1.211576390970923844e+00
1.210276171198380935e+00
1.209924423566355323e+00
1.209099438830913753e+00
1.207054327478258804e+00
1.205816262632245728e+00
1.205406399678454310e+00
1.203682666392649203e+00
1.203225010214980628e+00
1.202411002640061177e+00
1.201931604855499769e+00
1.201601394740659856e+00
1.200735533922273390e+00
1.200010970080650941e+00
1.198402356982225747e+00
1.197969905683412994e+00
1.196652455438887097e+00
1.196015892432972683e+00
1.193876347037962526e+00
1.193432795786676159e+00
1.193149061976936709e+00
1.192256366188452210e+00
1.191955985376290883e+00
1.191447997562027128e+00
1.190825492568642119e+00
1.190416137396460128e+00
1.189417810336396819e+00
1.189122073877427299e+00
1.188497602740580472e+00
1.188198968203545869e+00
1.186849831736908945e+00
1.186186938404418134e+00
1.185704374823025820e+00
1.183643325925850753e+00
1.183048195833627858e+00
1.182791603966436567e+00
1.182095511831282364e+00
1.180937283880534316e+00
1.180409895257210406e+00
1.180305431316178932e+00
1.179734078135827202e+00
1.179588125486543682e+00
1.178878611214361660e+00
1.178182245432314756e+00
1.177314503034574855e+00
1.176636028991042693e+00
1.176281328992277553e+00
1.175165076369794726e+00
1.174449532157152198e+00
1.173580311702112189e+00
1.172700541764490456e+00
1.172519587321886103e+00
1.172085858284226179e+00
1.171460007113734436e+00
1.169788811731576450e+00
1.169439977106265793e+00
1.169330775895539354e+00
1.168554165331836980e+00
1.167237877774860433e+00
1.167015491034280261e+00
1.166629618748376229e+00
1.165333832416671989e+00
1.164781823967733443e+00
1.163941668313959177e+00
1.163653997741759039e+00
1.163079792747984120e+00
1.162638019490445984e+00
1.161840589572173954e+00
1.161436842994575835e+00
1.159198649070373621e+00
1.159011849427317831e+00
1.158543167943747232e+00
1.157889845224580716e+00
1.157673455035253207e+00
1.157354775292094962e+00
1.157160221404168521e+00
1.155914266365626775e+00
1.155284509239238977e+00
1.154581944007337935e+00
1.152808765025707949e+00
1.151202310277836149e+00
1.149826595896812798e+00
1.149369519045196020e+00
1.149359163834247743e+00
1.148962528550296236e+00
1.148380044177487846e+00
1.146838589314740142e+00
1.146286882608989366e+00
1.145610559922763283e+00
1.145171048031875749e+00
1.144361309454477338e+00
1.143829304589975671e+00
1.142528387082747621e+00
1.142321622632300082e+00
1.141693192562582837e+00
1.141526898912174515e+00
1.140337671620415660e+00
1.139498158651460979e+00
1.139144614792002574e+00
1.138678730437487241e+00
1.138371216266643504e+00
1.137810023623752054e+00
1.137256586017560300e+00
1.136325039265450254e+00
1.136114779098476246e+00
1.135552377375980360e+00
1.134408572091362144e+00
1.134056183504574378e+00
1.133380762731047930e+00
1.132966516616328745e+00
1.132072335705028632e+00
1.131932147761569585e+00
1.130785976006886795e+00
1.130285745046361479e+00
1.129286328479668589e+00
1.128709433213721969e+00
1.127604775156312078e+00
1.126795965244901998e+00
1.126217816115546722e+00
1.126002075012071835e+00
1.125436016815962947e+00
1.125285949841418720e+00
1.124993700908802907e+00
1.124722001703417629e+00
1.123358986571423968e+00
1.123131196397727294e+00
1.122801279395795770e+00
1.122475683389342782e+00
1.121552593462908476e+00
1.121307863542972738e+00
1.120811819098264550e+00
1.120426210516554333e+00
1.120117814615684049e+00
1.119205435769910384e+00
1.118153550296344889e+00
1.118012692824205123e+00
1.117365957984356450e+00
1.116879803802875104e+00
1.115984318237327466e+00
1.115583483335713444e+00
1.115279292936618205e+00
1.114374785460239048e+00
1.114090437505851794e+00
1.113942509243307510e+00
1.113298015990544565e+00
1.113044765623825816e+00
1.112727507525860693e+00
1.111667542366798322e+00
1.111294039574284520e+00
1.110975669969847868e+00
1.110135518353668083e+00
1.109916466452935069e+00
1.109376033822014662e+00
1.108480719314710816e+00
1.108288110412931626e+00
1.107691511763439829e+00
1.107141751338706293e+00
1.106810491607412184e+00
1.106642071226234147e+00
1.106087233317609941e+00
1.105059217734832844e+00
1.104834698705398965e+00
1.104720907660082574e+00
1.103942640959837407e+00
1.103672130045735278e+00
1.102620533875380060e+00
1.102296613819592652e+00
1.101203057635064875e+00
1.100832197465982043e+00
1.100603965074374857e+00
1.099823016027353662e+00
1.099385153293533479e+00
1.099179536289713655e+00
1.099151408682632391e+00
1.098900515735131478e+00
1.098465439060044568e+00
1.097402853054718852e+00
1.096735119481342613e+00
1.096658047406217307e+00
1.095875583254632080e+00
1.095422233470557671e+00
1.094639443741175278e+00
1.094268633720829609e+00
1.093930687885536601e+00
1.093736037659405858e+00
1.093145001683422546e+00
1.092691332315803399e+00
1.092236578503029687e+00
1.092095076691678157e+00
1.091737536017189258e+00
1.091326350091435193e+00
1.090960159929156292e+00
1.090728321028597181e+00
1.090561025601866074e+00
1.089744581866142648e+00
1.089089696869200985e+00
1.088837695776452064e+00
1.088662246464175531e+00
1.087776330386539314e+00
1.087738099138018777e+00
1.087293196752796343e+00
1.087108222288929893e+00
1.087020990032512069e+00
1.085997125913316763e+00
1.085318779981712112e+00
1.084913192778243829e+00
1.084739932818797659e+00
1.084425594885200628e+00
1.084244964819994550e+00
1.083828672473424515e+00
1.083680879800856367e+00
1.083644418369474005e+00
1.083278504909246598e+00
1.082373331997029675e+00
1.082179557044884222e+00
1.082092612019278643e+00
1.081570523478979640e+00
1.081347604110757477e+00
1.080719477217656266e+00
1.080492723719412407e+00
1.079865293393842629e+00
1.079752592905856012e+00
1.079396080230679233e+00
1.079064802610884888e+00
1.078727490387360488e+00
1.078039751130010382e+00
1.077359175665657531e+00
1.077113282776526626e+00
1.076974612932029007e+00
1.076406978598334341e+00
1.076204317719840819e+00
1.075905315401941564e+00
1.075665515462265853e+00
1.074526516684120026e+00
1.074433339552216760e+00
1.074184677561214052e+00
1.074078050960291408e+00
1.073855654486891797e+00
1.073737109342733032e+00
1.073202094419317687e+00
1.073080309822914469e+00
1.072554968786768814e+00
1.072535399804434686e+00
1.071987489279539130e+00
1.071351290510437426e+00
1.071168640226508373e+00
1.070935489071854096e+00
1.070746079598699607e+00
1.069875590637260565e+00
1.069686986109072535e+00
1.069173496397448409e+00
1.068836961155193555e+00
1.068242158564917776e+00
1.068181558640943551e+00
1.067677093346911299e+00
1.067197283781504469e+00
1.066595569527958087e+00
1.066281882634916967e+00
1.066019518559117030e+00
1.065497104194331301e+00
1.065164065280837846e+00
1.064879208157641477e+00
1.064805967454754976e+00
1.064385120880893654e+00
1.064228082832689992e+00
1.064031571875775795e+00
1.063978584015876194e+00
1.063397202777620398e+00
1.063219016262879180e+00
1.062809130891778864e+00
1.062598171586513818e+00
1.062270788595206295e+00
1.061986773660586580e+00
1.061778825881438904e+00
1.061558778339521725e+00
1.061128101226872511e+00
1.061064732471675764e+00
1.060707607482334724e+00
1.060111987203688155e+00
1.060005662960002315e+00
1.059664379305093052e+00
1.059491005301433031e+00
1.058839507030286953e+00
1.058654169398603795e+00
1.058411958277113429e+00
1.058251442610949500e+00
1.058037552946343496e+00
1.057885174685864849e+00
1.057319877232775651e+00
1.057209358757310813e+00
1.057077802041314962e+00
1.056680031939749353e+00
1.056249071495819258e+00
1.056098838816195151e+00
1.055489437413516862e+00
1.055216174468803114e+00
1.054641527265577583e+00
1.054542641420799010e+00
1.053931695042721772e+00
1.053501909457588148e+00
1.052956670284575180e+00
1.052385929035733803e+00
1.051813014934386725e+00
1.051484739239872290e+00
1.051299913726233326e+00
1.051079802715014999e+00
1.050612715882444093e+00
1.050452453528475161e+00
1.049366951997786401e+00
1.049010572877646874e+00
1.048784241539568729e+00
1.048403693157624383e+00
1.047890755128630946e+00
1.047648178113525397e+00
1.047445639194989120e+00
1.047254248413888478e+00
1.046703180791907828e+00
1.046569274680680728e+00
1.046237877477083522e+00
1.045534715112306889e+00
1.045117360631941494e+00
1.044828293666110630e+00
1.044672790340301471e+00
1.044570962113241075e+00
1.044146197361992101e+00
1.043949068104176758e+00
1.043795375674757775e+00
1.043323022073276762e+00
1.043233739656069581e+00
1.043081480026227581e+00
1.042626955250860687e+00
1.042193398101158852e+00
1.041973776829701048e+00
1.041668893499582582e+00
1.041563312039582190e+00
1.041406192280823317e+00
1.041321020938979824e+00
1.041014628264014474e+00
1.040879973354931209e+00
1.040509616983759544e+00
1.040385257322362644e+00
1.039975421908057918e+00
1.039727463492460702e+00
1.039597979856896393e+00
1.039473703685204642e+00
1.039189104158760868e+00
1.038919380462113295e+00
1.038794535462856494e+00
1.038741362653696987e+00
1.038262685824595355e+00
1.038227885016073548e+00
1.038136872354089135e+00
1.037497574880905882e+00
1.037265143487502428e+00
1.037093678603642433e+00
1.036926272391049064e+00
1.036609761203043156e+00
1.036423617247589579e+00
1.036172926507751502e+00
1.035766154578046550e+00
1.035525953292727008e+00
1.035207517451162351e+00
1.034984142770001725e+00
1.034497746945118868e+00
1.034362722584186933e+00
1.034010879973105368e+00
1.033983227769526891e+00
1.033800703990732428e+00
1.033372895052046880e+00
1.033199050955246223e+00
1.033048791989326975e+00
1.032984421466285774e+00
1.032773360325802692e+00
1.032422134019819859e+00
1.032161532077145782e+00
1.032144517902836345e+00
1.031832975752361881e+00
1.031642327635145850e+00
1.031429249583117436e+00
1.031274085202822377e+00
1.031168938832921267e+00
1.030987250865383897e+00
1.030788449133281270e+00
1.030587568555536349e+00
1.030161471519071892e+00
1.029986046841090186e+00
1.029886777105165185e+00
1.029714531432844637e+00
1.029614470472949295e+00
1.029560399766988432e+00
1.029423431387650023e+00
1.029327785227344805e+00
1.029029065875603166e+00
1.028882223707459742e+00
1.028615933145165862e+00
1.028456172841954119e+00
1.028281430530097129e+00
1.027768424830155070e+00
1.027751832081281735e+00
1.027556310533628503e+00
1.027317600961002553e+00
1.027050278232076730e+00
1.026995674628102595e+00
1.026641994681255943e+00
1.026451418043704766e+00
1.026350911713696412e+00
1.025990414758203295e+00
1.025964511760584674e+00
1.025698007614645801e+00
1.025241474448275847e+00
1.024972792973388946e+00
1.024935324405124693e+00
1.024742383994295292e+00
1.024577927836412217e+00
1.024395811451089378e+00
1.024173706234467129e+00
1.024066153771312937e+00
1.023826671840494473e+00
1.023303495032354737e+00
1.023202937082833275e+00
1.023048860681792016e+00
1.022869925330023522e+00
1.022638598268147181e+00
1.022497124769731203e+00
1.022471033028298670e+00
1.022394608058168508e+00
1.021999307315883954e+00
1.021764527705413039e+00
1.021580034952084937e+00
1.021458173024024862e+00
1.021258102376488841e+00
1.021163507893622979e+00
1.020984855262598856e+00
1.020561436412297684e+00
1.020391788955932411e+00
1.020353609542061335e+00
1.020293067251673458e+00
1.020101577925014213e+00
1.019875714662129340e+00
1.019736417212730561e+00
1.019703410787873965e+00
1.019649023267259480e+00
1.019359720834715377e+00
1.019027623339254784e+00
1.018884802298107628e+00
1.018688583564807848e+00
1.018580127976218996e+00
1.018464159236777133e+00
1.018426811021656997e+00
1.018245334859793072e+00
1.018143339235930034e+00
1.017991931890610768e+00
1.017907370665458888e+00
1.017865455602073865e+00
1.017301182034759943e+00
1.017294672067512895e+00
1.017211516913055336e+00
1.016925814304793008e+00
1.016698598936411901e+00
1.016637108879142604e+00
1.016315360416363722e+00
1.016153536448907380e+00
1.015984056409860337e+00
1.015892203686847628e+00
1.015674315510346037e+00
1.015414346518514144e+00
1.015288713460284820e+00
1.015045503149721418e+00
1.014951343542852547e+00
1.014789156368876899e+00
1.014769521012016007e+00
1.014546963671210555e+00
1.014499061505895972e+00
1.014371247511018481e+00
1.014315341989372010e+00
1.014228566695804634e+00
1.014154321761839395e+00
1.013998985164581867e+00
1.013981097243146889e+00
1.013655730607404104e+00
1.013426161732917219e+00
1.013400595556961603e+00
1.013298602996311804e+00
1.012989109586163616e+00
1.012900996290823530e+00
1.012837997058347428e+00
1.012517480910612111e+00
1.012294085525683007e+00
1.012167576590220275e+00
1.012096593320697346e+00
1.012088394328874763e+00
1.011983327421776657e+00
1.011915247851461030e+00
1.011607384910777840e+00
1.011515079573684250e+00
1.011329445053923193e+00
1.011190388997230905e+00
1.011113011314901611e+00
1.011039331603576397e+00
1.010875180683016517e+00
1.010709428434602986e+00
1.010603765425102329e+00
1.010473516415524964e+00
1.010281078380735664e+00
1.010180294625222741e+00
1.009904416692144924e+00
1.009770590277593527e+00
1.009638465487695536e+00
1.009556593442483052e+00
1.009339273663472092e+00
1.009310455779200311e+00
1.009186252706906650e+00
1.008948611753376134e+00
1.008795581158132393e+00
1.008721936587318124e+00
1.008538374213604261e+00
1.008391721692217802e+00
1.008107197245146747e+00
1.007943867635577861e+00
1.007900444257580741e+00
1.007635518292773646e+00
1.007494680556267674e+00
1.007372162977064889e+00
1.007201778072003728e+00
1.007098635073383930e+00
1.006911564077581422e+00
1.006780543048598098e+00
1.006755996280007226e+00
1.006619915828831369e+00
1.006506538605453471e+00
1.006418989288545562e+00
1.006307600625236054e+00
1.006213204286581675e+00
1.006081649447635673e+00
1.005968375455792874e+00
1.005817117836842023e+00
1.005675318725613554e+00
1.005577489166045835e+00
1.005500367604590828e+00
1.005289204854563856e+00
1.005181378237206991e+00
1.005108617743809996e+00
1.005099506610084070e+00
1.005006208145192037e+00
1.004887476371371324e+00
1.004797273994845419e+00
1.004736447076104433e+00
1.004607917934467798e+00
1.004506718515512542e+00
1.004449665315184426e+00
1.004260085215584075e+00
1.004061228855645194e+00
1.003962071143744472e+00
1.003810751513841026e+00
1.003726206811906163e+00
1.003607885092383079e+00
1.003486343638730904e+00
1.003376338872702833e+00
1.003336373247311064e+00
1.003101030668471783e+00
1.003060231056195573e+00
1.003043055192937238e+00
1.002747005004355652e+00
1.002721597251309715e+00
1.002615273845064880e+00
1.002477660020178130e+00
1.002415482967873306e+00
1.002345879732854383e+00
1.002292822191170885e+00
1.002202171356600946e+00
1.002133526355631910e+00
1.002005126731556395e+00
1.001924789053292297e+00
1.001898171289676176e+00
1.001815239832269500e+00
1.001737719076339017e+00
1.001672054609218376e+00
1.001631935303187948e+00
1.001559954406409325e+00
1.001521477937600935e+00
1.001452921950988895e+00
1.001399407727787239e+00
1.001303381831790240e+00
1.001283039485902693e+00
1.001212260021939970e+00
1.001144655181756882e+00
1.001079356355020877e+00
1.001014928113814539e+00
1.000870045024002231e+00
1.000856696904241838e+00
1.000719051512293678e+00
1.000688220963000363e+00
1.000616612982538900e+00
1.000576071645725484e+00
1.000411660735509800e+00
1.000332410490685442e+00
1.000247451848595537e+00
1.000211487926629950e+00
1.000139952740230154e+00
1.000108652836603884e+00
1.000059259967442493e+00
9.999353943780144860e-01
9.998697980285838893e-01
9.997717093819026291e-01
9.997338904104718926e-01
9.996672045265174722e-01
9.996397857842370671e-01
9.995602455127688968e-01
9.995228249457186465e-01
9.993623436647454117e-01
9.992939134226446196e-01
9.991984148302722746e-01
9.991700579125314396e-01
9.989963904380814164e-01
9.988914463086114859e-01
9.987561218319024325e-01
9.986617372351711541e-01
9.986027652837242696e-01
9.984941648168942363e-01
9.983257133971429331e-01
9.982834861556825201e-01
9.981721464791944998e-01
9.979620574853184101e-01
9.979076595991346332e-01
9.977598913851809526e-01
9.976738226187507053e-01
9.976541344375264853e-01
9.976105915998274565e-01
9.975062486209124168e-01
9.974491800620811643e-01
9.973831594489452890e-01
9.972609848606960314e-01
9.971282580389361216e-01
9.970741135928947729e-01
9.969599278832562694e-01
9.969371181412807204e-01
9.968945787728220598e-01
9.968090039241859213e-01
9.966004447877361283e-01
9.965448572612303213e-01
9.963422699147154171e-01
9.962437888111769224e-01
9.960067865398301024e-01
9.959645881829009006e-01
9.957769194526739920e-01
9.955089345626794151e-01
9.953948747211391890e-01
9.953595160731060210e-01
9.952802900182948775e-01
9.952129274683116922e-01
9.950820648686614645e-01
9.949024650931094227e-01
9.947813833647907167e-01
9.946872304312973645e-01
9.945335448152762270e-01
9.943211510086186200e-01
9.943040038052241014e-01
9.941705285287044669e-01
9.937607135452537488e-01
9.936284603452135711e-01
9.934307616894701987e-01
9.931703845211021786e-01
9.931043604103610978e-01
9.929690701755479187e-01
9.929393641163082318e-01
9.927676846738360261e-01
9.922929747835566028e-01
9.921339617062937544e-01
9.918164225336449924e-01
9.916513446692999389e-01
9.912964412248651547e-01
9.912398828119531879e-01
9.911160130185167061e-01
9.910518369281922091e-01
9.910107808612685920e-01
9.904943935890659912e-01
9.902838002797110795e-01
9.898838658225926901e-01
9.898152816291930778e-01
9.893153611439839956e-01
9.892205776383387050e-01
9.890743405145411282e-01
9.888692343236379356e-01
9.887327991723791065e-01
9.885864729780682314e-01
9.883922705395150610e-01
9.880150532739041536e-01
9.877135728521527769e-01
9.874970432796547071e-01
9.873336053949409719e-01
9.870964735076444008e-01
9.868302029439344203e-01
9.867799152276305330e-01
9.867189151973048133e-01
9.865618910608734415e-01
9.858703426638824041e-01
9.856790751919948246e-01
9.855573284912831911e-01
9.853649329335848472e-01
9.850829240138359033e-01
9.848700351479990900e-01
9.847118992290380124e-01
9.844848107211844335e-01
9.843944926603770407e-01
9.841685900307803880e-01
9.838259932759925164e-01
9.837516530407576232e-01
9.834460472274251241e-01
9.831017553732885883e-01
9.830884813489932927e-01
9.828582302429291762e-01
9.825880867476752822e-01
9.825704629499051324e-01
9.817137883202724513e-01
9.815752744274192088e-01
9.811761518194416221e-01
9.811174738094463610e-01
9.807900184580393699e-01
9.805675133533056087e-01
9.803311990355714212e-01
9.801876800162656611e-01
9.800863092532565712e-01
9.793295001365748265e-01
9.791730836481931100e-01
9.783422105154107040e-01
9.781027605388070700e-01
9.774399070168636738e-01
9.771059993445556646e-01
9.768989102375903455e-01
9.767327775105122400e-01
9.766365482656845787e-01
9.765612796845571930e-01
9.761196949712968030e-01
9.758724225937458474e-01
9.757248843142285466e-01
9.755465717555018568e-01
9.753836275991906168e-01
9.751641347677677540e-01
9.748543864305018181e-01
9.747929116888662815e-01
9.741320469718817154e-01
9.739574894356362034e-01
9.737322373965099365e-01
9.731656714288376975e-01
9.729781674829892646e-01
9.726818185653932636e-01
9.724787967116516052e-01
9.721129937603182336e-01
9.714587824355660484e-01
9.714169131479886143e-01
9.711025386411735738e-01
9.709567105367222783e-01
9.708648747557846459e-01
9.706183851829247589e-01
9.704435009430515402e-01
9.700815826434882050e-01
9.697743914570919888e-01
9.694865684649622839e-01
9.693133053190405857e-01
9.686072027812747676e-01
9.684085333732994627e-01
9.681691518605797242e-01
9.677241800665596916e-01
9.676551827014943097e-01
9.673373385388355228e-01
9.668747496313839784e-01
9.664211724396845060e-01
9.662115555960365532e-01
9.656251263060977585e-01
9.655476331145679270e-01
9.644660957398194512e-01
9.643207565902500722e-01
9.641597968472382929e-01
9.638056615658230353e-01
9.635403208196622327e-01
9.628892478594964777e-01
9.628363562101754924e-01
9.621062123104811015e-01
9.614108356235486763e-01
9.613435119963487097e-01
9.608036109848726580e-01
9.607510212922596438e-01
9.607149795149867444e-01
9.600132564301443461e-01
9.599415944692333280e-01
9.587177363492104254e-01
9.585603901573414021e-01
9.580970183463186629e-01
9.578306854756477584e-01
9.575956537508854005e-01
9.573605138644232238e-01
9.570503006290721482e-01
9.561881139002420538e-01
9.558369536868338567e-01
9.553988622924038943e-01
9.550667113525129759e-01
9.549348316887547039e-01
9.547173238484687463e-01
9.545943109816625860e-01
9.544491083979844692e-01
9.540791276219071637e-01
9.537650236668198112e-01
9.532510774709932466e-01
9.530267928585101078e-01
9.527018801476958565e-01
9.523509217803822757e-01
9.517751165159621385e-01
9.515004330130946153e-01
9.511790325291765713e-01
9.508711018093126688e-01
9.506976923826806480e-01
9.504391726802954299e-01
9.498525114367898370e-01
9.495834522464875471e-01
9.495387135418732472e-01
9.488084975042548885e-01
9.487169163645791103e-01
9.479770282549153659e-01
9.475321563305431072e-01
9.468499348084916667e-01
9.467417539019291617e-01
9.460612955130819346e-01
9.456446267084425150e-01
9.454645745870396967e-01
9.453971775147863577e-01
9.442952923071683546e-01
9.440233378539253373e-01
9.436185095902310804e-01
9.434318033574592421e-01
9.433189685617682230e-01
9.429671017537395450e-01
9.422980488100700658e-01
9.418386787476987765e-01
9.416065097289918473e-01
9.408927955126149545e-01
9.402750060141898958e-01
9.399742538016712112e-01
9.398917459767115457e-01
9.396459120683091637e-01
9.390735727949341971e-01
9.388742961701658230e-01
9.379120060294175998e-01
9.377316091918274088e-01
9.369601562019537200e-01
9.367560026092178749e-01
9.366630769292273451e-01
9.354030817426323141e-01
9.352907040809186334e-01
9.341760084225495531e-01
9.339973104639777146e-01
9.335536298247198994e-01
9.333935604917276141e-01
9.330596966978418338e-01
9.306236745775854358e-01
9.305047637996680665e-01
9.303782563136456796e-01
9.301233312594215930e-01
9.299439746273194807e-01
9.296975750741151012e-01
9.293849980090254093e-01
9.285817338065501803e-01
9.279778265723932495e-01
9.269452432065157232e-01
9.265706687426307209e-01
9.249661119181843416e-01
9.244525497333451192e-01
9.233816782511685695e-01
9.230936795783301063e-01
9.225414861179422887e-01
9.221042377556880609e-01
9.216549861857776804e-01
9.214299810729473794e-01
9.200879772911398913e-01
9.198307521421028587e-01
9.196224840696574088e-01
9.185499011494925314e-01
9.179085675779671272e-01
9.175545525330308649e-01
9.171204185774348705e-01
9.166793188052793084e-01
9.164039891812872929e-01
9.160373842661510002e-01
9.150560088855188567e-01
9.145700081136288739e-01
9.144225364217485330e-01
9.136532956702787533e-01
9.133381632209730538e-01
9.127248014770724671e-01
9.122335840222327574e-01
9.121219701264562385e-01
9.118731478183053074e-01
9.117900236142670867e-01
9.109876286046934002e-01
9.104354007928761039e-01
9.102555327137040742e-01
9.100216138093090157e-01
9.097783679668244305e-01
9.083817085503764766e-01
9.082827713827719140e-01
9.074994814539077970e-01
9.071977810627224192e-01
9.067606242134886863e-01
9.053191932823637655e-01
9.049857869362682994e-01
9.043683821691604896e-01
9.041656174586664152e-01
9.023496368625482100e-01
9.022916250266720395e-01
9.019844153124512154e-01
9.016531448858062792e-01
9.013097154382666565e-01
9.006405364087939347e-01
9.001673741948098550e-01
8.988264173053958084e-01
8.978587278767280466e-01
8.976054663134686029e-01
8.975100297197056154e-01
8.964047705051942927e-01
8.961571914770413150e-01
8.951875513631816217e-01
8.940910568793986046e-01
8.938559461870987377e-01
8.932647605247667766e-01
8.927303514340163559e-01
8.922038732064667688e-01
8.907874988107861158e-01
8.894439699895659857e-01
8.892459450921951225e-01
8.889594396714304292e-01
8.889027076762949786e-01
8.879118093995147509e-01
8.865259746767741866e-01
8.858960062058339746e-01
8.854647554355110639e-01
8.849629742045338476e-01
8.845692291486385583e-01
8.829595440646850202e-01
8.826379905628195521e-01
8.818151932525526426e-01
8.812192791111824741e-01
8.810183363610070151e-01
8.805821469951039537e-01
8.800252619923389918e-01
8.792220604914299242e-01
8.782737693538157364e-01
8.757163923585129517e-01
8.754081263131464619e-01
8.745039898566956404e-01
8.738976275341161504e-01
8.737558279484142210e-01
8.736870235173740395e-01
8.733588067064583793e-01
8.729879232784789611e-01
8.722522790459967812e-01
8.700591450547506822e-01
8.698008722037124940e-01
8.689893454693757846e-01
8.679328437152621367e-01
8.672421968478971621e-01
8.670736962115177526e-01
8.665392208669983054e-01
8.648068399794118788e-01
8.646815156282557924e-01
8.635626408360127515e-01
8.624943610368380753e-01
8.613463873027531470e-01
8.605751152805467541e-01
8.597708971830282376e-01
8.590072449299962498e-01
8.581472994574121937e-01
8.579220590247225164e-01
8.570908930362273193e-01
8.569657787377611413e-01
8.559498882897043082e-01
8.547886140041076608e-01
8.546348038311917250e-01
8.527837672457371232e-01
8.521700655691820669e-01
8.512906851306288880e-01
8.511027422348452776e-01
8.504763666331670580e-01
8.496829431073030792e-01
8.489532214110482311e-01
8.488185211248143736e-01
8.486926303291965068e-01
8.468945150284227230e-01
8.465642714408354585e-01
8.457582256757345540e-01
8.449334285415508461e-01
8.434865571639416082e-01
8.429542483405696451e-01
8.425061747505625531e-01
8.408652132607824514e-01
8.408562383053889144e-01
8.404569629551716936e-01
8.400638108499413059e-01
8.398289803787836183e-01
8.369109085590482611e-01
8.366453275523313415e-01
8.363327854875229894e-01
8.362870641866335664e-01
8.360729002439112323e-01
8.351122987606778292e-01
8.342038751142504260e-01
8.318278649045325324e-01
8.317162495939106615e-01
8.296844242895689003e-01
8.296123916339134263e-01
8.281853281727317162e-01
8.281785217303916369e-01
8.269732041018292845e-01
8.264126718620882217e-01
8.247750542883327540e-01
8.243764684625574102e-01
8.218195843653219868e-01
8.214945459236001613e-01
8.206866494983149352e-01
8.199517024923159703e-01
8.169220550776122858e-01
8.166250098677506619e-01
8.165560378828161658e-01
8.160172386765782715e-01
8.154176559424491932e-01
8.150148910135692759e-01
8.144754727218164181e-01
8.141564328581601950e-01
8.122469424925852222e-01
8.120617682473951771e-01
8.116146953055042301e-01
8.103567136830022166e-01
8.084207447699646165e-01
8.067683062170577513e-01
8.060879633449586912e-01
8.052121267191156839e-01
8.051535718178042256e-01
8.046620673746514019e-01
8.033554870273668103e-01
7.999691323784093866e-01
7.977388426388827281e-01
7.973902406159364409e-01
7.960874810626318299e-01
7.958604001019575769e-01
7.939434059779725272e-01
7.935070587793116026e-01
7.906962362005618417e-01
7.893724461426684380e-01
7.869097024020674791e-01
7.867444909355664207e-01
7.865300057705447712e-01
7.849035294622078718e-01
7.848001984690899935e-01
7.841714204207952399e-01
7.837387122318031363e-01
7.810254631769371070e-01
7.808592910857399261e-01
7.798002690773169210e-01
7.795231430275235684e-01
7.782007675935050939e-01
7.758123594172563475e-01
7.734127328101777499e-01
7.728346441350665286e-01
7.713969051836770952e-01
7.710362634578356023e-01
7.696915258409504634e-01
7.676406052745845532e-01
7.663871355547718922e-01
7.662610789006001344e-01
7.640620026877935622e-01
7.619365955977142058e-01
7.618867746426003507e-01
7.617816822725277381e-01
7.605488683540552186e-01
7.562641687657706280e-01
7.555735732496130508e-01
7.547007411627417728e-01
7.546571246536243338e-01
7.526304609875370533e-01
7.526112222992352718e-01
7.520106725484354548e-01
7.487123331477407717e-01
7.450524591717399003e-01
7.440990758556247364e-01
7.435679846877928378e-01
7.411825637225898378e-01
7.393289848604495118e-01
7.346910317000360235e-01
7.342335909267010408e-01
7.339506674074167680e-01
7.302669516986883824e-01
7.295861652418701437e-01
7.272829598687663433e-01
7.270780253776654156e-01
7.236555773900035238e-01
7.220426262285530861e-01
7.211028501396040680e-01
7.203314764354464828e-01
7.198973880366927869e-01
7.157503708824274335e-01
7.152238903725323116e-01
7.099924180529677553e-01
7.083611583871042283e-01
7.015206383168786086e-01
7.000688946300562820e-01
6.993950210731574302e-01
6.993908772762142956e-01
6.957901851285605010e-01
6.950497034808652552e-01
6.949498084302372369e-01
6.928480003884817107e-01
6.910604944502563018e-01
6.887425000168396760e-01
6.880796465562645237e-01
6.860382893583033548e-01
6.841221121038091324e-01
6.796394237264568039e-01
6.781167396370239020e-01
6.772158364316932522e-01
6.743315175550795848e-01
6.722450329383076184e-01
6.706916172190630077e-01
6.684557150253364055e-01
6.682135749515318857e-01
6.677831954227146927e-01
6.650910963456988512e-01
6.618606855483087914e-01
6.594769321323133981e-01
6.592407815522803860e-01
6.591912729001929705e-01
6.587290861514565332e-01
6.533586703371141446e-01
6.514413007617547713e-01
6.453292865844006965e-01
6.449496987801339731e-01
6.391800526866757703e-01
6.380232734804828221e-01
6.347788310481118357e-01
6.298876228671732580e-01
6.298064085771754028e-01
6.262698224690798066e-01
6.243068345812657904e-01
6.184698640154028260e-01
6.175521786158068016e-01
6.119110348872482952e-01
6.097594044210969955e-01
6.088008643026450173e-01
6.075299330319308133e-01
6.038913137719695845e-01
5.970735426138324975e-01
5.932656384647503334e-01
5.887245398996552304e-01
5.859012157448848512e-01
5.858411219078553112e-01
5.731593588306489462e-01
5.715856465864879166e-01
5.663963425716221911e-01
5.627069863545192119e-01
5.620376104102128290e-01
5.612430991920941414e-01
5.541264777848013967e-01
5.519372411395240263e-01
5.509293684205734953e-01
5.483442894079969543e-01
5.473822985340081049e-01
5.463351362321703375e-01
5.293738944313676198e-01
5.262724680409918143e-01
5.238833303390992846e-01
5.211955518429411960e-01
5.197453227810806542e-01
5.160106995742163027e-01
5.134736178941796680e-01
5.117326871276497435e-01
5.003039048435983238e-01
4.989522541511635101e-01
4.965464792415166251e-01
4.957728147141653441e-01
4.951831685766271418e-01
4.924727880905979682e-01
4.837455236904706357e-01
4.778161443015645493e-01
4.734912184580923333e-01
4.714407562764391102e-01
4.687689956900153443e-01
4.502478399130079301e-01
4.496169666150546806e-01
4.368492270309240477e-01
4.250348000038032814e-01
4.109742167189406326e-01
3.937069005378615594e-01
3.935371216158003449e-01
3.851350781256185352e-01
3.836479925816029257e-01
3.695126975022492433e-01
3.493707056019154655e-01
3.422043822023975168e-01
3.333897363809460446e-01
3.145677688354396317e-01
3.140900327979423423e-01
2.977275654723040565e-01
