1.577386591613020528e+00
1.486733083064211591e+00
1.449202132216514061e+00
1.442970883262556070e+00
1.396696698475639487e+00
1.388018474104571576e+00
1.372500682796618410e+00
1.355347555648444224e+00
1.335307844293432300e+00
1.323884071934056550e+00
1.306317283974621546e+00
1.302059769027130498e+00
1.291207809670861240e+00
1.282409910436309364e+00
1.282019365426939617e+00
1.272130983798748449e+00
1.271485474950690975e+00
1.260342804181623144e+00
1.255370672749440697e+00
1.253928236195895218e+00
1.250676096429987227e+00
1.249581633394945213e+00
1.248396447398514297e+00
1.244790703678090082e+00
1.243573440777566264e+00
1.243358606086738760e+00
1.242005783924141626e+00
1.241715769338827879e+00
1.237759637440866811e+00
1.235848777871550785e+00
1.233710772176875858e+00
1.231501185981705770e+00
1.223694240081453444e+00
1.221479074574091772e+00
1.220364516466090343e+00
1.219288977949486652e+00
1.217697682150064020e+00
1.214505456977920561e+00
1.214021024198656207e+00
1.211886762379520865e+00
1.211076330158066039e+00
1.208123595062481348e+00
1.207730891724790645e+00
1.206284261772320177e+00
1.202007387290705775e+00
1.201534412991133394e+00
1.200305627888910820e+00
1.199888982060347553e+00
1.197131987692836352e+00
1.193122767074083601e+00
1.192747907693639586e+00
1.191942125464538149e+00
1.191313022037076452e+00
1.189520561446438807e+00
1.189331512636342625e+00
1.185422710742018104e+00
1.184561841320837638e+00
1.183836979291555513e+00
1.183125999639517145e+00
1.179355549432419270e+00
1.177623918904591394e+00
1.177018549160467886e+00
1.175357632254049989e+00
1.175015000417968247e+00
1.174413509981347303e+00
1.172608782805915517e+00
1.172246856723961228e+00
1.171307678105988348e+00
1.170653268722292584e+00
1.169151337641487931e+00
1.168734313196768015e+00
1.165665809863068558e+00
1.165228758899250705e+00
1.163824781476537229e+00
1.163318895057203539e+00
1.162790390573053223e+00
1.160575422692140979e+00
1.159505327451157752e+00
1.159109666761483526e+00
1.158221257257617154e+00
1.157249895389363070e+00
1.156673360618570401e+00
1.155813467732194511e+00
1.154089672510888454e+00
1.153690597133469664e+00
1.153506810833597518e+00
1.151817629515374808e+00
1.150775299653521433e+00
1.148954196895675794e+00
1.148861307803199949e+00
1.147748650277194526e+00
1.146794871694241102e+00
1.145621650342723008e+00
1.144821194571377321e+00
1.143377648132433144e+00
1.143072284563625418e+00
1.142445658490792937e+00
1.141782048523911408e+00
1.141320261370702083e+00
1.140764777854959666e+00
1.140587981340089874e+00
1.139758420383343962e+00
1.138963276540587932e+00
1.138338989119891398e+00
1.136913054703173609e+00
1.136764208798940690e+00
1.136169072083643039e+00
1.134957752454925917e+00
1.134393280061107845e+00
1.133990693413506223e+00
1.133298148231040248e+00
1.132492766546879137e+00
1.131400049628162874e+00
1.130914768825607597e+00
1.130088228230735181e+00
1.129807384222916156e+00
1.128394462963246525e+00
1.128042494368701743e+00
1.126716422409062002e+00
1.125582945409558722e+00
1.125410916115978432e+00
1.125118373592929766e+00
1.124543931765412008e+00
1.123487446773992149e+00
1.123049162320433947e+00
1.123001766326771289e+00
1.122043697562896014e+00
1.121809092280565689e+00
1.121483766281829109e+00
1.120658203548197118e+00
1.120167202379857008e+00
1.118428469196943054e+00
1.118081947438327894e+00
1.117780083546864089e+00
1.117152296237532871e+00
1.117088120794835326e+00
1.116355558645705237e+00
1.115827174411553102e+00
1.115437933719137575e+00
1.115150002024621667e+00
1.113957505099701484e+00
1.113626680670028346e+00
1.113080253712933398e+00
1.110873265349293204e+00
1.110847496873794027e+00
1.110394048769041797e+00
1.110374880529766850e+00
1.109504069109401136e+00
1.109070776351889887e+00
1.108016017779176021e+00
1.107959913680695019e+00
1.107561892657073388e+00
1.106961176360083066e+00
1.105919912522791426e+00
1.105708150745474683e+00
1.105296163913100482e+00
1.105123935556846737e+00
1.104599494377421554e+00
1.103820450061662628e+00
1.103643962046108928e+00
1.102594759629559773e+00
1.102370088854626617e+00
1.102140041890885325e+00
1.102057985239384807e+00
1.101410144101070410e+00
1.100658780920481306e+00
1.099906743071317861e+00
1.099138182593369484e+00
1.098336077192909155e+00
1.097617541736421343e+00
1.097237158380325983e+00
1.097174872221920117e+00
1.096870994545807720e+00
1.096588023926263089e+00
1.096102772707870709e+00
1.095471359281381618e+00
1.094768176615134925e+00
1.094469594933191514e+00
1.094324505973494288e+00
1.094272165907863581e+00
1.093893561057761588e+00
1.093832241647808790e+00
1.093441869947912926e+00
1.093247346076013482e+00
1.093022752792426777e+00
1.092191370133623440e+00
1.092031983785114235e+00
1.091579200959713614e+00
1.090941454955331125e+00
1.090610246982204767e+00
1.089937013925386999e+00
1.089839022194226015e+00
1.089480231405695498e+00
1.089126284252398325e+00
1.088113744855011555e+00
1.087758247257130551e+00
1.087667608099021521e+00
1.087402480107629410e+00
1.086534599065829942e+00
1.086401172571761053e+00
1.086156227407400587e+00
1.085872300151017766e+00
1.085637413156853137e+00
1.084751689438007594e+00
1.084479455452065144e+00
1.084182935278670268e+00
1.083967957710376240e+00
1.083137693820114711e+00
1.082758356779229825e+00
1.082069145435937241e+00
1.081969690945035145e+00
1.081487382221147930e+00
1.081073996991465336e+00
1.080705696117770787e+00
1.080114632089433480e+00
1.078622841825635392e+00
1.078305407709984287e+00
1.078093680387354425e+00
1.077810921056881366e+00
1.076642515327063787e+00
1.076448407083154590e+00
1.076298086158546496e+00
1.076095845465666390e+00
1.075917673902108795e+00
1.075514002381250833e+00
1.075070675629752337e+00
1.074919517963284665e+00
1.074598324522845427e+00
1.074357551431297964e+00
1.074217640861433232e+00
1.073840627577414608e+00
1.073787982865172852e+00
1.073278481848723320e+00
1.072871342243438386e+00
1.071682126461781071e+00
1.071658634622382644e+00
1.070932945630936883e+00
1.070654881205883369e+00
1.070590994888920067e+00
1.070186047101281401e+00
1.069941035286335662e+00
1.069628121380282737e+00
1.069265954012107001e+00
1.068674967164732426e+00
1.068528260283402309e+00
1.067874107912223147e+00
1.067652712557168870e+00
1.067308253987094613e+00
1.067245868983164314e+00
1.066375614141293671e+00
1.066199517072445202e+00
1.065784410441889207e+00
1.065495990717509667e+00
1.065107066268498492e+00
1.064910977973264394e+00
1.064487729871795185e+00
1.064136473668379823e+00
1.062922085975192443e+00
1.062713557863447233e+00
1.062461564454922236e+00
1.062337358155441391e+00
1.062190200282533858e+00
1.062135298120706839e+00
1.062087334652790593e+00
1.061795466287407619e+00
1.061290734707586392e+00
1.060840710647316776e+00
1.060569442547534491e+00
1.060447368912083910e+00
1.060382068513500808e+00
1.060036941548991418e+00
1.059245177981143593e+00
1.058927411827890186e+00
1.058808005120187357e+00
1.058610533793808317e+00
1.058435280215290542e+00
1.058007756211734707e+00
1.057785503510505931e+00
1.057478219995328317e+00
1.057441703970969593e+00
1.057045007357320765e+00
1.056853362232640148e+00
1.056569995555725949e+00
1.056325213642548055e+00
1.055965462820453116e+00
1.055577814686950999e+00
1.055386458555182427e+00
1.055050570253766695e+00
1.054833183456896695e+00
1.054442441318742540e+00
1.054321356355898631e+00
1.054054801130252406e+00
1.053888095926060586e+00
1.053281176202297997e+00
1.052952617908289978e+00
1.052848433044272225e+00
1.052563323431643827e+00
1.052375624896883410e+00
1.052099076095598607e+00
1.051829859114106647e+00
1.051797771204915799e+00
1.051352686950589144e+00
1.051113902503291841e+00
1.050522978483300562e+00
1.050154598460860456e+00
1.050083116304873387e+00
1.049931963225201548e+00
1.049568707142299884e+00
1.049356513950118419e+00
1.048955565696467973e+00
1.048800519310010504e+00
1.048706143661964019e+00
1.048551155553299363e+00
1.048226657901678127e+00
1.047839875674878130e+00
1.047793923458130827e+00
1.047650622681496113e+00
1.047503592742324408e+00
1.047305256724841316e+00
1.046930851454350497e+00
1.046633491809388472e+00
1.046588181919452909e+00
1.046505361489714181e+00
1.046196510364181265e+00
1.045882914485597448e+00
1.045851841315416975e+00
1.045455021170482723e+00
1.045271402631946067e+00
1.045160769797365274e+00
1.044971283797858419e+00
1.044920344723386352e+00
1.044810519408987393e+00
1.044732441355555874e+00
1.044543804673704113e+00
1.044341752816307700e+00
1.044177159579277259e+00
1.043938379466997413e+00
1.043757407034915374e+00
1.043350136468509159e+00
1.043106585550713783e+00
1.042971065235222650e+00
1.042869338758279696e+00
1.042718222902617731e+00
1.042574176321443780e+00
1.042487323699666346e+00
1.042417371975768114e+00
1.042162677973819340e+00
1.041675330541389499e+00
1.041470000928996553e+00
1.041329347102607716e+00
1.040968648304800181e+00
1.040876718600424633e+00
1.040439242244902029e+00
1.040334253462816383e+00
1.039993220960432563e+00
1.039905943057625626e+00
1.039687282114133193e+00
1.039470343927886509e+00
1.039375312271871854e+00
1.038807842629982270e+00
1.038583470311906343e+00
1.038277453003169093e+00
1.038179322393565140e+00
1.037956088690868750e+00
1.037700954999258851e+00
1.037511271347144604e+00
1.037398786405894002e+00
1.037166544651148659e+00
1.037037560839415340e+00
1.036889897811720918e+00
1.036659370706617622e+00
1.036462225657821312e+00
1.036243378394940740e+00
1.036122000213338668e+00
1.035870590124565727e+00
1.035824981429028346e+00
1.035526497755401731e+00
1.035404317436224186e+00
1.035024829332962470e+00
1.034968157051734616e+00
1.034700489606632967e+00
1.034341532392610175e+00
1.034279972312498685e+00
1.034218002268785908e+00
1.034036504161898629e+00
1.033932767374819539e+00
1.033808152660362412e+00
1.033593685157574216e+00
1.033406848667267175e+00
1.033086349911994217e+00
1.033004835738629223e+00
1.032871822232656500e+00
1.032696449794355820e+00
1.032426145476674328e+00
1.032289294950060610e+00
1.032067360720211102e+00
1.031700204046950065e+00
1.031613204582928045e+00
1.031427381972567447e+00
1.031186419471960436e+00
1.031085106744351609e+00
1.030878184563122302e+00
1.030636332353981333e+00
1.030120444630760801e+00
1.030004230166207790e+00
1.029741688451302428e+00
1.029537203210766583e+00
1.029443084388045104e+00
1.029251284208093420e+00
1.029079533923714207e+00
1.029043943980032072e+00
1.029006523534028661e+00
1.028938579897036298e+00
1.028829179516325798e+00
1.028622231948737031e+00
1.028465625761503022e+00
1.028312824197287867e+00
1.028266249536608834e+00
1.028047545000259300e+00
1.027794350460430550e+00
1.027684077512561744e+00
1.027439022587700368e+00
1.027327144731416730e+00
1.027230273492964807e+00
1.027147916279078643e+00
1.026850797800634041e+00
1.026568989928184905e+00
1.026465524198943102e+00
1.026342311955906084e+00
1.026268165148817246e+00
1.026185499957743774e+00
1.026082710675393361e+00
1.025853308555503274e+00
1.025799872493042164e+00
1.025661717015841301e+00
1.025533056924326392e+00
1.025459618820929064e+00
1.025423034446610648e+00
1.025391779261756620e+00
1.025232320950832943e+00
1.025083935990893647e+00
1.024689802139149730e+00
1.024455452497577523e+00
1.024366528999383519e+00
1.024130589143747105e+00
1.023964159773547822e+00
1.023832955878376305e+00
1.023690277022184514e+00
1.023545779878397788e+00
1.023387658901013353e+00
1.023257672558118836e+00
1.023098000081871461e+00
1.022942209362869947e+00
1.022857631468621076e+00
1.022696828600581309e+00
1.022653906194918916e+00
1.022437319472947470e+00
1.022392038120176538e+00
1.022303336116127559e+00
1.022233360293109738e+00
1.022165484648640099e+00
1.022023895470894006e+00
1.021830147201890915e+00
1.021713986356289405e+00
1.021599364719030012e+00
1.021416276320684435e+00
1.021305272296907818e+00
1.021108083279806289e+00
1.021070982712931619e+00
1.020877712536091719e+00
1.020838692543061033e+00
1.020759249864679807e+00
1.020699415211724137e+00
1.020496802447689255e+00
1.020427408468914221e+00
1.020230807157062936e+00
1.020195905290788518e+00
1.019858360145232234e+00
1.019702843608852438e+00
1.019611694485810238e+00
1.019513172023030600e+00
1.019452956214915718e+00
1.019279639804443471e+00
1.019183744010349946e+00
1.019071605498638622e+00
1.018880139381145300e+00
1.018791784058277861e+00
1.018511178899529801e+00
1.018460549900640055e+00
1.018432262235201335e+00
1.018389239400975699e+00
1.018314980935445924e+00
1.018168508561601904e+00
1.018091912398802146e+00
1.018036479588452226e+00
1.017942159852163853e+00
1.017857497306356329e+00
1.017676177499075241e+00
1.017630812194096901e+00
1.017556524929335682e+00
1.017401499618443728e+00
1.017304057153511243e+00
1.017224078990808023e+00
1.017163959872202650e+00
1.017113034355377144e+00
1.016999240561279993e+00
1.016840663354116492e+00
1.016697425130400845e+00
1.016579607359866078e+00
1.016419833778352322e+00
1.016407038324630641e+00
1.016319253982007176e+00
1.015932539090426578e+00
1.015746878021612121e+00
1.015699837203350331e+00
1.015529749360402967e+00
1.015458333711616534e+00
1.015418488806848485e+00
1.015335087632289079e+00
1.015266716961134463e+00
1.015127353688910494e+00
1.015073068274533474e+00
1.014967864409841880e+00
1.014929626903595450e+00
1.014784721111112953e+00
1.014646264339555515e+00
1.014601133103346209e+00
1.014549704418245879e+00
1.014447077330821623e+00
1.014352439286388297e+00
1.014270777347318520e+00
1.014237191423881468e+00
1.014130546323537718e+00
1.014019646352400272e+00
1.013965642692864488e+00
1.013773259595307952e+00
1.013621041913399301e+00
1.013470838748999903e+00
1.013412323828344563e+00
1.013392092889565665e+00
1.013261633977364573e+00
1.013193522403036617e+00
1.013107880576125996e+00
1.013037819192259992e+00
1.012721922597187296e+00
1.012639937866153028e+00
1.012616410922864141e+00
1.012497094767607075e+00
1.012381632489270045e+00
1.012310306914616431e+00
1.012218817594304765e+00
1.012133594919305546e+00
1.012077143216674413e+00
1.012010400650430464e+00
1.011861701361205901e+00
1.011825732578631731e+00
1.011690980962573372e+00
1.011623901600317899e+00
1.011479237339259596e+00
1.011406488086087130e+00
1.011329786802767527e+00
1.011255067561007914e+00
1.011186943712150343e+00
1.011130256731445520e+00
1.011095248299223259e+00
1.011075154829138123e+00
1.010829620468720158e+00
1.010660993395555929e+00
1.010644576457036647e+00
1.010597682246346718e+00
1.010583776338524364e+00
1.010548926069334108e+00
1.010458569200143764e+00
1.010427197178908054e+00
1.010325041356541664e+00
1.010215283804455799e+00
1.010159011514502936e+00
1.010072613616877168e+00
1.010013784060278752e+00
1.009882981183599426e+00
1.009835745001837592e+00
1.009728917399089987e+00
1.009566144710658309e+00
1.009541109604996434e+00
1.009520817022474981e+00
1.009444934703099817e+00
1.009332744894471556e+00
1.009284934983350590e+00
1.009173288750021324e+00
1.009114969417053143e+00
1.009062746809081368e+00
1.009024086399107567e+00
1.008933635162288400e+00
1.008922822604809921e+00
1.008690143533078176e+00
1.008630532882675901e+00
1.008609592164630309e+00
1.008554153462152492e+00
1.008512591703818462e+00
1.008487813949485945e+00
1.008470429358546028e+00
1.008420348864876637e+00
1.008302240225920743e+00
1.008263906965944035e+00
1.008255338610167584e+00
1.008092257308658368e+00
1.007994095049791206e+00
1.007975436911536793e+00
1.007925748345299910e+00
1.007845280909191343e+00
1.007788805831589363e+00
1.007740669994756422e+00
1.007655117323630334e+00
1.007552750642027206e+00
1.007435107152325759e+00
1.007407932754295965e+00
1.007377628716281226e+00
1.007235535422827510e+00
1.007160803048368969e+00
1.007033069357682109e+00
1.007005979276051510e+00
1.006960022661597343e+00
1.006892879389153173e+00
1.006840341597468269e+00
1.006823927830446941e+00
1.006791101011651923e+00
1.006694217861511920e+00
1.006675343453906191e+00
1.006629379106644961e+00
1.006493424853357022e+00
1.006450982776821990e+00
1.006419682230788704e+00
1.006359314085062850e+00
1.006238613693400286e+00
1.006186762999308870e+00
1.006163062309271439e+00
1.006048971006229920e+00
1.005981705679233729e+00
1.005943734615722951e+00
1.005890813163199615e+00
1.005803952005624113e+00
1.005782668626024279e+00
1.005718806796261466e+00
1.005705796240906391e+00
1.005670108455579914e+00
1.005639024824771743e+00
1.005551870381607538e+00
1.005538499922851159e+00
1.005485650888239491e+00
1.005414301630549456e+00
1.005391268509724600e+00
1.005311785440590855e+00
1.005274303857889295e+00
1.005217047010841025e+00
1.005181069881744271e+00
1.005108827906354474e+00
1.005029010167616033e+00
1.004968032364066621e+00
1.004938040206154071e+00
1.004864353090604734e+00
1.004829998042798378e+00
1.004753309077187629e+00
1.004743152820280372e+00
1.004716141867797452e+00
1.004708347248548961e+00
1.004668625143963823e+00
1.004632940242244921e+00
1.004599392553014114e+00
1.004560214075438385e+00
1.004504368834634009e+00
1.004437287592925498e+00
1.004386482439159956e+00
1.004324499710764762e+00
1.004305695707807367e+00
1.004261784055060724e+00
1.004223132083874370e+00
1.004154650146929617e+00
1.004117250677449169e+00
1.004092526247156281e+00
1.003979976117287620e+00
1.003938035552289554e+00
1.003900708175300860e+00
1.003896309130288156e+00
1.003849026077808348e+00
1.003819472990080008e+00
1.003736447041767788e+00
1.003707855267520266e+00
1.003692964320386238e+00
1.003683669021890656e+00
1.003634876212573301e+00
1.003618234700932810e+00
1.003591840513350153e+00
1.003541521771873057e+00
1.003520695107289695e+00
1.003485430048378868e+00
1.003470941925040272e+00
1.003439521296700887e+00
1.003395224462422242e+00
1.003310809740961762e+00
1.003273757975805092e+00
1.003221827860531823e+00
1.003205617706002473e+00
1.003160849860591730e+00
1.003088906892085630e+00
1.003065604329982374e+00
1.003010372075420209e+00
1.002958532564595995e+00
1.002923865231373668e+00
1.002915937883251507e+00
1.002872532019933427e+00
1.002859923396686836e+00
1.002805889119317451e+00
1.002798237075243071e+00
1.002739066225665665e+00
1.002722282418056610e+00
1.002680548009472261e+00
1.002664321884177534e+00
1.002608907358096157e+00
1.002549601865269091e+00
1.002451852335173310e+00
1.002429968341758126e+00
1.002424915329897637e+00
1.002391619758373764e+00
1.002385349389397717e+00
1.002315280400073672e+00
1.002272365305133306e+00
1.002258527531503685e+00
1.002242726237587256e+00
1.002209185477362707e+00
1.002194695447246930e+00
1.002162411963447353e+00
1.002144585548756739e+00
1.002120530747043103e+00
1.002064886665717580e+00
1.002034468549104718e+00
1.001982642737697882e+00
1.001955854566600523e+00
1.001929183348385211e+00
1.001882197375444372e+00
1.001839890842722181e+00
1.001816124521123674e+00
1.001748081984068284e+00
1.001718597191968874e+00
1.001690254200073626e+00
1.001660276452508214e+00
1.001608419536598182e+00
1.001583106545964386e+00
1.001545440014135702e+00
1.001543584047538182e+00
1.001509452803121203e+00
1.001435910566319087e+00
1.001409426721999951e+00
1.001384406383794667e+00
1.001360534516314349e+00
1.001343883851055550e+00
1.001301907567399452e+00
1.001278815234021735e+00
1.001272545397337899e+00
1.001264791269274923e+00
1.001250070899986744e+00
1.001236044336256459e+00
1.001188858675726712e+00
1.001137339892057332e+00
1.001089006461960196e+00
1.001058170402834069e+00
1.001049904154221126e+00
1.001046347780932155e+00
1.001040723625616913e+00
1.000996728692735926e+00
1.000944941445791603e+00
1.000934967882437521e+00
1.000920445804800440e+00
1.000885458144770590e+00
1.000840481877665722e+00
1.000815024009732213e+00
1.000796153118733267e+00
1.000759122038461291e+00
1.000729480547879247e+00
1.000719990024317330e+00
1.000680503405667610e+00
1.000679616618807000e+00
1.000606826990121823e+00
1.000594931461459280e+00
1.000586374198113360e+00
1.000548324057376481e+00
1.000541458682698170e+00
1.000524517784500134e+00
1.000513330256391331e+00
1.000497716018813987e+00
1.000488549795823134e+00
1.000463318624205789e+00
1.000449661837623516e+00
1.000422948443621118e+00
1.000384364613055022e+00
1.000355683571782839e+00
1.000340559218627190e+00
1.000331908527818836e+00
1.000315676087957018e+00
1.000287697106982066e+00
1.000252907349769460e+00
1.000246912791091791e+00
1.000229220297991217e+00
1.000214494215882155e+00
1.000184686016026170e+00
1.000181928855344182e+00
1.000172157390212924e+00
1.000167214163529161e+00
1.000163415715584092e+00
1.000152196234073143e+00
1.000130208557571621e+00
1.000102677283130959e+00
1.000092777068696703e+00
1.000085737437927058e+00
1.000082775780785305e+00
1.000060162330988600e+00
1.000040511373194052e+00
1.000014806435026937e+00
1.000002910254342181e+00
1.000001513299046740e+00
9.999531060114055236e-01
9.999366810862247990e-01
9.999310216162389242e-01
9.998854605270149909e-01
9.998702246154402840e-01
9.998603215631918228e-01
9.998485149631048952e-01
9.998113184824888311e-01
9.998023999504344062e-01
9.997686935313002676e-01
9.997547923383038881e-01
9.997203470906840250e-01
9.997087499103005648e-01
9.996657595183178202e-01
9.996491156043422199e-01
9.996265144347555864e-01
9.995868543917064697e-01
9.995240712180126774e-01
9.994682624323079079e-01
9.994530096214560011e-01
9.994321074698797602e-01
9.994004622977831209e-01
9.993798680851864180e-01
9.993614569205320208e-01
9.992907322931027236e-01
9.992330223690715219e-01
9.992083705682316408e-01
9.991646158762359509e-01
9.990887009667409613e-01
9.990519040774307191e-01
9.989981142486050736e-01
9.989731727521360405e-01
9.989632639970005279e-01
9.989514551608086323e-01
9.988736992094336964e-01
9.987985219980999307e-01
9.987949219852411131e-01
9.987616092556941272e-01
9.987007482664198577e-01
9.986298247523974769e-01
9.985805443492541400e-01
9.985441603603210092e-01
9.985202214470805249e-01
9.984606630765850976e-01
9.983975488674010634e-01
9.983541076770680034e-01
9.982875243744154803e-01
9.982521922352400878e-01
9.982095328113466115e-01
9.981867134698452215e-01
9.980893407435583731e-01
9.979527580047858892e-01
9.979421809811258592e-01
9.978879656897241546e-01
9.977451587540583366e-01
9.977269583167848177e-01
9.976958411485251643e-01
9.975489668198683768e-01
9.974786956740947508e-01
9.974553684211442395e-01
9.974358048928325671e-01
9.973591130917499603e-01
9.973316063423312006e-01
9.972831953304951424e-01
9.972664578845523708e-01
9.972399701143994655e-01
9.971632478503369423e-01
9.970867384463617533e-01
9.970213736682995709e-01
9.970041732229676379e-01
9.969263083758855837e-01
9.968169834931576156e-01
9.967120720557671731e-01
9.966161944971065889e-01
9.965499175955429001e-01
9.964837947840674559e-01
9.963562068302539432e-01
9.963136061492408047e-01
9.962247278470411915e-01
9.961630869340724059e-01
9.959475630177406780e-01
9.959091753847317818e-01
9.958070397301710397e-01
9.957703149429345535e-01
9.957222703293694410e-01
9.955252337616028457e-01
9.954985562093560114e-01
9.954229746143349322e-01
9.954102575509622408e-01
9.953781255363318703e-01
9.952992873481770753e-01
9.952548390659684552e-01
9.951392713056160799e-01
9.950301436716886272e-01
9.948741051786189615e-01
9.947085807239398614e-01
9.945864714926609951e-01
9.944432537398653071e-01
9.943757301415242500e-01
9.943001668559635631e-01
9.942519421031236204e-01
9.941136212964432062e-01
9.940046241980446950e-01
9.938303976571745135e-01
9.937153778476472965e-01
9.936160078229648862e-01
9.935629038826323534e-01
9.935048914780827412e-01
9.933783615820612756e-01
9.932323727151084469e-01
9.931673494999875285e-01
9.929153774935515209e-01
9.928577224260948242e-01
9.927936696746334500e-01
9.927003138895397205e-01
9.926110104324999961e-01
9.924332342306639854e-01
9.922251498376166712e-01
9.918554156822809720e-01
9.917604143191953714e-01
9.915244068253079579e-01
9.913413150466350299e-01
9.912390684490202108e-01
9.910764956023733196e-01
9.909928206046619836e-01
9.909327902691271728e-01
9.909050331813742396e-01
9.907590276389389716e-01
9.907318882906256396e-01
9.906694623788890874e-01
9.904076357905871042e-01
9.903590490211159336e-01
9.901262253953670989e-01
9.899320388120284031e-01
9.898653566920030400e-01
9.897129954028870413e-01
9.896436899650972174e-01
9.895031383691362814e-01
9.894896932976765536e-01
9.894143976295041165e-01
9.893445778123114431e-01
9.893186500453970966e-01
9.890913250474139273e-01
9.889974774284636672e-01
9.885524721931689962e-01
9.884751727601986948e-01
9.883462724294077573e-01
9.883230416156595366e-01
9.882326892926727169e-01
9.880323959846234461e-01
9.878394601309548051e-01
9.876804460942487651e-01
9.876503349455794112e-01
9.875644764313956658e-01
9.874801283529516249e-01
9.872540336978768982e-01
9.870478660522152836e-01
9.869311943941481147e-01
9.868012169258932875e-01
9.867653877781136229e-01
9.866263094636823494e-01
9.864549645646117915e-01
9.861156770233417967e-01
9.860625486041437737e-01
9.858573431694503952e-01
9.857698840905151361e-01
9.852557143958320385e-01
9.849571571482752530e-01
9.847824685570798486e-01
9.846107478282012382e-01
9.844674860221006574e-01
9.844066508739867105e-01
9.843000485700857949e-01
9.840334346191027537e-01
9.839102934939394363e-01
9.836158854888862324e-01
9.832735865210532333e-01
9.831396232215763309e-01
9.829119666242417397e-01
9.827614088128662218e-01
9.824385101415499255e-01
9.823918198983064842e-01
9.822458220075749313e-01
9.819849003779527186e-01
9.818463195413473787e-01
9.818116388878029843e-01
9.815892871593924207e-01
9.815272362373165249e-01
9.815147697235885316e-01
9.813144853716967431e-01
9.806481498842012368e-01
9.805017245154363792e-01
9.801883703513358803e-01
9.801319432233120965e-01
9.800119296614793196e-01
9.798040822686585605e-01
9.795547609309787074e-01
9.794979528762459697e-01
9.793299503454191424e-01
9.792949992702655315e-01
9.792389595175297057e-01
9.789749965223545347e-01
9.785752589562298764e-01
9.785388672058551451e-01
9.783739352311725535e-01
9.777519941685502980e-01
9.775528506751386404e-01
9.773693089536060752e-01
9.768789773637042151e-01
9.767594057965062193e-01
9.766273005744739999e-01
9.760729890214512317e-01
9.757663240155435291e-01
9.756088650450410737e-01
9.755160506213983451e-01
9.753760202498035214e-01
9.749780263703754501e-01
9.748331524331773634e-01
9.747984741326085611e-01
9.747167123293045687e-01
9.746512116357839428e-01
9.743546119846986375e-01
9.740791181687650235e-01
9.740410821175694567e-01
9.738066128707014713e-01
9.736354108617657488e-01
9.732774594884691099e-01
9.728548334187462343e-01
9.724709737797639919e-01
9.724434815781081154e-01
9.716616362702193976e-01
9.715664524018648995e-01
9.715246893021618479e-01
9.709863199354500374e-01
9.706372917595926797e-01
9.704396664166090591e-01
9.700584210723919298e-01
9.699971166978812454e-01
9.698225463626601872e-01
9.691436813611206125e-01
9.690261338669589053e-01
9.689268831849752184e-01
9.687111771436065499e-01
9.683253439682555364e-01
9.682393136764601005e-01
9.680452355760273964e-01
9.677991528201779214e-01
9.674974359477374053e-01
9.674088351545996334e-01
9.665528039284999595e-01
9.662079178439635374e-01
9.658980945222542802e-01
9.656766335878924634e-01
9.656342866766992605e-01
9.647281604298958424e-01
9.646535607250175115e-01
9.643375217867293792e-01
9.642818299758652012e-01
9.641058020538072482e-01
9.635358399598084045e-01
9.632222158231802389e-01
9.628841689086905520e-01
9.627052432282265926e-01
9.625613294353676519e-01
9.618313386256748254e-01
9.612193533275572577e-01
9.611886837897061220e-01
9.611267278014450355e-01
9.607169254705668626e-01
9.600334203742606487e-01
9.599293870645944082e-01
9.597866035222799574e-01
9.594813635593669732e-01
9.591308966465088570e-01
9.589310460910320799e-01
9.588577591012913404e-01
9.584624523358161730e-01
9.582865499501248552e-01
9.581578610654415407e-01
9.581018247374682995e-01
9.579795448745387354e-01
9.575838868773659529e-01
9.569540678777266329e-01
9.562637268058598039e-01
9.559771475503915372e-01
9.556749100720308698e-01
9.554698997282343731e-01
9.553977970999385505e-01
9.548871111235096576e-01
9.548177783170463950e-01
9.544789295907625259e-01
9.543983597495598881e-01
9.541864754846434149e-01
9.539002439921829835e-01
9.536942442003766285e-01
9.530214289118530413e-01
9.516905466448526418e-01
9.515782047841598867e-01
9.512726279460095302e-01
9.511517173763847088e-01
9.506634534532086844e-01
9.503152552304091616e-01
9.498466129300588978e-01
9.494567524963839489e-01
9.490379275499547518e-01
9.487822355344922576e-01
9.485760876427336008e-01
9.481910822877911427e-01
9.481187575932543687e-01
9.479908733202143667e-01
9.476739803482788771e-01
9.474232747215165507e-01
9.469729310102654729e-01
9.466661612856303032e-01
9.463881956739621515e-01
9.455308409258696978e-01
9.453086539990346315e-01
9.448213950992626620e-01
9.444861588799492447e-01
9.442658041262144142e-01
9.440487578990163220e-01
9.429704132885301515e-01
9.427924049249234439e-01
9.424850961408446359e-01
9.421604892564814371e-01
9.420973667473796498e-01
9.415911608645818331e-01
9.415552704573506571e-01
9.408951393777195138e-01
9.406740389543910563e-01
9.401702351270487812e-01
9.397380092702986021e-01
9.396017117501824778e-01
9.394333796144571647e-01
9.390396765073406593e-01
9.386718759264485179e-01
9.386617996251912510e-01
9.377243932241012825e-01
9.374367110524242097e-01
9.373173520095680056e-01
9.366498621774324018e-01
9.363515909570782059e-01
9.356992895791234055e-01
9.356559955699057518e-01
9.353888982479763303e-01
9.351647726694278795e-01
9.349524982867387646e-01
9.346307246121808854e-01
9.342695334049502254e-01
9.331892719743640763e-01
9.329303428195395709e-01
9.327793654111564692e-01
9.325935591007892267e-01
9.318522451423522091e-01
9.317147442091431309e-01
9.303409459527857139e-01
9.295453787021580316e-01
9.294607761125558421e-01
9.294198992402610271e-01
9.292514788979365781e-01
9.287354725530093669e-01
9.281659358808698190e-01
9.277257314815929856e-01
9.276377721238372454e-01
9.265427127349445957e-01
9.262880207924868436e-01
9.260583415235472682e-01
9.260007769592992766e-01
9.257806126020271531e-01
9.249678863449904975e-01
9.239583650445039043e-01
9.234555309978164095e-01
9.217388738195454456e-01
9.213419449557211927e-01
9.212779263080188574e-01
9.210805353484594615e-01
9.207892809066913209e-01
9.205224983875663902e-01
9.201636236862277274e-01
9.198979262625592845e-01
9.193929874894829490e-01
9.188531399167620961e-01
9.185134459947976726e-01
9.184656159293206334e-01
9.175483659299054073e-01
9.171679176688707358e-01
9.169100141935189185e-01
9.164982119667693938e-01
9.154018699013289906e-01
9.153750133261946420e-01
9.148251375104690108e-01
9.145309047519345480e-01
9.144303111693509178e-01
9.137634572767617813e-01
9.136441172180395087e-01
9.132701603550105185e-01
9.123293176668152427e-01
9.118652028501363915e-01
9.114751724052672088e-01
9.112197596996369775e-01
9.106007526123778284e-01
9.091885925452776185e-01
9.085512184959949611e-01
9.082261916637363042e-01
9.073102837944312382e-01
9.068144491100711413e-01
9.066186932293002210e-01
9.062187243422312743e-01
9.057137250638941373e-01
9.049829685080490460e-01
9.040058588957891050e-01
9.037441532640593245e-01
9.026286501707764254e-01
9.014519758463809262e-01
9.003717796495440684e-01
8.999328940155312262e-01
8.996659901654741054e-01
8.994609030609040934e-01
8.993951516073167562e-01
8.985219633009896567e-01
8.978930594769415352e-01
8.977504451160436272e-01
8.976858625886259269e-01
8.944640269795330889e-01
8.936382647904816956e-01
8.923415364515191461e-01
8.915990651271044065e-01
8.908164073927402615e-01
8.907426782792309261e-01
8.899621655419780453e-01
8.885697178649983874e-01
8.885404293581437019e-01
8.883065650755277431e-01
8.866177289705041709e-01
8.864126053068536182e-01
8.863509508040031681e-01
8.856994448249326801e-01
8.855380649916912983e-01
8.851779617574365711e-01
8.836921073564732998e-01
8.835102541168972090e-01
8.828396726617789847e-01
8.819238084007153811e-01
8.814094029601079461e-01
8.811763300394672704e-01
8.795385074617529941e-01
8.786985642015626707e-01
8.782431512091766201e-01
8.777901501343763346e-01
8.774779629771469747e-01
8.769199647272620801e-01
8.759737688339844786e-01
8.758321989500478244e-01
8.745507785893195107e-01
8.736540217110175810e-01
8.730776424159218951e-01
8.716327944090450641e-01
8.711546247266056531e-01
8.703523626358801168e-01
8.701692207971339910e-01
8.695767297667138518e-01
8.688581804706801970e-01
8.675594282310024052e-01
8.674573276295117763e-01
8.660173478320477569e-01
8.658838070243075613e-01
8.621393806110847491e-01
8.605391125190272605e-01
8.600442114640108882e-01
8.588765892364681465e-01
8.582080384447841048e-01
8.575629483597575486e-01
8.573423905430410663e-01
8.569084544172146378e-01
8.557213022236986877e-01
8.551464374969581783e-01
8.528364168500401910e-01
8.517645304683627572e-01
8.505055160059924457e-01
8.504268843299322977e-01
8.494410184714804579e-01
8.490661683455583697e-01
8.483199364058315872e-01
8.474732219702229008e-01
8.450860745875953262e-01
8.434351872558697449e-01
8.433122273872999397e-01
8.415720941739324168e-01
8.403930494375538851e-01
8.380727219771013647e-01
8.378742636998618432e-01
8.373837144929142662e-01
8.348459742633286274e-01
8.347603564912284835e-01
8.334398361578962966e-01
8.321301320095605414e-01
8.313017100180305485e-01
8.308842733982588769e-01
8.287252793455731625e-01
8.286339498892879574e-01
8.271307738143335309e-01
8.267325279169513985e-01
8.247552938209337103e-01
8.242249628335315270e-01
8.235919312387526281e-01
8.232545562530124705e-01
8.212523151618519313e-01
8.207889799375975848e-01
8.202893727194469076e-01
8.157507414230444898e-01
8.134620140423290957e-01
8.088092005502336423e-01
8.087419459262537025e-01
8.078798249622396455e-01
8.075508714689415557e-01
8.073700187184214005e-01
8.061981191618886600e-01
8.028959678008459333e-01
8.000221771080290312e-01
7.996575205115600271e-01
7.992782748185760511e-01
7.970308530039936779e-01
7.963901398911960028e-01
7.954800781507718188e-01
7.934520966118882024e-01
7.910012061971842812e-01
7.908815264777260268e-01
7.895504898617363709e-01
7.859401619249145599e-01
7.818446875275938401e-01
7.816049670460191168e-01
7.797016206238495117e-01
7.773135701890593330e-01
7.752072634121235373e-01
7.748277548101643042e-01
7.719362020859176221e-01
7.710195792613594445e-01
7.704320078236874814e-01
7.672363010282222673e-01
7.585283389309793733e-01
7.564737827244036872e-01
7.560686017683815319e-01
7.545328015604989558e-01
7.482674019148412015e-01
7.463552312617683926e-01
7.442458291966950190e-01
7.430482653253196457e-01
7.426880191380484941e-01
7.374451162009779681e-01
7.354651037893641385e-01
7.277624111414106034e-01
7.247062809652962123e-01
7.245037453904186187e-01
7.238110558533011885e-01
7.192262616397063768e-01
7.189425158721299836e-01
7.185036447417357808e-01
7.174233898859233571e-01
7.124761351297066447e-01
7.089953278738864162e-01
7.074063398010903558e-01
7.068302888660760175e-01
7.044048957667583544e-01
7.016181550405010681e-01
7.005024012866675198e-01
6.981822848238965484e-01
6.935859691804733274e-01
6.917398321927601401e-01
6.887352493666715203e-01
6.871597688345099098e-01
6.778808123016366594e-01
6.755975400764379080e-01
6.701674264714806428e-01
6.628151055286445326e-01
6.603486991737257394e-01
6.581581236665886570e-01
6.537288704338984902e-01
6.509914884840835025e-01
6.368716123443793897e-01
6.361770692402192173e-01
6.333523703162674545e-01
6.255231042291415910e-01
6.237894205287847216e-01
6.131333106031233715e-01
6.107235956942774768e-01
6.062551514359333371e-01
6.050492457088135767e-01
5.958828030907857842e-01
5.943932449687704400e-01
5.902242231674754702e-01
5.799792817336852924e-01
5.741002427127385177e-01
5.682611964702286578e-01
5.462619811013502691e-01
5.410317017624233227e-01
5.405693036726806344e-01
4.556692816621967235e-01
