1.234092751968323132e+00
1.207316999144240954e+00
1.177534705672886872e+00
1.174012574395298047e+00
1.171813920173510049e+00
1.166135173963232408e+00
1.162119133800116666e+00
1.159430095397497418e+00
1.158302883291421059e+00
1.157078645041476506e+00
1.148106086369262480e+00
1.145769584011302022e+00
1.144144078601704972e+00
1.142524711068449328e+00
1.141080300157676586e+00
1.139683657257629879e+00
1.136854974600946866e+00
1.134228815905908627e+00
1.133208028552696200e+00
1.131955590403389111e+00
1.126765959019737640e+00
1.124373252910742638e+00
1.124265883955233525e+00
1.123088264595992314e+00
1.121865632162697413e+00
1.121422782775012061e+00
1.120594544348743282e+00
1.119843055022073264e+00
1.118875678304675159e+00
1.117308498073285028e+00
1.114199636630432311e+00
1.113653638086671949e+00
1.113072275026407487e+00
1.111312391953058309e+00
1.111021776081412726e+00
1.110269153504632067e+00
1.108436368765603586e+00
1.108370582779605318e+00
1.107246079773536840e+00
1.106855270329852869e+00
1.105606933152791127e+00
1.104869752651608250e+00
1.104611287644660544e+00
1.104351710443926216e+00
1.103789683652819598e+00
1.103668184214609882e+00
1.102776479679105748e+00
1.102623783372985500e+00
1.101664581657803454e+00
1.100815722828906607e+00
1.100592143187679506e+00
1.100509565793269973e+00
1.099038570455680874e+00
1.098401393821796246e+00
1.097308309133139703e+00
1.097019659951631532e+00
1.096656367319340131e+00
1.096245293241181917e+00
1.095713285533815862e+00
1.094783435590949372e+00
1.093994398880386631e+00
1.093333856229692813e+00
1.091607522912933836e+00
1.091416918611991083e+00
1.090703780143261969e+00
1.089588309143666445e+00
1.089178622064468582e+00
1.089095620258924146e+00
1.088803183397522023e+00
1.088440928843315669e+00
1.088026089712976541e+00
1.087637796268840829e+00
1.087473530186729986e+00
1.086661300204469827e+00
1.085184331980814321e+00
1.084323525212295580e+00
1.083791037165396043e+00
1.083504910880300542e+00
1.083085610437776181e+00
1.083050043008659813e+00
1.082439117301079223e+00
1.082162090042600111e+00
1.081701863957079457e+00
1.081230446877073703e+00
1.081181868882535646e+00
1.080881218130720800e+00
1.080535792075580925e+00
1.079512893524121164e+00
1.078875645898188296e+00
1.078748376120035823e+00
1.078138105275141534e+00
1.077648897541890527e+00
1.077258235101518968e+00
1.077005927681430997e+00
1.076510152718078706e+00
1.076064329279232457e+00
1.075762880264474752e+00
1.075514299403051766e+00
1.074985634844310534e+00
1.074464995295216552e+00
1.074393617381771415e+00
1.074222445756838118e+00
1.073834452779323101e+00
1.073450570206467392e+00
1.073391592075126022e+00
1.072823374262107388e+00
1.072067513246420800e+00
1.071866346654939406e+00
1.071725410059813921e+00
1.070943424063157678e+00
1.070418503479095840e+00
1.069574518286956710e+00
1.069311488104027985e+00
1.068947069983116505e+00
1.068512408271382830e+00
1.067793880628346903e+00
1.067379384541324194e+00
1.066786755359765637e+00
1.066551276765955514e+00
1.066211020262211706e+00
1.065904838723249703e+00
1.065822403376406102e+00
1.065472879439510301e+00
1.065198478148906558e+00
1.064133518743735962e+00
1.063754696802308164e+00
1.063590788211355331e+00
1.063444292444127637e+00
1.063038610162269970e+00
1.062618512811485338e+00
1.062399911583801426e+00
1.061148308362175108e+00
1.061095931158170691e+00
1.061016389918760572e+00
1.060763989984548683e+00
1.060601305547479667e+00
1.060057288555074750e+00
1.059812029917728715e+00
1.059324622312521669e+00
1.058710180765357167e+00
1.058498646623050377e+00
1.058143769488886221e+00
1.058032235710973046e+00
1.057610473314554156e+00
1.057203042034367879e+00
1.056910872947244950e+00
1.056753022352250104e+00
1.056703103407887312e+00
1.056089512497987437e+00
1.055595365576081690e+00
1.055106370627412637e+00
1.054900160688453825e+00
1.054392994284998997e+00
1.053949386726398041e+00
1.053544219739831478e+00
1.053104499143389772e+00
1.052892514785300548e+00
1.052686482868112838e+00
1.052460659083160222e+00
1.051958289494997700e+00
1.051803554200302804e+00
1.051419217906437886e+00
1.051287939524946147e+00
1.050940627694788354e+00
1.050751756898475442e+00
1.050474303061503134e+00
1.050125325305252932e+00
1.049995145370138605e+00
1.049537763559357018e+00
1.049503411650648532e+00
1.049404772369336047e+00
1.048888543010834118e+00
1.048789798776398330e+00
1.048082797855056203e+00
1.047829302797929296e+00
1.047630641479322167e+00
1.047587610201363262e+00
1.047420863895452081e+00
1.046955005437525621e+00
1.046846111358459286e+00
1.046731977481022868e+00
1.046615037734613729e+00
1.046419792651232195e+00
1.046244076633100262e+00
1.046038867170473008e+00
1.045728678100634301e+00
1.045652012643581985e+00
1.045154590191196942e+00
1.044994014172256458e+00
1.044805797468476127e+00
1.044616423979227715e+00
1.044474300664594235e+00
1.043806650915577672e+00
1.043574351474403583e+00
1.043477721152080706e+00
1.043413065828143083e+00
1.042893967068285077e+00
1.042490986131796582e+00
1.042204958523249125e+00
1.041894564609179286e+00
1.041730147741720680e+00
1.041632173587408561e+00
1.041237437762143614e+00
1.041127821823463639e+00
1.040939155184357645e+00
1.040746130678573023e+00
1.040298369859874672e+00
1.040155281984130653e+00
1.039878676015827397e+00
1.039262569803598213e+00
1.039154106588532800e+00
1.039023064612525582e+00
1.038994010453549111e+00
1.038925732707646210e+00
1.038551868200178863e+00
1.038448051177000675e+00
1.038313243547464459e+00
1.038235035841712950e+00
1.038078043125974848e+00
1.037917965682920718e+00
1.037839930833825308e+00
1.037614235521191031e+00
1.037539116828920749e+00
1.037380643535529279e+00
1.037296841926146129e+00
1.037205677425669048e+00
1.037036206971986951e+00
1.036954100443562510e+00
1.036422843776586777e+00
1.036158802038382731e+00
1.035985880881032051e+00
1.035857130651434366e+00
1.035755621134188509e+00
1.035562482186188626e+00
1.035372083356060235e+00
1.035319344400482011e+00
1.035226364960972978e+00
1.034889780181192487e+00
1.034846801234720504e+00
1.034491685064812705e+00
1.034283689268218120e+00
1.034135424947308035e+00
1.034019360747705063e+00
1.033848422005396506e+00
1.033645232749036857e+00
1.033628531718388643e+00
1.033378196080669387e+00
1.033308120752630233e+00
1.033230742133589342e+00
1.033097781513249380e+00
1.032806071445676155e+00
1.032677226532405790e+00
1.032619106792511010e+00
1.032439114397058377e+00
1.032208621491580214e+00
1.032010312576665534e+00
1.031805804000881954e+00
1.031703760479273368e+00
1.031556981896786462e+00
1.031387579042304603e+00
1.031230974941288236e+00
1.030846579016323927e+00
1.030809983955604414e+00
1.030736225432063780e+00
1.030639139284929229e+00
1.030526904526610776e+00
1.030283811316665243e+00
1.029901082803361678e+00
1.029547847269205452e+00
1.029494418498959840e+00
1.029418695955224283e+00
1.029311695819702166e+00
1.028873821028480906e+00
1.028631654024513731e+00
1.028534238347041274e+00
1.028356849535668749e+00
1.028132489637779701e+00
1.027757889082217879e+00
1.027750585924695148e+00
1.027668034656671781e+00
1.027546481424252089e+00
1.027380187989510807e+00
1.027228783574335447e+00
1.027043652474526114e+00
1.026902982721852986e+00
1.026817325774970868e+00
1.026755981666112261e+00
1.026535243782128681e+00
1.026489855686953279e+00
1.026230761224100618e+00
1.026053304558000923e+00
1.025997592556447735e+00
1.025955275469320194e+00
1.025825058508305521e+00
1.025785453865499353e+00
1.025535041743107501e+00
1.025289358326331390e+00
1.025231382466864405e+00
1.025202884856293295e+00
1.024978879004987631e+00
1.024902198419789467e+00
1.024743763598721102e+00
1.024584086720051301e+00
1.024378398669376411e+00
1.024354669766605941e+00
1.024157359380946319e+00
1.024057331443437580e+00
1.023926067507293203e+00
1.023803030168787931e+00
1.023712427513902457e+00
1.023644702305877896e+00
1.023530575436322643e+00
1.023367170375331980e+00
1.023300469628278586e+00
1.023170927171530575e+00
1.023050785679204377e+00
1.022979644270902932e+00
1.022780072975142174e+00
1.022705675270959347e+00
1.022470856241024739e+00
1.022211780323221353e+00
1.022190599743407313e+00
1.022034032232650214e+00
1.021870677330467325e+00
1.021769574502126465e+00
1.021701209307337876e+00
1.021521525680592735e+00
1.021338827645373648e+00
1.021293603395340366e+00
1.021147117818960615e+00
1.021035911418528785e+00
1.020883240854321139e+00
1.020769829630060688e+00
1.020707511798726541e+00
1.020534425058462480e+00
1.020507435594049550e+00
1.020328984902049596e+00
1.020248237829923355e+00
1.020086396618351987e+00
1.019996800836018513e+00
1.019856036580457648e+00
1.019828121813381783e+00
1.019759501108111976e+00
1.019646083053692642e+00
1.019527193858306147e+00
1.019435932895046859e+00
1.019302824268565555e+00
1.019236840946202038e+00
1.019142987231394848e+00
1.018947798025294116e+00
1.018862292669778347e+00
1.018822009803370898e+00
1.018723967356356619e+00
1.018688235478644177e+00
1.018625004013887558e+00
1.018388072274592160e+00
1.018292497666658969e+00
1.018133977323007366e+00
1.018106241412252810e+00
1.017904879638454219e+00
1.017747312746873689e+00
1.017645320711907164e+00
1.017584170843720104e+00
1.017432558197987724e+00
1.017374360460436611e+00
1.017314689628605162e+00
1.017238415027015064e+00
1.017225666649723248e+00
1.017193152929046995e+00
1.016924375724637120e+00
1.016910726801578901e+00
1.016825812508526772e+00
1.016647531972816321e+00
1.016600848350420749e+00
1.016537485584527944e+00
1.016319477710572627e+00
1.016160915507715146e+00
1.016144302205180372e+00
1.016098576142449694e+00
1.016014796048846147e+00
1.015953764094187806e+00
1.015933192125866080e+00
1.015691568844974579e+00
1.015617560371877115e+00
1.015582763976617064e+00
1.015462681466149375e+00
1.015403879645291330e+00
1.015336639924705020e+00
1.015315991502188098e+00
1.015203463305687448e+00
1.015040515090910755e+00
1.014955340822146779e+00
1.014827686978939658e+00
1.014815614027832602e+00
1.014729484257420600e+00
1.014640548952557397e+00
1.014567268251788335e+00
1.014554447745887877e+00
1.014428924498968154e+00
1.014350583123327931e+00
1.014286357991698750e+00
1.014222279631373569e+00
1.014108170343507975e+00
1.014071486343331108e+00
1.014015797982055211e+00
1.013982500885730165e+00
1.013941582061829605e+00
1.013850405014113720e+00
1.013808583101840632e+00
1.013726700024567107e+00
1.013659195228508780e+00
1.013521203839362173e+00
1.013508760336984782e+00
1.013412149178367860e+00
1.013284699636357145e+00
1.013253989356246221e+00
1.013236075682810933e+00
1.013124435859545480e+00
1.013067243333838352e+00
1.012914592440722794e+00
1.012890336282248560e+00
1.012835825047814664e+00
1.012767646768677920e+00
1.012669379898707422e+00
1.012623350600973637e+00
1.012524291728970738e+00
1.012495389772492205e+00
1.012452756932666675e+00
1.012379006798118652e+00
1.012287881047574611e+00
1.012210820874626105e+00
1.012109872794051180e+00
1.012043237621181868e+00
1.012012014321528985e+00
1.011966947936013383e+00
1.011879572104454894e+00
1.011841364866352455e+00
1.011733209975319348e+00
1.011680490103100460e+00
1.011588617021443648e+00
1.011569155574814083e+00
1.011420587773464774e+00
1.011406796112713558e+00
1.011320686613979669e+00
1.011246420338826724e+00
1.011212347478775309e+00
1.011189577461413247e+00
1.011117592489871431e+00
1.010959413442398480e+00
1.010914591985643041e+00
1.010887947705192635e+00
1.010870195215008316e+00
1.010787524781436852e+00
1.010679718414617900e+00
1.010599094278845644e+00
1.010546129044355368e+00
1.010436572777424935e+00
1.010429573305406059e+00
1.010352183539400484e+00
1.010335262790345467e+00
1.010306642593964632e+00
1.010209069060047593e+00
1.010162848824614379e+00
1.010067075695753269e+00
1.010054288405077161e+00
1.010027375417454243e+00
1.009885557756467600e+00
1.009789923185085314e+00
1.009772030561354228e+00
1.009703916033520610e+00
1.009631772113817716e+00
1.009504469750730715e+00
1.009469755514833755e+00
1.009390168286317113e+00
1.009323816342444280e+00
1.009273308533378932e+00
1.009215061239225442e+00
1.009195003608609476e+00
1.009111956509064267e+00
1.009068256685690557e+00
1.009000734726252180e+00
1.008951063224842848e+00
1.008910931514036990e+00
1.008830420077645007e+00
1.008791981832579232e+00
1.008730656407853976e+00
1.008673901207271850e+00
1.008586914063569706e+00
1.008517923276176509e+00
1.008508121034763283e+00
1.008417378997816360e+00
1.008306714517046121e+00
1.008189384769718311e+00
1.008163858776469413e+00
1.008106170062523788e+00
1.008102227160331710e+00
1.008030542146018949e+00
1.008009370167372243e+00
1.007964799657351529e+00
1.007916292297325267e+00
1.007869245750226517e+00
1.007837274747876766e+00
1.007779695438341783e+00
1.007777174578835311e+00
1.007677621365169696e+00
1.007647305498305057e+00
1.007583281168275446e+00
1.007557458213026003e+00
1.007469274030248441e+00
1.007428871505395618e+00
1.007410545392668499e+00
1.007350185338666382e+00
1.007336688910663636e+00
1.007306944002780869e+00
1.007278716179132116e+00
1.007216407411721359e+00
1.007172365697734939e+00
1.007161102266901143e+00
1.007118621632241640e+00
1.007035809181280328e+00
1.007009698823707389e+00
1.006985952026028475e+00
1.006971959042508802e+00
1.006925841361560048e+00
1.006820424861036400e+00
1.006750761193427213e+00
1.006696960283597564e+00
1.006652649627896912e+00
1.006524364317235687e+00
1.006513119371298393e+00
1.006499837197217140e+00
1.006406012765138636e+00
1.006378626817820310e+00
1.006292288253355149e+00
1.006266068824726245e+00
1.006226128346026316e+00
1.006192276475267766e+00
1.006133408149613162e+00
1.006106724495205773e+00
1.006084227379700602e+00
1.006056937051253541e+00
1.006043366913011328e+00
1.006004482370560726e+00
1.005953713935106908e+00
1.005916423621761036e+00
1.005848557782738739e+00
1.005837168093661527e+00
1.005771024793315593e+00
1.005720578356651185e+00
1.005685929968504366e+00
1.005588768728476357e+00
1.005581314412042904e+00
1.005551667042801300e+00
1.005519930604019674e+00
1.005486685576635342e+00
1.005465457506463434e+00
1.005367138269908089e+00
1.005341056396887867e+00
1.005274588892191456e+00
1.005208383938152927e+00
1.005149266672674679e+00
1.005110385443040544e+00
1.005074234233105379e+00
1.005042810562498445e+00
1.005008919301995540e+00
1.004951987560351645e+00
1.004931487006111013e+00
1.004912463194513439e+00
1.004867921345425685e+00
1.004851686154065060e+00
1.004819280926781966e+00
1.004780481261628333e+00
1.004764066417811019e+00
1.004743541111624561e+00
1.004714622689051318e+00
1.004669776279128346e+00
1.004556794308279821e+00
1.004509845857084249e+00
1.004480315075779506e+00
1.004477323149197909e+00
1.004454265708923710e+00
1.004371021214475634e+00
1.004351851616116287e+00
1.004326465187049600e+00
1.004270838868087212e+00
1.004266357066994519e+00
1.004215525774954099e+00
1.004208330229863000e+00
1.004150228212671525e+00
1.004134663400305216e+00
1.004111427326679351e+00
1.004070489301896352e+00
1.004020125392542928e+00
1.004009217369064011e+00
1.003955416937085232e+00
1.003935265380144104e+00
1.003920558084860026e+00
1.003905942500450177e+00
1.003844885363216699e+00
1.003826507337671314e+00
1.003800004055390938e+00
1.003770798853901747e+00
1.003741112241753886e+00
1.003671862624063049e+00
1.003666961743038044e+00
1.003646560018718770e+00
1.003605865673607545e+00
1.003560148837059574e+00
1.003523914326400535e+00
1.003516917285206311e+00
1.003489460557869695e+00
1.003424928061983357e+00
1.003416379147518134e+00
1.003388101759702167e+00
1.003342649424032951e+00
1.003325516017340879e+00
1.003307339110937724e+00
1.003288512895493145e+00
1.003259367244682787e+00
1.003234748207933347e+00
1.003192549984695647e+00
1.003150356261185427e+00
1.003133966201516181e+00
1.003112472144400469e+00
1.003092786766065947e+00
1.003062590985568603e+00
1.003035342373064687e+00
1.003011019944775040e+00
1.002979182515287393e+00
1.002962182633297950e+00
1.002950568910656814e+00
1.002938134743217580e+00
1.002921581233607418e+00
1.002909734196788305e+00
1.002898890757551564e+00
1.002866035581727377e+00
1.002811033761002335e+00
1.002808290242205747e+00
1.002801683361090213e+00
1.002769715587462196e+00
1.002734674757911781e+00
1.002689584365733078e+00
1.002668593846121281e+00
1.002604465133795308e+00
1.002579797222354463e+00
1.002558423157785761e+00
1.002544001893389769e+00
1.002503824017034084e+00
1.002498772882457923e+00
1.002462978647284508e+00
1.002438958446347339e+00
1.002416188210628167e+00
1.002391016651037914e+00
1.002363353543291646e+00
1.002344818223532608e+00
1.002327621392901769e+00
1.002312260017328205e+00
1.002275000668788163e+00
1.002252238751352387e+00
1.002230298431346922e+00
1.002185220823096357e+00
1.002167043495692189e+00
1.002155882347492977e+00
1.002148040637667936e+00
1.002128904724668867e+00
1.002094612026080744e+00
1.002081547283075302e+00
1.002062223221130033e+00
1.002041895586549103e+00
1.002008056473277620e+00
1.001994688543744294e+00
1.001967236976075482e+00
1.001938553824486933e+00
1.001921100285156463e+00
1.001902367789541337e+00
1.001886661447027871e+00
1.001875663184045528e+00
1.001860150662078786e+00
1.001845523940914306e+00
1.001825788343407853e+00
1.001812188374382684e+00
1.001795732210737366e+00
1.001792055152807226e+00
1.001788245534908528e+00
1.001770667883170374e+00
1.001750181527311767e+00
1.001716014867066074e+00
1.001703045569483308e+00
1.001680925432739677e+00
1.001667532360791979e+00
1.001649017634330674e+00
1.001639146823960713e+00
1.001622865469224077e+00
1.001611831170947209e+00
1.001599373769955559e+00
1.001556314250549029e+00
1.001552710036538452e+00
1.001538839808385761e+00
1.001521162652724950e+00
1.001515503566990928e+00
1.001498687722665037e+00
1.001468970258477809e+00
1.001452507751692034e+00
1.001442866135151100e+00
1.001429321493999103e+00
1.001410328255738280e+00
1.001403696723289327e+00
1.001384463744946940e+00
1.001375137956105110e+00
1.001359456267246317e+00
1.001337408117718430e+00
1.001330210445201763e+00
1.001325194055422418e+00
1.001305885409515595e+00
1.001297225859851370e+00
1.001280350127982999e+00
1.001259759808246885e+00
1.001248402841551810e+00
1.001224902206815148e+00
1.001213922924692135e+00
1.001199529721372938e+00
1.001190820994343866e+00
1.001174336327541159e+00
1.001154339696825435e+00
1.001141074607833081e+00
1.001118476424847303e+00
1.001108983717684753e+00
1.001096630294232792e+00
1.001082965543838466e+00
1.001051416755040391e+00
1.001039946960946336e+00
1.001024566518444514e+00
1.000995248534785498e+00
1.000982967389408618e+00
1.000977221678965634e+00
1.000961309595080673e+00
1.000955777239904476e+00
1.000937914354372626e+00
1.000931486883552379e+00
1.000911129510825059e+00
1.000897100746963808e+00
1.000880860107815851e+00
1.000876263656169440e+00
1.000873840420651639e+00
1.000864551615391562e+00
1.000840351433258890e+00
1.000821675891723217e+00
1.000819922088563185e+00
1.000811016623585070e+00
1.000800999312036144e+00
1.000788758385759314e+00
1.000785146319806085e+00
1.000780846960678261e+00
1.000771254118665743e+00
1.000756690365668611e+00
1.000748353036870597e+00
1.000720918218867661e+00
1.000715694470040829e+00
1.000691388854237029e+00
1.000688601629518448e+00
1.000680786634979835e+00
1.000668089900651481e+00
1.000656672744946407e+00
1.000632196014177078e+00
1.000601041177482831e+00
1.000594196283184356e+00
1.000576524499759756e+00
1.000563038724702647e+00
1.000558085639290606e+00
1.000555491175697975e+00
1.000552574778456050e+00
1.000548808084803065e+00
1.000543393274173853e+00
1.000525715576219499e+00
1.000491343383766774e+00
1.000485823633017857e+00
1.000479990450660717e+00
1.000470585947826008e+00
1.000463337584222234e+00
1.000450628430598732e+00
1.000445927253936107e+00
1.000439733776932405e+00
1.000436681679961026e+00
1.000427754044971085e+00
1.000422005606627751e+00
1.000419036723490196e+00
1.000410168613280026e+00
1.000403258105436288e+00
1.000394127230535890e+00
1.000387609988344417e+00
1.000382172005874759e+00
1.000377904030213649e+00
1.000375369267072934e+00
1.000349142413812675e+00
1.000343490320946271e+00
1.000331139598964691e+00
1.000317924810122605e+00
1.000302564290987961e+00
1.000300144600547059e+00
1.000292148781537493e+00
1.000283451699871540e+00
1.000275578623887718e+00
1.000271828089400739e+00
1.000261944147265103e+00
1.000260446150035953e+00
1.000251925794852781e+00
1.000246634440565607e+00
1.000237629961626018e+00
1.000234223891154350e+00
1.000230994463432888e+00
1.000216503386814892e+00
1.000212275156474373e+00
1.000209531064374602e+00
1.000198715702864227e+00
1.000195789773936195e+00
1.000186096916858336e+00
1.000181818744702467e+00
1.000177399692211422e+00
1.000176037299145060e+00
1.000168553424712670e+00
1.000161261211717889e+00
1.000157278108299241e+00
1.000152807153638967e+00
1.000147650601256988e+00
1.000147141586057442e+00
1.000141718620331188e+00
1.000137717415044758e+00
1.000134955643336543e+00
1.000126864625693779e+00
1.000124416043440823e+00
1.000116459025516713e+00
1.000110532010855424e+00
1.000104498659680097e+00
1.000100926176410221e+00
1.000093408444998833e+00
1.000092311774307685e+00
1.000082436339895464e+00
1.000081933838723014e+00
1.000080701336141464e+00
1.000076679926135803e+00
1.000065895208624989e+00
1.000063728267652996e+00
1.000055390849076131e+00
1.000053493000957694e+00
1.000048651569128921e+00
1.000041689388182276e+00
1.000037604448761774e+00
1.000034275833703523e+00
1.000024315833722310e+00
1.000021584686838549e+00
1.000017265346009543e+00
1.000008153778796816e+00
1.000006300808779169e+00
1.000003564792180777e+00
1.000000235720836406e+00
9.999940318950399920e-01
9.999925382685960207e-01
9.999845013817945105e-01
9.999808001854965100e-01
9.999797821753794169e-01
9.999703621531846887e-01
9.999595544267997349e-01
9.999560800280544726e-01
9.999524110895223750e-01
9.999465983098528854e-01
9.999365892090591457e-01
9.999217153840764816e-01
9.999201339311324377e-01
9.999148769720749286e-01
9.999102114854411250e-01
9.999035912770499746e-01
9.998974980932144874e-01
9.998967664658402477e-01
9.998939319233148826e-01
9.998787507531173846e-01
9.998764767836125777e-01
9.998733745712746757e-01
9.998672769413671224e-01
9.998656658409730280e-01
9.998618778190569989e-01
9.998603539570244392e-01
9.998542074318217399e-01
9.998511395166083116e-01
9.998423698429600437e-01
9.998200931469064523e-01
9.998067106828474326e-01
9.998017349574768176e-01
9.997954240425789285e-01
9.997934287407562737e-01
9.997920881075449406e-01
9.997862542591600121e-01
9.997812073658312038e-01
9.997750507700837730e-01
9.997569805917806418e-01
9.997515462898249883e-01
9.997476166527701213e-01
9.997416757823349709e-01
9.997319854253506888e-01
9.997145460445580056e-01
9.997057717381927500e-01
9.996992589948647812e-01
9.996956203448761347e-01
9.996923029362625446e-01
9.996872665686071802e-01
9.996836983799028964e-01
9.996770704396905627e-01
9.996754634457030164e-01
9.996572681553347328e-01
9.996461702030375873e-01
9.996378984013558622e-01
9.996342719705363367e-01
9.996233698987802008e-01
9.996039818579341985e-01
9.995921088051106240e-01
9.995866977284043609e-01
9.995791461177504500e-01
9.995667874549122311e-01
9.995576594557888939e-01
9.995427268202059512e-01
9.995306528338604446e-01
9.995246385321967519e-01
9.995123971695284437e-01
9.995057416259495175e-01
9.994926450738921275e-01
9.994861019437348837e-01
9.994786366664070165e-01
9.994712154643388136e-01
9.994695127108976784e-01
9.994547676720781926e-01
9.994446558868185226e-01
9.994371075445255270e-01
9.994278537483666236e-01
9.994170684766611190e-01
9.994099224241391743e-01
9.994031742788057615e-01
9.993910145803933665e-01
9.993458208727706849e-01
9.993364326338449732e-01
9.993086755450050207e-01
9.993031269703841479e-01
9.992727062108635039e-01
9.992573615148666599e-01
9.992359683483272859e-01
9.992173627536824476e-01
9.992086463227580762e-01
9.991922618826771796e-01
9.991552697001395700e-01
9.991428514484150814e-01
9.991184591109127933e-01
9.991127993872793711e-01
9.990909278597119858e-01
9.990781532061919767e-01
9.990699895727300772e-01
9.990614336853094191e-01
9.990457404673210862e-01
9.990275766244286482e-01
9.990169792679985949e-01
9.990113923482477620e-01
9.989972351451827937e-01
9.989779084498932038e-01
9.989669947805733807e-01
9.989540397708877029e-01
9.989317463119852247e-01
9.989232973160360185e-01
9.989184499659580219e-01
9.988792534503213583e-01
9.988652104962342237e-01
9.988374766108785163e-01
9.987913929413129166e-01
9.987509822981893715e-01
9.987386741602418683e-01
9.987287720333339891e-01
9.987211797075105091e-01
9.986727455848113388e-01
9.986165987654287424e-01
9.985535171997229620e-01
9.985419703495155286e-01
9.985043816056423660e-01
9.984815889411210454e-01
9.984672089235115955e-01
9.984624858878299314e-01
9.984246952238042816e-01
9.984163094246709669e-01
9.984017369805918696e-01
9.983310071350580683e-01
9.983228817075600059e-01
9.983048062665108580e-01
9.982707381283500991e-01
9.982660611788197746e-01
9.982369701605028345e-01
9.982335704842444368e-01
9.982008464669899217e-01
9.981649442455368115e-01
9.981421796657695689e-01
9.981165660936576201e-01
9.980870620472336308e-01
9.980770106893390725e-01
9.980569264961455245e-01
9.979995512095704013e-01
9.979886664655363004e-01
9.979801378924960664e-01
9.979740832327198552e-01
9.979656356474693180e-01
9.979310900897747638e-01
9.979042760588107130e-01
9.978671573322253074e-01
9.978536219902122140e-01
9.977949226020946805e-01
9.977797294474267664e-01
9.977482535216335435e-01
9.977398536144361785e-01
9.977025596141251285e-01
9.976982657402211352e-01
9.976489452108112665e-01
9.976284342019747786e-01
9.975941784789698064e-01
9.975490317001813878e-01
9.975092459377118415e-01
9.974989830574195748e-01
9.974852506466945767e-01
9.974402564882295374e-01
9.974390464065879813e-01
9.974116121599578833e-01
9.973674857880125977e-01
9.972685918355436163e-01
9.972304027314182751e-01
9.972113663145218965e-01
9.971785352906441524e-01
9.971642007741122748e-01
9.971407496445525709e-01
9.970906810335542492e-01
9.970737345975932975e-01
9.970675942055184926e-01
9.969980501154542818e-01
9.969769915456213605e-01
9.969445904096295719e-01
9.968899116753601186e-01
9.968351602169128745e-01
9.968206968449235816e-01
9.967797877168141918e-01
9.967255291493798408e-01
9.966795213391107522e-01
9.966552369781461751e-01
9.966194412558931903e-01
9.965876461810539988e-01
9.965453334644991390e-01
9.965311719885106001e-01
9.964977386033471163e-01
9.964732506426683400e-01
9.964016031426925490e-01
9.963593675645033843e-01
9.963521934572400207e-01
9.963444279598259179e-01
9.963148016967093845e-01
9.962818374420588929e-01
9.962443032207973781e-01
9.961788138835325768e-01
9.961221489561054021e-01
9.961072079539536883e-01
9.960465329105850918e-01
9.960155086149143910e-01
9.960043551735136003e-01
9.959870726927848583e-01
9.959589600445454272e-01
9.958833699808691264e-01
9.958427969235573718e-01
9.957921577499850851e-01
9.957663908171905387e-01
9.957231719238988088e-01
9.956784179211881636e-01
9.956733999444867811e-01
9.955920796162947006e-01
9.955769318749678742e-01
9.955398816249005911e-01
9.954492509998114080e-01
9.953947190531248213e-01
9.952985567024126290e-01
9.952322481368580664e-01
9.951730843488070244e-01
9.951084768129018210e-01
9.950827424629209439e-01
9.950250177871858837e-01
9.949925308716215389e-01
9.948697296659635425e-01
9.948503100138710309e-01
9.947927971157963789e-01
9.947435352610817239e-01
9.946663937554505175e-01
9.946619838196198993e-01
9.946009490307652356e-01
9.945450409290127469e-01
9.945172449283846694e-01
9.944916478465047893e-01
9.944615015037568950e-01
9.943887765407671830e-01
9.943365055752969583e-01
9.941745498464372721e-01
9.941512169841263402e-01
9.941023803243391743e-01
9.940864286094271973e-01
9.940502510692608151e-01
9.939710290791409220e-01
9.939535494944813365e-01
9.939396846801011876e-01
9.938800817732816872e-01
9.938052704331917786e-01
9.937694382058153142e-01
9.936700969566404362e-01
9.936443843925155672e-01
9.936157071481144243e-01
9.935813645195132882e-01
9.934573390020196015e-01
9.934532048948624405e-01
9.934151827798997081e-01
9.933759541739084487e-01
9.933663503761510638e-01
9.932684309254654620e-01
9.932515284269083367e-01
9.930007946869676694e-01
9.928798234379883070e-01
9.928416806886164458e-01
9.928256218911429842e-01
9.927913431409809419e-01
9.927803388701014198e-01
9.926250744730540365e-01
9.925581473516498221e-01
9.925170229809372469e-01
9.923399848926548472e-01
9.923279978451123862e-01
9.922102801924449489e-01
9.922012434070449638e-01
9.921268099563350651e-01
9.920475155466580430e-01
9.919909853267061539e-01
9.919510308491940043e-01
9.918983952835495055e-01
9.918914684155595296e-01
9.918629266325685867e-01
9.917428434725454878e-01
9.916489272027798618e-01
9.916232178807089515e-01
9.914474673011899331e-01
9.914387126883607015e-01
9.913708019299783958e-01
9.913395156183558710e-01
9.911851562461562182e-01
9.911520112299907481e-01
9.910129543481660530e-01
9.909686479937517278e-01
9.909385822074039396e-01
9.908545076757843129e-01
9.907437693514397070e-01
9.906976481623271935e-01
9.906484923607549176e-01
9.906241732003427947e-01
9.904508545930046370e-01
9.903391714505989096e-01
9.902281634888608908e-01
9.900608161114017314e-01
9.899513502518129116e-01
9.898483532270649921e-01
9.897300581904834305e-01
9.896735514610264239e-01
9.895389339091722469e-01
9.894713135797964521e-01
9.894438296126143451e-01
9.893991440937782711e-01
9.893266303912792159e-01
9.892748545018694717e-01
9.890231426278370819e-01
9.890007401205623827e-01
9.889669952391630936e-01
9.888786507798438263e-01
9.886818730709047154e-01
9.886328207219916564e-01
9.886159475390015050e-01
9.885005191829870919e-01
9.884117322215637547e-01
9.882953208236961995e-01
9.882313404979689020e-01
9.882237258474134700e-01
9.880990484877667512e-01
9.880372189833159791e-01
9.879710426953622893e-01
9.879249856350432735e-01
9.877693787250629853e-01
9.877335281211936380e-01
9.875901372413593560e-01
9.875536328431181454e-01
9.872862668269296593e-01
9.872825467994897908e-01
9.871630810311141646e-01
9.870113927807926402e-01
9.869967319715046150e-01
9.866354193236334114e-01
9.863665455449017738e-01
9.862529121186373038e-01
9.862174592070249712e-01
9.862124950602234597e-01
9.860396357736621598e-01
9.859949073087448390e-01
9.856630370415306874e-01
9.855191302459740399e-01
9.853002230257966731e-01
9.852156273601518910e-01
9.850941141653644095e-01
9.849988179504707286e-01
9.849407673813772579e-01
9.848616402481096266e-01
9.848518438179980627e-01
9.847945267588491536e-01
9.846144872277063920e-01
9.842736417322652809e-01
9.838177691237645073e-01
9.837428809524769724e-01
9.836149965248515148e-01
9.834365622250260675e-01
9.833309032727068910e-01
9.829710184845753540e-01
9.828710348133622432e-01
9.827170698640687041e-01
9.826919741980183476e-01
9.826682671195476892e-01
9.824656144988836992e-01
9.824416736367397318e-01
9.823161364514411131e-01
9.822483100891181707e-01
9.821786719501025553e-01
9.820210641975042343e-01
9.819109504397798283e-01
9.817933895760940777e-01
9.817651897278962814e-01
9.816130836234385759e-01
9.815170149580411119e-01
9.813323433932010786e-01
9.811885177163626182e-01
9.807964990365145574e-01
9.807505979006826413e-01
9.806849100477131875e-01
9.805247632946074710e-01
9.802814362068245080e-01
9.802716844708481148e-01
9.802271156318902445e-01
9.800454632624806539e-01
9.799507057383627373e-01
9.798690408047199263e-01
9.796966408119320846e-01
9.796494489593717825e-01
9.790671094806696617e-01
9.788014665516934221e-01
9.787684500148663425e-01
9.786720186443060854e-01
9.785932560078682840e-01
9.784821718330124485e-01
9.784457452244765818e-01
9.781696796252564718e-01
9.781317007698715482e-01
9.780714069748819295e-01
9.778762727269325605e-01
9.777914297971862512e-01
9.777138409545990116e-01
9.775588634804608379e-01
9.773651365010748160e-01
9.771022614725169975e-01
9.767617326395462429e-01
9.765591442157830482e-01
9.765550019568524087e-01
9.763007635106437654e-01
9.760302125020384745e-01
9.758751246382364464e-01
9.756001962837943520e-01
9.753192469178143531e-01
9.751376440309471594e-01
9.749137219872657800e-01
9.747845512612851593e-01
9.746532419626117161e-01
9.746030959412890216e-01
9.744171943626696031e-01
9.740876069082453625e-01
9.738794276903791625e-01
9.737199873464830180e-01
9.728703772611214662e-01
9.725659545948123208e-01
9.724083555556215508e-01
9.723837306958937887e-01
9.721380898127037762e-01
9.720771797188983987e-01
9.719793783108267027e-01
9.714718654618410554e-01
9.708352170217444677e-01
9.707281416973012611e-01
9.707131143050881095e-01
9.706307622933182389e-01
9.703392117198715860e-01
9.701263536010011901e-01
9.696164684801845679e-01
9.694603098395829788e-01
9.693661953359301586e-01
9.693441968689889832e-01
9.690069935843653726e-01
9.689373684655242513e-01
9.683492549957866125e-01
9.680448065238899114e-01
9.680015034205550206e-01
9.677189878049141658e-01
9.676583272965315619e-01
9.674271922324988449e-01
9.672869451441822308e-01
9.665214825519496955e-01
9.663548726420690960e-01
9.661931295624245353e-01
9.660772218235681441e-01
9.659703362857359199e-01
9.652783999977897489e-01
9.649598301946520351e-01
9.648245541355996435e-01
9.646532443682583891e-01
9.645706339822422981e-01
9.643860242493835777e-01
9.642659459862684690e-01
9.639223220832081607e-01
9.638421149394351684e-01
9.634673430971257835e-01
9.629427733773625597e-01
9.623983242679252648e-01
9.623187048444727942e-01
9.622903424823607832e-01
9.616829456415603161e-01
9.611766754407240487e-01
9.604815220681905963e-01
9.600368709489295327e-01
9.595006429856199892e-01
9.586104192427183923e-01
9.581634700440705421e-01
9.581187322072070023e-01
9.574572681556003939e-01
9.574410089694194159e-01
9.548988146586797621e-01
9.546060557099288468e-01
9.546033118333362433e-01
9.540105419612925353e-01
9.536976877239187189e-01
9.533118847218208236e-01
9.517399269038498977e-01
9.497303663082998781e-01
9.496241709697890165e-01
9.485327128988074730e-01
9.484341116096680624e-01
9.480400297952555899e-01
9.469926173497605904e-01
9.460264025833737822e-01
9.450457315401058489e-01
9.440907085295632273e-01
9.437185993638727011e-01
9.435379514163785286e-01
9.411935271461817631e-01
9.411846134971920685e-01
9.410006329183290275e-01
9.396944854986052365e-01
9.390518379821004569e-01
9.380742404420051583e-01
9.374149606497274023e-01
9.368472775440171985e-01
9.357939590305036637e-01
9.354428616185350709e-01
9.345991799710018366e-01
9.342997174768931101e-01
9.327221200494472120e-01
9.319678935254510632e-01
9.317364018732031683e-01
9.303712925850965432e-01
9.300201851937962561e-01
9.300033560508305097e-01
9.292717259129704699e-01
9.279891519506098252e-01
9.272210173088649698e-01
9.269199005282371395e-01
9.252798171401300786e-01
9.241070536696821547e-01
9.217249967274996347e-01
9.214033886877838198e-01
9.211221342811671819e-01
9.207781042412521710e-01
9.204386065654109883e-01
9.195184427110534298e-01
9.186985949165755727e-01
9.157589701791415404e-01
9.135044579999518355e-01
9.130828837766087336e-01
9.103364951434395058e-01
9.101681601749009864e-01
9.097370813142238166e-01
9.080177222823063721e-01
9.057245722851420267e-01
9.050604579870610289e-01
9.044353617698397407e-01
8.979526173088649976e-01
8.966075532235531220e-01
8.961223984571011769e-01
8.958314301828843584e-01
8.947966999126993892e-01
8.944425505714123092e-01
8.934948352013384332e-01
8.866462611250119918e-01
8.865650466457769552e-01
8.826045903075643295e-01
8.816872658183383393e-01
8.806813529843101618e-01
8.781734830754932553e-01
8.764762657571728566e-01
8.723027712308322190e-01
8.650231662656752141e-01
8.630420885168277323e-01
8.627476249050057833e-01
8.587995084401550683e-01
8.295020369494080503e-01
