2.617044639449878751e+00
2.382362189971561683e+00
2.289136308128387309e+00
2.196144055002632989e+00
1.990241858068007241e+00
1.949736607182121828e+00
1.884274275913158325e+00
1.842637735130757681e+00
1.809571761224904707e+00
1.799480662899298755e+00
1.767415362307429127e+00
1.725020057035391519e+00
1.721768339677709925e+00
1.698486239011858689e+00
1.696382693406599307e+00
1.682608094291820455e+00
1.677457873743784411e+00
1.670572420947064041e+00
1.649846343806007143e+00
1.643360544077107743e+00
1.636640809706638944e+00
1.632592033428689637e+00
1.619716450741556901e+00
1.602184997942620148e+00
1.579947967238788165e+00
1.574800162123040526e+00
1.565900180239204742e+00
1.565205670401804250e+00
1.559152044660846670e+00
1.556865000690855316e+00
1.555707567423440407e+00
1.552755741532889200e+00
1.541947476930800809e+00
1.538868595141250850e+00
1.532944904491023053e+00
1.520443446332813364e+00
1.519817224914921994e+00
1.513791410631131651e+00
1.505143532605769829e+00
1.494120135692654561e+00
1.489727522733752751e+00
1.481581243518917068e+00
1.480388996437541183e+00
1.478527216786527987e+00
1.477819635750863725e+00
1.475753591462952485e+00
1.465877264322199558e+00
1.464224661782741022e+00
1.462314128014799985e+00
1.452394247017246176e+00
1.449939199535400736e+00
1.437235378183011836e+00
1.434659159244836557e+00
1.431394025563889283e+00
1.428853508236545444e+00
1.428763661069470281e+00
1.420424251481398725e+00
1.415563799943804435e+00
1.415465463463297047e+00
1.404692440022494271e+00
1.401886780976129288e+00
1.401383140070871169e+00
1.398352854336951223e+00
1.397184458457961798e+00
1.395574735529865551e+00
1.391845947892458302e+00
1.383929330088868426e+00
1.378434061109694131e+00
1.378351273651443609e+00
1.376033095282848118e+00
1.369852630728768839e+00
1.368387901351421077e+00
1.367606996306690359e+00
1.364833529957108604e+00
1.362113325671572506e+00
1.358998946003467267e+00
1.356403316718707952e+00
1.355516723959017344e+00
1.355205161722815577e+00
1.354574439829994592e+00
1.353741270092293947e+00
1.345036196117265659e+00
1.343706286873306732e+00
1.342965861271700589e+00
1.338090717498951143e+00
1.336844502327448003e+00
1.333523845250242701e+00
1.331049203539300896e+00
1.330602859011514649e+00
1.328737421981717404e+00
1.327058503860740091e+00
1.326397376827372687e+00
1.324180515742948483e+00
1.320846629696045715e+00
1.320149796820180965e+00
1.315423106048934532e+00
1.311970310884417179e+00
1.310381759412674096e+00
1.307620178341060369e+00
1.304312609933394818e+00
1.304024905669705747e+00
1.299795932989774361e+00
1.299552290682636002e+00
1.295956019931978176e+00
1.293956128806943218e+00
1.292634363606959935e+00
1.291713934438799338e+00
1.286824605748084549e+00
1.286496507926435218e+00
1.282883884130923580e+00
1.281065766254295912e+00
1.278872551039123007e+00
1.277988904355470412e+00
1.277160028835558014e+00
1.276323497169145726e+00
1.275002575026516149e+00
1.273733943091273968e+00
1.271134891237788667e+00
1.270424812844546558e+00
1.268643341614589692e+00
1.266640888562667655e+00
1.266497785105764828e+00
1.265317411724216523e+00
1.264872035011400886e+00
1.263991946113236509e+00
1.263705932616417504e+00
1.262167923828373839e+00
1.260469645924615190e+00
1.260236947529115525e+00
1.258422072841324901e+00
1.257237110028515792e+00
1.256914641564545798e+00
1.255870880647986132e+00
1.255027362461017537e+00
1.253458745642077377e+00
1.252238963522337434e+00
1.251716982923428034e+00
1.249905924726020467e+00
1.248965384895693864e+00
1.248648841609646176e+00
1.248077264307417611e+00
1.245664287804910009e+00
1.243572536238343629e+00
1.243451930507618597e+00
1.242678901573518013e+00
1.241456322952051439e+00
1.239023223526210860e+00
1.238354986428596316e+00
1.238301179907332461e+00
1.236982847196223645e+00
1.236532586529591748e+00
1.234871159373000626e+00
1.233873551387922429e+00
1.231815623570301721e+00
1.228580541887380528e+00
1.226815284007065410e+00
1.225515788487681501e+00
1.221978602036377870e+00
1.221364195954175669e+00
1.221103499585979302e+00
1.220636688232181744e+00
1.218524371932081518e+00
1.217628222785184455e+00
1.215420782237529140e+00
1.214451154847085768e+00
1.213471021090969160e+00
1.213052459247481618e+00
1.211312783292347595e+00
1.209144844532474838e+00
1.209134347656700914e+00
1.208898919953851570e+00
1.208216636670074617e+00
1.206555283763943942e+00
1.206192760126253871e+00
1.204933719604364795e+00
1.204693731366238030e+00
1.200541329567769822e+00
1.199960751165361827e+00
1.198643333981730841e+00
1.191678458506167715e+00
1.191333101935183603e+00
1.190611467874879592e+00
1.189462995908685539e+00
1.187670950253236990e+00
1.185330768110561372e+00
1.183562852971301149e+00
1.182749764218566479e+00
1.182658251356861534e+00
1.182366871901286087e+00
1.180698611862733616e+00
1.179743360084051229e+00
1.177059996999739067e+00
1.176318834099548516e+00
1.175692047861144340e+00
1.173556379184090837e+00
1.172792400570743743e+00
1.171484649829607871e+00
1.171365518423490126e+00
1.170699497473115080e+00
1.169431288545998315e+00
1.169040908256470335e+00
1.168917879951476335e+00
1.168211967549862118e+00
1.167699487179557183e+00
1.167507604873929239e+00
1.166632025928297844e+00
1.166278258447733585e+00
1.164760598176737716e+00
1.163889328603017637e+00
1.163219413334887653e+00
1.162356326607248969e+00
1.161356917933283439e+00
1.160403122969166700e+00
1.159084408669739386e+00
1.157721443349100987e+00
1.157490056128179789e+00
1.155681420842828766e+00
1.153836915116905004e+00
1.153778520821129527e+00
1.152770811784084914e+00
1.152098671119959894e+00
1.151609847857273161e+00
1.150748693844764636e+00
1.150043578687151680e+00
1.148123810186174820e+00
1.147016767866037901e+00
1.146925647085139666e+00
1.145898489051750957e+00
1.144461598484018738e+00
1.144174642981910184e+00
1.143979306912349836e+00
1.143256197093938109e+00
1.142324196491021571e+00
1.141220826899832508e+00
1.138603537517939079e+00
1.138458462853140674e+00
1.137986316668585740e+00
1.137243714752564694e+00
1.136955962306552603e+00
1.136417986182187922e+00
1.135598425529708910e+00
1.135059706689569792e+00
1.133331399901079450e+00
1.133062147329430669e+00
1.132452286562162902e+00
1.131858072087758460e+00
1.130910490737690122e+00
1.129971199079125910e+00
1.129855349980222412e+00
1.129391279305961948e+00
1.128350353427864716e+00
1.127925747771621134e+00
1.127629066271286229e+00
1.127313422181927427e+00
1.125470665579398455e+00
1.125009586741355205e+00
1.123263829642702216e+00
1.122565181783925947e+00
1.122366571572032568e+00
1.121906958892998629e+00
1.120298524273507512e+00
1.120277489475504318e+00
1.120020634414562899e+00
1.118728820858091666e+00
1.118474408495253813e+00
1.117386958507476491e+00
1.116780369158554942e+00
1.116461315222320394e+00
1.115692557849492061e+00
1.114994386751191113e+00
1.114867068926406191e+00
1.114103259236936649e+00
1.113744022197651118e+00
1.113260581992511211e+00
1.112586718758451498e+00
1.111703492665398585e+00
1.111232634717998380e+00
1.110237521183120579e+00
1.109799227596893756e+00
1.108949939879828817e+00
1.107069768553956557e+00
1.105654759590938951e+00
1.105441591601424411e+00
1.104564544400729931e+00
1.104466943662791190e+00
1.104066472659661402e+00
1.103582644337031793e+00
1.102946376189316124e+00
1.102301713365268387e+00
1.102057491743746453e+00
1.100996188602689996e+00
1.100099834959551659e+00
1.098947720026293817e+00
1.097952393312869201e+00
1.097553939450850224e+00
1.097369309112547819e+00
1.096870231197705881e+00
1.095286495925797077e+00
1.094820182251920793e+00
1.094265550965714873e+00
1.093754914067015749e+00
1.093674834854557076e+00
1.093467687853612258e+00
1.092930461198630132e+00
1.091587673590904028e+00
1.090717613674400344e+00
1.090630198429816344e+00
1.089712910785851641e+00
1.088718514871972243e+00
1.088087031759626511e+00
1.087482008512196341e+00
1.087283495897641838e+00
1.086595002034707269e+00
1.086201487574350644e+00
1.085345579450870623e+00
1.084907992459670956e+00
1.084567910283520620e+00
1.083920622195321926e+00
1.083628094276537501e+00
1.082761255987695126e+00
1.082589138402466844e+00
1.082286035363918986e+00
1.081870435555224663e+00
1.081640172343294237e+00
1.080856453494715597e+00
1.079874129762678159e+00
1.079014177306456768e+00
1.077988709081506347e+00
1.077432405548442995e+00
1.076804135317678712e+00
1.076718939753038562e+00
1.076231995970017064e+00
1.075348583296221738e+00
1.073631666410942431e+00
1.072822371438893585e+00
1.072584134669722467e+00
1.072163196729414958e+00
1.071617094337224518e+00
1.071460393233248931e+00
1.070903847280354704e+00
1.070378734648034236e+00
1.070150280511550811e+00
1.069992281562065495e+00
1.069735504181383634e+00
1.069353644921317459e+00
1.068752453220715992e+00
1.068449096341345772e+00
1.068228321205603626e+00
1.067730747112650480e+00
1.067528718103571306e+00
1.066826600493612220e+00
1.066240190182947467e+00
1.066053845326274674e+00
1.065574015352290571e+00
1.064904664270580836e+00
1.064761649046265468e+00
1.064278300878712002e+00
1.063325690659759015e+00
1.063066375393095120e+00
1.062334775282364863e+00
1.062029689871428761e+00
1.061682186024057728e+00
1.061331750801853824e+00
1.060786999952145537e+00
1.060227377432299667e+00
1.059868301100207244e+00
1.059769487204013760e+00
1.059141082380636201e+00
1.058724662157729979e+00
1.058509174739439951e+00
1.058106863217092242e+00
1.057874650594752719e+00
1.057631080039248550e+00
1.057371166477479862e+00
1.057185108806064200e+00
1.056608377775597685e+00
1.056277446534968245e+00
1.055948577856299142e+00
1.055530466504275511e+00
1.054735562366808876e+00
1.054673284190294158e+00
1.053998284412465569e+00
1.053721184487117712e+00
1.053370492350921950e+00
1.053137412894057379e+00
1.053048238206464537e+00
1.052602446721880192e+00
1.052558921743248721e+00
1.052040626961712855e+00
1.051712434648901517e+00
1.051428205999602516e+00
1.051148210566057006e+00
1.050649758551427393e+00
1.050323515139938158e+00
1.049804271223996333e+00
1.049660714478217072e+00
1.049263395295882528e+00
1.048606869805854380e+00
1.048544921386454387e+00
1.048265034349961766e+00
1.047750810887825512e+00
1.047310147888135479e+00
1.047237830302000017e+00
1.047147780390067284e+00
1.046645816021654740e+00
1.046205566284234001e+00
1.045988944715097624e+00
1.045834240827530071e+00
1.045387528883115147e+00
1.045227716829686848e+00
1.044330311832283753e+00
1.044218780702749427e+00
1.044093492359539743e+00
1.043405014003806919e+00
1.043161822765829250e+00
1.042837857443017713e+00
1.042716961415598220e+00
1.042695278962018968e+00
1.042348433225815496e+00
1.041826396527416598e+00
1.041528152079197023e+00
1.041312457663087887e+00
1.041016315240022472e+00
1.040675063639838749e+00
1.040611584470142903e+00
1.040056970529167568e+00
1.040007618295024194e+00
1.039567753804187200e+00
1.039183680582293601e+00
1.039127081800876429e+00
1.038798625340277226e+00
1.038658816587455291e+00
1.038532109845921481e+00
1.038299536031662029e+00
1.037987882299043596e+00
1.037933902776351003e+00
1.037598468022019604e+00
1.037471015055679624e+00
1.036888768237114400e+00
1.036422944276504055e+00
1.036215515141825971e+00
1.036123355127930301e+00
1.036017179487309869e+00
1.035870881940127886e+00
1.035733204872568702e+00
1.035522059123170635e+00
1.035311504818537953e+00
1.034879196353761355e+00
1.034745717709073309e+00
1.034537741292797852e+00
1.034454610195594926e+00
1.034064152913381385e+00
1.033626158072022738e+00
1.033422427427595824e+00
1.033149619196685354e+00
1.032957440607530364e+00
1.032589870239600138e+00
1.032473617654795506e+00
1.032257119510211929e+00
1.031955860334126562e+00
1.031457467432188579e+00
1.031409339547959325e+00
1.031198316047979624e+00
1.031046577228569294e+00
1.030735173378723557e+00
1.030518758414781688e+00
1.030452001585623556e+00
1.029770086232015602e+00
1.029703078058239685e+00
1.029651880759238081e+00
1.029249594094915343e+00
1.028963223136492466e+00
1.028824172822997873e+00
1.028699134010752747e+00
1.028538754569177538e+00
1.028280702501549237e+00
1.028159798606788744e+00
1.027937484228103715e+00
1.027764982846662623e+00
1.027625261804267831e+00
1.027509659047111112e+00
1.027173634075807307e+00
1.027079901517263805e+00
1.026783318637412457e+00
1.026657324223580581e+00
1.026423208478179472e+00
1.026381605440845446e+00
1.026140068450391407e+00
1.025731196869771322e+00
1.025708635680066427e+00
1.025583442413804169e+00
1.025194539376090841e+00
1.025070263383016655e+00
1.024898649710702436e+00
1.024464983114978578e+00
1.024363689957215495e+00
1.024177089827289278e+00
1.024139108388720576e+00
1.024058584864879773e+00
1.023904773464599405e+00
1.023599330912037253e+00
1.023475571801610640e+00
1.023265626526766559e+00
1.023161266805103331e+00
1.023050244764024619e+00
1.023024531355034128e+00
1.022969104245606831e+00
1.022739889429763238e+00
1.022576577825227151e+00
1.022445126035585128e+00
1.022266221423534072e+00
1.022190466798647224e+00
1.022053801254577454e+00
1.021807573742247399e+00
1.021660410475374370e+00
1.021504311229332718e+00
1.021170791863270200e+00
1.021036685961026258e+00
1.020937969853163985e+00
1.020831745314872308e+00
1.020740117666290470e+00
1.020662156808673560e+00
1.020455879034612101e+00
1.020199269418793575e+00
1.020089133429860961e+00
1.019751467399877320e+00
1.019424666492651621e+00
1.019282649710966826e+00
1.019216960179879727e+00
1.019123259970179829e+00
1.019045890157906920e+00
1.018943521999945201e+00
1.018828981910863574e+00
1.018768702653407132e+00
1.018626203492116300e+00
1.018553754322697014e+00
1.018474264841585430e+00
1.018351374854501890e+00
1.018211092810060503e+00
1.018020519788380041e+00
1.017818798627705190e+00
1.017765347749228111e+00
1.017510726013105549e+00
1.017419837350699963e+00
1.017316646760390464e+00
1.017304623438483935e+00
1.017141547176509286e+00
1.016943751355140257e+00
1.016867047005713509e+00
1.016740291381653449e+00
1.016568955376663697e+00
1.016495996256151058e+00
1.016449929788696638e+00
1.016158451561795628e+00
1.016098090456615921e+00
1.015897094206120954e+00
1.015849728365734839e+00
1.015720104511435684e+00
1.015592280411318660e+00
1.015488654862217066e+00
1.015235365344327345e+00
1.015193754479127186e+00
1.015067211019970994e+00
1.014873683996011744e+00
1.014787202823850265e+00
1.014651567014402955e+00
1.014505794070145406e+00
1.014452547933299975e+00
1.014289461059332043e+00
1.014243886310491005e+00
1.014087047076877246e+00
1.013954914007010766e+00
1.013762336659512320e+00
1.013736774797002749e+00
1.013672064567374465e+00
1.013583259890238120e+00
1.013389530969380559e+00
1.013358621916569557e+00
1.013158503661118148e+00
1.013101905163258154e+00
1.013021189543577671e+00
1.012952475793361229e+00
1.012804783811530829e+00
1.012588504529348787e+00
1.012545595950034683e+00
1.012414579735651188e+00
1.012279247012708661e+00
1.012139640371256144e+00
1.012079202012337698e+00
1.011830924292371314e+00
1.011763833343646724e+00
1.011731142771975511e+00
1.011539821414937590e+00
1.011438898538252529e+00
1.011300552922944407e+00
1.011267448097551425e+00
1.011127386605224387e+00
1.011026890321287786e+00
1.010974342753764299e+00
1.010934508132170562e+00
1.010925999746944637e+00
1.010842628605320925e+00
1.010747930661288541e+00
1.010620892159453499e+00
1.010434985072083958e+00
1.010417407330199469e+00
1.010365011508081778e+00
1.010274892456308304e+00
1.010167793444767925e+00
1.010139932413175901e+00
1.010013359351395135e+00
1.009919899009144251e+00
1.009801261014529716e+00
1.009698929216944263e+00
1.009614011153173507e+00
1.009483057510525361e+00
1.009349134408256132e+00
1.009293588423110233e+00
1.009095241214186256e+00
1.009050650237190538e+00
1.008981411991432875e+00
1.008941725967269942e+00
1.008825745542303087e+00
1.008626045565242935e+00
1.008614798757686781e+00
1.008482892127000152e+00
1.008346095258286113e+00
1.008326066346223682e+00
1.008255293080064785e+00
1.008222248614905281e+00
1.008153939353225059e+00
1.008065033410535660e+00
1.008037844258155236e+00
1.007926603861681425e+00
1.007915236994985531e+00
1.007705754313977131e+00
1.007618648017828855e+00
1.007602830913640446e+00
1.007525700805744551e+00
1.007377857350514772e+00
1.007313380844477857e+00
1.007287734314239458e+00
1.007216581074242834e+00
1.007129016797408294e+00
1.007050362254379383e+00
1.006956947226778309e+00
1.006817811026979648e+00
1.006728260758130933e+00
1.006698046320679385e+00
1.006665424195484881e+00
1.006593187897344421e+00
1.006550230289454673e+00
1.006456890508528712e+00
1.006375749389416319e+00
1.006319532325969934e+00
1.006201830198093949e+00
1.006137191093575911e+00
1.006081831795080594e+00
1.006054120061796064e+00
1.005902431080290649e+00
1.005781792547530751e+00
1.005700281122935191e+00
1.005660796703426785e+00
1.005546171750105300e+00
1.005484936764850623e+00
1.005430655477101531e+00
1.005402669839452923e+00
1.005299356081413853e+00
1.005181039671031895e+00
1.005168633047145210e+00
1.005122993095324047e+00
1.005036588785885643e+00
1.005002571021470725e+00
1.004945873688237734e+00
1.004913166579101347e+00
1.004841350383865795e+00
1.004708176242053330e+00
1.004664789734728281e+00
1.004645722760892257e+00
1.004579201908538222e+00
1.004505958410415900e+00
1.004418617583038964e+00
1.004330863839382415e+00
1.004287681654494335e+00
1.004195118240874152e+00
1.004149553144048079e+00
1.004073218325438388e+00
1.003994987415638196e+00
1.003897248920849972e+00
1.003827182899390547e+00
1.003761206638908332e+00
1.003742889707799568e+00
1.003673152935720125e+00
1.003660237895396268e+00
1.003581173726437958e+00
1.003564981155618652e+00
1.003437938581898337e+00
1.003372723267759614e+00
1.003300967109297837e+00
1.003250192244093508e+00
1.003184094752488154e+00
1.003176454301513365e+00
1.003094395459531274e+00
1.003077510553436191e+00
1.003027918289244091e+00
1.003003702703962885e+00
1.002938912814019368e+00
1.002920593342731870e+00
1.002876987849908197e+00
1.002795899596480744e+00
1.002763101465336648e+00
1.002708115157636470e+00
1.002650206024379154e+00
1.002613173569384841e+00
1.002543357227024812e+00
1.002460702256479763e+00
1.002404849002361820e+00
1.002325154252164507e+00
1.002293057985713665e+00
1.002235128635732497e+00
1.002209765327271906e+00
1.002161984555789198e+00
1.002120466339978533e+00
1.002042166321332362e+00
1.001992468316581730e+00
1.001926421567713721e+00
1.001871239161190363e+00
1.001838814116542187e+00
1.001795484145863613e+00
1.001709693320344208e+00
1.001620349909178032e+00
1.001606845711154881e+00
1.001497879549223535e+00
1.001412320228288966e+00
1.001380803712372813e+00
1.001307480052054721e+00
1.001297780322411679e+00
1.001228136779667377e+00
1.001173818287184547e+00
1.001127711161926781e+00
1.001070766375683041e+00
1.001046764264869493e+00
1.000984511622055040e+00
1.000954396541253066e+00
1.000933310696445311e+00
1.000890337617321935e+00
1.000855958365915566e+00
1.000745449844267609e+00
1.000734776362360190e+00
1.000687948553141693e+00
1.000642541824959375e+00
1.000601048838494433e+00
1.000551975670623372e+00
1.000526315693025969e+00
1.000517375443663370e+00
1.000426704598959438e+00
1.000412677842166476e+00
1.000353298548448677e+00
1.000336744499468189e+00
1.000313642961865535e+00
1.000269571645060918e+00
1.000214463711343260e+00
1.000152130295171915e+00
1.000133557902139758e+00
1.000093307595966818e+00
1.000014959009647431e+00
1.000012097507428255e+00
9.999820421273025728e-01
9.999585643783540645e-01
9.999092999681469252e-01
9.998826562046198019e-01
9.998263669937742515e-01
9.997593570166238841e-01
9.997365845761405634e-01
9.996995362415147524e-01
9.996416220655959251e-01
9.996130208490170421e-01
9.995620625055829933e-01
9.995258727398044218e-01
9.994399140166891904e-01
9.994046274359433824e-01
9.993817699700626722e-01
9.993569277969954756e-01
9.993332535466860067e-01
9.992996370163341746e-01
9.992758422574193888e-01
9.992520019900901218e-01
9.992350970709432678e-01
9.992030910050235804e-01
9.991468641246329385e-01
9.990569210755297913e-01
9.990313058888703468e-01
9.989606180816585912e-01
9.989478872287568256e-01
9.988702291290173507e-01
9.987715267148427056e-01
9.987217956009161179e-01
9.986093209208477539e-01
9.985976153768456598e-01
9.984884374434458421e-01
9.984152055806619908e-01
9.983856771132281205e-01
9.983651422242184603e-01
9.983417312248504816e-01
9.982962848790593036e-01
9.982077579569552661e-01
9.981690191228483888e-01
9.981013138123040473e-01
9.980202258238053403e-01
9.979038218533766713e-01
9.978383052123902530e-01
9.978252917246974718e-01
9.978199385505720498e-01
9.977561320366279407e-01
9.976667571587441996e-01
9.976423958741158504e-01
9.976078430308118472e-01
9.975995914897957118e-01
9.975674522874048433e-01
9.974649960825473505e-01
9.973710799218948875e-01
9.973380007829159011e-01
9.973145791119427672e-01
9.972943007219505773e-01
9.972173429409175727e-01
9.970999213394842187e-01
9.970620969624219843e-01
9.969297285006755160e-01
9.968789914450936207e-01
9.968349542273235997e-01
9.967379176981955302e-01
9.966942151998976485e-01
9.966152268459580466e-01
9.965998680761152251e-01
9.965244768563177313e-01
9.964724129190914992e-01
9.964329241795499836e-01
9.963578982426906094e-01
9.963079433218232639e-01
9.962606330219923034e-01
9.962020930977441013e-01
9.961725952996182132e-01
9.961134499322045199e-01
9.959895093063304561e-01
9.959032980720700090e-01
9.958931168614093554e-01
9.958249633562351599e-01
9.957664066235674127e-01
9.957308158519121433e-01
9.956441362206802648e-01
9.955120593583753896e-01
9.954741208403500297e-01
9.954424827752534899e-01
9.954001002110621776e-01
9.952704829309813039e-01
9.952224322863120198e-01
9.951075084463081311e-01
9.950737651954673080e-01
9.948772291816957436e-01
9.948529569911132020e-01
9.946792390761246550e-01
9.946289960802876529e-01
9.945816164941722048e-01
9.945285370812387837e-01
9.944247465374910222e-01
9.943749383272363351e-01
9.943061103290642411e-01
9.942453294701624200e-01
9.942068882981521805e-01
9.940996472336294243e-01
9.940333398554291877e-01
9.939790641335433108e-01
9.939252159550236998e-01
9.938991569511899105e-01
9.937737740656406027e-01
9.936892127584453505e-01
9.936138529639260142e-01
9.935213597684939835e-01
9.935033382109577094e-01
9.934436398783766942e-01
9.934078553624190455e-01
9.933240707455733842e-01
9.932120031315389008e-01
9.931294924760322163e-01
9.930346310269768662e-01
9.929304287277611607e-01
9.928739979145397854e-01
9.928259009228154186e-01
9.927309409742288704e-01
9.926171271943654562e-01
9.925336457591246164e-01
9.924044256652136964e-01
9.923949546587248483e-01
9.923491078604652627e-01
9.921668328539456905e-01
9.920705580517779065e-01
9.920000898282159696e-01
9.919412768462620988e-01
9.918558469568208302e-01
9.917960391760187733e-01
9.915750190604428749e-01
9.915473530132723479e-01
9.914567380930366935e-01
9.914176785138010262e-01
9.913295320158065360e-01
9.913129828507669661e-01
9.911841099788901710e-01
9.909774775780182399e-01
9.908905440912506579e-01
9.908243265370909603e-01
9.908026655906526647e-01
9.906388277184594582e-01
9.906286188082084054e-01
9.905623101693057375e-01
9.904810111440263132e-01
9.903717769677077287e-01
9.902728995411820279e-01
9.901918010954328109e-01
9.901245586156156575e-01
9.900580906219312860e-01
9.899943221020028883e-01
9.898952990214398007e-01
9.898125396609324111e-01
9.895959392720825587e-01
9.895627990701735266e-01
9.895326093665858247e-01
9.894529013050350486e-01
9.893217969917289523e-01
9.891962575351596065e-01
9.891524183472187870e-01
9.890407584530931384e-01
9.889807859087069719e-01
9.888823649299319785e-01
9.887393937089792306e-01
9.886391698396955752e-01
9.885820111010613642e-01
9.884659560288456825e-01
9.884590633406062921e-01
9.882343540645449620e-01
9.881765406958110676e-01
9.880736594377188542e-01
9.879889172630692551e-01
9.878388716757456889e-01
9.877557522406427148e-01
9.877258506313381092e-01
9.875122183216055172e-01
9.874530642805272596e-01
9.873037083681867054e-01
9.872722543345682222e-01
9.870811412059212753e-01
9.870356257169570213e-01
9.869050933257175195e-01
9.867697850855529085e-01
9.867585275958292712e-01
9.866385326126694277e-01
9.863082779241564291e-01
9.862951439504452633e-01
9.861637456376569633e-01
9.859965137316705208e-01
9.859636169245976633e-01
9.858803115267698036e-01
9.858135472680787936e-01
9.856878458337293702e-01
9.854785533450797219e-01
9.854190335286352465e-01
9.852535458608051577e-01
9.851678304861867241e-01
9.850296195988965664e-01
9.849931713078760032e-01
9.849163449848664653e-01
9.847619431670923129e-01
9.846709536390403361e-01
9.844626234380476903e-01
9.843491303506974877e-01
9.842334452856881244e-01
9.840679963117591189e-01
9.839385945461697203e-01
9.838820922128844737e-01
9.838563190189737462e-01
9.836898587758661217e-01
9.834839948077311877e-01
9.834185352616575670e-01
9.831292368022686023e-01
9.831050396827635263e-01
9.829297249398764036e-01
9.829034982359056150e-01
9.826294416502021623e-01
9.823976185221947599e-01
9.823281964819564616e-01
9.820938318047953697e-01
9.819579311453818793e-01
9.819034349547135498e-01
9.817105517655015934e-01
9.816420519155261148e-01
9.815521605075904210e-01
9.814716270188474923e-01
9.812894998297773119e-01
9.811287882245190994e-01
9.810673236292487553e-01
9.809024829996364492e-01
9.808840284017330546e-01
9.805972413559570500e-01
9.805041980386767220e-01
9.804530962211893685e-01
9.802775397243076450e-01
9.800976190239868435e-01
9.798541677330099287e-01
9.798232133420812229e-01
9.796515198134485569e-01
9.795502174170884757e-01
9.793895177779754491e-01
9.792755368993059095e-01
9.791629199641638248e-01
9.789887014201391624e-01
9.788466400250277477e-01
9.785977206289805386e-01
9.785883960301801077e-01
9.784488135217960236e-01
9.782513426606045392e-01
9.780895190523860583e-01
9.779507935479228031e-01
9.777897327242927039e-01
9.776343758785783766e-01
9.775377738691505280e-01
9.774214769746523146e-01
9.772406312868368028e-01
9.770997204755993426e-01
9.768703588172775731e-01
9.765327643819076142e-01
9.763315751991108460e-01
9.762703121105945625e-01
9.760946489635057288e-01
9.760777667051442341e-01
9.760177747449479968e-01
9.757198252697224516e-01
9.756382567183646826e-01
9.755131524400663112e-01
9.753953086826698815e-01
9.752180150014980731e-01
9.749971380735418247e-01
9.748360418355759283e-01
9.746069687824984173e-01
9.744746641847338298e-01
9.744127584782695806e-01
9.742425782006102208e-01
9.741822475814744253e-01
9.740049344373316043e-01
9.737300709513155850e-01
9.735457490218184518e-01
9.733345935755968181e-01
9.732776740474330390e-01
9.730177778718295256e-01
9.729611499036417976e-01
9.727517538858971857e-01
9.726962778339128812e-01
9.724512481617850757e-01
9.723022534523347860e-01
9.720823945230728791e-01
9.719123553311639352e-01
9.718356750451427883e-01
9.717167420755967733e-01
9.714885368176079394e-01
9.713001585818290540e-01
9.710412115758161322e-01
9.709140121888006902e-01
9.707648062682655565e-01
9.705906590461447214e-01
9.702993362223142348e-01
9.700597046877473817e-01
9.699150176003082935e-01
9.697018186644605908e-01
9.696831839866772995e-01
9.693052591837593157e-01
9.692213161435878632e-01
9.689326598207284036e-01
9.689000881122580289e-01
9.687038860979033661e-01
9.684297641133655654e-01
9.683340610019660621e-01
9.681157494891226012e-01
9.678269699666033343e-01
9.677169523054109934e-01
9.676264875671034549e-01
9.672770739109846083e-01
9.672497866579222725e-01
9.670989407035185392e-01
9.669489345114030687e-01
9.665724026314432837e-01
9.665674888819635324e-01
9.664343859660240454e-01
9.662102261523116686e-01
9.660046819549478192e-01
9.658556428959306217e-01
9.653011073619370830e-01
9.651673279544410455e-01
9.647276181224471170e-01
9.642208800080164233e-01
9.641127042969681593e-01
9.640306144954789991e-01
9.636949673681793893e-01
9.635108779305695537e-01
9.634586038485684067e-01
9.633969418541270535e-01
9.632134151586770887e-01
9.630200879907814260e-01
9.628190992382711366e-01
9.625557260684162175e-01
9.624629449211696830e-01
9.620467700580208614e-01
9.617424763863763326e-01
9.615845161062468449e-01
9.611472022068616727e-01
9.608307936184357079e-01
9.605104868986598099e-01
9.602660455720374300e-01
9.600800707276695434e-01
9.598047445386642673e-01
9.597295399249082815e-01
9.590880200215951001e-01
9.589705593922266402e-01
9.585617065102582934e-01
9.581484933701482909e-01
9.580445061641509330e-01
9.577872692258833087e-01
9.576238521529943926e-01
9.572579009574275766e-01
9.566286116614627355e-01
9.563902862949436035e-01
9.561722947415411955e-01
9.554200558306746860e-01
9.551848036086839633e-01
9.549201384906975676e-01
9.548308815498415258e-01
9.544419658054749123e-01
9.542617484691140461e-01
9.539921772604039729e-01
9.538637155132895229e-01
9.535688127970861627e-01
9.535002766065738822e-01
9.527529367893503576e-01
9.524146978043293021e-01
9.523891168934615070e-01
9.520399419660732221e-01
9.517574517207675333e-01
9.515055624975585769e-01
9.513070411839763540e-01
9.508890418829034630e-01
9.501808945837930676e-01
9.499561757448831134e-01
9.498775652888268306e-01
9.497336414308099606e-01
9.494237125056743665e-01
9.486525537745288394e-01
9.484219237971959204e-01
9.481519025206995854e-01
9.477594028615607957e-01
9.475349808422102171e-01
9.473858810197927083e-01
9.470856440677242194e-01
9.469270829582407956e-01
9.467411735109377835e-01
9.462323888652428572e-01
9.457452985388241640e-01
9.453093457326415816e-01
9.450606639283858357e-01
9.444032172670234759e-01
9.442201481014563802e-01
9.437586072046040275e-01
9.435414186600024067e-01
9.431316816996360153e-01
9.427825664883082712e-01
9.424332897699860823e-01
9.421087748481706825e-01
9.418787436659563639e-01
9.412075188086898025e-01
9.406969407869791855e-01
9.404630725549594228e-01
9.393334298520362724e-01
9.389453052820043721e-01
9.384303248722689617e-01
9.380493617147149799e-01
9.375332443638084712e-01
9.365805552111023946e-01
9.363759291654170092e-01
9.358325418320329048e-01
9.357805498171389846e-01
9.353563507482529626e-01
9.351712742185527283e-01
9.346036765683465308e-01
9.343216331978875244e-01
9.335985602857900245e-01
9.330676425955329867e-01
9.325253442965908413e-01
9.320089967464216807e-01
9.315284524319588089e-01
9.311697870668265153e-01
9.308082220824488440e-01
9.295871480338805393e-01
9.291258098548728084e-01
9.286929230282413572e-01
9.282604166748521513e-01
9.271433243938692614e-01
9.267311748733969567e-01
9.261472227535925139e-01
9.258121951692401819e-01
9.253691316050541849e-01
9.251565091259856821e-01
9.248431797637168827e-01
9.245562658636383713e-01
9.235472221075212707e-01
9.233275546639719833e-01
9.230067823886273226e-01
9.225702145400808130e-01
9.217089284879020905e-01
9.203283412680457465e-01
9.195499775823032795e-01
9.193555224987126628e-01
9.185261137085486416e-01
9.184591499459370256e-01
9.177892127425323343e-01
9.170134919082488789e-01
9.151239198165981303e-01
9.149304457640944355e-01
9.144171558655691534e-01
9.140167801036802597e-01
9.128442184395492154e-01
9.119179492480697924e-01
9.116241747561920628e-01
9.110965838850557663e-01
9.109805705197009384e-01
9.105937859317526639e-01
9.096999875484698128e-01
9.090521664860463646e-01
9.087431419714041558e-01
9.082179524479345734e-01
9.078740215811996750e-01
9.069183528089663771e-01
9.062052283472057379e-01
9.056543143469761858e-01
9.049474658209530897e-01
9.035051253603345600e-01
9.022241210078459916e-01
9.011516554991693129e-01
9.010325607279798810e-01
9.007410606101400319e-01
8.997849027970954428e-01
8.994491476965094101e-01
8.968963997038988945e-01
8.968154813814642745e-01
8.964456588898274125e-01
8.961852318229466263e-01
8.953091535895905118e-01
8.934714184066598897e-01
8.930617371857892950e-01
8.929488909561180687e-01
8.922604578833370770e-01
8.904569301675934190e-01
8.891268740052000741e-01
8.882846774862850348e-01
8.873678688034205564e-01
8.857141008900993873e-01
8.852473787531883742e-01
8.851411708258571931e-01
8.848942969793707203e-01
8.846748201609205831e-01
8.835131721415487860e-01
8.826340258902843905e-01
8.817238625482932690e-01
8.811071854823597782e-01
8.805474577383267665e-01
8.799737266837188709e-01
8.794061263802906980e-01
8.792495216016655846e-01
8.780811887967423512e-01
8.773224655449572973e-01
8.767733071990725380e-01
8.766125993668006933e-01
8.758949110543658989e-01
8.754938346165942464e-01
8.753593145711336954e-01
8.741437516702388333e-01
8.726317793710376414e-01
8.724376162306478610e-01
8.700839416577140772e-01
8.697471437451579357e-01
8.685100408987769249e-01
8.658292961713024427e-01
8.650824855218218756e-01
8.624197478031746522e-01
8.613915972138733723e-01
8.600824678988941985e-01
8.600178322300404687e-01
8.589841349383199320e-01
8.550939133712834872e-01
8.549896716333720281e-01
8.525093131050189843e-01
8.522025803699007085e-01
8.506301510214356876e-01
8.452664378863840033e-01
8.441632286207044755e-01
8.440775052230702347e-01
8.387866304914144422e-01
8.370724097835640087e-01
8.359842422912326931e-01
8.353280775566460647e-01
8.341349072351283978e-01
8.327146399372127306e-01
8.316497041768834420e-01
8.298930529407549939e-01
8.286180071960272953e-01
8.279847723703845919e-01
8.254612617509492489e-01
8.215007282734271277e-01
8.214273563879944673e-01
8.205515607389805011e-01
8.198373929199097576e-01
8.196931864959781100e-01
8.188665974320656904e-01
8.179634515715846765e-01
8.162888291248000527e-01
8.159580771847387837e-01
8.149450352757560134e-01
8.127977044255152439e-01
8.099362745181256651e-01
8.072622032479626064e-01
8.030238663447277769e-01
8.028134520925367390e-01
8.011472756191406752e-01
7.987547279873246087e-01
7.973858102249591351e-01
7.956153004869132017e-01
7.933381711190001795e-01
7.931376663759353018e-01
7.918842902152825047e-01
7.916918480997405805e-01
7.837383451102689635e-01
7.823185089847769502e-01
7.821626955326700381e-01
7.818596142192449916e-01
7.791875332566624568e-01
7.788835222370842359e-01
7.766182261238568918e-01
7.759869697466454941e-01
7.732928844128851287e-01
7.722365514701907685e-01
7.695009126805447686e-01
7.685248357736375047e-01
7.657535150454771733e-01
7.631120106505645539e-01
7.588451509576933374e-01
7.573413389435960097e-01
7.569719067429065973e-01
7.530878818490029936e-01
7.522892133396043013e-01
7.495656852884354793e-01
7.480939241309826349e-01
7.458399519450686910e-01
7.427389871425683632e-01
7.348621910347535868e-01
7.309995521396639440e-01
7.304564914667056597e-01
7.285728821234378483e-01
7.282411342046315461e-01
7.226515169682841133e-01
7.217192756345390814e-01
7.210756851113223620e-01
7.207285214900492898e-01
7.095629729792741758e-01
7.072139235586017980e-01
7.019464092894719398e-01
7.009132196012887173e-01
6.945583469401711563e-01
6.893032037343096441e-01
6.851969100508348287e-01
6.841762765267602742e-01
6.798792040468463194e-01
6.780117843508811637e-01
6.777750762089881365e-01
6.677758778105280513e-01
6.606139646162635382e-01
6.600524241447257578e-01
6.598757991390321598e-01
6.552630840764970266e-01
6.540437612097902420e-01
6.489484848840232356e-01
6.474429450238139427e-01
6.437893183444236556e-01
6.380607597300250733e-01
6.337549396874410101e-01
6.322115518783009147e-01
6.287628202246579034e-01
6.182572829210654097e-01
6.138849540135543625e-01
6.088934489436994557e-01
6.072886095739877810e-01
6.065534092665347821e-01
5.895307861458731757e-01
5.871489636255144973e-01
5.793806816064819287e-01
5.699319598605133708e-01
5.628041898602842430e-01
5.576337627879470737e-01
5.550438085807724020e-01
5.488656952451773652e-01
5.476655690245134656e-01
5.386052833303771603e-01
5.338090552204867167e-01
5.301492541870420627e-01
5.256264509282527753e-01
5.177092849370100724e-01
5.085710195093089414e-01
5.022186173141883758e-01
4.934156954217747137e-01
4.864225451703003134e-01
4.060951564841138173e-01
3.704432908359030496e-01
