1.970080383188011597e+00
1.913963087265380336e+00
1.891143699152254554e+00
1.883719663910700115e+00
1.793239435931219816e+00
1.778539624492661675e+00
1.693448499112090389e+00
1.666084197633259656e+00
1.665358040463690070e+00
1.638238054867452442e+00
1.627467671492913492e+00
1.596778504243399510e+00
1.587337606547586599e+00
1.582661932658077530e+00
1.562251199879021613e+00
1.543309067691908343e+00
1.540240545407652428e+00
1.535622496777819590e+00
1.527882607595366871e+00
1.518045816032741024e+00
1.513344097524585985e+00
1.505871384876440899e+00
1.499668391357594111e+00
1.495718263779702628e+00
1.490212165689045687e+00
1.485555278612328722e+00
1.474461126845840742e+00
1.473101751076332233e+00
1.467614807378923913e+00
1.464155943002661164e+00
1.461440176959371007e+00
1.460408604407746003e+00
1.457953456740362697e+00
1.454897724740044751e+00
1.452529323117762283e+00
1.447321491211461586e+00
1.444971796638973238e+00
1.443841696357864191e+00
1.439988669417909151e+00
1.439898995194955678e+00
1.432754771768191437e+00
1.431506564778701085e+00
1.427632533302451989e+00
1.423008233569356129e+00
1.419053421975777773e+00
1.417793286914151185e+00
1.417544217721717237e+00
1.413066902834761995e+00
1.409937194060721488e+00
1.405974201333240137e+00
1.402243844166154663e+00
1.399129682096035054e+00
1.395285762652206163e+00
1.393653494030379081e+00
1.391545787376922139e+00
1.386144012416352878e+00
1.384526425184199994e+00
1.382346524975819779e+00
1.375135006327970366e+00
1.375062111885329230e+00
1.368538226808435398e+00
1.367974418306242113e+00
1.365778354016262019e+00
1.359128894688304445e+00
1.356381961894872923e+00
1.352433149581516503e+00
1.346537190137300666e+00
1.345035223761478882e+00
1.344686917601638720e+00
1.340057627090266212e+00
1.337268495060134565e+00
1.336835031231190962e+00
1.333097173674867797e+00
1.328787885672717106e+00
1.328323997560203473e+00
1.327444075093443754e+00
1.327404117990951038e+00
1.326683008362971483e+00
1.326402319530457508e+00
1.324551116591112132e+00
1.320564269800721835e+00
1.317974418934783287e+00
1.316150637395898659e+00
1.315202732013768250e+00
1.313320548621689676e+00
1.308512611118138436e+00
1.307664654570298790e+00
1.307191827453147992e+00
1.305908678111128651e+00
1.302091796440097315e+00
1.300917935874773779e+00
1.300480034641033456e+00
1.299060359330245662e+00
1.295686614250588509e+00
1.293254449998364253e+00
1.292122878080355752e+00
1.290287812139420121e+00
1.288254929133785254e+00
1.287295888638321451e+00
1.287000004619043736e+00
1.286007990717488614e+00
1.284440734250276162e+00
1.283594918728411249e+00
1.282152355110550701e+00
1.279686420557484494e+00
1.279137910979547765e+00
1.277923418216225127e+00
1.277153314026709952e+00
1.275748973045275125e+00
1.275432489541501901e+00
1.275265746019569768e+00
1.273177106367243905e+00
1.271760827387910187e+00
1.271019874898079438e+00
1.269077011597553595e+00
1.268034898668718213e+00
1.267781085765558702e+00
1.267044536648997966e+00
1.266488430596213632e+00
1.264310531564769358e+00
1.263290751081865615e+00
1.260853686489185721e+00
1.260006283189307963e+00
1.259773516294804718e+00
1.257187620166404507e+00
1.256649510409885151e+00
1.255346653595954098e+00
1.254484360252383857e+00
1.253676925005182463e+00
1.252598859619810101e+00
1.251596186057107873e+00
1.250799477244954216e+00
1.250292680305100435e+00
1.249687189987942482e+00
1.247171948952297882e+00
1.246039705051544599e+00
1.244397682693673790e+00
1.243553396451477999e+00
1.242979631052614886e+00
1.242485781145622470e+00
1.241287714311322787e+00
1.240191258508751337e+00
1.239695176535178245e+00
1.238641788685061806e+00
1.237791028197033461e+00
1.236796641590666379e+00
1.234435012184339042e+00
1.233619928279122480e+00
1.232430778270768190e+00
1.232121028191520695e+00
1.231606493744941355e+00
1.230575579036496281e+00
1.230294178717106668e+00
1.227879273881127054e+00
1.226895876838387078e+00
1.226242034405195858e+00
1.223697679112369263e+00
1.222864927678805502e+00
1.220706137874034702e+00
1.220238236417069189e+00
1.219323572515719656e+00
1.218323890284098709e+00
1.217350031918243092e+00
1.216816652920692299e+00
1.216276150098820175e+00
1.215843756464266123e+00
1.215615087234402036e+00
1.215240620187056919e+00
1.213797262981414660e+00
1.212294289767912980e+00
1.212011159690296047e+00
1.211138886195737951e+00
1.210973468018063937e+00
1.209966414236952170e+00
1.208652804346987519e+00
1.208071026065451026e+00
1.207699326753973068e+00
1.205871304884395423e+00
1.205036330008314227e+00
1.204358464270664619e+00
1.203433349157731369e+00
1.202502198613349504e+00
1.201602596212686613e+00
1.201007573755072499e+00
1.199820270620967522e+00
1.199532663299725410e+00
1.198643125692699263e+00
1.196862565598824757e+00
1.195107259169261305e+00
1.194547220342041527e+00
1.193635252187765561e+00
1.192596870619634819e+00
1.192046891189371571e+00
1.191663458561595723e+00
1.190040865440767703e+00
1.189685025151425268e+00
1.188677356667978913e+00
1.188487418221926939e+00
1.187740593584687421e+00
1.187167286122154719e+00
1.186647737828361526e+00
1.186439463742453793e+00
1.184564455330906485e+00
1.184284166022856244e+00
1.183236559598469295e+00
1.182699782295926871e+00
1.181066183693848304e+00
1.180795514825577319e+00
1.180340842429609127e+00
1.179313680196934833e+00
1.178492697917556509e+00
1.177162638130111016e+00
1.175966394188369124e+00
1.175102617399015559e+00
1.174460750421264965e+00
1.174129438783289237e+00
1.173874755861099350e+00
1.172613904790054340e+00
1.171721655440218779e+00
1.171184073091235955e+00
1.169809864033567015e+00
1.169377390330362587e+00
1.169150914557064658e+00
1.168880392297701798e+00
1.167741764502743917e+00
1.166835496358298752e+00
1.166452522050319240e+00
1.165808437818808718e+00
1.165379650587675453e+00
1.164605733128118992e+00
1.163073364353734540e+00
1.162860370462000859e+00
1.161727315912182812e+00
1.160822077089083360e+00
1.160503223659000938e+00
1.159196620930859511e+00
1.158806012483960757e+00
1.158486616574500250e+00
1.157981714052067845e+00
1.157100450986461970e+00
1.156414349578809952e+00
1.156085341429489821e+00
1.155886158867840630e+00
1.155246158958638469e+00
1.154831511667717026e+00
1.153968030298335723e+00
1.152974573593212648e+00
1.152610281595347397e+00
1.151905611335009016e+00
1.151216397613260778e+00
1.150839460015016913e+00
1.150704940429297052e+00
1.150107866163527337e+00
1.149588007638961962e+00
1.148845441994276184e+00
1.147611152522066691e+00
1.147115537444395317e+00
1.146743425669986216e+00
1.146673112621894974e+00
1.146179640990802939e+00
1.145357652937717186e+00
1.145150794452617582e+00
1.144734697326450945e+00
1.144357643357273746e+00
1.143064666067153290e+00
1.142749701708318133e+00
1.142656142586523815e+00
1.142533873035961989e+00
1.141898750314056521e+00
1.141031943106043833e+00
1.140618003618853571e+00
1.140208763085128751e+00
1.140069323944671753e+00
1.140058120296077782e+00
1.139210727886178498e+00
1.138737532809221964e+00
1.138100013557926449e+00
1.137540858958597800e+00
1.136731474415818566e+00
1.136536487815591023e+00
1.135708873004107389e+00
1.135286487222681329e+00
1.134590404017696619e+00
1.134229891495367015e+00
1.133162507446781930e+00
1.132935257413138830e+00
1.132443702255306439e+00
1.132094305892632491e+00
1.131239443892814167e+00
1.130745094535320794e+00
1.129591222100571724e+00
1.128694473439995072e+00
1.128408717970786457e+00
1.127476204561992157e+00
1.127319817144418534e+00
1.126968723898180702e+00
1.126150963166576924e+00
1.126071870259347962e+00
1.125777486227626412e+00
1.125326229349550067e+00
1.125134364016558974e+00
1.124816776720627853e+00
1.124405238264839735e+00
1.124251542754403310e+00
1.123655235343288261e+00
1.123034324776628567e+00
1.122205545614807676e+00
1.121381738291811203e+00
1.121127309326957144e+00
1.120545641350762178e+00
1.120080817613392510e+00
1.119912997457663817e+00
1.119445350144633755e+00
1.119314592730268787e+00
1.118543597490709196e+00
1.118248831286449141e+00
1.117416880506076460e+00
1.116685095866580824e+00
1.116342800652760925e+00
1.116109191737737927e+00
1.115388236924087284e+00
1.115225465418182793e+00
1.113946685647675849e+00
1.113334086875606532e+00
1.112854331489921744e+00
1.112567832420310987e+00
1.112145186940433073e+00
1.111500203186856606e+00
1.111182429814735917e+00
1.110541137336124029e+00
1.110253279354805667e+00
1.109972092362810914e+00
1.109835789935724737e+00
1.109572995884761770e+00
1.109259460341172732e+00
1.108818550319400131e+00
1.107874800139783344e+00
1.107393072780166854e+00
1.106970773501530614e+00
1.106790436827645996e+00
1.106573707421981023e+00
1.106240843904618520e+00
1.105737126651415103e+00
1.105549297828373190e+00
1.105174215382925151e+00
1.104647262010852060e+00
1.103990050291088210e+00
1.103729124444754683e+00
1.103133903315846265e+00
1.102688971603870804e+00
1.102422015867032812e+00
1.101916880740603233e+00
1.101288459720074275e+00
1.101042299219137544e+00
1.100441074144635323e+00
1.100060979626644286e+00
1.099368046820237366e+00
1.098926448952415313e+00
1.098668560674383787e+00
1.098466640085448809e+00
1.098233588581631670e+00
1.097657629346665775e+00
1.097474881354277843e+00
1.096781261735449764e+00
1.096462476493191396e+00
1.096225964042422785e+00
1.096056882231780660e+00
1.095459495433957375e+00
1.094866631184169714e+00
1.094507548445966982e+00
1.094357591933126761e+00
1.094239290559510414e+00
1.094043670556586134e+00
1.093717665943388928e+00
1.093347625291691605e+00
1.093168694889444348e+00
1.092305854023611245e+00
1.092232669457088745e+00
1.092164490998811299e+00
1.090956486487810295e+00
1.090728924875758121e+00
1.090319809389835193e+00
1.090170709550964512e+00
1.089815206436336892e+00
1.089369978605088329e+00
1.089025662390061377e+00
1.088577997462610636e+00
1.088352826040069221e+00
1.088099421544573175e+00
1.087908511349015450e+00
1.086654947301546104e+00
1.086184799435944148e+00
1.085742806634378832e+00
1.085383063087049793e+00
1.085165152968662117e+00
1.084975853514752675e+00
1.084564610875250468e+00
1.084089215838099918e+00
1.083890468997687373e+00
1.083288295150838465e+00
1.083053614539165155e+00
1.082313553894735492e+00
1.081849136954089019e+00
1.081714597065145833e+00
1.081375929910614708e+00
1.080796391534850409e+00
1.080566812901428531e+00
1.080121480729521188e+00
1.079874335718205458e+00
1.079634128365261736e+00
1.079448540627953923e+00
1.079307889730403369e+00
1.079222249634788744e+00
1.079091932912077390e+00
1.078233386793363557e+00
1.078123169696974193e+00
1.077916175499828322e+00
1.077530560185662845e+00
1.077037965783958828e+00
1.076707772835660437e+00
1.076528400837631683e+00
1.076304055041926055e+00
1.075595318646318743e+00
1.075356879730457793e+00
1.074838973867956682e+00
1.074744120000355796e+00
1.074470736916569358e+00
1.074074762419353846e+00
1.073373503374395410e+00
1.072833015753360986e+00
1.072483238963319430e+00
1.072140481891675989e+00
1.071868244482580002e+00
1.071563836637332345e+00
1.071395379782311696e+00
1.070677197134315639e+00
1.070619070804372130e+00
1.070319820006274236e+00
1.070153506567758539e+00
1.069420542894772730e+00
1.069279824975881699e+00
1.069165749861855197e+00
1.069073367387577633e+00
1.068313983165593894e+00
1.068154120862033540e+00
1.068112489863424441e+00
1.067602617004644650e+00
1.067117857880023113e+00
1.066722386273262435e+00
1.066627672166612362e+00
1.066150861819239459e+00
1.065984991848010877e+00
1.065799249951707495e+00
1.065695599332298737e+00
1.065333673939804049e+00
1.064954551608891409e+00
1.064718201549560872e+00
1.064366036412655481e+00
1.064317192040245219e+00
1.063604025015660648e+00
1.063005926691963587e+00
1.062964946263819099e+00
1.062637701544534075e+00
1.062069576602928889e+00
1.061838847858874724e+00
1.061568729940583822e+00
1.061235616219607714e+00
1.061084937260878380e+00
1.060707645342359395e+00
1.060141786719172252e+00
1.059696315565428870e+00
1.059566246700041070e+00
1.059199944100073676e+00
1.058986572833098716e+00
1.058862543177192084e+00
1.058820660525111812e+00
1.058557629769854236e+00
1.058283013832641783e+00
1.057965721087420929e+00
1.057852560233362382e+00
1.057724617518364996e+00
1.057417742722459808e+00
1.056669565342363448e+00
1.056372340853030778e+00
1.056020598031039315e+00
1.055804293028705487e+00
1.055758349908217042e+00
1.055133427475224206e+00
1.055006701801195934e+00
1.054451384649628842e+00
1.054180606911507834e+00
1.053821698153572850e+00
1.053336425094353102e+00
1.053135968695731561e+00
1.052881923240925222e+00
1.052574017601003664e+00
1.052518624143775394e+00
1.052348061878208840e+00
1.052125474103840608e+00
1.051847532174647437e+00
1.051405766267764497e+00
1.051270570255744996e+00
1.050876165030874665e+00
1.050758040007482297e+00
1.050461044618041795e+00
1.050366654561488255e+00
1.050217488697691159e+00
1.050031315311393820e+00
1.049838625298279426e+00
1.049647346013989235e+00
1.049090240620420555e+00
1.048921188142070804e+00
1.048820018246218622e+00
1.048638782600470831e+00
1.048305373067467405e+00
1.048154146323187819e+00
1.047745104804078009e+00
1.047393383161424163e+00
1.047177819488569028e+00
1.046795603449309109e+00
1.046460641242091816e+00
1.046161482108917129e+00
1.046077731050476078e+00
1.045788685954087027e+00
1.045473256555176533e+00
1.045367896979877420e+00
1.045087977025567216e+00
1.044728885171319455e+00
1.044697449160244540e+00
1.044570855501495865e+00
1.044424304292432382e+00
1.044183868046885566e+00
1.043688838956589482e+00
1.043583542230032579e+00
1.043018972057165206e+00
1.042670436785322119e+00
1.042455744847591070e+00
1.042095984682866794e+00
1.041762101622475400e+00
1.041639203281626180e+00
1.041365523869022258e+00
1.041223029827689883e+00
1.041027202240649041e+00
1.040782962828055602e+00
1.040488203604518880e+00
1.040437771819253010e+00
1.040028810009314242e+00
1.039896603866714564e+00
1.039703474347968060e+00
1.039441467266751351e+00
1.039247942426829940e+00
1.039080190580128349e+00
1.038992365492484637e+00
1.038558619233618474e+00
1.038449783861048026e+00
1.038379237793999099e+00
1.038145012389765531e+00
1.037874314358237848e+00
1.037814324181780545e+00
1.037644623817388867e+00
1.037343123802719980e+00
1.037147924345152905e+00
1.036887236012318025e+00
1.036730404312821818e+00
1.036432820030909641e+00
1.036166017160091934e+00
1.035701961784227132e+00
1.035538485133261855e+00
1.035223386324450434e+00
1.035040214088244870e+00
1.034959809216108084e+00
1.034523238152571523e+00
1.034456466109907602e+00
1.033866477976369547e+00
1.033733541130444467e+00
1.033657434465484526e+00
1.033537035682600358e+00
1.033211698036902382e+00
1.033156101355564793e+00
1.032818159504262034e+00
1.032738008932070350e+00
1.032634713769141399e+00
1.032511614879814577e+00
1.032417472591456553e+00
1.032035838740781308e+00
1.031766010400879674e+00
1.031722373010642402e+00
1.031452598844009749e+00
1.031137739939241627e+00
1.031045674003414403e+00
1.031000685477768020e+00
1.030730871983490227e+00
1.030307208786300777e+00
1.030197735264341219e+00
1.029946225159739104e+00
1.029889076134993697e+00
1.029800587347572849e+00
1.029651300087798482e+00
1.029574600433409648e+00
1.029462610710788262e+00
1.029300055367279310e+00
1.029178169737562154e+00
1.029017568239157798e+00
1.028839234796619317e+00
1.028641839359086152e+00
1.028367533329793693e+00
1.028211788198162946e+00
1.027947265399234311e+00
1.027865961589722321e+00
1.027414688206939042e+00
1.027354623615850393e+00
1.027178656585992833e+00
1.026986782330351566e+00
1.026782754172802514e+00
1.026727861413635923e+00
1.026402019209614158e+00
1.026178675486819181e+00
1.026147395748710389e+00
1.025798654359661555e+00
1.025576297897746736e+00
1.025467163201458254e+00
1.025350706600162143e+00
1.025319055863609385e+00
1.025189376747503989e+00
1.024833235621344985e+00
1.024711303629149084e+00
1.024579634752030621e+00
1.024311444776653701e+00
1.024101731757868894e+00
1.024050679559082466e+00
1.024011364554699322e+00
1.023894257213276093e+00
1.023646358061514050e+00
1.023230760305063436e+00
1.022852624582223813e+00
1.022786991159623904e+00
1.022641707091476837e+00
1.022266280319913179e+00
1.022003885358112596e+00
1.021855922068744205e+00
1.021737405820496880e+00
1.021682800471096941e+00
1.021430455723944863e+00
1.021112185525317573e+00
1.021018448331646677e+00
1.020892038753200337e+00
1.020732737104784738e+00
1.020472218470172887e+00
1.020176467853527891e+00
1.020093021259723010e+00
1.019991005051492872e+00
1.019780066422210973e+00
1.019650558280578379e+00
1.019471392156044098e+00
1.019349572480479527e+00
1.019266101853211426e+00
1.019071195443743028e+00
1.018899069804543922e+00
1.018755613918524316e+00
1.018705608097952853e+00
1.018531327763373184e+00
1.018306189835333830e+00
1.018232666451085011e+00
1.018108274562413706e+00
1.017843943661707939e+00
1.017726860282400114e+00
1.017608561740921624e+00
1.017159106298946680e+00
1.016997899567831265e+00
1.016948616630627633e+00
1.016614445231412533e+00
1.016465777404694126e+00
1.016242356722870888e+00
1.015990467675976561e+00
1.015881843893041259e+00
1.015750818492936247e+00
1.015546817111247835e+00
1.015161275349709902e+00
1.015083750417147490e+00
1.014779640163308683e+00
1.014744180411493835e+00
1.014620656327819725e+00
1.014440053580117240e+00
1.014197457718811757e+00
1.014165785356668792e+00
1.014023556098722523e+00
1.013871954925810615e+00
1.013758825040318223e+00
1.013683483068263280e+00
1.013598452217428170e+00
1.013430042701693345e+00
1.013278126336189411e+00
1.013089624998403382e+00
1.012981189275021787e+00
1.012668837800324795e+00
1.012562746123335078e+00
1.012429007541650661e+00
1.012312471673112224e+00
1.012077522509156280e+00
1.011815601763231376e+00
1.011734815896668138e+00
1.011513278142493810e+00
1.011471855405298381e+00
1.011317498676967963e+00
1.011302646440561892e+00
1.011163061433223653e+00
1.011065016796952154e+00
1.010877147388877351e+00
1.010815549909408917e+00
1.010778303215116747e+00
1.010618340089136646e+00
1.010592884098776345e+00
1.010539108618501825e+00
1.010510067329636552e+00
1.010436017710636181e+00
1.009995518233040457e+00
1.009814661087059529e+00
1.009790149549424587e+00
1.009672742527161438e+00
1.009509176011416987e+00
1.009352138748664585e+00
1.009183694260014530e+00
1.009053188097497999e+00
1.009030677358864425e+00
1.008880748111687486e+00
1.008661788809760873e+00
1.008549864733967238e+00
1.008461277904433073e+00
1.008264103025368286e+00
1.008216465836426989e+00
1.008168679109175514e+00
1.007982409409489799e+00
1.007888299199933613e+00
1.007816587979883050e+00
1.007770232398620625e+00
1.007661869876316230e+00
1.007547623014944937e+00
1.007465233671930749e+00
1.007414636515638451e+00
1.007242549548847510e+00
1.007208701157308317e+00
1.007150470322468516e+00
1.006997546984620406e+00
1.006788162265435327e+00
1.006719161492117598e+00
1.006656629474984799e+00
1.006651413107043203e+00
1.006625628532748395e+00
1.006486841454470538e+00
1.006405890424460825e+00
1.006268704236862987e+00
1.006252136835117161e+00
1.006158072906804035e+00
1.005968146624919957e+00
1.005906223449599457e+00
1.005771710731881541e+00
1.005635492057763480e+00
1.005422354621180014e+00
1.005210196648562926e+00
1.005100503135453627e+00
1.004935552449999214e+00
1.004891409081961173e+00
1.004835605816651878e+00
1.004736116817978697e+00
1.004646342214338572e+00
1.004531406840806884e+00
1.004330042293891223e+00
1.004276367128569492e+00
1.004211416654656741e+00
1.004154698944329072e+00
1.004101643272516498e+00
1.004014002587305665e+00
1.003876527681380804e+00
1.003855034755076536e+00
1.003797910787555425e+00
1.003624335458788819e+00
1.003570720872761113e+00
1.003543876016268710e+00
1.003484795033390942e+00
1.003433593863449769e+00
1.003392731262366944e+00
1.003276888410010059e+00
1.003233926871613058e+00
1.003153790156470659e+00
1.003130186881664221e+00
1.003069587264205254e+00
1.002967522328405137e+00
1.002919869521596619e+00
1.002879352368746924e+00
1.002842889108038982e+00
1.002798908860272453e+00
1.002601469739249129e+00
1.002554929353132174e+00
1.002488994691367763e+00
1.002345667217366731e+00
1.002275134798412681e+00
1.002204193525932263e+00
1.002192269799026425e+00
1.002061899397908018e+00
1.001972215761320228e+00
1.001863178250439468e+00
1.001811951793481592e+00
1.001722030373144667e+00
1.001605735481444936e+00
1.001537749623928386e+00
1.001495818904798885e+00
1.001432869872903808e+00
1.001361436513132919e+00
1.001283008928579132e+00
1.001262113324881575e+00
1.001232168748526163e+00
1.001120188150388834e+00
1.001068485717944601e+00
1.001043953305783996e+00
1.001019509216207082e+00
1.000935985104606019e+00
1.000923936220258881e+00
1.000826125628098362e+00
1.000753630657886584e+00
1.000723413093479008e+00
1.000687614855120477e+00
1.000656677948233986e+00
1.000614669355922137e+00
1.000571340250675956e+00
1.000536344458691218e+00
1.000435290164689572e+00
1.000401606762670426e+00
1.000358657770757942e+00
1.000342845532063540e+00
1.000306246584719227e+00
1.000247213249872758e+00
1.000198016864782602e+00
1.000122500845701756e+00
1.000064045938878543e+00
1.000037762718598344e+00
1.000008442055894564e+00
9.999056165296826837e-01
9.998432250894346840e-01
9.998333620058242888e-01
9.998008359221446373e-01
9.997287896638591409e-01
9.996321153961454931e-01
9.995491930204308817e-01
9.995147534954424984e-01
9.994535566832932760e-01
9.993240259050194529e-01
9.993089471413190150e-01
9.992079329555794143e-01
9.990953336040052646e-01
9.990822486617972897e-01
9.990160483923109513e-01
9.988663124078374089e-01
9.988433494801924883e-01
9.987509629971630387e-01
9.987447358235965744e-01
9.986881553504938225e-01
9.986134710648538748e-01
9.985655529104049410e-01
9.984599349215150799e-01
9.984145372747323943e-01
9.983415984748916783e-01
9.982540126524547253e-01
9.982214728095459844e-01
9.981371837395920377e-01
9.979445831722094651e-01
9.977753099094830436e-01
9.977086464119082621e-01
9.976254869064201669e-01
9.975145740720695597e-01
9.974626173368169590e-01
9.974430751311087473e-01
9.973868017820686216e-01
9.972512938736561861e-01
9.972090041116667969e-01
9.971402936022535357e-01
9.970621342763378303e-01
9.969763077372085780e-01
9.969519602862642049e-01
9.969003204733702939e-01
9.966917201150112815e-01
9.965953423495114150e-01
9.964273985740975670e-01
9.962364285121783070e-01
9.961311315540805067e-01
9.960651486254338272e-01
9.958477874870395041e-01
9.957021763870480546e-01
9.956574250608385412e-01
9.955524513382435492e-01
9.954464355805557885e-01
9.953506645176399825e-01
9.951968582756437476e-01
9.950182787651637994e-01
9.949372374822200715e-01
9.948617932710841494e-01
9.947933046088263120e-01
9.947056319931830703e-01
9.946426541440793745e-01
9.945504429021820858e-01
9.944416291484450277e-01
9.943832403494662353e-01
9.943283216010183612e-01
9.941512464003351424e-01
9.940446619651456261e-01
9.938127075031775171e-01
9.936810834187860264e-01
9.934568046825381638e-01
9.933543212494556629e-01
9.933070691123681017e-01
9.932281074773235963e-01
9.931464237531774097e-01
9.929975072086812959e-01
9.928865721094494168e-01
9.927033610623983151e-01
9.925213114846250795e-01
9.924817133035610528e-01
9.920865900762825262e-01
9.920349003450020797e-01
9.919481273275929656e-01
9.918428673463186573e-01
9.917722249135749735e-01
9.916672373052491940e-01
9.913891496998510355e-01
9.912354022895160099e-01
9.912153485142594089e-01
9.911771832339291155e-01
9.910604754116784099e-01
9.908034188508477724e-01
9.906687845157188255e-01
9.905336702600443521e-01
9.904511489946017377e-01
9.903409153678986998e-01
9.902538766664435999e-01
9.902264849732119734e-01
9.899983567054391198e-01
9.897824477370367191e-01
9.897158712140005088e-01
9.894400726271785906e-01
9.893306805966461948e-01
9.892288919212856024e-01
9.891358708267564692e-01
9.890168055194409336e-01
9.889498706021633279e-01
9.888659783791658997e-01
9.886003579656083007e-01
9.884517121082807556e-01
9.881873295401294444e-01
9.878851255750247251e-01
9.877537683568833327e-01
9.877083279583444009e-01
9.875366378423228175e-01
9.873026592065691220e-01
9.870365111521497425e-01
9.869497183429014608e-01
9.866951987473774333e-01
9.865694385755326978e-01
9.864436771142475191e-01
9.862454260674740070e-01
9.860843855649050749e-01
9.860371235868080619e-01
9.859751622014690797e-01
9.859062085426223421e-01
9.858205273261505530e-01
9.856632664311396619e-01
9.853527807565857222e-01
9.850833638340437126e-01
9.849880016406394878e-01
9.848803701338121330e-01
9.846561729403824348e-01
9.844059000514318036e-01
9.840515996075459570e-01
9.839394232414375718e-01
9.837083259493435428e-01
9.834384618901346187e-01
9.832953725443411841e-01
9.832578343688570532e-01
9.830901931637010538e-01
9.830002708972155334e-01
9.827433559899556581e-01
9.826567286573216764e-01
9.824737581020374089e-01
9.822781925017740612e-01
9.820502154503835124e-01
9.818135091991943009e-01
9.816571417813859668e-01
9.813831624159294886e-01
9.813293132269278463e-01
9.810998303017024469e-01
9.809453881826365462e-01
9.806553568920899355e-01
9.803588253982444822e-01
9.803299904315779800e-01
9.801485950102396538e-01
9.800085183634438257e-01
9.796620632390012906e-01
9.794950867601697198e-01
9.794003139406668446e-01
9.791516865867324615e-01
9.787752566353088435e-01
9.787350971668471455e-01
9.785676055205907442e-01
9.781462106509076770e-01
9.780418842164602111e-01
9.778299325496696559e-01
9.773871132772337100e-01
9.772638223027092508e-01
9.771487174707682577e-01
9.767027562039229949e-01
9.764121399862095707e-01
9.761607978184617673e-01
9.761093070689033091e-01
9.756186970524922675e-01
9.755689254774736474e-01
9.754781218456300973e-01
9.750750027003325382e-01
9.745006759393193274e-01
9.742570322864415600e-01
9.742127810016313338e-01
9.740387623788031579e-01
9.736359879068188228e-01
9.733241555591404248e-01
9.727360838981163882e-01
9.725419164707402864e-01
9.723485771437125891e-01
9.723057239822693321e-01
9.721355378693136151e-01
9.718504468644001415e-01
9.716854338507642241e-01
9.712412065599860256e-01
9.709477554159335888e-01
9.707577712056010277e-01
9.706210980413697564e-01
9.702857151863490959e-01
9.702069223826995659e-01
9.699529220536557972e-01
9.698121213013991548e-01
9.695300948548876141e-01
9.692986737457325308e-01
9.691457790083153334e-01
9.689251587613800787e-01
9.684777156911599238e-01
9.681917110243944968e-01
9.673554686338524666e-01
9.672917870156843012e-01
9.667157357699415199e-01
9.665388727215643572e-01
9.661758729853292538e-01
9.659676117419714325e-01
9.655536484131134189e-01
9.653238254219269621e-01
9.652678684154977207e-01
9.648914219891833177e-01
9.647481407212455951e-01
9.644537734950437979e-01
9.637989831098414673e-01
9.635201419950276680e-01
9.630091150161483871e-01
9.629336524009921572e-01
9.623730076927936583e-01
9.616141017553686554e-01
9.612099927529283994e-01
9.610253316221717412e-01
9.607167189899274984e-01
9.606360998369379844e-01
9.603542950151888746e-01
9.598262186387008787e-01
9.596328062575607554e-01
9.594303210010247662e-01
9.588823708513807276e-01
9.586295085932713400e-01
9.585945836470803894e-01
9.579695346826587743e-01
9.578230290139116976e-01
9.577179975027902969e-01
9.575835141995403532e-01
9.566940064011720812e-01
9.563507833753693843e-01
9.560315979224480731e-01
9.559077686932085927e-01
9.557212601780953332e-01
9.553148051933751939e-01
9.544659781072287741e-01
9.540972464064412240e-01
9.540197944235599969e-01
9.535476019254902624e-01
9.531914719891647625e-01
9.524441334115472113e-01
9.518127279018350206e-01
9.517142738689201575e-01
9.516757057875716574e-01
9.515221528150148433e-01
9.506256260277223813e-01
9.504858063507909405e-01
9.497621370874695934e-01
9.496859583956300810e-01
9.492316204688859838e-01
9.486373596588287826e-01
9.482599878872037813e-01
9.473554279126972233e-01
9.470847984166331779e-01
9.468701483855056500e-01
9.465205763137709560e-01
9.463487791325611020e-01
9.459973238345460445e-01
9.456466995896409822e-01
9.453663271701675530e-01
9.452831189302071113e-01
9.451600602742500357e-01
9.443882930845856061e-01
9.442893121851760885e-01
9.435762596051251450e-01
9.432984200315517320e-01
9.420481973136377585e-01
9.420118092853910774e-01
9.416472997912544995e-01
9.412443398586803900e-01
9.411018967437639882e-01
9.409698397451794483e-01
9.409114551491015721e-01
9.404728323472520968e-01
9.400247085691511018e-01
9.399519644935664386e-01
9.395405751670461436e-01
9.394592040101259478e-01
9.393051685259093952e-01
9.384021825216291024e-01
9.381471334019785280e-01
9.376357605578248267e-01
9.373434865758178969e-01
9.371236306085569678e-01
9.365961698661435797e-01
9.365415731580828407e-01
9.363065714644949189e-01
9.362511734682373854e-01
9.356126717982372609e-01
9.354011609981486286e-01
9.351490998655911380e-01
9.339352900886100928e-01
9.335960651151922196e-01
9.330180295463831319e-01
9.321024921542686581e-01
9.317368552388207714e-01
9.314460283460082035e-01
9.311448296316205964e-01
9.307350290201893417e-01
9.307024670168981828e-01
9.302498254080056039e-01
9.300770854692542722e-01
9.290575894854613548e-01
9.289130738533304399e-01
9.283534178027978978e-01
9.282841555579904869e-01
9.270145542796501825e-01
9.268390426432114859e-01
9.266642410927488083e-01
9.263066249047952061e-01
9.254633964691231229e-01
9.252703910718446112e-01
9.250104286666142039e-01
9.240701935293260672e-01
9.234998141584522813e-01
9.233097220578968534e-01
9.231750141737898874e-01
9.228941601437636866e-01
9.216924476823973311e-01
9.207767701943322392e-01
9.204039467854455703e-01
9.195429272527406717e-01
9.191840205726572455e-01
9.180533875142407041e-01
9.173073172048958890e-01
9.164502830522773813e-01
9.163761804920589338e-01
9.162439023238000413e-01
9.158101056270304685e-01
9.145487261449429806e-01
9.143447532040263059e-01
9.140836410721046024e-01
9.134043253934007733e-01
9.131354338604186216e-01
9.129774845417291118e-01
9.127203276649941133e-01
9.126543802113642467e-01
9.119868394658424693e-01
9.107195714303026879e-01
9.102540352403907242e-01
9.094994645739674644e-01
9.093210699187340706e-01
9.079835999401393298e-01
9.072971791662720609e-01
9.069490086694242947e-01
9.062944297863694265e-01
9.048517374375115718e-01
9.043494291335266722e-01
9.037956734515334434e-01
9.031570951687672988e-01
9.024076496005750680e-01
9.020592629807778762e-01
9.012345657257049281e-01
9.008787428472593284e-01
9.004979864963149616e-01
8.997908707298820641e-01
8.996374668705082733e-01
8.988039625109477404e-01
8.985417174898889803e-01
8.979113410089444303e-01
8.976497562943515085e-01
8.968883969816033863e-01
8.966694166914104258e-01
8.963351330843062348e-01
8.959531418821459203e-01
8.956646338424167908e-01
8.950746655703818444e-01
8.948525859127359761e-01
8.930915487678715570e-01
8.926854193048604502e-01
8.920152571130207653e-01
8.919957203171579030e-01
8.904334208431399222e-01
8.897087208729262953e-01
8.890962120442399419e-01
8.885084933373927907e-01
8.879658700850572295e-01
8.879282033352564607e-01
8.868940933780937730e-01
8.868847787088411927e-01
8.863093842804307121e-01
8.857828654349497732e-01
8.852648434188007398e-01
8.849681501501805991e-01
8.846025022955164019e-01
8.842123970985390491e-01
8.840736221547639273e-01
8.835028738886011590e-01
8.833411280861166448e-01
8.833169712654580508e-01
8.826094195458429326e-01
8.825511022808265604e-01
8.825082182368414463e-01
8.804621846039647481e-01
8.800175077274005053e-01
8.796247784803802316e-01
8.766315041349423964e-01
8.757574965307197701e-01
8.744790912062609944e-01
8.738081910258373997e-01
8.733378890889541557e-01
8.727646687188147512e-01
8.715961440636531554e-01
8.708501502637846503e-01
8.699055510006041825e-01
8.697042393370661983e-01
8.694297358973791523e-01
8.693864300843043846e-01
8.689772329566394227e-01
8.688620593156276550e-01
8.684013451092561509e-01
8.662276400654898012e-01
8.654088290371074743e-01
8.649239397364978377e-01
8.642195892785817790e-01
8.640413028125055739e-01
8.639600674929779345e-01
8.625207564178433151e-01
8.613667812506881072e-01
8.593668155340646875e-01
8.590594688726974626e-01
8.573955551254365259e-01
8.569920164830888698e-01
8.569818997219478263e-01
8.569320654411813898e-01
8.554787049428981272e-01
8.549709259087988622e-01
8.537355889204905068e-01
8.536598396863924743e-01
8.522461601622596250e-01
8.517164192233361852e-01
8.501323738314418010e-01
8.478880223545240957e-01
8.464773671461869320e-01
8.459023256965378934e-01
8.451075904125076033e-01
8.450055931707886048e-01
8.447845004779120925e-01
8.444156442846514343e-01
8.439838082319327528e-01
8.417192624068694506e-01
8.406894669836194600e-01
8.386503620938546844e-01
8.385883096317173768e-01
8.384272594816741808e-01
8.377970389792872563e-01
8.355426202795103174e-01
8.338836641652651593e-01
8.333831223642806929e-01
8.317241184627777173e-01
8.312315127774164703e-01
8.306457697221504288e-01
8.303618307209633675e-01
8.296719250785797861e-01
8.287349387914046961e-01
8.284867966668072459e-01
8.269811152488649730e-01
8.261204753415707369e-01
8.253368270808669749e-01
8.243067894588278488e-01
8.226187210303548270e-01
8.195827867269961375e-01
8.182119637166465065e-01
8.165690758018091522e-01
8.157060796887753984e-01
8.154600544574349685e-01
8.143441183183114385e-01
8.135717548832605006e-01
8.108236185104830129e-01
8.105250866075121019e-01
8.087239328761269830e-01
8.071535267426099836e-01
8.068321020618324235e-01
8.048167312191827349e-01
8.042914908509256611e-01
8.011674733583515895e-01
8.010191075389865301e-01
8.006290331674537075e-01
8.002683527071778880e-01
7.991143536054824414e-01
7.960561889098735078e-01
7.953595143647571586e-01
7.931894595469753950e-01
7.929785057062405107e-01
7.927749584184284881e-01
7.927707617250941974e-01
7.890276756122737156e-01
7.873901169847068449e-01
7.865933903539126248e-01
7.858534439680059380e-01
7.838187312901591097e-01
7.830832306287952571e-01
7.821473156151095285e-01
7.791875437104528457e-01
7.789751438058593047e-01
7.767207718132786987e-01
7.736622993202360021e-01
7.718255897849150005e-01
7.716232211232346705e-01
7.687444464508116360e-01
7.684035901384662637e-01
7.651281724448714128e-01
7.647448490340513771e-01
7.618061240291991165e-01
7.613240999610784154e-01
7.609011666822435016e-01
7.539630497049998326e-01
7.531337217423129671e-01
7.505985461202721032e-01
7.489304784784532876e-01
7.482839288744987938e-01
7.475601167118164359e-01
7.465238788900177003e-01
7.458651183321008959e-01
7.426178984407563188e-01
7.355547528249980482e-01
7.353280314076940938e-01
7.324500127774672409e-01
7.324044463188659204e-01
7.307842645566895445e-01
7.245280407043266369e-01
7.207073696016209619e-01
7.159041570659665510e-01
7.133956201535182062e-01
7.055940859031633039e-01
7.027328535975591040e-01
6.974282829136411177e-01
6.961845309763798895e-01
6.952278505646272144e-01
6.829066607500027253e-01
6.828937321267114502e-01
6.810190475015656109e-01
6.798244830980031406e-01
6.779512641438532050e-01
6.767360904223982399e-01
6.750543836598482672e-01
6.562570622987939917e-01
6.529243585716636433e-01
6.512555488696547545e-01
6.497768102643617372e-01
6.496139734999508697e-01
6.435039444074862613e-01
6.389940192015766129e-01
6.321679306507028695e-01
6.220128047423326700e-01
6.144510566598049284e-01
6.133021021743791934e-01
6.054109548562512932e-01
6.022472242002819831e-01
5.979228376591518845e-01
5.936801498977588576e-01
5.900222424779290042e-01
5.884217116787427981e-01
5.691143606187549775e-01
5.540134320842254878e-01
5.519344665435295116e-01
5.466039548929905179e-01
5.416759891298760232e-01
5.366285830154139402e-01
5.361594885891670659e-01
5.312297434003914187e-01
5.195653400387422183e-01
5.030186270904118961e-01
4.915187972003660088e-01
4.740421131561138868e-01
4.695755644880007518e-01
4.609160220640414751e-01
4.505986144416779249e-01
3.975366519634253581e-01
3.947207120624270926e-01
