6.057770640546726063e+05
2.590009335559024476e+05
2.479724429951719649e+05
1.104796197179160517e+05
9.095879772871438763e+04
6.648354435362908407e+04
4.795709444496088690e+04
4.052653221037478943e+04
3.405875173753247509e+04
3.390654218427607702e+04
2.149960931423485818e+04
2.030485493597997993e+04
1.938008166881149737e+04
1.738294764853264132e+04
1.248280602587542126e+04
1.189149022824019812e+04
1.062873633617730411e+04
9.974976515500133246e+03
9.290857223179293214e+03
8.232551883400865336e+03
7.633516967824872154e+03
6.723486499105028997e+03
6.163722422250430100e+03
5.799935216670210139e+03
5.486584292701852974e+03
5.274468834112104560e+03
4.775309785922961055e+03
4.252318495318168061e+03
3.789826686381515628e+03
3.616169884270876992e+03
3.427214575304320078e+03
3.243806759246312595e+03
3.170538433918915416e+03
3.023691342328595965e+03
2.649010889119200783e+03
2.552698662432076162e+03
2.495533571781786577e+03
2.421624187708141108e+03
2.179647053823969145e+03
2.143645639050459067e+03
2.020871220998565150e+03
1.972826015687805011e+03
1.859749418912709416e+03
1.783450915468828271e+03
1.751276781259743757e+03
1.496326203884881124e+03
1.472415190241025130e+03
1.417502324839762196e+03
1.355213042419141857e+03
1.328602811620204193e+03
1.316670421124282711e+03
1.284992835067522947e+03
1.175963515260379154e+03
1.122313742629950639e+03
1.070325276217756709e+03
1.050340946718684108e+03
1.035384204735357798e+03
9.468566687580954522e+02
9.308034301921073848e+02
9.143749379897307108e+02
8.954765401249636625e+02
8.732396683434999431e+02
8.568321780931555622e+02
8.162396518543192769e+02
7.970850606412384423e+02
7.538667178476993058e+02
7.105036082226154122e+02
6.677379038151117356e+02
6.525968344525533666e+02
6.482877001718600241e+02
6.242234021070482868e+02
6.216733447301156730e+02
6.041722057439596938e+02
5.930026533411081573e+02
5.702335346846944049e+02
5.431776790356221909e+02
5.350883668493465848e+02
5.209297219382705180e+02
4.980172056269485097e+02
4.854907838667526221e+02
4.673191553393187405e+02
4.599042302573619168e+02
4.520245333393734199e+02
4.496375747101554907e+02
4.342235834470978944e+02
4.307426069025312358e+02
4.225111013115957235e+02
4.038340063605074874e+02
3.968832684409850913e+02
3.830906285554320334e+02
3.697346753628972920e+02
3.643413519268560208e+02
3.452693789287383197e+02
3.423754645457314041e+02
3.334079938947287474e+02
3.287846272801889427e+02
3.262873575314493451e+02
3.160206197034115689e+02
3.134360491047274309e+02
3.072580179535411276e+02
3.028868471572841372e+02
2.956133013861420409e+02
2.851806440395922664e+02
2.737106619972942099e+02
2.704562994958062632e+02
2.585279039458721968e+02
2.556103402285962432e+02
2.527335413287633230e+02
2.508136893767949118e+02
2.488504332998319626e+02
2.415823974593294281e+02
2.379986780112131157e+02
2.309069123029490527e+02
2.276127804291015764e+02
2.228254456798143792e+02
2.184824688600969580e+02
2.168434595122699307e+02
2.112655399879762967e+02
2.094692753486663150e+02
2.022111678198446612e+02
1.983443971186476062e+02
1.904139850858402099e+02
1.872368864158268309e+02
1.858033671803199525e+02
1.822414413847601509e+02
1.812088283927070620e+02
1.779795673858763507e+02
1.763012177719965337e+02
1.717035806143849754e+02
1.692785116203605185e+02
1.660160770844107390e+02
1.637550509459239834e+02
1.575144419769739272e+02
1.536521846806104747e+02
1.517643677240126863e+02
1.490331124071994964e+02
1.474366377798239114e+02
1.458956201678094260e+02
1.433322115383128335e+02
1.421784110580947242e+02
1.402758359764026750e+02
1.369010761486969727e+02
1.351037719780557325e+02
1.324137765906408220e+02
1.303045599436573525e+02
1.299787028210617450e+02
1.293625123336043430e+02
1.244766411050238730e+02
1.237988700063564949e+02
1.210320064165237000e+02
1.180543450566841273e+02
1.145272791094063223e+02
1.137243188043591573e+02
1.114967969810039961e+02
1.109065889172321846e+02
1.103282713213512238e+02
1.082280120978488753e+02
1.055228589478670784e+02
1.054034210226348733e+02
1.043481043232817029e+02
1.029528752460751946e+02
1.011304593112323289e+02
1.007360144794288175e+02
9.722711265508681322e+01
9.663429694371592404e+01
9.484917746502244995e+01
9.335679158387910093e+01
9.225448910711182293e+01
8.977248761028431545e+01
8.905393785892503900e+01
8.790922889597428025e+01
8.705407513546062148e+01
8.638667129993078220e+01
8.504391370392986005e+01
8.403806867305127071e+01
8.385735259033464217e+01
8.274843233014092903e+01
8.247517829903745223e+01
8.079806753078240433e+01
7.987280082586721619e+01
7.705690263549337260e+01
7.628148947398740631e+01
7.515465518450307059e+01
7.474758630440085483e+01
7.330059085422840326e+01
7.263444876876411627e+01
7.244890395234396863e+01
7.024814539238062139e+01
6.976805687120149457e+01
6.865447283854911120e+01
6.770865702048023138e+01
6.715802543551245662e+01
6.684606453947556304e+01
6.584363688697732186e+01
6.535170428578746282e+01
6.465515013293475022e+01
6.394406585645496222e+01
6.276869884691278401e+01
6.203692736811149189e+01
6.121225759484187279e+01
6.033913799906900977e+01
5.922347135423941467e+01
5.866852858388329395e+01
5.814490434364068960e+01
5.743232412494406702e+01
5.654036700978369367e+01
5.615778379805671960e+01
5.533095848302321684e+01
5.513675598920741550e+01
5.471404527443691990e+01
5.383211450084777283e+01
5.353383802331516250e+01
5.307974089102363280e+01
5.248111876905180395e+01
5.165276868843157843e+01
5.083229393208723934e+01
5.042465613714746553e+01
4.997289952160576121e+01
4.967224647756122380e+01
4.881749033995209430e+01
4.864757534099244651e+01
4.817745998470161339e+01
4.742032506567564809e+01
4.667308433629986553e+01
4.609160794368415992e+01
4.562649840012357316e+01
4.510980980412517738e+01
4.404284543328726187e+01
4.364174677379597966e+01
4.338774512805212424e+01
4.289329741285245490e+01
4.267248103515153446e+01
4.211953084024256810e+01
4.187962022341633883e+01
4.140115181211724860e+01
4.063214114270454758e+01
4.043209134331278420e+01
3.986051142077386089e+01
3.967219317074093254e+01
3.938309295489318629e+01
3.921903028780578637e+01
3.851841941322496154e+01
3.787039713164758581e+01
3.754596792435023644e+01
3.708172560323927058e+01
3.683766301655653308e+01
3.660425841238301103e+01
3.634863246266740333e+01
3.607971802681342410e+01
3.565553543798505842e+01
3.518431490192681110e+01
3.507928041168184308e+01
3.481786620371958207e+01
3.434099470960033784e+01
3.378231468847508268e+01
3.339211917232107396e+01
3.323000576729038613e+01
3.303456372967222876e+01
3.243592551078407382e+01
3.217174297332655897e+01
3.211590685148516400e+01
3.198601773999756404e+01
3.138925683415371637e+01
3.126121495707695530e+01
3.088616452760219033e+01
3.054932787710778541e+01
3.024383299435226391e+01
3.008111897392303291e+01
2.978761072425485423e+01
2.972399326168642375e+01
2.932568833845888534e+01
2.904442488966343916e+01
2.890170637004573706e+01
2.852243952457776999e+01
2.813136883290956547e+01
2.787145822529307537e+01
2.767416962100622513e+01
2.729153021749995034e+01
2.698553875298788185e+01
2.678950598208522393e+01
2.665132982755851643e+01
2.649997689224339226e+01
2.626261201175998394e+01
2.587470202029636468e+01
2.577346243454222829e+01
2.554791470817401944e+01
2.538523961843096188e+01
2.507813309462281381e+01
2.493072998792924011e+01
2.449316906902759783e+01
2.440670653913587529e+01
2.416373632636421576e+01
2.393560125173479491e+01
2.389065098372942941e+01
2.378752343207259301e+01
2.352109883743727536e+01
2.310888891737809914e+01
2.308549634317403232e+01
2.283229664738323450e+01
2.268041208661428598e+01
2.260717131477647612e+01
2.223283728570891782e+01
2.219577238435674360e+01
2.208141782057191449e+01
2.174436846929213374e+01
2.162291798818766608e+01
2.146754724561542815e+01
2.142828136904038772e+01
2.131922293853525119e+01
2.104619307909248249e+01
2.070538673940140839e+01
2.055830107237882132e+01
2.047274013635466616e+01
2.043415001882375748e+01
2.009666455582907574e+01
2.008799131178492914e+01
1.989651131217960867e+01
1.980166451866941202e+01
1.956109549109207535e+01
1.944271216346068343e+01
1.927779212586734303e+01
1.922018500643885730e+01
1.901375372506876360e+01
1.886615114799547754e+01
1.862599186207312840e+01
1.851354003312803087e+01
1.841077761753651743e+01
1.839593585992339442e+01
1.827181983278568822e+01
1.799687635257496154e+01
1.790177715526398927e+01
1.788947528567257095e+01
1.762768696023101000e+01
1.755493378261141046e+01
1.740850334276042943e+01
1.723946202580494003e+01
1.697715556821892946e+01
1.695045500073973699e+01
1.683275295189202225e+01
1.669158690561229719e+01
1.662538204825267130e+01
1.655066328224448213e+01
1.642917728755116258e+01
1.629133363621433972e+01
1.624976695363138290e+01
1.617665024437726018e+01
1.605766837147212200e+01
1.592975470828145568e+01
1.568266887996140824e+01
1.559576510340124145e+01
1.554608300244457375e+01
1.541572048049011023e+01
1.536145140213467641e+01
1.523144258989199606e+01
1.509140646743522218e+01
1.503076313459385993e+01
1.492720196394489562e+01
1.487460282786202548e+01
1.473496160292814139e+01
1.458632921241231806e+01
1.451908170570690793e+01
1.434415813984070098e+01
1.427661167904060413e+01
1.422633723295682806e+01
1.418064009859488372e+01
1.403188324828660782e+01
1.397950937583076580e+01
1.381787788663237038e+01
1.369781933801758811e+01
1.353636605040386343e+01
1.343216888457915204e+01
1.340277676254373773e+01
1.331374406298198743e+01
1.326442577702758285e+01
1.319514488865671353e+01
1.307914875487748319e+01
1.300755652361984893e+01
1.297222843491132060e+01
1.287719343895296653e+01
1.275837575226411680e+01
1.270237203388100866e+01
1.264805536792343510e+01
1.254156797756848185e+01
1.248100894598307065e+01
1.244677405230025435e+01
1.243124599977242362e+01
1.225300261182432138e+01
1.211166080811422852e+01
1.209105057438128306e+01
1.206099237429365800e+01
1.199913783650047705e+01
1.185062102284720886e+01
1.179582111534628375e+01
1.166571265871671947e+01
1.164078928324774154e+01
1.158497222543885741e+01
1.146924541888276572e+01
1.139189562411025847e+01
1.130174357492969861e+01
1.128842964719141762e+01
1.113900518392348005e+01
1.110105133243657427e+01
1.103185670048732980e+01
1.099239756486382191e+01
1.094267113162310778e+01
1.088249885188644228e+01
1.088087561344151588e+01
1.085898900812366641e+01
1.077283614584112215e+01
1.069647831352722100e+01
1.060704646126962913e+01
1.056635215416982909e+01
1.049864994502090454e+01
1.038575485467536019e+01
1.026079682844943264e+01
1.021340433521632463e+01
1.019445761570663223e+01
1.013282965056038520e+01
1.006644957321312717e+01
1.001940296982289524e+01
9.942311796594559326e+00
9.918592448811395457e+00
9.879883883257999599e+00
9.746011145240991880e+00
9.739732372678066241e+00
9.635584874676490941e+00
9.609738549150243614e+00
9.538775651458305305e+00
9.437542444115935680e+00
9.406449608464493295e+00
9.352961949533140640e+00
9.276949709148865963e+00
9.218852590338023845e+00
9.151791667224955518e+00
9.116624943921145530e+00
9.070547041221290741e+00
8.990762625195776181e+00
8.905819204984426918e+00
8.874310909650265700e+00
8.814121637756167971e+00
8.756834401194865336e+00
8.710859234249888061e+00
8.682010817664567170e+00
8.648394932437538429e+00
8.596044193395595556e+00
8.536579765484564319e+00
8.493144564879530733e+00
8.487327680699161547e+00
8.445619479520111383e+00
8.352432048994369751e+00
8.312643165451326865e+00
8.285077678284997305e+00
8.226515894151241071e+00
8.170180642269599502e+00
8.142948603654586393e+00
8.119283290701215350e+00
8.100456611343929580e+00
8.013592418540238072e+00
7.962608338745003955e+00
7.877284294419251154e+00
7.863181075176711055e+00
7.839133258510686986e+00
7.792829794363188789e+00
7.774536981368402877e+00
7.732367497080261387e+00
7.666827802701286387e+00
7.603062742360503279e+00
7.556729682022499617e+00
7.530556401776552278e+00
7.498393261297935375e+00
7.467404060476513727e+00
7.429950314138491940e+00
7.383176077661421921e+00
7.347099211300061938e+00
7.323925044462511913e+00
7.275498813669503129e+00
7.200632222058410470e+00
7.182474168545397220e+00
7.146820663727500467e+00
7.123323424457463915e+00
7.093300817671864600e+00
7.057324240203151078e+00
7.019681647014010650e+00
6.996519594000828235e+00
6.967160603152229292e+00
6.959404158609503455e+00
6.942615263851430463e+00
6.892540117312751846e+00
6.843777181121192932e+00
6.804759089473843225e+00
6.776923323924687992e+00
6.731578777080157394e+00
6.718571489877192882e+00
6.687953410270693233e+00
6.671883960916558998e+00
6.623247504796855090e+00
6.607895649660323834e+00
6.587317858948980920e+00
6.568324123227997191e+00
6.539385382034600624e+00
6.478366522185102561e+00
6.457221295484961487e+00
6.448431213348980506e+00
6.394511847230688772e+00
6.351278857917468379e+00
6.337754476572789564e+00
6.307018128289590742e+00
6.279450645329995417e+00
6.240711495257525776e+00
6.217171291626386598e+00
6.194383475680366402e+00
6.162219359377516525e+00
6.137356046825068745e+00
6.102951690020540276e+00
6.052527725377543355e+00
6.031885149005081104e+00
6.018036634479227764e+00
5.966829531664933128e+00
5.938933148719046429e+00
5.922867340395296054e+00
5.872174471679436181e+00
5.852853591362917385e+00
5.827405222725455580e+00
5.801817864262932112e+00
5.779301781376709357e+00
5.761573667738835169e+00
5.753352301526296841e+00
5.724429644092622560e+00
5.685492748732691837e+00
5.675759724744997570e+00
5.640179591446394802e+00
5.592393557829478112e+00
5.583029612663391816e+00
5.570117397529429581e+00
5.540860643359188487e+00
5.523917399446773402e+00
5.504529144955938591e+00
5.495657697941584097e+00
5.465629465571050893e+00
5.437909657940144470e+00
5.425578636982013592e+00
5.389453316866777755e+00
5.367170341163558511e+00
5.353099645771313142e+00
5.335904782051642314e+00
5.329824606442173263e+00
5.266759247612699646e+00
5.236988016479276808e+00
5.221959551574189895e+00
5.199865826712617434e+00
5.175000369117508825e+00
5.123468717667234884e+00
5.117616789642868369e+00
5.104788242764868755e+00
5.082842445253512587e+00
5.059282534574899515e+00
5.032451054133004753e+00
4.997312505191775500e+00
4.991961088604158547e+00
4.966117135784419823e+00
4.937402425505845294e+00
4.924866538255523452e+00
4.901480843427441059e+00
4.876092738371152535e+00
4.872782052172324185e+00
4.851033046583451025e+00
4.827837810574015620e+00
4.801814460066197832e+00
4.781236405784071053e+00
4.758442258365969124e+00
4.752789321798886135e+00
4.728859301875699472e+00
4.699056225676459420e+00
4.665241940701229773e+00
4.639822431907134614e+00
4.626429418105308500e+00
4.624214308074335200e+00
4.599121335311672887e+00
4.571518530561450966e+00
4.559541876428131246e+00
4.544295957846449241e+00
4.514767284344171294e+00
4.473347412078687135e+00
4.464051394807379225e+00
4.453946719936854315e+00
4.443725263507422696e+00
4.414708035549776532e+00
4.390466256427038694e+00
4.360814786495204487e+00
4.354286789094929944e+00
4.325673313127301078e+00
4.311301318808915539e+00
4.304167594351191006e+00
4.282611395283002054e+00
4.269938257629468659e+00
4.248265116893104931e+00
4.237441212757773634e+00
4.214949925794054586e+00
4.179123726497776303e+00
4.162532445476460730e+00
4.151061405441142327e+00
4.135735057629593925e+00
4.118912310485371542e+00
4.112126598151481183e+00
4.091097975834927958e+00
4.067720154743667216e+00
4.048762396672931807e+00
4.035874615408126864e+00
4.020759835318692410e+00
3.985169871129258468e+00
3.967019542457538517e+00
3.951392780774086511e+00
3.941656128401784365e+00
3.914965970335407608e+00
3.899959987394214789e+00
3.893895828715746354e+00
3.884142262902904541e+00
3.866588603952492598e+00
3.850119860350864176e+00
3.838937104115911936e+00
3.824941067215465562e+00
3.822277426315867643e+00
3.808211141254586263e+00
3.798140870467954233e+00
3.794854260931122880e+00
3.784652454229375351e+00
3.758096462341452781e+00
3.724836455181785411e+00
3.719361372232580454e+00
3.712740359972581228e+00
3.690663405523071816e+00
3.671244975280576028e+00
3.663662757589093211e+00
3.641746607466074703e+00
3.633458813917169739e+00
3.596482406955531008e+00
3.581904774693553950e+00
3.580789252106678422e+00
3.568236379398099789e+00
3.554516839540191597e+00
3.542349113753500145e+00
3.527131784828374084e+00
3.509857468111587941e+00
3.486120089456817617e+00
3.480763533974057022e+00
3.468697570581178447e+00
3.456668893879422555e+00
3.451596493218505923e+00
3.420165784414519905e+00
3.413985353933901568e+00
3.403070328721528703e+00
3.387592910928662437e+00
3.386938612693032091e+00
3.376196324422716444e+00
3.365860482997730774e+00
3.356122640335850615e+00
3.329205408430066626e+00
3.320348839752992554e+00
3.307276547554641510e+00
3.291567048001144080e+00
3.286586865976311778e+00
3.263817294475591435e+00
3.259056807835558622e+00
3.248834747895183117e+00
3.243422991338341443e+00
3.231396100193512755e+00
3.226333626897668339e+00
3.215338367173517842e+00
3.203585836582700352e+00
3.194800797692004313e+00
3.175041223846829741e+00
3.166076211766058801e+00
3.155001743660212910e+00
3.138388470369849692e+00
3.129364155453445040e+00
3.119890788707554652e+00
3.112005918567401608e+00
3.098151623175343428e+00
3.093989832464951295e+00
3.074646301609123000e+00
3.062257425816033329e+00
3.040331069308029210e+00
3.030822521649383816e+00
3.023183421128982307e+00
3.016251023707840151e+00
3.002727712649673197e+00
2.994724445834354931e+00
2.983204524847990147e+00
2.970312199659844943e+00
2.957177776584175355e+00
2.955918358922951850e+00
2.937867193748514794e+00
2.929626146131185660e+00
2.920716038733189635e+00
2.909135989848813608e+00
2.905043344109928594e+00
2.886060399462089254e+00
2.874612155290018123e+00
2.867170030948865911e+00
2.863959784368645067e+00
2.846987079365579820e+00
2.838503356503772501e+00
2.824674476452219807e+00
2.821670582879135747e+00
2.814915035473157356e+00
2.798442478173647885e+00
2.790797409672751694e+00
2.779920348085503257e+00
2.773772433111145741e+00
2.765997831612793778e+00
2.755041045941315492e+00
2.754239860802108808e+00
2.749884701610975757e+00
2.740747597581036032e+00
2.729581290127587767e+00
2.725969838313544891e+00
2.717467473169224323e+00
2.705522404403178705e+00
2.702726432259903611e+00
2.691152362107707585e+00
2.680845424722186010e+00
2.672375271191677726e+00
2.663824399637714446e+00
2.662677962562375100e+00
2.657915185060746754e+00
2.648874195278946519e+00
2.640412026551036462e+00
2.634375966854068274e+00
2.630436590487734261e+00
2.619873013643816861e+00
2.616565170710003052e+00
2.609661697376653766e+00
2.599894169044472125e+00
2.591329989043959170e+00
2.587841653875941894e+00
2.584856392234483380e+00
2.576493399677621365e+00
2.566268704609735440e+00
2.561278355689217356e+00
2.552294049790142960e+00
2.540435923133734786e+00
2.533486499181284213e+00
2.526396090692791141e+00
2.517783820520742122e+00
2.503735091709942129e+00
2.498622315869329480e+00
2.492492804712958421e+00
2.488198613019953598e+00
2.478828800712808977e+00
2.466887687609632618e+00
2.456776913741787638e+00
2.453820269018073930e+00
2.447209360340671491e+00
2.442222525007077927e+00
2.433984592648264833e+00
2.425786968254194598e+00
2.421305042437983168e+00
2.415688266534075535e+00
2.404043144509977026e+00
2.393124491962841827e+00
2.384632121908556002e+00
2.382881562820584165e+00
2.370324769487699434e+00
2.366814306596575435e+00
2.357651519594026635e+00
2.356282445118019098e+00
2.344414838075409513e+00
2.338630292071075978e+00
2.329287705550819432e+00
2.326599637939944287e+00
2.321272992040916083e+00
2.307023012563674591e+00
2.303012875247814950e+00
2.297089151717145228e+00
2.291018554362183490e+00
2.279919632083299952e+00
2.277921929441059312e+00
2.273639798784954813e+00
2.265310993010774432e+00
2.259985235848357199e+00
2.254172790330910114e+00
2.250945645834923514e+00
2.247197116822147400e+00
2.237994854517782795e+00
2.225080560084427894e+00
2.213898989889703017e+00
2.212111463580385795e+00
2.205234449543108877e+00
2.201673156859369929e+00
2.194010314888841684e+00
2.185976933457485671e+00
2.181107089850768954e+00
2.176356123585394542e+00
2.168219714625247097e+00
2.164586313302767628e+00
2.156863585815135487e+00
2.149821678417464188e+00
2.144295836453453230e+00
2.134110877263497574e+00
2.131220910327527474e+00
2.127369867868577291e+00
2.120170981931487564e+00
2.113183460440700490e+00
2.102227751359993402e+00
2.089080610684323602e+00
2.082552200922490382e+00
2.075137167589903520e+00
2.072378068544871610e+00
2.067215893713333585e+00
2.061854206841247539e+00
2.056910867473174864e+00
2.054186008366388982e+00
2.049524992501865484e+00
2.046203058071633940e+00
2.042966240061425687e+00
2.039301706903684064e+00
2.034528889806872520e+00
2.021513301459245682e+00
2.015851111677605889e+00
2.014428504388642072e+00
2.010080373722193503e+00
2.005225389332231600e+00
1.998619307510733911e+00
1.996117979890703165e+00
1.990535558370580160e+00
1.985785432745486689e+00
1.980992740300342669e+00
1.976269220864722120e+00
1.971558528356796236e+00
1.966129669434188099e+00
1.963772980606175889e+00
1.952582943158997164e+00
1.951785719179571554e+00
1.942815893399426397e+00
1.937458285399254354e+00
1.934422905822438699e+00
1.931763782947397923e+00
1.927392436273800858e+00
1.920528970086673004e+00
1.919548637466942154e+00
1.908842597267919716e+00
1.906264792351291870e+00
1.891372673165384821e+00
1.888521017159297433e+00
1.884998293844431405e+00
1.878424855824826878e+00
1.873073964590789897e+00
1.869944088078022704e+00
1.864554286399553673e+00
1.863490772214971392e+00
1.851262563306080855e+00
1.848319809141711012e+00
1.844587799643898629e+00
1.841823475508454155e+00
1.837951818399235160e+00
1.834967901273404589e+00
1.830580432395548129e+00
1.829254916842836920e+00
1.824295511805134495e+00
1.816736505259378465e+00
1.813485695331776615e+00
1.811017359927096226e+00
1.809127837098850833e+00
1.806492705611706828e+00
1.806166850241880839e+00
1.804119938797764000e+00
1.796818625962142368e+00
1.796292642272592222e+00
1.790678916783303043e+00
1.784325489269091403e+00
1.778786819079928083e+00
1.773909019728049818e+00
1.767718252263271062e+00
1.764392673343871065e+00
1.761528177910475668e+00
1.759365704933431696e+00
1.755383189831337010e+00
1.750711260057451257e+00
1.748974540401117217e+00
1.747636578513594774e+00
1.744006494588635547e+00
1.740708320747075044e+00
1.738638201482396228e+00
1.737315017831279507e+00
1.733378515073020543e+00
1.732854173583156632e+00
1.728393503541122422e+00
1.726202396041478293e+00
1.724921081020858171e+00
1.721731203765604956e+00
1.714651473198014475e+00
1.710341291445074630e+00
1.701276255578342056e+00
1.698282667284888747e+00
1.694270899481897796e+00
1.693116530140067688e+00
1.687844543228692817e+00
1.686525840187781400e+00
1.681478651100185573e+00
1.679242562020900831e+00
1.677911931019289593e+00
1.671749296280685915e+00
1.665387926681816122e+00
1.662978219715979256e+00
1.659248111926368452e+00
1.654202893598011537e+00
1.652487878455349390e+00
1.648941645863059691e+00
1.645649758467731205e+00
1.643019929534714096e+00
1.639851607976881454e+00
1.637063588012498183e+00
1.634558014389001723e+00
1.628715934490061024e+00
1.624959674054730963e+00
1.623892231653582208e+00
1.621100091461095571e+00
1.619470628806279677e+00
1.615433427991326054e+00
1.613933874582423211e+00
1.606415423298299450e+00
1.605731938112514579e+00
1.601559096944321414e+00
1.600479104902657657e+00
1.594824286418685677e+00
1.593008803477029112e+00
1.590291404595363778e+00
1.587091534512240498e+00
1.585048536950858900e+00
1.583317966001116961e+00
1.582107237249030129e+00
1.578554307871981699e+00
1.574575855880176123e+00
1.573732012107629474e+00
1.569294880962441185e+00
1.568460007149369506e+00
1.564159628862995088e+00
1.559394947135785081e+00
1.555757230868154428e+00
1.554786556045450352e+00
1.549240267866315302e+00
1.548521293109095032e+00
1.543640657352269852e+00
1.541286295523000227e+00
1.537869496109288248e+00
1.535529139472458393e+00
1.532907316676380693e+00
1.531995814912431308e+00
1.527940299783310474e+00
1.525683301906088474e+00
1.524014215341441103e+00
1.521101543404227430e+00
1.516992883875480702e+00
1.513529837377312948e+00
1.509258934690497433e+00
1.507027781490958063e+00
1.505309558842685913e+00
1.500860106531872074e+00
1.497605982684868664e+00
1.493693713669663969e+00
1.488445968446820311e+00
1.487163377912098960e+00
1.484406829770018810e+00
1.479812631147802815e+00
1.478703354413318571e+00
1.476189535535992414e+00
1.473519326877334557e+00
1.470853377244224491e+00
1.468000101831117510e+00
1.463720935019515057e+00
1.457566845731468774e+00
1.456195000844467735e+00
1.455637079365766917e+00
1.452968195220218695e+00
1.451450726404271308e+00
1.450058192059593409e+00
1.446847190677185369e+00
1.444933591743037260e+00
1.443738488731580727e+00
1.441207015616180476e+00
1.438712460880354316e+00
1.436469772653382382e+00
1.433797279541255687e+00
1.428818982635400525e+00
1.427125608912488408e+00
1.424685168236463406e+00
1.423930950189037814e+00
1.421904791163359105e+00
1.418155206199021467e+00
1.417431689416502216e+00
1.414843620210184172e+00
1.413290062606341380e+00
1.409497947398774320e+00
1.409179456117969576e+00
1.406985212633960147e+00
1.405584807987972251e+00
1.403908926859250617e+00
1.400980340099786670e+00
1.399546547301606214e+00
1.398975548388089907e+00
1.396613760107473068e+00
1.394135653278642861e+00
1.390879402204553195e+00
1.389277140927915877e+00
1.387426628528259265e+00
1.383835155949695972e+00
1.383688568818177478e+00
1.381326111976951099e+00
1.380247411267169211e+00
1.377832323728292563e+00
1.376622950231315201e+00
1.374172352814083453e+00
1.372309675722808375e+00
1.370572144046356078e+00
1.368270108936539886e+00
1.367960589888962852e+00
1.365948564846377833e+00
1.364140744228365287e+00
1.359356131336836082e+00
1.357014241317080261e+00
1.354694374138272650e+00
1.352447714641363374e+00
1.351439039428363742e+00
1.350693218715263599e+00
1.349435141157780071e+00
1.348832192264777907e+00
1.347219847150588956e+00
1.345348396185038764e+00
1.344521988490835485e+00
1.341785179268342176e+00
1.339804242573740201e+00
1.338541524048358911e+00
1.335792136030536925e+00
1.335012986288801162e+00
1.333162373119872068e+00
1.332276215053481705e+00
1.331407870231495982e+00
1.328386664768341774e+00
1.326833794533913036e+00
1.325050719099438501e+00
1.323317766860110822e+00
1.322790904356224040e+00
1.322652533146761789e+00
1.319653968431481861e+00
1.317206174575321853e+00
1.315041543146872050e+00
1.312530498278523527e+00
1.312006799492678066e+00
1.310092760744630436e+00
1.308779964892840875e+00
1.307851978645116153e+00
1.305398504473508581e+00
1.303976118660812089e+00
1.301357766687309958e+00
1.300769564547205270e+00
1.298698742259672301e+00
1.296894523048427672e+00
1.296018516999768444e+00
1.295285817445613441e+00
1.294419563827023723e+00
1.292190071577725918e+00
1.290479477853610613e+00
1.289735017532531725e+00
1.288296033643689720e+00
1.286272479331911134e+00
1.284738148455813356e+00
1.283444520984370563e+00
1.282243133225868137e+00
1.279797578059788110e+00
1.279346089462884528e+00
1.277238653953533198e+00
1.275500864949582924e+00
1.273831790092037064e+00
1.271938880401352279e+00
1.271066171437805981e+00
1.270346814679243375e+00
1.268884190997799033e+00
1.267572323110771171e+00
1.266670972378450166e+00
1.266234487719165580e+00
1.265484751195641966e+00
1.262793243473648630e+00
1.261897163528857613e+00
1.260044551708207505e+00
1.257944518181423721e+00
1.256200776104948513e+00
1.255662816140563631e+00
1.254546550365156721e+00
1.253237913240271784e+00
1.251725554710250599e+00
1.250647298558909881e+00
1.250448367829902319e+00
1.248333809672426575e+00
1.246811690957415175e+00
1.245812515457093816e+00
1.242983986240144390e+00
1.242493505416694788e+00
1.241246629086183884e+00
1.238116604767857787e+00
1.236519925225426864e+00
1.235233326685801103e+00
1.232106539340004359e+00
1.229568525581414162e+00
1.227891470368514426e+00
1.226980198855000870e+00
1.224308868134283301e+00
1.223881906733176317e+00
1.222884859363100318e+00
1.222144491742332306e+00
1.219270286491827671e+00
1.218543925151729379e+00
1.217862616523958996e+00
1.216654972790187639e+00
1.215472187933939185e+00
1.213973166352135369e+00
1.213202401031036937e+00
1.212480909962771358e+00
1.210590434968810136e+00
1.209630488286714822e+00
1.208751162083418595e+00
1.208035673711689961e+00
1.205523524233006238e+00
1.204876030015303634e+00
1.202659112540299002e+00
1.201793596371213857e+00
1.200723700289792362e+00
1.200371731422695598e+00
1.199445410946290425e+00
1.198972272354882795e+00
1.195675830548195151e+00
1.195283504037066846e+00
1.193883469551333176e+00
1.193181459075894235e+00
1.192338424060209290e+00
1.191992366653261692e+00
1.191209688851758486e+00
1.188047444289316523e+00
1.187773821604362734e+00
1.186587983699511017e+00
1.185644509264035751e+00
1.184096400254674775e+00
1.183459445840958413e+00
1.183118573703437537e+00
1.181636092081386868e+00
1.181039091284747933e+00
1.179631676123713113e+00
1.178610247869030792e+00
1.176423885695287108e+00
1.176009326932812904e+00
1.174708176217875266e+00
1.173788484276892863e+00
1.172683244408700975e+00
1.172556885164184548e+00
1.170458331563744236e+00
1.169460359105127356e+00
1.169237424021589922e+00
1.168718116831874099e+00
1.168038481041110854e+00
1.167508537597954810e+00
1.166532839487288697e+00
1.166109755817505977e+00
1.165714398426417331e+00
1.165022085668154350e+00
1.162579767272467368e+00
1.160817170397033804e+00
1.160705362291709397e+00
1.159419381377115865e+00
1.158776244886262408e+00
1.157975302689790098e+00
1.155679675494551972e+00
1.155323752518259139e+00
1.153444415516157839e+00
1.151246481657282938e+00
1.150376549739432708e+00
1.150250320724633735e+00
1.146317806074911738e+00
1.146122393666489492e+00
1.144745882115602909e+00
1.143917666792760190e+00
1.143391130118310395e+00
1.142232532775101728e+00
1.140306638289216190e+00
1.138635773004063712e+00
1.137322901454013824e+00
1.136569517113652728e+00
1.136039017739641110e+00
1.132267764328750204e+00
1.131665757020755780e+00
1.130975051813441157e+00
1.129960826689105025e+00
1.129583921867964635e+00
1.129287266530537792e+00
1.128888812051394686e+00
1.128408072664150996e+00
1.127173572296225945e+00
1.126745790605150122e+00
1.124903330474237961e+00
1.124766208725605399e+00
1.123264348271167723e+00
1.122977542114690586e+00
1.122547162525129538e+00
1.122319027109265788e+00
1.121288707152632069e+00
1.120060108187030723e+00
1.119807464664186236e+00
1.119307790634485711e+00
1.117647994396533839e+00
1.117390588770679205e+00
1.114847266702805317e+00
1.114382752179210012e+00
1.112422207786404327e+00
1.112251455186413551e+00
1.111371801448192587e+00
1.110673502021434889e+00
1.110485573554252037e+00
1.108955509780441107e+00
1.107397295132702464e+00
1.106977109607541365e+00
1.104432914882380823e+00
1.103369341871410114e+00
1.101508687470243997e+00
1.100461510762498651e+00
1.100156134385099183e+00
1.099865249416064339e+00
1.099531618716608206e+00
1.098741544079392840e+00
1.098536441853534606e+00
1.097034277924204382e+00
1.095576945985590633e+00
1.094723541414821089e+00
1.094606478509216219e+00
1.093919899431678999e+00
1.093224809612977744e+00
1.092107364971759420e+00
1.090015878171554542e+00
1.089827505367919391e+00
1.088691916655426084e+00
1.088385441029241507e+00
1.087920339177304907e+00
1.087694747596812395e+00
1.086714580231451288e+00
1.085972765907432525e+00
1.084520236046474739e+00
1.084029140025883242e+00
1.083049773465786902e+00
1.082853104178841175e+00
1.082761266106152975e+00
1.081191869741647604e+00
1.080635038053163077e+00
1.079543712964072810e+00
1.078896560269889005e+00
1.078050920973160798e+00
1.077700752526491446e+00
1.076338095188696942e+00
1.074658214302048886e+00
1.073323011114563963e+00
1.073027085703001093e+00
1.072726769070924568e+00
1.072012249580568399e+00
1.070777296306994364e+00
1.069323408683199084e+00
1.068581575481253321e+00
1.067611585083270587e+00
1.066944878077913161e+00
1.066572627823843433e+00
1.066254398055063168e+00
1.065777101377864078e+00
1.065678483252672004e+00
1.065294572657804695e+00
1.063600569711382393e+00
1.062663994840570947e+00
1.061972874689237845e+00
1.061212568201804540e+00
1.059975379834493303e+00
1.059810165819201622e+00
1.059118841202774330e+00
1.058830091933718354e+00
1.058340348561432664e+00
1.058164831481653190e+00
1.057504002886324956e+00
1.057298751423693561e+00
1.057072232299600900e+00
1.055925023639380456e+00
1.055883804158976425e+00
1.055869401660989748e+00
1.054817020170587760e+00
1.054627567269109223e+00
1.053928547241847147e+00
1.053743265667692830e+00
1.053404229094285105e+00
1.053201965221586045e+00
1.052646285632663714e+00
1.052255418000055176e+00
1.052067723280544431e+00
1.051799999562265997e+00
1.051683208053303842e+00
1.051639187434419087e+00
1.051183151096087176e+00
1.049747984112115118e+00
1.049338961407265458e+00
1.048767953134489561e+00
1.048144818411057555e+00
1.047728504112121151e+00
1.047684776158996023e+00
1.047647164420255628e+00
1.047425556409101510e+00
1.045978223708613930e+00
1.042695560238989794e+00
1.042500960042379798e+00
1.041181115926888667e+00
1.040628684094910827e+00
1.040207162111216110e+00
1.040101704284224438e+00
1.039785933532132001e+00
1.039776602935851724e+00
1.039057967492147627e+00
1.038044853072076057e+00
1.037923148487516878e+00
1.037857984185362126e+00
1.037665148392566739e+00
1.037538425072290771e+00
1.037058211669358521e+00
1.036872110252721635e+00
1.035911790907182217e+00
1.035758022027412073e+00
1.035506578753747853e+00
1.034975127816713636e+00
1.034965326561326115e+00
1.034323869049730726e+00
1.033842225481255372e+00
1.033548403023190509e+00
1.033428602309301558e+00
1.032437620005786538e+00
1.032299496941531558e+00
1.031933039006006636e+00
1.031920295154045819e+00
1.030332419890930717e+00
1.029250475056401104e+00
1.028774035476720972e+00
1.028105556570305668e+00
1.027954352570338070e+00
1.027337936803858875e+00
1.026902014729179191e+00
1.026342379836548968e+00
1.026238058491087957e+00
1.024124615637580282e+00
1.024017971812041905e+00
1.023963600780505745e+00
1.023880838663470350e+00
1.022893119586033128e+00
1.022255517834715910e+00
1.021616890515337106e+00
1.021312673338343302e+00
1.021025889320849700e+00
1.019991292209205147e+00
1.019530168682179827e+00
1.018741460903249463e+00
1.017711548878869943e+00
1.017436180654480493e+00
1.016712100933286900e+00
1.016421319417345481e+00
1.016400168060531239e+00
1.015973751856972918e+00
1.015123891076252338e+00
1.014833065180432703e+00
1.014147282434864961e+00
1.013987490708242012e+00
1.013659788819514462e+00
1.013135015467869771e+00
1.013014161224995213e+00
1.012795070480313697e+00
1.012636199478447852e+00
1.012568985706539637e+00
1.011926520883722036e+00
1.011702025472831723e+00
1.011578967543613539e+00
1.011413521518691461e+00
1.011165536897618233e+00
1.010879990928769789e+00
1.010754170266600749e+00
1.010741221172178461e+00
1.010407763428762484e+00
1.009980240560778730e+00
1.008978094269906700e+00
1.008825130541004755e+00
1.008756303302818846e+00
1.008425978799045053e+00
1.008269459236455390e+00
1.008039723408925781e+00
1.007919831362720231e+00
1.007663660095015734e+00
1.007292732387712775e+00
1.006704205376301786e+00
1.006158102463674320e+00
1.005772996587239509e+00
1.005719589616587584e+00
1.005244353453067729e+00
1.004951486402733130e+00
1.004253120121302301e+00
1.004015671196494264e+00
1.003953128284847285e+00
1.003594324903435586e+00
1.003221302294177164e+00
1.002731656963050666e+00
1.002295904905577961e+00
1.002284954463171340e+00
1.002075494086967167e+00
1.001725276758664185e+00
1.001643232663040228e+00
1.001486792558343275e+00
1.001400723232632517e+00
1.001290383953770569e+00
1.000928122784145780e+00
1.000731228306181775e+00
1.000657935078533622e+00
1.000400297254509407e+00
