9.992905427864472445e-01
9.982508396746037072e-01
9.974488802848893165e-01
9.947497244705003627e-01
9.862678713001592490e-01
9.829343759962613225e-01
9.779637090784725206e-01
9.699899116117446374e-01
9.605611842706526238e-01
9.453436450971116622e-01
9.277198243532447375e-01
9.118409151185181694e-01
9.082553116284188821e-01
8.957752799340362726e-01
8.720597398115373933e-01
8.482740789829226191e-01
8.453904106571614729e-01
8.252292488867020159e-01
8.171010858620588735e-01
8.097109759297596021e-01
7.860280164228318212e-01
7.847063969153866836e-01
7.598637348081576093e-01
7.286713218119219571e-01
7.238212111256042691e-01
7.086475658958604207e-01
7.008353070927522133e-01
6.751473286424667375e-01
6.394461326281163371e-01
6.368726591501354672e-01
6.357786228882600366e-01
6.055128291870808255e-01
6.013254137342111116e-01
5.966520572994178373e-01
5.714902415024856186e-01
5.421151490802308404e-01
5.277380741251269658e-01
5.140981462580009875e-01
5.128899161620180669e-01
4.829095293531170396e-01
4.779224593595412518e-01
4.661349963396997365e-01
4.650799108774773538e-01
4.458111285609484553e-01
4.408709541363994844e-01
4.343015200573035473e-01
4.194402268292679037e-01
4.172035616391266966e-01
4.107863806068309254e-01
3.993286891536264038e-01
3.893202079211975919e-01
3.741112199728805487e-01
3.541005140459018152e-01
3.516194581675785025e-01
3.502103556442860977e-01
3.440963022294612483e-01
3.421907029557857971e-01
3.347336716900425335e-01
3.344378158439124671e-01
3.295089387417943771e-01
3.151470495348603906e-01
2.983247165681706115e-01
2.939695279648937287e-01
2.815912507783955854e-01
2.763620096599712639e-01
2.759461788845009589e-01
2.751045487703069337e-01
2.659810878238931808e-01
2.607197329811253295e-01
2.580281750741993396e-01
2.489400141471438954e-01
2.402527669431355761e-01
2.351796904178896919e-01
2.289634010613803006e-01
2.226124094572260737e-01
2.223062518768672557e-01
2.189432183545836630e-01
2.172217316571710688e-01
2.062913431447512269e-01
2.036869765370924734e-01
2.023826472867442383e-01
2.020640322115142273e-01
1.910002861903517812e-01
1.787052174869691312e-01
1.781995670970074053e-01
1.766059555207869780e-01
1.689075237684585507e-01
1.671138952919817566e-01
1.628484065379995072e-01
1.616752756395291035e-01
1.576506724158517614e-01
1.562808107865920060e-01
1.553409577871397995e-01
1.550781203565834987e-01
1.549366741562945848e-01
1.514880875771852098e-01
1.474124626006786121e-01
1.377526321102550133e-01
1.352270747601995449e-01
1.287713589189919405e-01
1.260347342999733056e-01
1.253830540507827052e-01
1.251325718725687652e-01
1.146039992921873280e-01
1.144081060966083974e-01
1.120694194397202359e-01
1.111260063203397264e-01
1.083616443856875722e-01
1.066584813731665526e-01
1.039202575230871589e-01
1.036699456314045392e-01
1.021040080896269547e-01
9.339227605712556446e-02
9.160518564902304928e-02
9.137030929321489359e-02
8.849804378877172695e-02
8.675682419962787995e-02
8.359469078289291644e-02
8.348501142570967370e-02
8.288223069145085609e-02
8.062414582554229547e-02
7.712021559050720454e-02
7.585902936708878441e-02
7.542304479432310194e-02
7.439048279339161018e-02
7.349835903567836226e-02
7.335449989845002627e-02
7.150897852621986017e-02
7.089046062772294543e-02
6.968240672945193170e-02
6.859961520077922925e-02
6.846041009497902396e-02
6.514536774854572110e-02
6.426598962732404940e-02
6.255594241292586344e-02
6.250922204500808377e-02
6.007941517325325609e-02
5.562734385657927549e-02
5.556753375370469122e-02
5.406606737503315274e-02
5.356572915180733696e-02
5.308125116677970406e-02
5.254973371015324995e-02
5.230839610232963788e-02
4.855191139644530335e-02
4.826317354659766939e-02
4.674918723017239958e-02
4.611594802846411684e-02
4.450802214533829820e-02
4.171541789411774975e-02
4.156581349257177510e-02
3.978906070368141978e-02
3.896584936749444839e-02
3.824177809722172083e-02
3.809826064530383999e-02
3.719304929250725339e-02
3.518147593947411333e-02
3.492393072603125481e-02
3.460005133576245229e-02
3.454542015413425426e-02
3.409643287918362464e-02
3.187999227817455566e-02
3.162682230812610684e-02
3.155838207366389730e-02
3.108924801202280971e-02
3.039726641216109956e-02
3.007187729410701338e-02
3.000847920529180549e-02
2.997754071574089407e-02
2.942566405962436168e-02
2.893355991175725755e-02
2.768042377525161898e-02
2.644518636278420445e-02
2.596430240334891143e-02
2.566981687251081862e-02
2.561334393453309696e-02
2.553224745655243572e-02
2.543854234060035496e-02
2.357221216963081151e-02
2.317468009508515808e-02
2.310487181539919513e-02
2.187148678523175710e-02
2.105629805108037364e-02
2.025904464385608686e-02
1.973883611020180867e-02
1.879104289219773322e-02
1.799909323643226339e-02
1.791763005126674815e-02
1.762457584361071250e-02
1.665092800157901010e-02
1.633695551179221994e-02
1.624146397540593076e-02
1.622852682587187095e-02
1.620307843531133482e-02
1.570299401132743689e-02
1.508230799273833217e-02
1.457721263071800125e-02
1.418264326211577699e-02
1.385009251373114578e-02
1.382419219489513552e-02
1.373266728998269633e-02
1.345940278085849817e-02
1.305221051113297434e-02
1.302719185566899966e-02
1.291517803060263959e-02
1.251069523972655508e-02
1.239975157304034487e-02
1.168076092419196438e-02
1.161486638819228014e-02
1.157453269047071728e-02
1.152198582204571296e-02
1.119131737858981325e-02
1.107272080972417951e-02
1.081673664650704622e-02
1.005191626190033577e-02
1.004396626259148641e-02
1.002985550161662569e-02
9.868206667102412399e-03
9.705137419279216346e-03
9.202572236325808758e-03
8.997675533958486918e-03
8.820236739113184246e-03
8.738384757189783178e-03
8.641156901135975399e-03
8.532355692835325717e-03
8.493528647154354599e-03
8.025573296147512151e-03
7.853257660922177003e-03
7.802451630694574869e-03
7.763032575857800252e-03
7.565766916093970458e-03
7.168226516017534890e-03
7.157731202858213376e-03
7.075739886586321879e-03
6.783896783206820776e-03
6.613553567252398145e-03
6.593551226417400032e-03
6.115254972812429225e-03
5.762809387481009765e-03
5.734993233809671138e-03
5.729593059680428840e-03
5.722066454726002990e-03
5.649743479317181037e-03
5.325280981230823968e-03
4.888151504559121348e-03
4.825968576859344071e-03
4.725141408221725063e-03
4.520354145484703143e-03
4.506175903226083621e-03
4.359402244275113227e-03
4.333962554898760852e-03
4.264807107935643729e-03
4.255166652131906965e-03
4.137291897976141768e-03
4.033135564434256470e-03
3.896472872953034728e-03
3.890633386619202043e-03
3.886329492175322198e-03
3.744573775142253941e-03
3.542618375230014143e-03
3.534523700084265217e-03
3.442113959298336197e-03
3.366748010570693329e-03
3.277927847937891267e-03
3.192485696305699845e-03
3.174913028373144673e-03
3.133180966866742651e-03
2.999228830170631074e-03
2.954710074374672368e-03
2.918627342798464554e-03
2.869951807517228792e-03
2.817279712285477352e-03
2.808786249196064139e-03
2.765717295334145596e-03
2.747792439972870839e-03
2.726431705287727172e-03
2.455593658044763917e-03
2.448769402901356754e-03
2.393663133809097350e-03
2.318095643362689130e-03
2.202823343932579919e-03
2.187311379259832683e-03
2.170274233345170257e-03
2.139023735667902344e-03
2.060800152628106119e-03
2.016500352697008815e-03
1.993067748593269680e-03
1.839245492243354353e-03
1.819101552639602751e-03
1.812278132402199296e-03
1.804050271159262329e-03
1.779130815662752696e-03
1.774586123951441647e-03
1.659744655533383108e-03
1.595772379954864956e-03
1.562166109297241862e-03
1.548096926530396350e-03
1.468738231077146815e-03
1.442175571858525344e-03
1.362379846904765435e-03
1.337328841409081990e-03
1.321855903423191760e-03
1.314856370155618060e-03
1.286315731571183738e-03
1.246162944802359489e-03
1.244107781383997158e-03
1.224035675821245591e-03
1.196232074180786711e-03
1.162637834537827517e-03
1.143864964952056923e-03
1.141376318846501221e-03
1.040073436605328146e-03
1.035934718712855796e-03
1.021203650390849291e-03
1.019212891950850445e-03
1.000266786590814708e-03
9.768459276169273384e-04
9.561011363323551268e-04
9.380386072025066789e-04
9.144083179213589613e-04
8.865648073085582786e-04
8.537985909642196308e-04
8.492138000467182486e-04
8.481999806509671162e-04
8.297350159054954098e-04
8.140375428486657438e-04
8.113008347274682864e-04
7.919363970489740230e-04
7.554206025310001649e-04
7.162286704730776252e-04
7.152283821221796459e-04
7.127109785505404823e-04
6.962650881754031251e-04
6.869079166558014499e-04
6.776975383893138168e-04
6.422813337211459583e-04
6.418086608441254124e-04
6.344692503606250535e-04
6.313334453637694989e-04
6.182975211007480211e-04
6.074143895047040120e-04
6.019354842652237898e-04
6.003684364534766539e-04
5.948487529774006263e-04
5.732511537890386775e-04
5.576305854351194758e-04
5.568955165371619609e-04
5.556174660794704857e-04
5.190962373060380251e-04
5.144214557117957054e-04
4.954827306598313550e-04
4.859566114008568162e-04
4.596393917632509308e-04
4.536332700939455257e-04
4.483638824789663293e-04
4.438355687834868437e-04
4.295163918866591493e-04
4.248608824120087457e-04
4.241502902505578918e-04
4.233908972099378518e-04
4.180444564308830090e-04
4.147635414759693814e-04
4.098909197529474629e-04
4.042101511745433231e-04
3.816984767110438259e-04
3.769518559956635010e-04
3.707845808815276450e-04
3.591031505799414133e-04
3.547993499506145909e-04
3.522153763391083835e-04
3.511087795174828844e-04
3.480006814650473171e-04
3.452107702228426824e-04
3.351430222040395371e-04
3.300906013324061842e-04
3.277283846961438134e-04
2.950657956978066428e-04
2.831482878442356907e-04
2.762989874360008207e-04
2.754677053059221702e-04
2.726958474684164509e-04
2.444105645718488247e-04
2.441879873562873178e-04
2.384230119360401052e-04
2.330848168513947047e-04
2.322123376099712348e-04
2.292301546319283547e-04
2.279920906160690867e-04
2.234089077178042957e-04
2.178748802443121544e-04
2.168577474740376767e-04
2.090171089167099691e-04
2.020546208160409500e-04
1.888730693567808360e-04
1.852510308600525968e-04
1.842190049402032547e-04
1.826963761497351528e-04
1.796298598324888433e-04
1.780662181837138792e-04
1.759753703597794199e-04
1.742791492427879171e-04
1.585983930792472134e-04
1.576757734300002992e-04
1.553291166579972573e-04
1.427888002963325969e-04
1.421757338435118093e-04
1.408403932299616271e-04
1.399666405969324549e-04
1.362833604702811297e-04
1.351756341940555533e-04
1.340086654278989484e-04
1.321504942585701207e-04
1.256473318769846866e-04
1.243076762910753474e-04
1.233244786981155575e-04
1.206383258262186593e-04
1.188266599995964557e-04
1.174852511172507093e-04
1.117266982235031787e-04
1.108114122168791951e-04
1.105863633831652209e-04
1.083794433697758572e-04
1.067618355177937757e-04
1.040984652889228337e-04
1.038666748788546215e-04
1.020742955448603664e-04
9.631206988306431009e-05
9.130822963229572303e-05
8.970574457294811974e-05
8.879444093311883782e-05
8.759127929968020792e-05
8.616116900014584505e-05
8.558688833552607368e-05
8.510770219517359986e-05
8.495231236168286106e-05
8.489471173619068565e-05
8.039215727743276177e-05
7.920935650573974454e-05
7.579132602394459653e-05
7.525957388084999198e-05
7.504344514125335923e-05
7.372729830636407433e-05
7.253160606982971296e-05
7.249387125680610653e-05
7.064318187505271875e-05
6.720011318342079983e-05
6.498085473212466840e-05
6.492485390435850793e-05
6.165762508287452254e-05
6.059619164333838586e-05
6.001125978417219995e-05
5.852470862150400196e-05
5.737251884492742924e-05
5.574523824311335021e-05
5.324472223959974442e-05
5.304182350034136636e-05
5.262914534353358212e-05
5.029849071589250669e-05
5.008283189810192477e-05
4.979482201178905186e-05
4.959387159229383310e-05
4.914329072878315682e-05
4.525412185557909132e-05
4.413913161939439148e-05
4.360325304265760365e-05
4.285608933694123722e-05
4.269029224698212731e-05
4.261554293763149004e-05
4.058768713835546831e-05
3.937819256090241903e-05
3.832758131694482460e-05
3.817641920302291604e-05
3.750815640040511945e-05
3.452704531479977422e-05
3.336054231786068230e-05
3.308816096181593032e-05
3.256158460844500924e-05
3.190001971875015450e-05
2.928865401491801589e-05
2.891808072853829168e-05
2.889728082766708110e-05
2.722688699431944427e-05
2.675696892620761110e-05
2.661031182005676570e-05
2.644986321440981697e-05
2.547898169872940698e-05
2.423704145998480024e-05
2.362784270736976311e-05
2.348134858435621549e-05
2.232481771820454513e-05
2.213830550699729801e-05
2.212922553448401698e-05
2.172109952029582395e-05
2.104737674078691666e-05
2.089864166723835143e-05
2.073424496515683407e-05
2.029147387588777504e-05
1.881292783669998684e-05
1.831662161427712710e-05
1.806888471301128994e-05
1.797778565630159679e-05
1.754977902556333083e-05
1.650765701015513922e-05
1.598065886459391495e-05
1.589533991591492024e-05
1.549263841840985969e-05
1.542064897086392001e-05
1.512209464799339366e-05
1.510181635159299559e-05
1.497093194165586929e-05
1.460657725486650869e-05
1.416596624328736273e-05
1.380292002205312380e-05
1.373071270444210294e-05
1.310016760261045363e-05
1.299512442261674435e-05
1.292912698838216737e-05
1.288893223160589462e-05
1.261287550482481533e-05
1.256869976483414199e-05
1.254596084178012875e-05
1.238322974805956780e-05
1.234061168214614778e-05
1.171008693355802684e-05
1.151608918033728670e-05
1.125747075591064354e-05
1.070002899315604007e-05
1.059572230909944545e-05
1.056413379747435189e-05
1.052302395188127599e-05
1.033661884454794182e-05
1.030511288400303700e-05
1.013701908394946080e-05
1.009280752664322130e-05
9.978241248128724597e-06
9.868133979778061731e-06
9.370423869568726905e-06
9.268254117467103259e-06
8.593217472538923029e-06
8.410858627324634872e-06
8.404568194032034360e-06
8.389730137702819512e-06
7.877155995275408824e-06
7.801892318169671798e-06
7.652558519223526267e-06
6.754451052395497663e-06
6.700122018727826248e-06
5.678204091620310842e-06
5.639341924775234606e-06
5.581493988131703936e-06
5.551873366444378363e-06
5.493586769709733968e-06
5.463383805272910291e-06
5.428809985547545520e-06
5.394118400940231549e-06
5.384137524397161044e-06
5.279125140745129084e-06
5.182506577513751284e-06
5.122897454187599993e-06
4.998184171088687872e-06
4.706892634338417564e-06
4.570688111630959810e-06
4.520246976241974109e-06
4.440006025096713367e-06
4.426492755714502753e-06
4.396895592356341986e-06
4.337100515852124264e-06
4.270573910988972634e-06
4.035446689394608722e-06
4.029750315604254902e-06
3.882277073118382413e-06
3.734023336756878260e-06
3.721515138921338416e-06
3.718517806872472797e-06
3.710301290278255080e-06
3.362364396663912264e-06
3.300955282472945953e-06
3.173589220953092756e-06
3.160808824085086274e-06
3.130659866003828424e-06
3.046216085156515127e-06
3.042663102657120841e-06
2.865920533729334124e-06
2.752535785474257995e-06
2.722244882290515708e-06
2.672678966988977864e-06
2.521641685091324172e-06
2.452183391407088691e-06
2.427127612156089348e-06
2.419862795016432590e-06
2.404793099412434207e-06
2.399834894125115695e-06
2.346718734791969346e-06
2.339724371458541091e-06
2.320325590763476445e-06
2.222372616351500330e-06
2.069574077112143710e-06
2.052628915177212010e-06
1.946108232907493411e-06
1.936482325578122595e-06
1.928200047585152257e-06
1.919741375326554357e-06
1.861266745947051274e-06
1.839279971184947093e-06
1.763614476599762151e-06
1.758017081523616671e-06
1.749535883579673326e-06
1.689167297719527297e-06
1.605690729742929711e-06
1.554043103958092987e-06
1.502709950967801335e-06
1.487847657185215132e-06
1.482030417263570257e-06
1.472374162370154832e-06
1.445701831783136759e-06
1.440514856736381128e-06
1.327590383452115646e-06
1.284524784483400069e-06
1.261220534497889187e-06
1.222072734578584809e-06
1.204263647548555695e-06
1.203638682964768125e-06
1.166791367503261572e-06
1.144301183419711336e-06
1.118234741776867776e-06
1.054489455140087599e-06
1.045120582279820799e-06
1.020632180926281212e-06
1.001206968181008098e-06
9.964652119372718345e-07
9.881834161570326049e-07
9.435384048520538653e-07
9.413341516216590749e-07
9.186298766817331321e-07
9.131895982897641057e-07
8.897283701007611636e-07
8.876852961888654899e-07
8.751819855866407056e-07
8.386269556573556465e-07
8.300286172622484291e-07
8.064845630068120918e-07
7.627715383306083025e-07
7.512665401534018742e-07
6.947793091608295468e-07
6.933425619005990056e-07
6.705331967379628532e-07
6.390892255222002937e-07
6.352970478074674686e-07
6.319400617499310910e-07
6.281733979464994244e-07
6.251012412650017825e-07
6.239478375544550228e-07
6.090384317300316301e-07
5.994168037900033836e-07
5.988717962502784020e-07
5.948251433642785332e-07
5.780438199806128386e-07
5.595100712803171943e-07
5.353481048940226200e-07
5.261483428800182671e-07
5.208048009155613005e-07
5.197496551708884715e-07
4.978264374814225021e-07
4.964556227904882974e-07
4.895196847540296533e-07
4.864755317148502669e-07
4.786777160011725272e-07
4.570202981365227798e-07
4.201799085066126606e-07
4.189720328656062736e-07
4.066669753792699207e-07
3.998008745156937892e-07
3.988252555143588759e-07
3.932293550238672949e-07
3.924613413745370605e-07
3.919426224668095284e-07
3.635283235086605744e-07
3.631817369671819216e-07
3.596028616774196481e-07
3.519294273673742710e-07
3.387558517640369879e-07
3.324458212780042836e-07
3.291826986685446095e-07
3.259271085176706961e-07
3.249691100423201799e-07
3.211137304871457732e-07
3.207340311809614409e-07
3.047005995800534275e-07
3.030340951469561526e-07
2.848204882186067650e-07
2.791666750060411845e-07
2.725048297564520172e-07
2.610552349131384218e-07
2.609039432239845981e-07
2.570942516113370793e-07
2.555851149716002448e-07
2.495690155009273484e-07
2.485198454959418386e-07
2.443508394292112486e-07
2.420067500092096809e-07
2.404510676593175472e-07
2.382134648765789183e-07
2.373588697731726563e-07
2.291676100129587761e-07
2.253282199267975814e-07
2.187115090178325042e-07
2.115688989591108983e-07
2.084525999926588436e-07
2.066291800050257191e-07
2.061129328300548391e-07
1.991157458213969351e-07
1.985682331946206227e-07
1.938841809234976111e-07
1.910334231008588467e-07
1.811840718502613959e-07
1.792467845216296508e-07
1.768899466809737331e-07
1.651830852320278360e-07
1.628830719997378035e-07
1.558942942671141302e-07
1.557939710996323027e-07
1.505863847456855205e-07
1.499072946655910533e-07
1.472015758033115057e-07
1.404150500932746856e-07
1.343139513142387167e-07
1.337698835830651730e-07
1.259990214979080279e-07
1.251487018939464545e-07
1.245281303780100092e-07
1.186192844315312941e-07
1.185172269591176153e-07
1.113352032186215389e-07
1.101962810356005729e-07
1.085614129826279145e-07
1.073113731920392605e-07
1.039331586895392268e-07
1.024951775189192494e-07
1.000661923153931803e-07
9.830243820524254477e-08
9.414976516973624461e-08
9.339009472515419836e-08
9.239403607480088227e-08
9.226547980209768048e-08
9.165644228137527810e-08
9.103948264157540498e-08
8.969338894718757791e-08
8.931168005196202018e-08
8.755118097305235723e-08
8.081851647604934635e-08
8.061978326067352620e-08
7.636418384335459768e-08
7.558699172723347193e-08
7.480163363519462864e-08
7.132231668353978910e-08
7.088902334226818435e-08
7.055344969809296085e-08
6.981996274541132777e-08
6.979331067096208247e-08
6.807440773343944849e-08
6.389054803034286522e-08
6.233478727262146193e-08
6.151352660158785798e-08
6.046789664201726722e-08
5.806389550856470195e-08
5.796653404222676546e-08
5.770579284614832117e-08
5.731068676478667869e-08
5.712703374118396457e-08
5.482635627147896152e-08
4.865959490882921853e-08
4.707744835700805789e-08
4.662683443543953893e-08
4.648515073608401622e-08
4.645794524541339410e-08
4.537492137821427199e-08
4.465816873340858196e-08
4.293865217262042416e-08
4.261030987647109256e-08
4.233375724314013822e-08
4.219448995489471258e-08
3.913749011186457649e-08
3.904590269014638445e-08
3.877199312209389571e-08
3.855173327909421710e-08
3.619062158887590449e-08
3.371823487755040587e-08
3.339590890415816661e-08
3.292433798525521384e-08
3.288723865052807152e-08
3.275623494794155798e-08
3.254376759778257576e-08
3.087414302259601170e-08
3.033769366937144088e-08
2.955722691349710847e-08
2.934875642100568460e-08
2.923965963288753628e-08
2.890312809058011378e-08
2.874372302281490544e-08
2.847186617020380172e-08
2.713651669025086571e-08
2.470957543251297046e-08
2.456065542935724878e-08
2.431053332028671063e-08
2.321031125570893738e-08
2.291389559698774806e-08
2.242455970230216034e-08
2.211284338453345359e-08
2.168766306731944613e-08
2.126441704207889773e-08
2.106079397548139683e-08
2.088666140688132043e-08
1.985714416469568996e-08
1.974853529373459601e-08
1.974383900854706497e-08
1.970439577332418565e-08
1.966168102562396611e-08
1.846026303288380655e-08
1.746720401644959062e-08
1.664129350100300861e-08
1.603571079668201900e-08
1.576318365468169676e-08
1.573970638749316781e-08
1.498175173820064330e-08
1.458688241551769563e-08
1.454471980808650334e-08
1.447775456506030471e-08
1.428295419860786483e-08
1.309512018822237685e-08
1.306562245548063297e-08
1.305142071417942316e-08
1.295084997551940097e-08
1.283442175277184145e-08
1.274682397892727949e-08
1.254472441289329464e-08
1.193505890405453289e-08
1.164175239147461647e-08
1.089731872159156524e-08
1.071265385672906073e-08
1.066312230499349434e-08
1.056451165941501570e-08
1.033567624837924968e-08
1.019267860487208468e-08
1.003534581180979781e-08
9.983971554036429925e-09
9.881431586847521749e-09
9.714412939901774397e-09
9.700462296233394337e-09
9.309658693871100258e-09
8.801782139623220263e-09
8.761333649797403102e-09
8.481947358584816274e-09
8.420103423235882418e-09
8.375678450577454055e-09
8.167296422424917488e-09
7.846651360593777797e-09
7.626471186099836543e-09
7.433690223572778300e-09
7.290161314082340869e-09
7.226399740496735054e-09
7.194321140511193214e-09
6.988215792137330219e-09
6.975316098692986243e-09
6.951912071344011903e-09
6.924659904517098412e-09
6.613019043328205701e-09
6.310503179524481344e-09
6.207709349713753384e-09
6.020161667064026038e-09
5.679737842561205500e-09
5.612957258364173222e-09
5.458213469851271131e-09
5.420156040945342707e-09
5.208123906882768050e-09
5.074834784010973700e-09
5.047365386121607002e-09
4.883131179662701135e-09
4.800292915048871106e-09
4.773747244450757049e-09
4.654000864397357444e-09
4.495609834103147761e-09
4.441400421820667331e-09
4.429181680224893699e-09
4.347560078305933457e-09
4.297481063748287570e-09
4.284480253866892091e-09
3.919991753091898109e-09
3.863726516678891412e-09
3.645780822432559232e-09
3.542393059909749828e-09
3.520928207410905914e-09
3.460861274789415918e-09
3.403735521572394216e-09
3.323294997368007605e-09
3.307646860627715438e-09
3.248841030842966899e-09
3.245794992652309052e-09
3.023601660098905297e-09
3.016142331910278630e-09
2.971014347553693370e-09
2.811315301560068754e-09
2.796657683577633224e-09
2.718919967659150445e-09
2.675700812529027654e-09
2.653910154467294814e-09
2.545066231595349890e-09
2.481867800684091140e-09
2.469978330846102772e-09
2.451102255447156219e-09
2.427360714547189092e-09
2.425051656998070534e-09
2.361889482764305836e-09
2.356714700889467386e-09
2.345953095981900594e-09
2.214854640867911450e-09
2.204032137200221419e-09
2.139208897808116298e-09
2.042219403315487361e-09
2.035151178763481856e-09
1.994140803189726883e-09
1.992912417716614989e-09
1.902389735636707224e-09
1.885657716247508445e-09
1.880775525486170869e-09
1.850039917043970622e-09
1.816386531766543688e-09
1.790683433488380125e-09
1.763168766738060531e-09
1.744704939806465034e-09
1.741979327260299777e-09
1.716742585229474425e-09
1.702450635018711120e-09
1.687596636966024523e-09
1.587657701236086354e-09
1.575642647081758670e-09
1.537846164142655209e-09
1.518555075482649194e-09
1.517057957203525835e-09
1.511888557900864415e-09
1.488805396386831381e-09
1.458707809817637059e-09
1.444236919132298186e-09
1.367448703148478610e-09
1.283510573388113697e-09
1.205863320367861399e-09
1.204959805214789444e-09
1.202865104045721654e-09
1.138659046816287890e-09
1.062733848765720688e-09
1.025986092649132399e-09
1.018107381548020979e-09
1.012567130679408502e-09
9.976302220327321920e-10
8.696921503462268733e-10
8.482416811972407428e-10
8.175182777793383910e-10
8.144638857959821884e-10
8.054958034836777310e-10
7.997258750034316791e-10
7.661324958285164777e-10
7.509717489607114419e-10
7.501540822967085547e-10
7.493994477159014675e-10
6.829669405042805137e-10
6.482969954604077760e-10
6.295169477299134166e-10
6.105458948818131996e-10
6.052988073116023578e-10
5.980336613935121145e-10
5.865643120972330610e-10
5.845772636631338328e-10
5.742016149995630421e-10
5.727663661476838564e-10
5.586610192526998125e-10
5.554641459536636841e-10
5.465195570535675570e-10
5.310822820700515498e-10
5.047730095694479139e-10
4.890437411647183945e-10
4.888231530346025961e-10
4.825441846437028086e-10
4.818401001008506808e-10
4.552715744078839096e-10
4.513557035985405891e-10
4.453000929003423897e-10
4.446123781876051763e-10
4.431404058142867041e-10
4.420140040654614371e-10
4.389361712999081135e-10
4.319186201534682646e-10
4.203380544382867081e-10
4.112402583715730468e-10
3.972792105297357118e-10
3.955137630611949708e-10
3.868715549605198877e-10
3.767875501542035198e-10
3.764728569239617143e-10
3.633808237964002977e-10
3.624991052506183377e-10
3.621904224928268320e-10
3.275171536804322335e-10
3.226167886330905403e-10
3.197799577405831267e-10
3.176083932449828238e-10
3.117165923822532742e-10
3.097069251394728986e-10
2.946201631556787872e-10
2.864503590720228072e-10
2.848692297492300149e-10
2.838524500614089192e-10
2.810888950804010224e-10
2.801126434379527754e-10
2.789495945546828799e-10
2.745481350388058995e-10
2.461375104797391771e-10
2.422922709868953104e-10
2.280184507516983929e-10
2.247214925270577816e-10
2.235220087119577814e-10
2.230274854277755168e-10
2.229024812278498253e-10
2.213992979949661160e-10
2.171517585729106315e-10
2.105828915972878170e-10
2.061208513548087984e-10
2.005697224718844573e-10
1.979427397309443794e-10
1.973499768464812514e-10
1.956369663751060925e-10
1.907029434437725215e-10
1.859981930880464110e-10
1.765297164399075495e-10
1.673901437825099272e-10
1.668289697915102322e-10
1.613601886103169178e-10
1.578522359575809903e-10
1.544582282411131840e-10
1.525651884530217578e-10
1.513005894604031530e-10
1.485190454013016393e-10
1.482929267866632463e-10
1.451558502367948627e-10
1.369613839326062695e-10
1.272104206651529163e-10
1.267811231057524396e-10
1.245697810831910912e-10
1.243521354540556850e-10
1.235657267342629177e-10
1.212042343455925770e-10
1.206840540655844539e-10
1.169259540090892747e-10
1.153858297902502467e-10
1.128882786270160731e-10
1.123718289952612483e-10
1.115834098159966662e-10
1.067952619508858803e-10
9.402916290152963995e-11
9.349685882545067655e-11
9.186634758225061696e-11
9.039437556084726996e-11
8.944303817966094009e-11
8.708774842537469492e-11
8.429536518819736915e-11
8.370480966281076107e-11
8.350349643024166959e-11
8.167241511153008577e-11
8.006404488062207742e-11
7.857525355149619855e-11
7.667276343535918357e-11
7.473491024097088338e-11
7.225144274185323721e-11
7.195868333091258160e-11
6.745133859622526552e-11
6.651352097791304503e-11
6.421395239285521212e-11
6.324342639335878011e-11
6.312011301463064545e-11
6.236105719534516514e-11
5.917667195971490917e-11
5.863274805165995462e-11
5.387915624793294175e-11
5.379934025210116456e-11
5.261320785572725165e-11
5.193687141385917267e-11
5.058008187453833403e-11
5.029678275105184663e-11
4.882131040040480104e-11
4.834626364760532476e-11
4.683948206379763094e-11
4.651566264064390231e-11
4.618062643214652833e-11
4.348183190608422583e-11
4.082375699065641822e-11
3.894930362896549065e-11
3.891566891020246233e-11
3.829642072651869767e-11
3.791169841189462415e-11
3.693446899435439868e-11
3.646624272506513349e-11
3.609848314799839910e-11
3.502477419882350563e-11
3.469733773418848457e-11
3.425758931537206039e-11
3.248458829047972918e-11
3.192197299725502018e-11
3.179496892372412476e-11
3.163995079146630473e-11
3.137169830121638074e-11
2.919973201098655510e-11
2.918813452503655724e-11
2.851790059084059538e-11
2.838176046249733538e-11
2.767002057760714041e-11
2.731309750390872746e-11
2.531279411913097986e-11
2.388996479167849525e-11
2.379360498419624868e-11
2.371294843691474483e-11
2.277696082383656440e-11
2.264756505883264969e-11
2.195027806231388531e-11
2.157906360888788483e-11
2.109941050244020456e-11
2.069986569461681547e-11
2.067080012044945367e-11
2.063755870984406525e-11
2.025832132884928742e-11
1.979009216996342264e-11
1.950547210310149037e-11
1.903444216096216730e-11
1.898252990955695262e-11
1.842791761195422794e-11
1.811262090501052714e-11
1.804824451103997858e-11
1.759996256538300224e-11
1.683485736163713159e-11
1.640412482992544548e-11
1.634167284896128068e-11
1.615727269175982850e-11
1.600690677692598369e-11
1.584929351856599919e-11
1.584361549117039315e-11
1.546509596787884705e-11
1.525686630888704562e-11
1.511509543549833427e-11
1.484069517733496487e-11
1.320780968029270087e-11
1.318728834312871274e-11
1.302787139162968981e-11
1.295623460277760206e-11
1.280030733220694769e-11
1.271263721957775218e-11
1.254373426681531679e-11
1.229996021732910763e-11
1.225313391589253967e-11
1.132171014552500087e-11
1.088007824392393877e-11
1.085573684290380952e-11
1.070483097357448053e-11
1.014322059360917635e-11
1.003224726991502576e-11
9.997931282656501606e-12
9.773325095404495433e-12
9.606780907063204072e-12
9.383171308044826873e-12
9.337809010317301400e-12
9.272935019093626113e-12
9.103211917755531034e-12
8.573060024341860530e-12
8.454500738878349063e-12
8.214740214611028652e-12
7.904212338806336734e-12
7.877506416736811801e-12
7.841128397464942664e-12
7.816767152842402605e-12
7.453714194952410772e-12
7.105741996739962779e-12
6.849771186486328209e-12
6.723964104267408121e-12
6.660472822051741906e-12
6.644759497949618146e-12
6.620507361916775994e-12
6.506965419944121720e-12
6.318481653440914329e-12
6.057143114522116069e-12
5.845990588073633346e-12
5.815642208955245229e-12
5.474857408747752513e-12
5.221259802293444071e-12
5.217016395208839696e-12
5.139578503550716541e-12
5.116944809893405414e-12
4.358012988159051745e-12
4.295805538370067885e-12
4.267865419002721499e-12
4.232342019635770155e-12
4.202525552770552324e-12
4.190900992429704847e-12
4.173460596375562959e-12
4.146861626559400337e-12
3.788727000663085466e-12
3.749504019779435789e-12
3.729401659545478462e-12
3.619491713690533972e-12
3.593112761743412269e-12
3.571247407452060716e-12
3.563564963797713753e-12
3.521015756617704047e-12
3.500701645044108879e-12
3.487689933191441583e-12
3.402054635138305526e-12
3.314519499140347309e-12
3.204747517310629835e-12
3.178216388268681916e-12
3.166568374041486873e-12
2.949994571535510565e-12
2.908783521452190916e-12
2.827847419881859582e-12
2.641405299404112762e-12
2.593788179631626743e-12
2.591009708566003848e-12
2.564952811209539577e-12
2.563061071419465113e-12
2.492127582050843535e-12
2.155910785048707103e-12
2.141140618027846340e-12
2.112283329071426458e-12
2.101363462921536798e-12
2.096669201222985863e-12
2.075342095067574030e-12
2.070897944981294506e-12
2.019404409302550085e-12
1.963679894130220868e-12
1.962450811777478786e-12
1.936522264386238778e-12
1.889144540545602235e-12
1.867725932958718496e-12
1.795982930385490099e-12
1.792926580361736018e-12
1.790390887191840401e-12
1.765188842314149371e-12
1.713997223782826529e-12
1.614054823428412304e-12
1.579639883397580645e-12
1.571274212019672048e-12
1.562800514675276255e-12
1.509775766615948575e-12
1.487802425972686416e-12
1.456070716414042238e-12
1.411832163304587121e-12
1.407489686804402007e-12
1.386207997780243119e-12
1.375724756373747954e-12
1.294681978303937507e-12
1.263432206597984201e-12
1.239291267707395776e-12
1.213089137751092069e-12
1.208530946400659520e-12
1.113762920127889192e-12
1.091288352453418247e-12
1.066782831483105033e-12
1.055652317781563329e-12
1.052995279911948884e-12
1.043627255703436673e-12
1.037827116213628956e-12
1.030589349745367092e-12
1.000076426221398486e-12
9.412778415204792248e-13
9.403329453913884399e-13
9.322429382781592090e-13
9.285553358011016501e-13
9.172101354312652775e-13
9.068002608424410064e-13
8.673342086854911477e-13
8.642343074503827610e-13
8.456053310693282845e-13
8.079141110809973963e-13
7.676412925653404300e-13
7.582380688571650290e-13
7.579700474066846541e-13
7.545027289803736438e-13
7.484827594571101310e-13
7.404771717947500252e-13
7.198127492109361484e-13
6.926395440477097991e-13
6.659362152480063009e-13
6.580912671150069396e-13
6.552806744144969819e-13
6.453763611935116848e-13
6.122990508244665100e-13
6.021207229108670889e-13
5.942416966798549168e-13
5.879294132528407480e-13
5.736997153125721120e-13
5.577923733209121602e-13
5.502686158296107233e-13
5.288805746088863406e-13
5.168649346054466438e-13
5.048478551296133337e-13
5.045075398227308646e-13
4.931180708640717165e-13
4.872506292028073797e-13
4.625389239299127837e-13
4.616426922148267769e-13
4.387819385135937022e-13
4.269676526716035003e-13
3.908280950421103116e-13
3.903152419204996155e-13
3.859277659086807177e-13
3.841918374301690252e-13
3.697840736686327559e-13
3.587241798369377202e-13
3.555974194590550849e-13
3.508243765902965963e-13
3.367367180665864587e-13
3.168616141132648756e-13
3.107047300048384038e-13
3.086704383609726739e-13
2.909732035407238934e-13
