1.319158908960565701e-01
2.430192961010239558e-02
6.900060829367902875e-03
3.537055811826639220e-03
8.520192034215741568e-04
4.437475891254618254e-04
1.309032988772293655e-04
4.725423341023394933e-05
1.921337422158356516e-05
5.962533743501626664e-06
2.287615562179435288e-06
9.076434991622221952e-07
3.490544528288232429e-07
1.451214067106223244e-07
4.971227133304983347e-08
1.666555432555795559e-08
6.906147537023559292e-09
2.163796051503298085e-09
7.312433584704854815e-10
2.607384140819121787e-10
8.448510485537462574e-11
3.029732559323254662e-11
1.070343261920972366e-11
3.735225801996084589e-12
1.599002172927929727e-12
5.985083745071202237e-13
2.258992551027921765e-13
