9.969733810911980409e-01
9.919446607926630799e-01
9.777689732023077118e-01
9.545782708757997170e-01
9.068496287957715785e-01
8.830009619319839631e-01
8.659623375057250438e-01
8.227515588716118877e-01
7.752234109499959169e-01
6.906820310715000577e-01
6.411697754396504800e-01
6.362742152811016183e-01
5.315467753522054029e-01
4.627753255310935732e-01
4.148646718190746041e-01
3.648107815242080942e-01
3.578148379144119873e-01
3.223458934235545748e-01
3.026450763190768334e-01
2.937813106091226589e-01
2.890276724754234916e-01
2.574054481013681728e-01
2.262024751739231676e-01
2.013740007761018747e-01
1.918505838320594403e-01
1.614467402950849895e-01
1.549478459505242711e-01
1.422388205321613031e-01
1.410636340562554936e-01
1.277349311320924441e-01
1.262846469219943979e-01
1.091652845460039656e-01
1.016427200374524636e-01
9.702452751362930505e-02
8.810404039426723843e-02
7.363512308050187971e-02
6.548712805338785525e-02
6.535716723920101390e-02
6.119310121342053793e-02
5.709414132210507281e-02
5.275673399990334772e-02
4.965217430891552541e-02
4.943968634062679418e-02
4.233778630770330259e-02
3.668947350971631105e-02
3.525028448408948356e-02
3.482590749722192652e-02
3.289295302012221200e-02
3.002445507648214204e-02
2.870556063312564715e-02
2.690658283102278017e-02
2.468888226303279920e-02
1.834694640923781317e-02
1.782979015217243945e-02
1.757668524823447626e-02
1.739414891836915666e-02
1.476039987809682832e-02
1.404633504586243892e-02
1.337788644216447720e-02
1.272152037776978252e-02
1.155032362763306654e-02
8.870183093157539209e-03
8.692782505170883883e-03
8.069293395109021841e-03
6.399881510446536227e-03
6.276250625388740505e-03
5.884238484519321334e-03
5.576624836413261212e-03
5.333661993946815436e-03
4.582435663250348894e-03
4.562252423663885371e-03
3.832943401229827688e-03
3.786857604820981736e-03
3.515558545186348981e-03
2.912528782065594742e-03
2.877742598645876768e-03
2.574575933439527450e-03
2.442032115081764227e-03
2.422373960472809593e-03
2.260290045761794830e-03
2.134285730266330568e-03
2.066774524050440150e-03
1.953339981192040494e-03
1.463839864170480599e-03
1.444096290762864705e-03
1.077870879344783274e-03
1.076927004338082286e-03
1.072886406790512625e-03
1.022848240481245841e-03
7.597293327171064734e-04
7.008854638040879588e-04
6.610167017299553409e-04
6.385552113325818199e-04
6.212736368644691332e-04
5.734364936274085646e-04
5.720856496328427000e-04
4.404214807597926296e-04
4.265624451703880875e-04
3.925447463036975935e-04
3.234614195847501216e-04
2.977345485456316804e-04
2.894324941471116330e-04
2.349043884936049880e-04
2.327512371885301096e-04
2.123933224411546253e-04
2.089883992544727838e-04
2.046860359629217800e-04
1.887659393273254484e-04
1.778206807676510745e-04
1.706533251226999965e-04
1.669635533243115884e-04
1.631811329256347006e-04
1.369631004499704001e-04
1.359970762100560669e-04
1.225598699710945432e-04
1.003893827525725331e-04
9.014757214237930705e-05
8.890423471949439815e-05
8.056263857371412178e-05
6.825904340581848845e-05
6.843947666828029987e-05
6.193284775862155193e-05
5.796995530697320281e-05
5.650155832931535749e-05
5.538937110037636137e-05
4.202842700955808868e-05
3.969338735004363596e-05
3.894578125644291487e-05
3.746613116272097375e-05
3.761485497212057618e-05
3.583551659730215206e-05
2.766813297608029833e-05
2.693723578012766054e-05
2.469820567995762673e-05
1.830093372593156242e-05
1.801898957186051956e-05
1.682810230741889663e-05
1.678811291117253402e-05
1.570388571477130329e-05
1.481421558705597816e-05
1.482980091330372919e-05
1.457840088175428386e-05
1.108656139259517660e-05
9.794781357589942185e-06
8.906368094243036264e-06
8.610794708174725605e-06
8.352949086848032945e-06
7.330956340833175706e-06
6.277841806210876990e-06
5.959530852984131128e-06
5.839462189686418255e-06
5.288002779018065564e-06
4.880616589035634093e-06
4.632718423611142892e-06
3.886908975669571977e-06
2.763097038216506612e-06
2.741353434940857076e-06
2.691503797046093934e-06
2.528392852818598600e-06
2.106851752532161153e-06
1.946967282194083899e-06
1.742390612998005423e-06
1.710475102213017849e-06
1.634532467869685270e-06
1.576995649977908318e-06
1.488413310938320455e-06
1.356582501108040967e-06
1.271165618618497323e-06
1.061456479602175326e-06
1.048015042194819588e-06
1.034169566677903248e-06
9.761718916614012988e-07
9.419500655257140278e-07
8.935827429068427698e-07
7.262273356840092601e-07
6.361734249638983919e-07
5.810197406479082670e-07
5.583655312999273037e-07
4.775992130491735373e-07
4.142144091898925649e-07
3.762677648592538946e-07
3.708481784151284887e-07
3.483482175181759093e-07
3.257076175273108398e-07
3.140456650054159627e-07
2.593313586652886177e-07
2.567409783057427979e-07
2.462186580176508360e-07
2.429814042388278549e-07
1.981917947021075681e-07
1.711095331670016263e-07
1.695524842024407856e-07
1.478706250485740348e-07
1.443393150198921030e-07
1.403928338844506624e-07
1.323253985836014951e-07
1.196945880900487362e-07
1.155414420677664117e-07
1.147834396244951645e-07
1.052406723442670360e-07
9.432043571813070893e-08
8.315064164054014116e-08
7.856331796920405479e-08
7.582967630367266781e-08
7.508815280698525524e-08
6.769733115071749264e-08
6.261981018574614605e-08
4.964972624677002926e-08
4.823106477732370811e-08
4.681894451173102357e-08
4.220599742454796446e-08
4.000519132660247557e-08
2.883125442859738434e-08
2.787211172350140615e-08
2.430823933227338817e-08
2.331525845741385224e-08
1.847515556973850881e-08
1.776246594539160075e-08
1.587847852415181138e-08
1.579094183799462260e-08
1.555320439901779186e-08
1.547021156040738728e-08
1.530273505626300515e-08
1.500168497178944174e-08
1.039212411874318264e-08
9.620196857084037797e-09
9.412641340655595694e-09
7.947422046570637885e-09
6.528668378014623197e-09
6.512789840331693135e-09
5.836099247531690889e-09
5.474858986341092397e-09
5.331268422301845048e-09
5.103124516871925448e-09
4.866427509283162788e-09
4.373265351987068882e-09
3.617143573091135239e-09
2.840894268556371200e-09
2.365715604131001416e-09
2.234639860225591019e-09
2.069186954359954264e-09
2.013365701061329306e-09
1.968763513039610255e-09
1.876429001667254483e-09
1.468272170784898951e-09
1.429718372092379290e-09
1.410333960910475725e-09
1.400055460129708809e-09
1.395096745510706839e-09
1.081762903619873147e-09
9.541451852992923648e-10
9.324565722362729905e-10
6.201700973433301410e-10
6.112885176672625667e-10
5.939701957322418960e-10
5.844456207862670319e-10
5.816308142845466705e-10
5.589887235153996634e-10
5.414770541423466613e-10
5.359819255520768197e-10
5.059460669230325301e-10
4.484661612624278611e-10
3.958229041423959427e-10
3.396056940536361355e-10
3.388717586997711545e-10
3.286000252716745891e-10
2.943088241626211581e-10
2.313653205681561490e-10
1.767528813925307138e-10
1.693288629287532743e-10
1.567500318306254063e-10
1.568538667663693462e-10
1.168452199767913242e-10
1.015417247048194090e-10
8.974620833362809618e-11
8.687748374138275352e-11
7.867781791132121117e-11
7.365383088056094250e-11
7.132756152972727372e-11
6.283540694139673941e-11
6.220811052310836544e-11
5.753752722483216545e-11
5.581977105641272048e-11
5.060082149743374093e-11
5.027392356496740944e-11
5.051624722750761556e-11
4.317230194115202748e-11
3.809375970344769209e-11
3.500609776638388396e-11
3.460644545416357366e-11
3.316572067693577646e-11
3.199487967071272702e-11
2.984567475377400337e-11
2.337380580689900836e-11
2.180010028615804823e-11
1.938041356646675861e-11
1.827447092671571831e-11
1.822358367899308949e-11
1.789708914045411515e-11
1.608988977277631363e-11
1.551852422705113530e-11
1.392283312754135587e-11
1.172657884128244737e-11
1.053051479909296543e-11
1.022650329558920881e-11
1.003026390945733239e-11
9.238170487335500396e-12
7.261272979849360798e-12
6.089344346738769014e-12
6.072923345197072559e-12
6.017805665412762342e-12
5.899003477172432554e-12
4.229199226663441784e-12
4.109740171506332723e-12
4.081013920945624351e-12
2.969775674537580412e-12
2.924267952104288557e-12
2.811726659160733126e-12
2.664487979314047526e-12
2.597556029267883019e-12
2.302048596888128633e-12
1.955185075859017228e-12
1.874777594652966027e-12
1.779419533350168598e-12
1.763304118609065391e-12
1.659060606413961038e-12
1.609535578276134539e-12
1.015899082228481577e-12
1.035472178722489939e-12
1.023398265825642967e-12
9.796566526730472486e-13
9.598406415796122124e-13
9.603201147483200773e-13
8.965991920596506380e-13
8.038813045293702689e-13
8.134517324749050677e-13
6.348555936033524126e-13
6.289677717349192261e-13
6.174632424181631104e-13
6.167107499041160479e-13
5.068768243328468694e-13
4.814180836857208437e-13
4.151041104402027099e-13
4.013668421939206259e-13
3.802596642267177631e-13
2.886919450409794956e-13
