9.430923962131392280e-01
9.086872337882273554e-01
8.733102961845198298e-01
8.358358690695698590e-01
7.925756197274632653e-01
7.564745534909221858e-01
7.188669163893085523e-01
6.802248477690613360e-01
6.390592141199795684e-01
5.913279516519749368e-01
5.513144587976731570e-01
5.111601138760739627e-01
4.782908007241650772e-01
4.489703338232947649e-01
4.133368900782414257e-01
3.822109703404965586e-01
3.455809118360473886e-01
3.162885695774843575e-01
2.861523460567870214e-01
2.578908584569048479e-01
2.322926514651014462e-01
2.093660935491198360e-01
1.877434416377644355e-01
1.704131488832804631e-01
1.551980698491821631e-01
1.419847570547480564e-01
1.311297386629317885e-01
1.212565601911342467e-01
1.110136254466853600e-01
1.029572455951961868e-01
9.630362465104444492e-02
9.133094263255303602e-02
8.569703733864006412e-02
7.929392144825561650e-02
7.267200589895002338e-02
6.696413438137349683e-02
6.120366405072942551e-02
5.582015912042522648e-02
5.117588025342196395e-02
4.759611699760848275e-02
4.428488216437877212e-02
4.084716972461679974e-02
3.722499064435815658e-02
3.440572227417427326e-02
3.222164510836449808e-02
3.054207397108475719e-02
2.916177740981701003e-02
2.769769171407811606e-02
2.615838899786452482e-02
2.464596096729645969e-02
2.298752676632999370e-02
2.139314223020694766e-02
1.999916952617621091e-02
1.866058865174808484e-02
1.745345806602958266e-02
1.632237886078181932e-02
1.545147283606626738e-02
1.419721394549398191e-02
1.301523050389263858e-02
1.185050787536095704e-02
1.095026049273475216e-02
9.897631632048767975e-03
8.860606726120569959e-03
8.012274922673782648e-03
7.346032731312130380e-03
6.654061539357973391e-03
6.040860983639003909e-03
5.497990639468472440e-03
4.975446365490972245e-03
4.519472879123446855e-03
4.157514324790065677e-03
3.884136091426144272e-03
3.645703607071951440e-03
3.375258246953581186e-03
3.056912322102667626e-03
2.790171541754888056e-03
2.523880304238451753e-03
2.305086135841731120e-03
2.129179881456537676e-03
2.020284660027800872e-03
1.865646642205347596e-03
1.763539833610431500e-03
1.642606267894805962e-03
1.515264191463989302e-03
1.396152534497418444e-03
1.291068857952750977e-03
1.192613288709773456e-03
1.099618322855692174e-03
1.037956749791771457e-03
9.657146600028538056e-04
8.889929737109236469e-04
8.042919548919850916e-04
7.321569517831376297e-04
6.912889551880342176e-04
6.323671360230214041e-04
5.863580545144870398e-04
5.453967929068756493e-04
4.968468280489797594e-04
4.680607403276290765e-04
4.322382090508542548e-04
4.011288232826781407e-04
3.763718252797305865e-04
3.464735218846779169e-04
3.245235885443097058e-04
2.985548500313942597e-04
2.733055670881526949e-04
2.514902361808543261e-04
2.269728463851792362e-04
2.050706136004432827e-04
1.910049171731634157e-04
1.757600218494367135e-04
1.605179103519723482e-04
1.476079194410281805e-04
1.398899583480281612e-04
1.291956453210358919e-04
1.211788601557544954e-04
1.095022283731465074e-04
9.664265768680544843e-05
8.887013925583332665e-05
8.249631762948502823e-05
7.690133214976313915e-05
7.010569796565515504e-05
6.218664535841876779e-05
5.593858234827515100e-05
5.146515070671740593e-05
4.607280015462447920e-05
4.164158616656515264e-05
3.826653520111030019e-05
3.394154450324512410e-05
3.155164377700233897e-05
2.838237189848970263e-05
2.560583682753982891e-05
2.281968298854024856e-05
2.021385982657289781e-05
1.855959140799877551e-05
1.649638761812436807e-05
1.481419378299755671e-05
1.364855841227689209e-05
1.238967991652414878e-05
1.148520022829209777e-05
1.040671374288640464e-05
9.518732001076087655e-06
8.424964157098851407e-06
7.516985155763639828e-06
6.845717031632679403e-06
6.058841311725925818e-06
5.551579840504287901e-06
4.949939225376141200e-06
4.438730493457608628e-06
4.032356234350600471e-06
3.659307533015105099e-06
3.291208101204054884e-06
2.927954801001154938e-06
2.639404898886418990e-06
2.406911205094929181e-06
2.216329500796018833e-06
1.985728325236525526e-06
1.798294589932563967e-06
1.676715555885891819e-06
1.574670605437619918e-06
1.440508318636175649e-06
1.316054519249869495e-06
1.228204841762214493e-06
1.110069176858571616e-06
1.020494299326028254e-06
9.014295394565513553e-07
8.213538874515648028e-07
7.285268208309222531e-07
6.503073255102719592e-07
5.790858858666964279e-07
5.041327641164373008e-07
4.614554803453313813e-07
4.138863322704863045e-07
3.602758819926050169e-07
3.253188374404358713e-07
2.982705728208297651e-07
2.700158531070956398e-07
2.370914468562429666e-07
2.128547261607512837e-07
1.981049371607483734e-07
1.799613169117375169e-07
1.667588779831460018e-07
1.499735910566408173e-07
1.343193326318404020e-07
1.216250633569638202e-07
1.071489246164370726e-07
1.001658763708821890e-07
9.026969621857058800e-08
8.256430048040572135e-08
7.349879866915775916e-08
6.534398212776854772e-08
5.966593046890621367e-08
5.458329790133949042e-08
4.849279116040908693e-08
4.282503283361342902e-08
3.902814693973820594e-08
3.524420651867574220e-08
3.251654192445074802e-08
2.976930747515680539e-08
2.822546786288924480e-08
2.533279979553690562e-08
2.290119421883510778e-08
2.135758984910194740e-08
1.885461283373791926e-08
1.689946544676017007e-08
1.565890813133722824e-08
1.443399708573359561e-08
1.321928971725378699e-08
1.218789331676190232e-08
1.085739036172160297e-08
9.638911499884448890e-09
8.844930158656075387e-09
8.027430997857272755e-09
7.047657174335934410e-09
6.082830899158687473e-09
5.399503279932013558e-09
4.909307604116757075e-09
4.487431012373795600e-09
3.939622206664319951e-09
3.529786281554302192e-09
3.207088519876781480e-09
2.842756101889332850e-09
2.478342582297768217e-09
2.283735155820443889e-09
1.985774112397759367e-09
1.821657472364957135e-09
1.609463457362849203e-09
1.450048740667622170e-09
1.312492920888848027e-09
1.154763122033225138e-09
1.060895353430685158e-09
9.449878610040420031e-10
8.665154149902555730e-10
7.870968732263607139e-10
7.211117211205657714e-10
6.534783053249201625e-10
6.058784375355354711e-10
5.498005567504174651e-10
5.215945404616258370e-10
4.729181948181491814e-10
4.430081833501916637e-10
4.023669643735698164e-10
3.667046992122709751e-10
3.331133038793728666e-10
2.985855334516529442e-10
2.758964756072173250e-10
2.450900741794240644e-10
2.203958372852056491e-10
1.930151232858538499e-10
1.812000998699203279e-10
1.647393189037375726e-10
1.511059269280847528e-10
1.337908009295834339e-10
1.183968842009057925e-10
1.058150094424623320e-10
9.348080139364129509e-11
8.347197865620675008e-11
7.574493336849444781e-11
6.981437737062856386e-11
6.014829562273941998e-11
5.439430415036608936e-11
5.040382756509361907e-11
4.551799654116632190e-11
4.160495912132820621e-11
3.638617125809808664e-11
3.216486043738530319e-11
2.917501733512762611e-11
2.656768588715262202e-11
2.370877917700267394e-11
2.125511669616268139e-11
1.825514477234642684e-11
1.670824664043197328e-11
1.451465345879660187e-11
1.294967789852835624e-11
1.109776570247287767e-11
9.846706863873252659e-12
9.015391987556079811e-12
8.078322650940467773e-12
7.401413634209269277e-12
6.761525927537741488e-12
5.989784479859229804e-12
5.298706257288415204e-12
4.525172184389185200e-12
3.896312390010650830e-12
3.333428713994541215e-12
2.993186124180830960e-12
2.683502437486278636e-12
2.333705694188261430e-12
2.132538922231344806e-12
1.915228245341856284e-12
1.737951162874286651e-12
1.537529581934964691e-12
1.387406913215702755e-12
1.235532799708379139e-12
1.111953561432651414e-12
