1.629507666860677535e+06
1.416291003604299156e+06
1.379560506920738146e+06
1.274044141314296983e+06
1.269985810340697644e+06
1.141627574542286573e+06
1.133660292241795920e+06
1.122129944797668140e+06
1.104127161134473281e+06
1.097284551926901098e+06
1.093014152623421513e+06
1.078506272872207453e+06
1.050909989820775576e+06
1.029879452462094487e+06
9.896289259295352967e+05
9.827750263685096288e+05
9.535953180566291558e+05
9.535710086605852703e+05
9.400084274239072111e+05
9.371512899578275392e+05
8.643176836502059596e+05
8.430054670392279513e+05
8.374573390129378531e+05
8.313949484178442508e+05
8.167190673959885025e+05
8.060649824766186066e+05
7.688669918678710237e+05
7.506841016896602232e+05
7.412771698629669845e+05
7.345911048751517665e+05
7.164455657902234234e+05
6.997735502034630626e+05
6.960505592407881049e+05
6.810238057269826531e+05
6.809797227255289908e+05
6.738759713242531288e+05
6.691830577562598046e+05
6.652074820470267441e+05
6.524659629423620645e+05
6.428367860627174377e+05
6.275819506825746503e+05
6.237964667185422732e+05
6.181680165060370928e+05
6.168596146018712316e+05
6.147277183508947492e+05
6.130507282583236229e+05
5.871621731935195858e+05
5.858996292886901647e+05
5.807287332193613984e+05
5.741165715732879471e+05
5.676782689393942710e+05
5.629152654883221257e+05
5.523302454981270712e+05
5.501933479927299777e+05
5.483565234318498988e+05
5.405386044507994084e+05
5.297538312411647057e+05
5.282724133773260983e+05
5.182062203053660924e+05
5.136709953081718413e+05
5.109793426305315807e+05
5.080288323951063794e+05
5.049143274896793882e+05
5.015641488508605398e+05
5.003101080502471304e+05
4.942580045584588661e+05
4.847599050499293953e+05
4.801238118337914930e+05
4.774692473450624384e+05
4.737522556702346774e+05
4.720568648571374360e+05
4.693184015211936203e+05
4.648276436080568237e+05
4.571101085172058083e+05
4.558013762801072444e+05
4.556258129301623558e+05
4.505068585432303953e+05
4.503585541585639585e+05
4.437791456815939164e+05
4.409294925526432926e+05
4.362044693325654371e+05
4.337404310275390162e+05
4.330665305263174232e+05
4.234729155811194214e+05
4.228703750626286492e+05
4.210530605549751781e+05
4.207550289518648060e+05
4.146231452973886044e+05
4.126981779106787289e+05
4.087093878637494636e+05
4.046268423129069852e+05
4.020018077205596492e+05
4.012136527130777249e+05
3.919760629674891825e+05
3.911430024772186298e+05
3.891407854255759739e+05
3.866396842315941467e+05
3.832703360898169922e+05
3.826658619077245239e+05
3.815550745667684241e+05
3.780536773794706678e+05
3.771975170195160899e+05
3.705173792378936196e+05
3.663886982033685199e+05
3.660011392463372322e+05
3.633378188090640469e+05
3.616829166240665363e+05
3.609975588133850833e+05
3.593625808113926905e+05
3.544147750884532579e+05
3.526843586412235163e+05
3.513281064192119520e+05
3.503499467099286849e+05
3.499064630499927443e+05
3.485811957865583245e+05
3.480385097288537072e+05
3.462821697708431166e+05
3.459352035180513631e+05
3.450868541178906453e+05
3.442648476346915122e+05
3.415803719800473191e+05
3.392114519896724378e+05
3.386864677287886152e+05
3.385077569868789287e+05
3.339425592704585288e+05
3.337762712382281898e+05
3.327668822271888494e+05
3.320687443948615692e+05
3.310753170614583069e+05
3.307542118298397982e+05
3.290210350104909157e+05
3.267028683691705228e+05
3.255102952167672338e+05
3.244111657217935426e+05
3.232989575292007066e+05
3.225132521207975806e+05
3.173465950020902092e+05
3.144380290607324569e+05
3.131457704395570909e+05
3.110727437166954624e+05
3.087521945061706356e+05
3.067322222650214098e+05
3.058448299077661941e+05
3.054509946902563097e+05
3.052907851455016644e+05
3.036176737319994136e+05
3.023896490948311985e+05
3.015897348422600189e+05
2.994092541241951403e+05
2.976555722294051666e+05
2.974255432603505906e+05
2.965239122157820384e+05
2.946554354863027693e+05
2.939325795176742831e+05
2.913368474244356039e+05
2.908576104778040899e+05
2.897578463749712682e+05
2.873414231218891218e+05
2.857363013887049747e+05
2.847365827095156419e+05
2.838166467952784151e+05
2.830789458279545652e+05
2.824369187383731478e+05
2.815553530863501364e+05
2.811183754840098554e+05
2.808563716068184003e+05
2.795381054816567921e+05
2.788899049941950361e+05
2.775517586806511972e+05
2.760865225584600703e+05
2.749681762543286313e+05
2.748064176887850044e+05
2.746606560103130178e+05
2.738476850754966727e+05
2.722702088092021295e+05
2.720729853476912249e+05
2.711746256605957169e+05
2.702677200134480372e+05
2.682486460244495538e+05
2.680491013995765243e+05
2.677587526962392731e+05
2.660159611572878785e+05
2.655912484788125730e+05
2.648542626276866067e+05
2.622457249738306855e+05
2.615477279832076747e+05
2.609699577950992098e+05
2.585854770262723614e+05
2.584414409246291325e+05
2.577570687249744369e+05
2.570054289996008156e+05
2.568524571049105143e+05
2.557759764877327834e+05
2.554258308322494850e+05
2.545576985215743771e+05
2.543039095895606442e+05
2.537739241862938507e+05
2.526913783455479133e+05
2.519341292117558478e+05
2.516784386618563149e+05
2.512153473385658581e+05
2.498782058482464345e+05
2.490084514681627334e+05
2.480606776208438096e+05
2.476898156126545218e+05
2.472397473776853876e+05
2.469620937879806152e+05
2.463615371723639255e+05
2.460098747126117232e+05
2.456154533742160711e+05
2.454241684710410482e+05
2.447972678066263907e+05
2.441292532912636234e+05
2.431827114501977921e+05
2.422019479168085672e+05
2.419048623088202439e+05
2.411764398026402632e+05
2.392387193074252573e+05
2.391046315789362416e+05
2.388042269337587059e+05
2.381774857036172180e+05
2.377280171848514001e+05
2.370107485923095082e+05
2.365381539126457646e+05
2.355759521734792797e+05
2.342477496147667116e+05
2.331341449768218154e+05
2.328476118369497999e+05
2.323101258195771661e+05
2.321981302510134119e+05
2.309117372106600960e+05
2.303597043063931342e+05
2.300818945681110490e+05
2.297706557930340641e+05
2.292641760720206366e+05
2.289760752148876491e+05
2.278802943371713627e+05
2.276965142641885905e+05
2.276208229213024315e+05
2.273749551547456067e+05
2.269710555840108718e+05
2.264612119661270699e+05
2.257084658921211085e+05
2.254261529648194555e+05
2.253192836263408826e+05
2.243535460796694097e+05
2.235595675072565791e+05
2.223281834184892359e+05
2.222853658341358532e+05
2.217546481196465320e+05
2.212747282564148190e+05
2.208330674980649783e+05
2.201798207637433952e+05
2.197833094369965838e+05
2.189979982155424368e+05
2.187000107733009208e+05
2.183258361954428838e+05
2.178018237583272276e+05
2.177132666551410221e+05
2.168826862165741622e+05
2.165161282567158632e+05
2.158610820621665043e+05
2.155401098389564722e+05
2.144559359653314459e+05
2.140373443312013114e+05
2.133072263952546054e+05
2.131807473931051209e+05
2.129052453304680821e+05
2.125530253268798697e+05
2.114746853007116297e+05
2.114429125922396488e+05
2.102725181104846997e+05
2.102133071549172455e+05
2.096969659462214622e+05
2.094205890588653565e+05
2.092067039956270310e+05
2.085137108986554085e+05
2.081918408452678705e+05
2.077231764804124250e+05
2.076253761846530251e+05
2.073431623680820630e+05
2.070185115973462234e+05
2.066215496595214936e+05
2.062257551057406818e+05
2.060409096281630918e+05
2.046913193330475478e+05
2.042148905063839047e+05
2.038871861680121510e+05
2.029854092101730639e+05
2.026904278608413879e+05
2.024095027644822258e+05
2.020423716379341495e+05
2.016793486488145136e+05
2.015713002407210879e+05
2.013924527170913934e+05
2.011066262351290206e+05
2.008305041620524426e+05
2.005769752715896757e+05
2.003115450467778719e+05
1.994337706340136647e+05
1.985236619591220806e+05
1.983749807337361271e+05
1.979860855127739778e+05
1.975544471874249284e+05
1.969414362615672289e+05
1.967830720124414656e+05
1.965372290773271234e+05
1.963285771308959229e+05
1.959663804955923406e+05
1.954228034178070957e+05
1.952305834151291929e+05
1.947200874412415142e+05
1.945484864951393392e+05
1.943441407007630041e+05
1.942521275297328830e+05
1.937613958822977729e+05
1.936103775067708048e+05
1.929935372917095665e+05
1.929277824661933992e+05
1.924051972475805378e+05
1.915475236671610910e+05
1.912126468366823683e+05
1.909538032016295183e+05
1.906035898974610318e+05
1.897936310738993343e+05
1.896119729146207101e+05
1.889530794930414704e+05
1.886886334793811257e+05
1.886460192171992385e+05
1.884999186668802577e+05
1.881559070634261589e+05
1.879501317810348701e+05
1.877904491572754341e+05
1.875529638341681275e+05
1.873496185503861343e+05
1.868059472637616855e+05
1.866360212486125238e+05
1.863376309341882879e+05
1.859348145763816428e+05
1.857244016259275959e+05
1.855382831379555864e+05
1.847949174968194275e+05
1.846376224829775456e+05
1.845586472017114284e+05
1.842786499326590856e+05
1.835637922946306062e+05
1.832792382821262581e+05
1.829870515285482688e+05
1.827720249072448350e+05
1.827036310947061284e+05
1.825588816273961565e+05
1.822503543389963161e+05
1.819260304447508533e+05
1.815987007732917555e+05
1.815100452577068354e+05
1.809765060930085019e+05
1.806993777363587869e+05
1.802748179626558849e+05
1.801085025371547672e+05
1.800292904201556521e+05
1.794465840865814826e+05
1.792126901847999252e+05
1.789651445551022189e+05
1.786149702544897445e+05
1.783783821328447375e+05
1.778504860992037284e+05
1.775342649983591109e+05
1.773643686921482149e+05
1.770872991334009566e+05
1.767854804101595655e+05
1.765207635551264684e+05
1.761408709891742910e+05
1.758585004532473395e+05
1.755198505534135038e+05
1.749592060571597540e+05
1.746246538146732200e+05
1.744609724012446241e+05
1.742320024479246931e+05
1.741644350966647617e+05
1.736264158872098778e+05
1.735322880173916928e+05
1.732589200002036814e+05
1.729125694774943695e+05
1.725879008715973760e+05
1.725003325002799975e+05
1.719674061752819980e+05
1.718227743584969430e+05
1.715099258298638742e+05
1.711641180708930478e+05
1.709881075011915236e+05
1.707050809447924839e+05
1.704274646191879583e+05
1.701824853974036523e+05
1.700194542213233362e+05
1.697119079360942997e+05
1.692481417209897190e+05
1.691237785139912157e+05
1.688834356705296377e+05
1.685290792251212406e+05
1.684412426626793749e+05
1.682444225969921972e+05
1.680120487863659218e+05
1.676409769980670244e+05
1.674537037676826294e+05
1.674132335149157443e+05
1.670872558293675538e+05
1.667967787034123612e+05
1.663237428687770152e+05
1.661442540007945208e+05
1.659718561229710467e+05
1.659168137566701917e+05
1.655576965635546949e+05
1.653595200344793557e+05
1.647894928988050669e+05
1.647509960331854527e+05
1.645400690504693193e+05
1.642536680993087648e+05
1.641343483096926648e+05
1.639216458734919725e+05
1.635620179751645774e+05
1.632302678739532712e+05
1.631432392395946081e+05
1.625941724678449682e+05
1.622356765769133635e+05
1.619830327703307266e+05
1.618796187014869356e+05
1.611802161868247495e+05
1.610816807126742497e+05
1.610328979524969473e+05
1.607014952707868069e+05
1.601071688885320618e+05
1.599514358633038355e+05
1.597223783672290156e+05
1.593639886368228472e+05
1.592546573828905239e+05
1.590317661714647838e+05
1.588241224998639373e+05
1.587539827264986816e+05
1.583868910932805738e+05
1.580652997533165326e+05
1.576369856527645024e+05
1.572995094555194082e+05
1.572113673479651334e+05
1.570586057541832270e+05
1.567814068506818439e+05
1.563830213367023680e+05
1.561033632224126486e+05
1.558150740582797735e+05
1.557463475130064180e+05
1.555096918948046805e+05
1.551772068394272355e+05
1.548823710827556788e+05
1.547813954158003035e+05
1.545658704498189618e+05
1.545119258823873242e+05
1.542722730746382731e+05
1.541768078606694180e+05
1.535075350572003517e+05
1.534167028118182207e+05
1.531063777687947731e+05
1.527877573380307585e+05
1.525018229615330638e+05
1.523643513492547208e+05
1.522204781559334078e+05
1.521076143167154514e+05
1.518168396342740452e+05
1.516873685471667559e+05
1.511989182427956548e+05
1.510296400649243442e+05
1.508444051154164481e+05
1.506122586297806120e+05
1.504620445925297972e+05
1.502830526696387096e+05
1.500258924299795763e+05
1.498628031757451827e+05
1.495071600224221183e+05
1.494080476336631691e+05
1.492147624530072790e+05
1.491118798012777988e+05
1.487894710836208833e+05
1.486208433118346729e+05
1.485375047071620356e+05
1.482533087074828509e+05
1.481864712835770333e+05
1.478321556421560235e+05
1.476931327643237310e+05
1.475457571851866087e+05
1.473074395297650772e+05
1.472092739578640030e+05
1.471752112456181785e+05
1.467065337713082554e+05
1.464775693012799893e+05
1.462742315407721035e+05
1.459217759791391145e+05
1.455224343813984306e+05
1.452525491669943149e+05
1.452328789446048031e+05
1.449704272023960948e+05
1.447078161525724572e+05
1.445556685696771892e+05
1.442679299985510006e+05
1.441306583776595071e+05
1.439462308494216704e+05
1.434340298563590331e+05
1.432963801277914608e+05
1.431810785026213271e+05
1.430036637459140329e+05
1.429172578415377357e+05
1.427629054992063320e+05
1.423588734329904255e+05
1.422606376827852800e+05
1.419313989822637523e+05
1.418229303796609747e+05
1.416409495401303575e+05
1.415303028467430559e+05
1.412625188600646507e+05
1.407505626203180873e+05
1.407168362689187343e+05
1.405755226012601634e+05
1.402391273839764763e+05
1.401253288614579651e+05
1.399894178836178326e+05
1.397167239772763860e+05
1.394036965578220843e+05
1.392356347759311320e+05
1.391961368495018687e+05
1.386801406138463935e+05
1.383254508256697736e+05
1.381029104530535406e+05
1.378012848845764529e+05
1.374663612840812129e+05
1.373528215884351521e+05
1.372576289045376761e+05
1.371516151568834321e+05
1.369856486177375482e+05
1.367577840260689263e+05
1.366426775540073286e+05
1.362619191931321693e+05
1.361982056892738619e+05
1.360952916228226386e+05
1.359280014916279470e+05
1.357201672344203107e+05
1.354224286306441354e+05
1.353657887505227118e+05
1.349140291863233142e+05
1.347662342676559638e+05
1.344925954520246014e+05
1.343682184427076718e+05
1.340985438683924731e+05
1.339196287802512234e+05
1.336002514299053000e+05
1.334482800054927648e+05
1.332608408953785256e+05
1.331013528442497191e+05
1.328786874372327002e+05
1.326230959304652642e+05
1.321599084416902624e+05
1.320391281554910820e+05
1.317564618540089577e+05
1.316364022043033619e+05
1.315524288954126241e+05
1.313639607594631962e+05
1.310189326552106504e+05
1.308624209653462167e+05
1.305176953177011746e+05
1.303394476367125899e+05
1.300618323374044558e+05
1.299172772411569167e+05
1.297700115621736477e+05
1.296254720691455150e+05
1.292899435825645924e+05
1.291190083417249698e+05
1.289803658635686734e+05
1.286691665411486028e+05
1.286141007215057325e+05
1.282934460237747699e+05
1.282431387384204718e+05
1.279146040301207686e+05
1.278104278156164219e+05
1.276613085976006696e+05
1.273381107665464660e+05
1.272208815448561654e+05
1.268302296625677118e+05
1.267582479870483076e+05
1.265460658215488802e+05
1.264212639386513329e+05
1.259330058386123128e+05
1.258845227529490658e+05
1.256540948897667986e+05
1.254788775562729570e+05
1.252952307871443336e+05
1.251659976350002689e+05
1.248685588261828671e+05
1.247079005824218621e+05
1.245209918650525360e+05
1.241085097143301537e+05
1.239411303369936068e+05
1.238803111550783942e+05
1.238274995552793698e+05
1.233860028142776864e+05
1.230467796067439485e+05
1.229705933834277239e+05
1.225319176697852818e+05
1.224549012294640415e+05
1.222808697093597730e+05
1.218688558496624028e+05
1.217737681473962730e+05
1.216781779680391774e+05
1.215614368034921208e+05
1.214261450523683598e+05
1.212698393004738900e+05
1.209645224574096210e+05
1.208191753756041726e+05
1.206871590973222192e+05
1.204672539689098339e+05
1.202102185724744049e+05
1.201039955219347321e+05
1.198730442936994514e+05
1.198144527297770110e+05
1.197149377481778210e+05
1.194803044586837204e+05
1.192909229927036504e+05
1.190477089418685209e+05
1.188760498768778634e+05
1.187378618864589662e+05
1.184457157822534500e+05
1.184006369923305610e+05
1.181277664655533299e+05
1.180251475363616628e+05
1.178427860351134295e+05
1.176614628940380353e+05
1.175697312504124275e+05
1.174105492955859663e+05
1.173005425003948185e+05
1.170897849748055451e+05
1.168160612631646509e+05
1.163595977215076709e+05
1.162080275860051333e+05
1.159786365789171832e+05
1.158176741578408109e+05
1.157283197479003284e+05
1.155066583881258412e+05
1.152997496666520747e+05
1.152248015646147542e+05
1.151493763492603466e+05
1.149388135008347454e+05
1.146751219156768348e+05
1.145567278087444865e+05
1.144177207232599758e+05
1.140683041112071951e+05
1.138228005336082133e+05
1.137857550866261154e+05
1.136748064207581920e+05
1.133792689507645846e+05
1.133413864667006856e+05
1.132462932317785744e+05
1.131188684663857130e+05
1.126006182809520687e+05
1.123727594776935439e+05
1.122386684350154683e+05
1.121535394204647164e+05
1.118686856027959584e+05
1.116385714560006454e+05
1.115605909675289877e+05
1.114502648083089007e+05
1.113465083171786973e+05
1.111483078862113034e+05
1.110272034469995851e+05
1.108849881835743581e+05
1.107223719307690917e+05
1.104115812051208195e+05
1.099900114604176779e+05
1.098148244534481346e+05
1.097532791970071994e+05
1.095612701729071123e+05
1.094030685006434214e+05
1.091438027354920050e+05
1.089204245455547207e+05
1.088392343747586710e+05
1.087634247589777515e+05
1.083168847910457407e+05
1.082647501102507813e+05
1.080549562938251329e+05
1.080251996864143730e+05
1.077277212400311982e+05
1.076661709739624785e+05
1.072665257662133808e+05
1.069774986053735192e+05
1.065111288168989267e+05
1.063228124502009887e+05
1.060856983555695770e+05
1.059286459122264787e+05
1.059061861994217325e+05
1.056563647620415577e+05
1.053916720333378325e+05
1.051715675205019943e+05
1.049234994851247175e+05
1.047787889950972021e+05
1.043669634146960598e+05
1.039462988656232046e+05
1.035934895477255777e+05
1.034062240699560498e+05
1.032510948554660572e+05
1.029424647837381781e+05
1.028934705520695861e+05
1.025353238678585039e+05
1.024827236241064093e+05
1.021628218099474616e+05
1.020839748289069103e+05
1.020743635070738237e+05
1.018307856254510698e+05
1.017018759165572847e+05
1.012853886250218638e+05
1.012344953821838862e+05
1.010492671064354363e+05
1.009021402985341992e+05
1.007138500046819536e+05
1.005407359904990881e+05
1.002508162680163950e+05
1.000581734526984510e+05
1.000024887932165584e+05
9.991667217273953429e+04
9.978899185379428673e+04
9.957858781963806541e+04
9.920325479821195768e+04
9.888469808659394039e+04
9.861815112266883079e+04
9.843620495750461123e+04
9.822119598044798477e+04
9.795166054144917871e+04
9.781787789889515261e+04
9.766465358349679445e+04
9.741420642556606617e+04
9.739252674985500926e+04
9.709414373733942921e+04
9.706829533355135936e+04
9.688492967421715730e+04
9.671344852829251613e+04
9.634422247514466289e+04
9.606372226637207496e+04
9.604745931724413822e+04
9.592267257108577178e+04
9.584480922113667475e+04
9.545433932938941871e+04
9.533944952280982397e+04
9.511487344313746144e+04
9.486632743701207801e+04
9.473826579115334607e+04
9.467563044220386655e+04
9.445494114210669068e+04
9.435938867304081214e+04
9.423053238720721856e+04
9.421567916187706578e+04
9.413067246298376995e+04
9.401415716048354807e+04
9.396138220679384540e+04
9.346975390052596049e+04
9.344742191090776760e+04
9.342280501081659168e+04
9.337376494829633157e+04
9.320826148544812168e+04
9.299766857645443815e+04
9.284138592822295323e+04
9.270194674884980486e+04
9.247523845422384329e+04
9.239037761763281014e+04
9.228405267775211541e+04
9.213236078796409129e+04
9.205330891066731419e+04
9.197064855846800492e+04
9.185082366869584075e+04
9.165627072644722648e+04
9.149416016208600195e+04
9.130981707756663673e+04
9.125377125861078093e+04
9.119265519288013456e+04
9.110901692121039378e+04
9.088794187872798648e+04
9.085754177633789368e+04
9.074858600234321784e+04
9.067818074177432572e+04
9.060033939175677369e+04
9.040528127293360012e+04
9.028341634801066539e+04
9.020294660821375146e+04
8.985939602847577771e+04
8.980699981373724586e+04
8.960066613671340747e+04
8.954830100570702052e+04
8.942491138967403094e+04
8.933046538917654834e+04
8.917084400360258587e+04
8.908169745762246021e+04
8.893909410940864473e+04
8.866928653263411252e+04
8.846746978893854248e+04
8.807894154467864428e+04
8.790069874285047990e+04
8.774938591441328754e+04
8.756603060311387526e+04
8.747809667306556366e+04
8.720799642815522384e+04
8.708355456168561068e+04
8.693255854815512430e+04
8.666606549674867711e+04
8.653745155794979655e+04
8.644460091760050273e+04
8.623361414555129886e+04
8.593120426046954526e+04
8.562992749269008345e+04
8.560217930920621438e+04
8.543646447289593925e+04
8.531713469360767340e+04
8.527200918911417830e+04
8.499068143685604446e+04
8.457393104210389720e+04
8.416659393186404486e+04
8.396255396356068377e+04
8.384574305493540305e+04
8.375914729166212783e+04
8.362356633776293893e+04
8.359054690541471064e+04
8.324232302530082234e+04
8.306510687720002898e+04
8.293693459767221066e+04
8.278251243947594776e+04
8.262300374964189541e+04
8.241473444305369048e+04
8.227683465979101311e+04
8.221526065351616126e+04
8.200128641898497881e+04
8.179471449602216308e+04
8.161545984725009475e+04
8.149138618587679230e+04
8.132074190692673437e+04
8.105176606597396312e+04
8.100173942179373989e+04
8.080449328675925790e+04
8.061857296486076666e+04
8.042114287447900278e+04
8.036629874228413973e+04
8.000227745344485447e+04
7.972305236723982671e+04
7.967865571424606605e+04
7.942828769819512672e+04
7.930624658258802083e+04
7.905955108959185600e+04
7.886020186492004723e+04
7.868483639306132682e+04
7.857746013637258147e+04
7.841047315990722564e+04
7.830930692926932534e+04
7.822522533052231302e+04
7.817412734098082001e+04
7.787841215358716727e+04
7.726443526819364342e+04
7.724316915678248915e+04
7.712250740388290433e+04
7.702282694192184135e+04
7.680427874700207030e+04
7.661856059626783826e+04
7.629268089380090532e+04
7.626690211310712039e+04
7.609684944839932723e+04
7.594163644169653708e+04
7.574246006766607752e+04
7.546636696010582091e+04
7.528324194746682770e+04
7.504756144231722283e+04
7.500374947027824237e+04
7.480408877629322524e+04
7.473850826926688023e+04
7.464194078089896357e+04
7.454987291724015085e+04
7.443930462204219657e+04
7.409491481864955858e+04
7.391003497113242338e+04
7.374667958867443667e+04
7.358531811801024014e+04
7.338481489163807419e+04
7.320646884548505477e+04
7.311534680385347747e+04
7.266247282495514082e+04
7.256500049994330038e+04
7.251898782068527362e+04
7.248741821114929917e+04
7.242926533170812763e+04
7.210043939251714619e+04
7.186174386694986606e+04
7.181646658352276427e+04
7.143221701664858847e+04
7.114098490052302077e+04
7.108619518439556123e+04
7.076849104325045482e+04
7.052494579584228632e+04
7.047040046653333411e+04
7.033028067284540157e+04
7.024471941138566763e+04
6.992832479394429538e+04
6.980298085358872777e+04
6.965223682375223143e+04
6.941892628541373415e+04
6.912499233845414710e+04
6.899464220592171478e+04
6.893253298359732435e+04
6.890397106191211788e+04
6.842558739381382475e+04
6.835194261637990712e+04
6.828176606212307524e+04
6.825515255614559283e+04
6.811822984231400187e+04
6.801027555785978620e+04
6.791709259668739105e+04
6.785447647656511981e+04
6.784264106962767255e+04
6.778067196222122584e+04
6.766476659011228185e+04
6.763417031650044373e+04
6.760365473732676764e+04
6.740046432673634263e+04
6.729697987898618157e+04
6.724444407137131202e+04
6.714061969134648098e+04
6.703130551407109306e+04
6.687970173577875539e+04
6.676520033967321797e+04
6.667183868374895246e+04
6.660810249775976990e+04
6.617109504860240850e+04
6.580021404082582740e+04
6.560236710434989072e+04
6.537416266165665002e+04
6.530092956921236328e+04
6.500693300544170052e+04
6.497909597188022599e+04
6.492727845855569467e+04
6.467373458569357172e+04
6.452605091707534302e+04
6.451862930232249346e+04
6.445271680603487039e+04
6.435324635280187067e+04
6.411826621974209411e+04
6.404620306943226751e+04
6.391731215005262493e+04
6.388253453497314331e+04
6.383001685604631348e+04
6.377824565669299773e+04
6.346373307814208965e+04
6.334494902368403564e+04
6.325673089117275958e+04
6.324104142520358437e+04
6.315619536066833825e+04
6.284702991058213956e+04
6.256684487947981688e+04
6.243630845540684822e+04
6.188597900492580811e+04
6.164849598350260931e+04
6.160684915123962855e+04
6.120206006675334356e+04
6.098981482273744041e+04
6.096650330390891759e+04
6.089492493192954862e+04
6.077911358846479561e+04
6.072635012742214894e+04
6.063007191780624271e+04
6.061878156897389999e+04
6.060588737611818942e+04
6.058467028061113524e+04
6.048309777230713371e+04
6.046647421918403415e+04
6.045908207185872016e+04
6.043385202531568211e+04
6.039160142323897162e+04
6.027643747428353527e+04
6.019333404735165823e+04
6.005160211694945610e+04
5.999764087916676363e+04
5.969457347870054218e+04
5.963592238198804262e+04
5.954333562286918459e+04
5.953282245074239472e+04
5.944679758865804615e+04
5.922695925929307850e+04
5.898923320504154981e+04
5.860879030599646649e+04
5.857523214654874027e+04
5.847952590641323332e+04
5.833452915676558041e+04
5.810683936112569791e+04
5.804664051033432770e+04
5.799943357811302121e+04
5.795753327950890525e+04
5.786956925337638677e+04
5.781130743662739405e+04
5.771293707955412538e+04
5.761717490482878929e+04
5.747798856281111512e+04
5.736531387613183324e+04
5.733495572298189654e+04
5.731488936202386685e+04
5.726995021473459201e+04
5.725400723405655299e+04
5.715636578292500781e+04
5.715099718427970947e+04
5.712717552679216897e+04
5.691104935645879596e+04
5.677094091474654851e+04
5.671652376344155346e+04
5.648516119452870043e+04
5.623517888678006420e+04
5.622383903513650148e+04
5.613980581762644579e+04
5.606543968455120921e+04
5.605591790714446688e+04
5.600643798123166926e+04
5.595451350512055797e+04
5.567762185668705206e+04
5.563376416387253994e+04
5.556374796618284017e+04
5.543626641551079229e+04
5.543175450588631065e+04
5.540442667873661412e+04
5.519588258437448530e+04
5.491091547404958692e+04
5.481817373441566451e+04
5.480601217160060332e+04
5.456229057999254292e+04
5.445371631299048022e+04
5.439653836050288373e+04
5.416344435909044842e+04
5.405501967375017557e+04
5.376791579205261223e+04
5.357086899783024273e+04
5.351380487307313160e+04
5.346199803050958144e+04
5.332768093867564312e+04
5.313538615648148698e+04
5.303700895009682426e+04
5.275354994476989668e+04
5.247313495754572796e+04
5.226430282889816590e+04
5.204466277224340593e+04
5.196965856898450147e+04
5.180855493679286883e+04
5.174156215890766907e+04
5.170019556766366441e+04
5.133470902233656670e+04
5.127720757854127442e+04
5.112395052517083968e+04
5.107729477634180512e+04
5.098562817175746750e+04
5.088451035129791126e+04
5.087765610117473261e+04
5.079865707382928667e+04
5.069172587052232848e+04
5.061897681786718749e+04
5.053319792615307233e+04
5.001767384320633573e+04
4.982400487087241345e+04
4.979750575944635784e+04
4.966284663025847112e+04
4.930020876864902675e+04
4.923048683931383130e+04
4.920595408273978683e+04
4.884450898391929513e+04
4.872913401841904852e+04
4.870082804023959761e+04
4.841782853876781155e+04
4.825115383314407518e+04
4.817848221138420922e+04
4.813986179335536144e+04
4.797927272217296559e+04
4.793446209514638031e+04
4.787106402598977002e+04
4.783805030884595908e+04
4.761821729386489460e+04
4.746296391978165775e+04
4.745389462703130994e+04
4.736868351284196979e+04
4.723172504574878985e+04
4.697397412641122355e+04
4.695498560138851462e+04
4.683378897415327810e+04
4.680880052545586659e+04
4.653945656484087522e+04
4.641771458198253822e+04
4.640926829987126985e+04
4.620715793119160662e+04
4.607678946993064892e+04
4.598596707288015750e+04
4.593537613553201663e+04
4.566346931363199838e+04
4.564829421911671670e+04
4.563935191829741234e+04
4.555430978153416800e+04
4.550311360799885006e+04
4.545660324250076519e+04
4.506211360136971780e+04
4.504927786892793665e+04
4.490374748010539770e+04
4.489704961333005485e+04
4.487465415425039100e+04
4.484108056770487019e+04
4.455926285050049046e+04
4.449737102703769051e+04
4.447481519565396593e+04
4.439837018866307335e+04
4.435485090229265916e+04
4.425748077392129926e+04
4.421045766157840990e+04
4.413955772406380856e+04
4.405546259171485144e+04
4.393926999185472232e+04
4.363659886303755775e+04
4.356191285431892902e+04
4.334420404208594846e+04
4.329771269172331813e+04
4.326745810874992458e+04
4.304469625556322717e+04
4.290946110039345513e+04
4.282925553446468257e+04
4.181058286276875151e+04
4.177615396266055177e+04
4.156333620011146559e+04
4.153128031613531493e+04
4.147523265016248479e+04
4.123003992000153085e+04
4.118401388193546154e+04
4.109580876629723207e+04
4.088284130797736725e+04
4.083721769900060463e+04
4.047612615895093040e+04
4.033752501296959963e+04
4.024996088759435224e+04
4.012535289778497099e+04
3.994393978457199410e+04
3.986487630150275800e+04
3.976159796381921478e+04
3.971898542575819010e+04
3.942677110143160098e+04
3.939717804972357408e+04
3.932805201206735364e+04
3.895579149738104752e+04
3.849256315658298263e+04
3.837841369796352956e+04
3.823852362416425603e+04
3.810086456409347011e+04
3.783136615126285324e+04
3.778889308253962372e+04
3.767238985664513893e+04
3.760727973372372071e+04
3.745870031715139339e+04
3.729735461609229969e+04
3.728201092706439522e+04
3.715330325961349445e+04
3.709884688158482459e+04
3.699461506026143616e+04
3.698297109943223768e+04
3.690023208273509954e+04
3.687291917325222312e+04
3.684337674695679743e+04
3.682821591254598025e+04
3.661660708841281303e+04
3.651092469241555227e+04
3.629267342316993745e+04
3.621011731945828069e+04
3.604466940592309402e+04
3.600584938043155125e+04
3.587157422169554047e+04
3.578997915890034346e+04
3.560404064364558144e+04
3.544159863353724359e+04
3.541699661267573538e+04
3.518462250630219205e+04
3.513338848122430500e+04
3.506979664469141426e+04
3.496376961018296424e+04
3.493115462365991698e+04
3.475744187857516226e+04
3.474403982710681885e+04
3.467738373675086041e+04
3.453999447280579625e+04
3.450742232505104766e+04
3.439921057959527388e+04
3.416388725121478637e+04
3.401920463788689085e+04
3.400055714414109389e+04
3.381324639419042796e+04
3.361440576521964977e+04
3.358770040506392252e+04
3.334245304648172169e+04
3.314129820836186263e+04
3.303978863420367998e+04
3.289514930418090808e+04
3.289413942178830621e+04
3.244534718489903753e+04
3.241535543642832999e+04
3.229331287949615216e+04
3.227662914539518169e+04
3.217206189265378271e+04
3.209524162286829960e+04
3.197086297082022793e+04
3.189669756794615387e+04
3.179253570161317475e+04
3.177868781943338763e+04
3.155645146875354840e+04
3.153746444307019556e+04
3.152011744404695492e+04
3.127666745262694894e+04
3.111121304732471981e+04
3.077928807727844833e+04
3.075576427462940410e+04
3.034336456779013679e+04
2.999631015371840840e+04
2.985861809082984109e+04
2.985022295872945324e+04
2.978202812064985483e+04
2.942187652179491124e+04
2.939287455978787330e+04
2.898895927029019367e+04
2.896518714226215889e+04
2.876556656244059559e+04
2.857544172411934414e+04
2.828705682449688902e+04
2.822946713596280824e+04
2.806664863829964088e+04
2.806350455902712201e+04
2.800211686557131543e+04
2.777845194741407613e+04
2.771976997242318612e+04
2.728153235157726158e+04
2.726431554363108808e+04
2.704258902402328386e+04
2.688844507216009151e+04
2.672807148301509005e+04
2.658958269609254785e+04
2.648827315040403118e+04
2.638025944430634263e+04
2.632052110248819008e+04
2.628960134572237075e+04
2.606681335165465134e+04
2.605982891804073734e+04
2.597488491492632966e+04
2.579380498108780375e+04
2.562643230089807548e+04
2.557368548097558596e+04
2.553638086491408103e+04
2.537509302760194259e+04
2.523812775403172782e+04
2.520165329331715475e+04
2.509626039957578541e+04
2.506085813255227913e+04
2.498251739621562956e+04
2.482233259305100728e+04
2.468107053857607389e+04
2.462369233093206640e+04
2.429480331131361163e+04
2.423646799520267814e+04
2.408561832578959002e+04
2.364014533560115888e+04
2.326272650379444531e+04
2.319880743659660584e+04
2.288205508135941636e+04
2.267599367569708920e+04
2.255838184634905338e+04
2.252590896915566191e+04
2.249045803570139833e+04
2.234479685583390528e+04
2.229912082687049042e+04
2.211226400770125838e+04
2.209968239151496164e+04
2.198099499600809941e+04
2.193855331546557136e+04
2.185350755994283099e+04
2.162850600937876152e+04
2.155232058501244683e+04
2.148676941580372295e+04
2.138409597015193503e+04
2.124651785041684707e+04
2.109892777055308761e+04
2.105558995970043907e+04
2.068214412622122472e+04
2.047721532151211431e+04
2.028651068668330481e+04
2.023489261763634931e+04
1.996430161583885638e+04
1.952789390191360144e+04
1.939645665505677243e+04
1.919236112785287696e+04
1.886268328753711103e+04
1.882938479116868621e+04
1.880044574041315354e+04
1.871871925931443911e+04
1.871403102343673163e+04
1.858800040685855492e+04
1.849309602122173237e+04
1.848816746542393230e+04
1.831268101072512218e+04
1.757852144134767514e+04
1.757336098053326714e+04
1.733012193278256018e+04
1.731090147431522200e+04
1.728001487298256689e+04
1.717450182099454832e+04
1.703173750991015913e+04
1.692965444640298301e+04
1.684450288431152876e+04
1.682769944159339866e+04
1.650228092986281990e+04
1.569889079002172002e+04
1.559992067768985726e+04
1.519861471512010394e+04
1.514512759047850341e+04
1.500307695418773255e+04
1.480534383840550800e+04
1.476875814316453580e+04
1.474980404907383854e+04
1.463944263715431407e+04
1.456547642265551440e+04
1.437989355774302203e+04
1.427951838791793853e+04
1.417279673610282043e+04
1.391906882108601530e+04
1.343014627407754051e+04
1.341188224903865193e+04
1.324150524630541804e+04
1.313380510054647493e+04
1.310015833975040550e+04
1.306661226202104808e+04
1.290127915507730904e+04
1.284188467319724077e+04
1.268395546000104514e+04
1.260321341867522278e+04
1.260153851706054957e+04
1.242298532467290534e+04
1.234163457360424763e+04
1.219224263370961307e+04
1.218478996624564388e+04
1.207529794677906284e+04
1.202305082520940960e+04
1.191401219377636153e+04
1.183413585595009499e+04
1.180632569244408842e+04
1.177841588636491906e+04
1.154941193385773840e+04
1.138024068563951914e+04
1.094651750591944619e+04
1.092425048534298003e+04
1.082545157278126680e+04
1.073507972070839605e+04
1.072945607375404688e+04
1.065368209627138094e+04
1.035248316835932019e+04
1.021975874904901866e+04
1.007693345336101993e+04
1.002188920194691309e+04
9.787066831576115874e+03
9.291448056544773863e+03
9.260311626616001377e+03
9.181464777312665319e+03
8.967485819618088499e+03
8.889927390995486348e+03
8.785584424760971160e+03
8.661820722899137763e+03
8.309690628566522719e+03
8.250213968264166397e+03
8.074013956907120701e+03
7.883376474459061683e+03
7.767585684899016996e+03
7.683363803042376276e+03
7.541888681375543456e+03
7.341251857050875515e+03
7.285421667383451677e+03
7.196945822098288772e+03
7.177996474672790100e+03
7.095988201494173154e+03
7.023158856474206004e+03
7.019336682121333070e+03
6.882516478848894621e+03
6.547611565424370383e+03
6.380701911682202990e+03
6.363404246041977785e+03
6.253202989804937715e+03
6.169876611738807696e+03
6.090315623330353446e+03
6.055779023498183051e+03
5.844005581908259956e+03
5.660431856435119698e+03
5.578175672159691203e+03
5.492187135895092979e+03
5.383967063178942226e+03
5.328817501839673241e+03
5.151065808687138087e+03
5.066034170627916865e+03
5.018360505566924076e+03
4.834183394496316396e+03
4.795075504071007344e+03
4.683116142617757760e+03
4.670343277696128098e+03
4.526811394496534376e+03
4.400177642322387328e+03
4.334882160452821154e+03
4.210908755808855858e+03
3.689872680022448094e+03
3.683198815148843096e+03
3.508520818509970923e+03
3.443483463271064466e+03
3.316072351050352154e+03
3.220105121658675671e+03
3.170160765151588294e+03
3.041063954713154544e+03
2.953778944110072189e+03
2.912605965246418236e+03
2.816690783899735834e+03
2.221543789903984816e+03
1.832465108243555960e+03
