1.030605458043704554e+07
8.784692883066495880e+06
8.273733194308357313e+06
8.258161247656145133e+06
8.036720298753877170e+06
8.004851982097988948e+06
7.922478794071328826e+06
7.845210591315265745e+06
7.740411337017882615e+06
7.626103147035193630e+06
7.476602969132368453e+06
7.437524790160811506e+06
7.390008369582909159e+06
6.996120814834764227e+06
6.837133545460677706e+06
6.396410687623549253e+06
6.333364452421337366e+06
6.328765705799214542e+06
6.314563080419469625e+06
6.291418980250797234e+06
6.252032584210922942e+06
6.215157702487626113e+06
6.191840790162042715e+06
6.142067757216520607e+06
5.994833710646454245e+06
5.952592603992255405e+06
5.903588603096497245e+06
5.755545257712963037e+06
5.735358570214351639e+06
5.682366744538485073e+06
5.622575400546699762e+06
5.607423222275173292e+06
5.544230213415466249e+06
5.521531442584481090e+06
5.468735564153423533e+06
5.398021128535237163e+06
5.384564461551614106e+06
5.383268445354681462e+06
5.362179505147245713e+06
5.353172762497656979e+06
5.257925366921856068e+06
5.182423992248333991e+06
5.179745842161029577e+06
5.134963560891407542e+06
5.134329338682985865e+06
5.123234316199996509e+06
5.079909204297079705e+06
5.067548824918871745e+06
5.048894759228726849e+06
5.033417534405739978e+06
4.985841308481032960e+06
4.956247468095908873e+06
4.920321096178074367e+06
4.859963488015186042e+06
4.834786905377397314e+06
4.812184276457567699e+06
4.794494134663515724e+06
4.762253735569864511e+06
4.744781122325417586e+06
4.724074898790714331e+06
4.650895534255417064e+06
4.649537836999614723e+06
4.635061657812126912e+06
4.628116319027326070e+06
4.589293778590845875e+06
4.546804138647438027e+06
4.535414313846352510e+06
4.483585478296387009e+06
4.450116343053029850e+06
4.407754318292222917e+06
4.378616123156527989e+06
4.360933914300180972e+06
4.311532586312529631e+06
4.271440788300540298e+06
4.255859472196537070e+06
4.221445145532813855e+06
4.196371843103900552e+06
4.183381209164680913e+06
4.176780585794286337e+06
4.169781517210275400e+06
4.158651145219093654e+06
4.148573026024042163e+06
4.128362864456684329e+06
4.120398897531200200e+06
4.107875888293353841e+06
4.102891704790881835e+06
4.098529371743458789e+06
4.068743422742179595e+06
4.065851720611885190e+06
4.063057561561380979e+06
4.059399089289815631e+06
4.059332267736431677e+06
4.054314926056352444e+06
4.017369731736795511e+06
4.006983895521408413e+06
3.957616324868110940e+06
3.936601895537806675e+06
3.880211887025105767e+06
3.845470744531095959e+06
3.832792191321163438e+06
3.826526933115726337e+06
3.807664206210108940e+06
3.753705343246247154e+06
3.742992600165293552e+06
3.699592694728688803e+06
3.683128080490210559e+06
3.663532255321360193e+06
3.655436517458927818e+06
3.651720964655773249e+06
3.649708763841778506e+06
3.647375577210977674e+06
3.639558955049854238e+06
3.637277974667735398e+06
3.634102968327513430e+06
3.625363750764185097e+06
3.624164166236026678e+06
3.619730204148434568e+06
3.617937760344925337e+06
3.611789809032295365e+06
3.600712201478375588e+06
3.564400752701480407e+06
3.544552898755491711e+06
3.526267091029417235e+06
3.502309514122435357e+06
3.492159071906533558e+06
3.483777295694077853e+06
3.475183768349037040e+06
3.460606364437262528e+06
3.448291023159212433e+06
3.442458828332758974e+06
3.416230617759198882e+06
3.412194406242794823e+06
3.402521841918456834e+06
3.399749158703424502e+06
3.389237354145648424e+06
3.383399628519303165e+06
3.379795356027463451e+06
3.371591405577320140e+06
3.367122783526889514e+06
3.361638596648978535e+06
3.354763023235965520e+06
3.334995726928000804e+06
3.329561843394916039e+06
3.313743237054385711e+06
3.298596263526109047e+06
3.280800570031906478e+06
3.264666528942293022e+06
3.235475464270432945e+06
3.224711524480141234e+06
3.219952373837876134e+06
3.190374889627834316e+06
3.188625678271177690e+06
3.175594402017540764e+06
3.172927828081166372e+06
3.163225847306393087e+06
3.155600664460733999e+06
3.132397723008736968e+06
3.118153172033806797e+06
3.114456437575541437e+06
3.097480337378725410e+06
3.091740230859505013e+06
3.066197043195136823e+06
3.057074485132417176e+06
3.045956721273927484e+06
3.030668846254792530e+06
3.023469041642890312e+06
3.020010187199024949e+06
3.001813248553086072e+06
2.997990637320797425e+06
2.993623177668624092e+06
2.985596170662370510e+06
2.979712204820115119e+06
2.970961515135241672e+06
2.961189393204888795e+06
2.944512625762259588e+06
2.929716120784179773e+06
2.909009629844142124e+06
2.903531679507139605e+06
2.879464984385688789e+06
2.866352961481302977e+06
2.849977367109153420e+06
2.842361801505171694e+06
2.824389977534255479e+06
2.804776343959910329e+06
2.786277515084356535e+06
2.777380626216965728e+06
2.770090868835259695e+06
2.758670924460904207e+06
2.755957047108106315e+06
2.738184150790343527e+06
2.736191595442681573e+06
2.735188270037311595e+06
2.728366012499760836e+06
2.723654355007867794e+06
2.722079106905134395e+06
2.714447247718238272e+06
2.709390515863700304e+06
2.704145227333198301e+06
2.695153904186479282e+06
2.688261167566337157e+06
2.666428791182940826e+06
2.658319019373361487e+06
2.654524444052668754e+06
2.646621536728991196e+06
2.635629833787201438e+06
2.626337550931909587e+06
2.624124229587379377e+06
2.612270812970845029e+06
2.608628315833763219e+06
2.605357296840338036e+06
2.600996222979910672e+06
2.596757928564480040e+06
2.588151925492377486e+06
2.582200201633309014e+06
2.575156694304545876e+06
2.574038907140799798e+06
2.563180978876962792e+06
2.538293911782800220e+06
2.535274752716573421e+06
2.526014409825509414e+06
2.520832734484940302e+06
2.513959262483269908e+06
2.498035193891054485e+06
2.493207212143908255e+06
2.484194976468956098e+06
2.481757658044661861e+06
2.477528886453352869e+06
2.474910380714797881e+06
2.468409622896511108e+06
2.462492197330422234e+06
2.452017388161437586e+06
2.443800913511249237e+06
2.434222677777132485e+06
2.431153641423633322e+06
2.425735585142837837e+06
2.418282498785953969e+06
2.414468352299003396e+06
2.409946830704135355e+06
2.407759616657798644e+06
2.402351943811736070e+06
2.392081185035219882e+06
2.388746203604480252e+06
2.383662371668990701e+06
2.375579723128578626e+06
2.372136773561974987e+06
2.364297820325568318e+06
2.362315683882022277e+06
2.355634452443271875e+06
2.352686129064932466e+06
2.350140264100783039e+06
2.349218348693926353e+06
2.347001790147928987e+06
2.343652026247118600e+06
2.339917813679989893e+06
2.330069853134347592e+06
2.324187461575376336e+06
2.320235401009709109e+06
2.314983703198653646e+06
2.307430200721665751e+06
2.303613622524734121e+06
2.301365735354637261e+06
2.294994405034914613e+06
2.293727728781709913e+06
2.289108617358773481e+06
2.286451886997963302e+06
2.267798774483773857e+06
2.259705800123165827e+06
2.257770146581050474e+06
2.246606405745396391e+06
2.236117225419502705e+06
2.226572571367380675e+06
2.222610174060245045e+06
2.214663992980412673e+06
2.211132506093698554e+06
2.210040036938700825e+06
2.208708531452604104e+06
2.206040517356018536e+06
2.204310570428380743e+06
2.198109242146769539e+06
2.196531050506886095e+06
2.194811815381676890e+06
2.192165948540294543e+06
2.186024523782133125e+06
2.184229238461878151e+06
2.182879681053903420e+06
2.180120018351867329e+06
2.174420862868400291e+06
2.164331658548347186e+06
2.155819022200085223e+06
2.149342626441533677e+06
2.147174310397957917e+06
2.138958519863026217e+06
2.129803742534153629e+06
2.113163200854028575e+06
2.113141007043230347e+06
2.109131033838764764e+06
2.102331218288428150e+06
2.100030222671735100e+06
2.086930092001842102e+06
2.085326223364577629e+06
2.083759995672915597e+06
2.080756618182030274e+06
2.073210487226534402e+06
2.067845770011167508e+06
2.057363872102166060e+06
2.046624993885583011e+06
2.043843007842101390e+06
2.041781790452125249e+06
2.039701275946229231e+06
2.037932965427248040e+06
2.036255556990387384e+06
2.029418784472628729e+06
2.027111967907281825e+06
2.023684893188349670e+06
2.022908928926958470e+06
2.021696375590597279e+06
2.019074804962961469e+06
2.017453932433844777e+06
2.015199905058872188e+06
2.008976430452597095e+06
2.007223769252683502e+06
1.999634828913231147e+06
1.993396787751124473e+06
1.987361502361561870e+06
1.986308005579303484e+06
1.985143884364411235e+06
1.984664846564847743e+06
1.982460330600227695e+06
1.977388980542983161e+06
1.974296746742776828e+06
1.972972441531987162e+06
1.971828738779919455e+06
1.971159756810836727e+06
1.968034368352629244e+06
1.963922808714721352e+06
1.957874574829180958e+06
1.953915686953647761e+06
1.945728271743182791e+06
1.943874207534012385e+06
1.941957055158947129e+06
1.939173368819253752e+06
1.938177304461577674e+06
1.937123603251383873e+06
1.935497330900440924e+06
1.925681173949660268e+06
1.922121899191667791e+06
1.919302325536906952e+06
1.914903574794232147e+06
1.904126374541713390e+06
1.899869633085735142e+06
1.898741099801570876e+06
1.888948848727002507e+06
1.881641129269062774e+06
1.878479277669452131e+06
1.873311073143523419e+06
1.864542378451859113e+06
1.861627466754205292e+06
1.859964226636302192e+06
1.858965850605056621e+06
1.856446225918689277e+06
1.853889584970423486e+06
1.853498860674156575e+06
1.849578100892750779e+06
1.847897041942741722e+06
1.841533517991386587e+06
1.839525559300417779e+06
1.834220085811727215e+06
1.829804962890584953e+06
1.827001708138562506e+06
1.814014682648337446e+06
1.812906386807579314e+06
1.806731077242439613e+06
1.803013182087346679e+06
1.799852722902755486e+06
1.791712951273102546e+06
1.787957564786263276e+06
1.783373782966510858e+06
1.782278153419948881e+06
1.781413532122832490e+06
1.774276606428591534e+06
1.774066075752540259e+06
1.772183887214806862e+06
1.771548785093443235e+06
1.767709651263834210e+06
1.759256449642180000e+06
1.757321293833467877e+06
1.754197101971254218e+06
1.749731859824998537e+06
1.744795688371528639e+06
1.741137806108283112e+06
1.738613149258217542e+06
1.737169654056724859e+06
1.732851729304329259e+06
1.727725276742699556e+06
1.723173489759336459e+06
1.720839663297869964e+06
1.718119823577701114e+06
1.714186797318122815e+06
1.711087603113489691e+06
1.708997246648068540e+06
1.701931957941975445e+06
1.698710268693532329e+06
1.690704313249913976e+06
1.689257715506997658e+06
1.686009969848179491e+06
1.685875377544455696e+06
1.683935227082457626e+06
1.674696255122372182e+06
1.673396311540984316e+06
1.671520812920453725e+06
1.669772606128480984e+06
1.662497620631034486e+06
1.656649022861638805e+06
1.653323820160153788e+06
1.650682209659160580e+06
1.647076260508036707e+06
1.644797939397217939e+06
1.641023440784743987e+06
1.637948565164540661e+06
1.634222275009381352e+06
1.630468937854307471e+06
1.626261220674774610e+06
1.623235562872895272e+06
1.615047959318413632e+06
1.611051506070821779e+06
1.606987156311099883e+06
1.604371611045629019e+06
1.604141757195107406e+06
1.602106279074255610e+06
1.599865361539856996e+06
1.596918802937556757e+06
1.595234953400676604e+06
1.587312323972143466e+06
1.581462602828000207e+06
1.578290936451430898e+06
1.577260029189664172e+06
1.574387823964529438e+06
1.571578347274517640e+06
1.567661703542617848e+06
1.566966262370804325e+06
1.562441404307554942e+06
1.556927229034402408e+06
1.554108873572378187e+06
1.550241791791459545e+06
1.547542292738960125e+06
1.545083119630882284e+06
1.541886603440428153e+06
1.539648269922218751e+06
1.535023456989516038e+06
1.527841457021530019e+06
1.526614448379800189e+06
1.520188246242859634e+06
1.517657505484641064e+06
1.513245051997186383e+06
1.507248365919130389e+06
1.500907927723526955e+06
1.499098349872343475e+06
1.495270079795539845e+06
1.493767233455581823e+06
1.488154947883870918e+06
1.487588109800930601e+06
1.486001351506824838e+06
1.480242314090018393e+06
1.478237185714819236e+06
1.474100529674449237e+06
1.472731866898413515e+06
1.470907029235614231e+06
1.468976900823555188e+06
1.465015383763804333e+06
1.464584525381125743e+06
1.460574061952565564e+06
1.456262703286137199e+06
1.453675849024239695e+06
1.449783093489684397e+06
1.448290851161831291e+06
1.443714876960260561e+06
1.442935306272141635e+06
1.438855750332298689e+06
1.434852859249603003e+06
1.433062278044102248e+06
1.428595662946762051e+06
1.424507228096724954e+06
1.423480413992559770e+06
1.418191212010325864e+06
1.417288496222848771e+06
1.414838579827167327e+06
1.411203995112496195e+06
1.408770348828947870e+06
1.405858424553257646e+06
1.402028280207677046e+06
1.401143400628129020e+06
1.395558435831671115e+06
1.395091181199457729e+06
1.391288770356423920e+06
1.389721819016178371e+06
1.387948222940665903e+06
1.385038103587483056e+06
1.383175749611238018e+06
1.379434523576370906e+06
1.377990696276618168e+06
1.376417940649020951e+06
1.375443184053166537e+06
1.373528436928807991e+06
1.373182015231030062e+06
1.372744610752228415e+06
1.372465929904653691e+06
1.368974764661422931e+06
1.367441276833503274e+06
1.364773428780806484e+06
1.363282212364178617e+06
1.359750470752950525e+06
1.358168236642764416e+06
1.354529416495427024e+06
1.352451601067797281e+06
1.351547457057469059e+06
1.350252173004065640e+06
1.350132859937669942e+06
1.349648221179968677e+06
1.348084495358661748e+06
1.346470469865911873e+06
1.345241818219807232e+06
1.340790343351698015e+06
1.338754261698600138e+06
1.337742410880459473e+06
1.334165467339393217e+06
1.332605077708676225e+06
1.328640975268775597e+06
1.324668346151884180e+06
1.322681450556338299e+06
1.321199446457805578e+06
1.318424058793066535e+06
1.314817886659258045e+06
1.313265632072114851e+06
1.311852858942134306e+06
1.311015007211121265e+06
1.310802527741287136e+06
1.310551858417517040e+06
1.310288367854001699e+06
1.306796795376417926e+06
1.305571655896692071e+06
1.302734290725549217e+06
1.300947195155766094e+06
1.297028458210896235e+06
1.296388793408053229e+06
1.293909169286932331e+06
1.293292997940187342e+06
1.290593656039156951e+06
1.288786314714940032e+06
1.288133509060621960e+06
1.286303542612085585e+06
1.284444661821716232e+06
1.281040397911441047e+06
1.279722928991417633e+06
1.279566708959307987e+06
1.277060996245872229e+06
1.276005024832269177e+06
1.275823049292733660e+06
1.275406739164598985e+06
1.274921863775088917e+06
1.272812493412400829e+06
1.271295635492991656e+06
1.269260440358050168e+06
1.268081294738652185e+06
1.267709142377242213e+06
1.267116316458293935e+06
1.266133207287553698e+06
1.265605252063911874e+06
1.260637237142534927e+06
1.256938023227597354e+06
1.251988161119377939e+06
1.250354145812146366e+06
1.247008156607941259e+06
1.245711337741646217e+06
1.243853995361505775e+06
1.241615362497314345e+06
1.237907738763021771e+06
1.235920528954479378e+06
1.234848985636783764e+06
1.231580741085966351e+06
1.230600691212558653e+06
1.228867784305723151e+06
1.225248224091550102e+06
1.223800196705971146e+06
1.220239590944078285e+06
1.218805885100817773e+06
1.217739578235770343e+06
1.215826970205441816e+06
1.213674509323752951e+06
1.208623166643982520e+06
1.206844749779873062e+06
1.206607091820082394e+06
1.205076656048968900e+06
1.201244110896096332e+06
1.200582915395534132e+06
1.198334196801802376e+06
1.197184160534633789e+06
1.196822947452425957e+06
1.195655884414804867e+06
1.192438140119943069e+06
1.192257384712270461e+06
1.190180854493214283e+06
1.187605330033044564e+06
1.185218676218076143e+06
1.181689155628312612e+06
1.179368338281191420e+06
1.177195791925701546e+06
1.174734666462062625e+06
1.173535283583058743e+06
1.172032352987398393e+06
1.171632371757594636e+06
1.171383355410778429e+06
1.170976777665949659e+06
1.169195649530449184e+06
1.166318864241033560e+06
1.165432841605316848e+06
1.160063947690093657e+06
1.157314253906037658e+06
1.155368215310340049e+06
1.154058351391016040e+06
1.152259978553767782e+06
1.151411574657149613e+06
1.148721003889549524e+06
1.145536895655033179e+06
1.144589685518905986e+06
1.140604020530963084e+06
1.139024606299345382e+06
1.137241054507342866e+06
1.137073459598825779e+06
1.134778778051054804e+06
1.133474615516626742e+06
1.131620421480365796e+06
1.130585015113659902e+06
1.129353851357904961e+06
1.128286848224123474e+06
1.126043830433854833e+06
1.124908971875537653e+06
1.121350553908637725e+06
1.120857928972361144e+06
1.118605992215302074e+06
1.114606855114902603e+06
1.113576154276989633e+06
1.112508835411065258e+06
1.111071399090425344e+06
1.106812451760575874e+06
1.103646817521779099e+06
1.101967524705380900e+06
1.099947993953480618e+06
1.096190754408735549e+06
1.094106056868558517e+06
1.091353808513642289e+06
1.087715956717598019e+06
1.084604314524319954e+06
1.084289142268114490e+06
1.082630480570063461e+06
1.080019566360913217e+06
1.076207929134433856e+06
1.076028144627980888e+06
1.074444191571948119e+06
1.072424808193078265e+06
1.070479967694086256e+06
1.068262818046191242e+06
1.067788076589671429e+06
1.065440885517941089e+06
1.064146170522431843e+06
1.061625057463635225e+06
1.059932956996184774e+06
1.058997819216883508e+06
1.057727001672910061e+06
1.054449190933264559e+06
1.052135573134470265e+06
1.051215258218048606e+06
1.047906315050020814e+06
1.047464406414462952e+06
1.046754425270213978e+06
1.045677321723961970e+06
1.044780670802731183e+06
1.043330957113703713e+06
1.042833558330482105e+06
1.042547421574678505e+06
1.040719350978112547e+06
1.037036767847431474e+06
1.036160319840858458e+06
1.032472503854554147e+06
1.031239014933427796e+06
1.030851464544606046e+06
1.029737046300156857e+06
1.026928290123117506e+06
1.023924689672714565e+06
1.023179160682901624e+06
1.019796018307151156e+06
1.018109299625977874e+06
1.017587527039636741e+06
1.015808956502721296e+06
1.015464453817859408e+06
1.011992694611706771e+06
1.011352184155367198e+06
1.010792944875051850e+06
1.008385490017994191e+06
1.007280556558734272e+06
1.005931176269776537e+06
1.005305827745220857e+06
1.004124163837863831e+06
1.003552529442537110e+06
1.001279433886243845e+06
9.991424439626707463e+05
9.985393616456859745e+05
9.975835160799742443e+05
9.943439779629242839e+05
9.927395574327275390e+05
9.924406138007264817e+05
9.889186531641719630e+05
9.878499395412598969e+05
9.868462936671350617e+05
9.848363487389191287e+05
9.837219014235793147e+05
9.814119415706975851e+05
9.805624794007049641e+05
9.789986433919948759e+05
9.784963533151001902e+05
9.774107685253688833e+05
9.750013958870151546e+05
9.738131954439361580e+05
9.704677893651574850e+05
9.688529896434135735e+05
9.676094373478451744e+05
9.668947631526014302e+05
9.657768610541204689e+05
9.648724940760052996e+05
9.639586412160770269e+05
9.618545506758360425e+05
9.590512722835160093e+05
9.572222847214919748e+05
9.543945104627881665e+05
9.521763036411583889e+05
9.516047686530861538e+05
9.508398000936531462e+05
9.493063913553577149e+05
9.488349275800635805e+05
9.480890780006337445e+05
9.464047468385472894e+05
9.450744167620067019e+05
9.441969333296415862e+05
9.420517696984858485e+05
9.406129284154252382e+05
9.391801338402862893e+05
9.362747157322483836e+05
9.355710994374976726e+05
9.343342046960906591e+05
9.320914510678924853e+05
9.307856171933915466e+05
9.298209656219651224e+05
9.293463574049542658e+05
9.246846931256577373e+05
9.241507821076029213e+05
9.238843020179987652e+05
9.223592450804372784e+05
9.211474632905987091e+05
9.199738823411248159e+05
9.182197674634067807e+05
9.170729846183056943e+05
9.163000123007755028e+05
9.132149541998833884e+05
9.110018418580767466e+05
9.107021921623215312e+05
9.093314204778737621e+05
9.071568645799579099e+05
9.068406118795450311e+05
9.056665933092576452e+05
9.048664908385591116e+05
9.029222402150176931e+05
9.020995698116356507e+05
9.012332868833071552e+05
8.979521257248437032e+05
8.966692320147420978e+05
8.949511208505987888e+05
8.934851181517202640e+05
8.929529219452930847e+05
8.907393463729209034e+05
8.901325426150182029e+05
8.872955089965418447e+05
8.848701856193699641e+05
8.832322929851042572e+05
8.828551325664349133e+05
8.807811945666978136e+05
8.803009559181926306e+05
8.781285303420146229e+05
8.776199329646534752e+05
8.766023502117265016e+05
8.739954848106256686e+05
8.736685442025628872e+05
8.724668197443819372e+05
8.692896873858519830e+05
8.690607821625431534e+05
8.681305592754925601e+05
8.671439311971995048e+05
8.657531118304649135e+05
8.637550535901924595e+05
8.622825291902590543e+05
8.601320950682003750e+05
8.585996094213989563e+05
8.585672640854190104e+05
8.570923042319244705e+05
8.549701988112081308e+05
8.533632492480902001e+05
8.500870516630790662e+05
8.496654012640672736e+05
8.491663562867220026e+05
8.476693391889762133e+05
8.465003919769045897e+05
8.461026967038022121e+05
8.451870248597881291e+05
8.436388943210981088e+05
8.425997693325002911e+05
8.417359592128932709e+05
8.403412577628137078e+05
8.394577734848195687e+05
8.379604375866563059e+05
8.366461710586220725e+05
8.356034300226588966e+05
8.346101989861013135e+05
8.336293206344743958e+05
8.314458748103741091e+05
8.296173861072870204e+05
8.279534165176172974e+05
8.261269756959569640e+05
8.258137376311916159e+05
8.251119222906392533e+05
8.236382051535468781e+05
8.217183976644902723e+05
8.197836477925321087e+05
8.177733781759773847e+05
8.171887850365269696e+05
8.146915722220699536e+05
8.136529759052346926e+05
8.117981655947592808e+05
8.112353113254138734e+05
8.093047662278098287e+05
8.072726949910824187e+05
8.063672187641467899e+05
8.045091166096027009e+05
8.021579698204714805e+05
7.997720605492861941e+05
7.994476125966637628e+05
7.982544470552233979e+05
7.961538716408967739e+05
7.957117210293407552e+05
7.934091724441801198e+05
7.920434940328877419e+05
7.913499160098546417e+05
7.882176022906168364e+05
7.859155920651422348e+05
7.852468321704140399e+05
7.827672618613423547e+05
7.820165402099866187e+05
7.806429325252114795e+05
7.784362300259587355e+05
7.767103296049972996e+05
7.754682681464102352e+05
7.741283999220860424e+05
7.733106241322562564e+05
7.718159176725131692e+05
7.707838976467499742e+05
7.693042145079398761e+05
7.659452935843575979e+05
7.649645923261501594e+05
7.626426828175639967e+05
7.618560643183585489e+05
7.611237253117338987e+05
7.597377906731704716e+05
7.587383199313002406e+05
7.571326655258383835e+05
7.554459850620415527e+05
7.534668463274835376e+05
7.530590281583137112e+05
7.495688666339404881e+05
7.471766601322751958e+05
7.450339713812541449e+05
7.446984457880461123e+05
7.438644409697671654e+05
7.423770603267221013e+05
7.418107912770123221e+05
7.405133240683039185e+05
7.363443136437793728e+05
7.360870578175990377e+05
7.343108432948649861e+05
7.328259354308447801e+05
7.306466926031729672e+05
7.295984004467853811e+05
7.279544969410339836e+05
7.272076869809600757e+05
7.249209030220245477e+05
7.236178067155973986e+05
7.230224268334659282e+05
7.210382864514525281e+05
7.196699929212762509e+05
7.188224991895190906e+05
7.148020328080098843e+05
7.138390098883318715e+05
7.110632257272053976e+05
7.092155078477426432e+05
7.084989069643922849e+05
7.075071111730156699e+05
7.067314589221136412e+05
7.057505403824234381e+05
7.052696603431897238e+05
7.039579262939203763e+05
7.022924311094434233e+05
7.021770747889466584e+05
7.009272929462898755e+05
6.990815824769516475e+05
6.976920047404299257e+05
6.963856288978803204e+05
6.949217841969160363e+05
6.939494539928531740e+05
6.915798521257127868e+05
6.901467498716791160e+05
6.887237954661673866e+05
6.865637326467436505e+05
6.862593786779700313e+05
6.850507108060061000e+05
6.828187536223415518e+05
6.824155181929473765e+05
6.811546436419432284e+05
6.804486790469536791e+05
6.787868071407409152e+05
6.779180792710315436e+05
6.763683662668627221e+05
6.754303559445884312e+05
6.732353770507129375e+05
6.730000356221839320e+05
6.722901246040047845e+05
6.710444367003673688e+05
6.698389112671801122e+05
6.689286464926499175e+05
6.683634575733398087e+05
6.667786566319263075e+05
6.645009142287411960e+05
6.634579433379870607e+05
6.625891265159257455e+05
6.619790805509608472e+05
6.617696642701870296e+05
6.588854130171780707e+05
6.587272418024156941e+05
6.574305889313978842e+05
6.553892286663709674e+05
6.547201002432386158e+05
6.529270048467899906e+05
6.524549535424448550e+05
6.504104873691198882e+05
6.496331197867366718e+05
6.480540400921306573e+05
6.465423054579651216e+05
6.433788494473324390e+05
6.407258153275534278e+05
6.404016865622610785e+05
6.398770246238851687e+05
6.384510712966034189e+05
6.370895959138617618e+05
6.343814110817998881e+05
6.329180582266872516e+05
6.319911333951056004e+05
6.302734339611248579e+05
6.291939192997757345e+05
6.264255488770508673e+05
6.257298488568046596e+05
6.250466475598345278e+05
6.227009091584727867e+05
6.221825540358267026e+05
6.213500488190107280e+05
6.205539000749270199e+05
6.191301617035247618e+05
6.181484409240576206e+05
6.162121946619703667e+05
6.148862347270059399e+05
6.117580856630391208e+05
6.114112382487104042e+05
6.101796233381784987e+05
6.081891851913594874e+05
6.071430244439105736e+05
6.060853207614184357e+05
6.055010951233538799e+05
6.040610486850943416e+05
6.034885950152231380e+05
6.009677972076836741e+05
5.994636729327391367e+05
5.991550993292264175e+05
5.974823481776410481e+05
5.962789350281727966e+05
5.949749193038399098e+05
5.929527606297514867e+05
5.904743425767351873e+05
5.902206176309232833e+05
5.879548877143885475e+05
5.860503472913492005e+05
5.841604047184147639e+05
5.840577840377988759e+05
5.828674619903425919e+05
5.819962610943326727e+05
5.806453495445097797e+05
5.799462626346073812e+05
5.788528064316896489e+05
5.782753011515066028e+05
5.776855176689056680e+05
5.760584587107542902e+05
5.748308312647498678e+05
5.738825769088412635e+05
5.729515688834595494e+05
5.708073956220897380e+05
5.695243729535351740e+05
5.681313836417404236e+05
5.655352862852179678e+05
5.643818246516508516e+05
5.636991044168492081e+05
5.630335085694638547e+05
5.614546955927764066e+05
5.596519723267026711e+05
5.590882980712150456e+05
5.567955704093984095e+05
5.559996200749927666e+05
5.545367318986112950e+05
5.544144373756177956e+05
5.534449254730992252e+05
5.514092579284688691e+05
5.491640669199750992e+05
5.473141714952014154e+05
5.460637804106344702e+05
5.449522189462208189e+05
5.439709732496313518e+05
5.430902206708977465e+05
5.417338727530791657e+05
5.410829711403606925e+05
5.386550970184144098e+05
5.381765436583827250e+05
5.353561930406944593e+05
5.350338022860022029e+05
5.335266792571124388e+05
5.326919213115036255e+05
5.321957134557472309e+05
5.316391469606424216e+05
5.304556480722465785e+05
5.296782579524926841e+05
5.288459892834996572e+05
5.268413121416610666e+05
5.241652265824088245e+05
5.231555751678085071e+05
5.216185267856100691e+05
5.200246066527096555e+05
5.191678363801760133e+05
5.177290651944416459e+05
5.169000583157216315e+05
5.151640549255883088e+05
5.124908149677814217e+05
5.114475525844201911e+05
5.101548989376971731e+05
5.099308870115680620e+05
5.075321746944654733e+05
5.040331693070445908e+05
5.033925072774909786e+05
5.026829526366570499e+05
5.001838758472568588e+05
4.982433820803050767e+05
4.975120660230930080e+05
4.948647588039268740e+05
4.945769318982158438e+05
4.941965663194063818e+05
4.933119391217438970e+05
4.929359826103075175e+05
4.908567889362032292e+05
4.901142352751431172e+05
4.895967131367543479e+05
4.880635652317847125e+05
4.863111137701335829e+05
4.849551935639053117e+05
4.839250407491303631e+05
4.818707567830789485e+05
4.809242629963877844e+05
4.801967378639335511e+05
4.788100298875877052e+05
4.770592202508179471e+05
4.764398585674111964e+05
4.754696023755542119e+05
4.744003765044964966e+05
4.737530338363744086e+05
4.719916506317743333e+05
4.696702696563895443e+05
4.690661057390080532e+05
4.671165641956834588e+05
4.656932411729301093e+05
4.646275866590659134e+05
4.623378014930358040e+05
4.608175401590192341e+05
4.598830652203775244e+05
4.562479539956078515e+05
4.551355010750091751e+05
4.540907458918511402e+05
4.531571340048158308e+05
4.517704641155936406e+05
4.506568506601513945e+05
4.493374309100289829e+05
4.485956233559906832e+05
4.468510238155091647e+05
4.463213243823964149e+05
4.456934909274288802e+05
4.442222338662082329e+05
4.428711568354557385e+05
4.418691532600863720e+05
4.403182764030986000e+05
4.391786788785486133e+05
4.380224536839531502e+05
4.368229360459229210e+05
4.344184802607963211e+05
4.330384746722928248e+05
4.325458724593087099e+05
4.317210322544826777e+05
4.293833134403437143e+05
4.275316170955498819e+05
4.269214660064005293e+05
4.253082124446469243e+05
4.221756049834323348e+05
4.206135871504929964e+05
4.184230004341983004e+05
4.179751109298411175e+05
4.160343697385741398e+05
4.140781567920983071e+05
4.130520470432284637e+05
4.107061916764120106e+05
4.097136274186180672e+05
4.088966104198761168e+05
4.070139479661938385e+05
4.063171745318397298e+05
4.053340261903936043e+05
4.023567970688259811e+05
4.016721003652603249e+05
3.983475809434311232e+05
3.959966919961259700e+05
3.946127034468266065e+05
3.941783574976021773e+05
3.936213415240149479e+05
3.924457998446644633e+05
3.912018651950525818e+05
3.899919581651585759e+05
3.886922558834904339e+05
3.874883865382129443e+05
3.860578293272132869e+05
3.858990742505560047e+05
3.846770425471049384e+05
3.829288546513489564e+05
3.825904661972868489e+05
3.809295628004095051e+05
3.801071172294667340e+05
3.790551974211410270e+05
3.777885171155722346e+05
3.761958708796602441e+05
3.755272906968316529e+05
3.751298232186807436e+05
3.711769014282181161e+05
3.700466491139828577e+05
3.695265303763097618e+05
3.678894067844306119e+05
3.663258746707199025e+05
3.650148125354941003e+05
3.631057233394882642e+05
3.611361905759208603e+05
3.593733114773281850e+05
3.570479780423089978e+05
3.566931243651555851e+05
3.552976792371334741e+05
3.550248737794735935e+05
3.531758016255038674e+05
3.514751610521187540e+05
3.510250209076185129e+05
3.495436657388460590e+05
3.478972167180662509e+05
3.459454336956074694e+05
3.447530569651809637e+05
3.433853478757578414e+05
3.422647734674077947e+05
3.413698433959883987e+05
3.400188499765427550e+05
3.394524676662249258e+05
3.365328813169663190e+05
3.357265861584647209e+05
3.341989574443470920e+05
3.331780676544039161e+05
3.310541016814487521e+05
3.296749907162602176e+05
3.277084720394681790e+05
3.268874817869117833e+05
3.260502187468350749e+05
3.236648517156192102e+05
3.231723177727903239e+05
3.208912051474142354e+05
3.184848080739002326e+05
3.178555609190318501e+05
3.147648294729090412e+05
3.143544368191510439e+05
3.135006283082525479e+05
3.125404559880790766e+05
3.113336893030981882e+05
3.111243260589286801e+05
3.110878544259039336e+05
3.094129035017442657e+05
3.052522264523915364e+05
3.043447917525332887e+05
3.020897646621921449e+05
3.017777611111118458e+05
3.002949137972220196e+05
2.984279878780544968e+05
2.972607732622037875e+05
2.965428825529575697e+05
2.959981850113025866e+05
2.935707246304526925e+05
2.926866579445126699e+05
2.909707769641991472e+05
2.884798844493367942e+05
2.876888223750429461e+05
2.856112094779706676e+05
2.852609772626233171e+05
2.846842782988878316e+05
2.836090501913874177e+05
2.830467063547094003e+05
2.814151154895088403e+05
2.810871285265200422e+05
2.781779179844505270e+05
2.766300527881647577e+05
2.757321780788431643e+05
2.751511635320358328e+05
2.740700065205257270e+05
2.724148984754926059e+05
2.717550409547078889e+05
2.709228407430622610e+05
2.705979164830863010e+05
2.701378887714194716e+05
2.695642670109842438e+05
2.690881324965168606e+05
2.676814129229831742e+05
2.653487194887156365e+05
2.643019296807281207e+05
2.626655165552069666e+05
2.616661512156308745e+05
2.607489846090725332e+05
2.602338758407793939e+05
2.565435962086934887e+05
2.554101739242238109e+05
2.552366602139351016e+05
2.536332271174159250e+05
2.517959452203822439e+05
2.510682903044174018e+05
2.503147235490080202e+05
2.491346840794336167e+05
2.479956004197976727e+05
2.478936645128590171e+05
2.457830155411934538e+05
2.437008303618019272e+05
2.422847627924794797e+05
2.408992211582636519e+05
2.401798987554896157e+05
2.401133707942526089e+05
2.372387438174619456e+05
2.360001294602704293e+05
2.350035196248417778e+05
2.318524679020442418e+05
2.295415219691385573e+05
2.256918120629417826e+05
2.241606819401427638e+05
2.228973428895176621e+05
2.208424275605531002e+05
2.207174193671958346e+05
2.189741725785990711e+05
2.166009402981941821e+05
2.160093865104407305e+05
2.146113008581284666e+05
2.132922434785354999e+05
2.127090386063729820e+05
2.110532803517609136e+05
2.096410420350709464e+05
2.088138717808157962e+05
2.077060096394446737e+05
2.064721142139023577e+05
2.057617926685163984e+05
2.046481938541692507e+05
2.038459220035611943e+05
2.033778792004593706e+05
2.014888732628320577e+05
1.999966853848606697e+05
1.982136772771975666e+05
1.962793457352453552e+05
1.959250645354736771e+05
1.945277395143692556e+05
1.937119417143246974e+05
1.927718203737159492e+05
1.915935089339627011e+05
1.904983547252108983e+05
1.882788999201036640e+05
1.852022954756062536e+05
1.835119670634837530e+05
1.818735990780412394e+05
1.780800423315044318e+05
1.775478907235981897e+05
1.772440951742951293e+05
1.749208989382681320e+05
1.748044780638941738e+05
1.741827873360237281e+05
1.729253817783567065e+05
1.712738994043777348e+05
1.707980009135488654e+05
1.705176849457192293e+05
1.676060287945963209e+05
1.650658589833345031e+05
1.647058379956708814e+05
1.634780142308961367e+05
1.611537641365764721e+05
1.599119433656425099e+05
1.594612115869740956e+05
1.585387657966781408e+05
1.570531001233887509e+05
1.558726998267016315e+05
1.542678754119094810e+05
1.531855523144767503e+05
1.508173061684698041e+05
1.481777363488350529e+05
1.470671165993421164e+05
1.466028309182597150e+05
1.464065412444703106e+05
1.443717010346513998e+05
1.433519058943687705e+05
1.406158586473462638e+05
1.397982023934127064e+05
1.396879116810112318e+05
1.377394378519708116e+05
1.361494686627495976e+05
1.352593622869713872e+05
1.340469629532820254e+05
1.299441000812063576e+05
1.291305228358177701e+05
1.278827879713775183e+05
1.265787316832201323e+05
1.262400318404205027e+05
1.237804961407518567e+05
1.228955839348755107e+05
1.187877031899045396e+05
1.163844505225900502e+05
1.153780920145988784e+05
1.148278761764348455e+05
1.140652673774815485e+05
1.125582866977708909e+05
1.068036950820367929e+05
1.061220235223746422e+05
1.059999033548460720e+05
1.053184600539658422e+05
1.008889468889100244e+05
9.852580998508141784e+04
9.586795310317863186e+04
9.530606081887939945e+04
9.403875963030497951e+04
9.263521935926839069e+04
8.967235166858693992e+04
8.820473203254249529e+04
8.609125638872287527e+04
8.530066011094786518e+04
8.361297995823157544e+04
8.093295548281380616e+04
7.845096137052576523e+04
7.788921071824555111e+04
7.667667259015692980e+04
7.586270245804608567e+04
7.502099393574609712e+04
7.459118646177489427e+04
7.394540730460979103e+04
7.360191272188920993e+04
7.032582722394537996e+04
6.979445541167478950e+04
6.825687840396715910e+04
6.714038098306376196e+04
6.655825935844970809e+04
6.554632317418335879e+04
6.401649579480178363e+04
6.175079552840375982e+04
5.951316994439519476e+04
5.921554153559335100e+04
5.690985847599359113e+04
5.401868225947688916e+04
5.365080272472920478e+04
5.329207729246266535e+04
5.004517704402429808e+04
4.961528336322409450e+04
4.599722720132392715e+04
4.191188899554256932e+04
3.929795790900257998e+04
3.850736955578727066e+04
3.533179196049085294e+04
3.469789751519908896e+04
3.159309678836568855e+04
3.003766192958845568e+04
2.969633255293312686e+04
2.726627107805082414e+04
2.547209990603170445e+04
2.481721147775306599e+04
2.416949745331960003e+04
2.186824771350097581e+04
2.131060252115827097e+04
2.112271226224496058e+04
1.936434225767227326e+04
1.868039280895074626e+04
1.854239445800605608e+04
1.819800489951779309e+04
1.643322931663962663e+04
1.504720473735527412e+04
1.473970838541653211e+04
1.373772222002740637e+04
1.308259656157218706e+04
1.215571650328329633e+04
1.172584508958213337e+04
1.046369386937921627e+04
1.023835599973281751e+04
9.840596668436173786e+03
