3.344414286045824358e+00
2.773845766386932254e+00
2.537713913940245369e+00
2.272229282480562773e+00
2.078549628824865714e+00
2.061925800394664776e+00
2.037709927542360244e+00
2.026179705294492539e+00
1.989023139595885503e+00
1.977243017018244009e+00
1.943033585008664632e+00
1.897530788259597090e+00
1.869902311796834748e+00
1.867716581185983271e+00
1.856240317165317011e+00
1.810716773828222381e+00
1.804141989618612829e+00
1.769212393002547623e+00
1.756409380917317353e+00
1.716469869841731999e+00
1.705495693282221836e+00
1.691778185925066902e+00
1.672711734426054253e+00
1.671318430627052543e+00
1.667326829085441053e+00
1.643784016382202617e+00
1.630844948612866663e+00
1.629642264737794610e+00
1.628324271794445943e+00
1.627840961369333428e+00
1.607182738518653231e+00
1.601150613142356738e+00
1.594889982188907096e+00
1.592788547916058395e+00
1.589065386353687215e+00
1.586482581936139225e+00
1.577882484782966221e+00
1.572741132381300977e+00
1.569257237152746454e+00
1.551754371106656150e+00
1.550502469942022676e+00
1.540607628278221286e+00
1.536898453251456242e+00
1.535629266849078522e+00
1.526534834722915068e+00
1.521307859108599780e+00
1.515190928802718773e+00
1.512107752074320688e+00
1.508606813811253389e+00
1.496015854547312340e+00
1.484995710230986310e+00
1.484699669045763226e+00
1.484232779307169015e+00
1.475779557932786590e+00
1.475577087767382611e+00
1.473700537629932583e+00
1.472573591903644230e+00
1.466291132279904819e+00
1.465376447655221126e+00
1.454838160710058004e+00
1.447520379142414271e+00
1.444482266098863876e+00
1.438561085311258037e+00
1.437553832048508617e+00
1.432034407643074880e+00
1.428991016662898295e+00
1.427625748773486691e+00
1.421858553542300285e+00
1.418763126161461496e+00
1.417756484235454639e+00
1.416219534662347401e+00
1.411854303037226366e+00
1.404619813766436298e+00
1.401234628970149165e+00
1.396154223752198442e+00
1.394605615884727756e+00
1.393518105995166900e+00
1.392606484315251025e+00
1.392124896183695837e+00
1.379538526829019007e+00
1.372984410792108756e+00
1.370249243189947119e+00
1.366639287396887337e+00
1.366323720660871599e+00
1.364535504562540469e+00
1.363244547275726415e+00
1.357409909188787234e+00
1.356633161438570490e+00
1.354396409755528330e+00
1.351950153014569000e+00
1.348559539950730857e+00
1.348064992996336420e+00
1.347090400101435437e+00
1.346864191641453434e+00
1.338170763453323975e+00
1.332276138147849620e+00
1.330807203745560496e+00
1.326359023336432630e+00
1.325431478071859237e+00
1.321437862472931268e+00
1.319564973180098688e+00
1.318980605891468150e+00
1.315986369811943613e+00
1.315360450254065228e+00
1.315322786528419829e+00
1.313397224019329457e+00
1.313183602739930178e+00
1.307219758296839451e+00
1.306084918484013535e+00
1.305573865913329357e+00
1.302809382562804208e+00
1.299419868062870353e+00
1.298626711963276614e+00
1.298036757404137598e+00
1.296588365826554901e+00
1.295717908191338585e+00
1.295224019650883074e+00
1.293562375317613311e+00
1.291148100254391418e+00
1.290609598901829802e+00
1.290416051078179249e+00
1.287353532254045252e+00
1.286473411824694768e+00
1.285487541174237691e+00
1.284814783544985461e+00
1.284237473771073779e+00
1.283744041594803598e+00
1.281280951103004995e+00
1.278544722321860672e+00
1.274229249435192335e+00
1.273838960866964465e+00
1.269555799446528743e+00
1.269118765880934419e+00
1.267735016018581851e+00
1.262394542067470704e+00
1.261582207370631092e+00
1.260290229869633682e+00
1.256806386562808076e+00
1.255946554363486900e+00
1.255807879025707230e+00
1.253564682530225793e+00
1.250851786617369843e+00
1.250694422350455914e+00
1.249621628425559683e+00
1.244861123235975864e+00
1.243491755160538892e+00
1.243300287847193486e+00
1.242048297224988440e+00
1.241692423953691504e+00
1.240019961739131871e+00
1.239010296730444605e+00
1.236876710488393094e+00
1.236033339853821689e+00
1.235691859016073924e+00
1.233898184572909562e+00
1.233243949959842434e+00
1.231785895916178708e+00
1.229102406519292368e+00
1.227719759477473582e+00
1.226997651495708830e+00
1.224456984792760439e+00
1.223689218475188190e+00
1.223441121608544124e+00
1.222876877755823877e+00
1.221252386868480588e+00
1.220035963588250283e+00
1.219822073089655401e+00
1.218850874194735034e+00
1.217239473832046004e+00
1.214871849328695186e+00
1.213945754353526141e+00
1.213541103713274838e+00
1.212258689710029147e+00
1.211688965528078255e+00
1.210567217898836700e+00
1.210252663500216208e+00
1.209705535901375306e+00
1.204040873874242523e+00
1.203379491916505506e+00
1.202280965629388465e+00
1.199952602673484137e+00
1.199702325816591530e+00
1.198023294133937489e+00
1.197489449885137835e+00
1.195801744669873878e+00
1.195604047019183547e+00
1.194504663138229450e+00
1.193422292149903585e+00
1.191980427466403425e+00
1.191272673701241125e+00
1.191081206098766776e+00
1.190639004351921271e+00
1.188413185835208719e+00
1.187660730005625886e+00
1.187436675620126891e+00
1.186616792355907890e+00
1.185895533257975698e+00
1.185097131586435593e+00
1.180644274967145524e+00
1.179505046055293160e+00
1.178743788482083277e+00
1.177696944335479223e+00
1.177045089665291089e+00
1.176578901496157403e+00
1.175554562291953209e+00
1.173603914606754506e+00
1.172929354379633748e+00
1.172464441339530650e+00
1.171637176310847961e+00
1.170483792569031234e+00
1.170045926837280703e+00
1.169210480792823414e+00
1.167723110437351552e+00
1.167498431849705698e+00
1.166602654148291451e+00
1.165166709542408752e+00
1.162656448175339641e+00
1.162576283016321099e+00
1.161875770775892658e+00
1.161443398329254251e+00
1.160565022780490896e+00
1.159971235409279933e+00
1.159491730689165889e+00
1.159332790708524241e+00
1.157560676360988250e+00
1.156755894643812566e+00
1.156243613283744809e+00
1.155795270505363570e+00
1.154414611798558310e+00
1.153339543120495359e+00
1.152071629504278327e+00
1.151346102433226104e+00
1.149694629334345297e+00
1.148731846118567379e+00
1.147126781127776773e+00
1.146463655032749385e+00
1.144995859491236612e+00
1.144418510597881689e+00
1.144201136435916810e+00
1.143640574280618383e+00
1.142599883534139327e+00
1.141519798039044575e+00
1.140157665519555996e+00
1.139032395682782584e+00
1.138892136512537290e+00
1.138345410332168184e+00
1.135961762243126838e+00
1.135615659140550626e+00
1.134943190853419770e+00
1.134346418165870674e+00
1.133737862154012843e+00
1.133402701869482998e+00
1.131569112881102956e+00
1.130946102180733881e+00
1.130686301026279539e+00
1.129541685298492970e+00
1.129335468152815602e+00
1.128775169772640252e+00
1.128152949790792725e+00
1.127631514895550024e+00
1.127069940820116356e+00
1.126690935915125147e+00
1.126214679325132861e+00
1.124783348911155834e+00
1.124533394964579713e+00
1.123737690369340569e+00
1.123008048215945243e+00
1.122601631798575195e+00
1.122052750244445951e+00
1.121453320809912668e+00
1.120698665041568898e+00
1.120489433743802943e+00
1.120059719484054916e+00
1.119227753544330017e+00
1.118420876776557105e+00
1.118293089597979684e+00
1.117769584830825336e+00
1.117650608010226643e+00
1.117521155175102754e+00
1.116836721174855329e+00
1.116027996446493420e+00
1.115357676713855772e+00
1.114654162566700801e+00
1.113275034360026394e+00
1.112551034213201673e+00
1.111757394496523776e+00
1.110722239108094422e+00
1.110122243236093320e+00
1.109255186302458895e+00
1.108332072856040407e+00
1.107876982534387711e+00
1.107536874021022522e+00
1.107126459156474230e+00
1.106494704871051171e+00
1.105595832583395666e+00
1.104623019923219873e+00
1.104375094832865889e+00
1.104056770952399846e+00
1.103565882044016178e+00
1.103287204238680319e+00
1.102690726171593472e+00
1.101758753495683640e+00
1.101498003466500730e+00
1.101277639137295150e+00
1.101013910304473375e+00
1.099593498119999291e+00
1.098705816714731887e+00
1.098103264172015647e+00
1.097725041794808343e+00
1.097291232978057529e+00
1.096214838325185514e+00
1.096094426717378445e+00
1.095347001847737589e+00
1.094874291256208609e+00
1.094551655523560596e+00
1.094215959761323909e+00
1.093296351697679913e+00
1.092780219375181439e+00
1.092371718533578617e+00
1.091857421390584948e+00
1.091318433638677421e+00
1.091135515338550910e+00
1.090494343082337947e+00
1.090171383358765844e+00
1.089634165254307341e+00
1.088603227395213979e+00
1.087681311997485967e+00
1.087377897471089261e+00
1.086559579607700110e+00
1.085594220077882754e+00
1.085232277537626633e+00
1.085031627643890717e+00
1.084310093325429936e+00
1.084018399931662380e+00
1.083733838416205186e+00
1.083479378901707202e+00
1.082248027068001495e+00
1.082164661605903744e+00
1.081982782220738626e+00
1.081055011977499092e+00
1.080210515893644141e+00
1.079728586818151426e+00
1.079175178939053570e+00
1.078908778859378081e+00
1.078438847906187492e+00
1.078062878626319554e+00
1.077230458087292009e+00
1.076683306992316513e+00
1.075782317195640658e+00
1.075264614688190568e+00
1.075144161512677554e+00
1.073962902862423574e+00
1.072884659111341232e+00
1.072681812700987170e+00
1.071695721360535147e+00
1.071496647245973266e+00
1.071235120570921184e+00
1.070661732728380056e+00
1.070366077535342519e+00
1.069841322803559036e+00
1.069640634418211667e+00
1.069511861199208491e+00
1.069232005806891372e+00
1.069039938373611331e+00
1.068286410611866799e+00
1.068121480099925025e+00
1.067989786966304422e+00
1.067291543853836844e+00
1.067038214684013386e+00
1.066887450190660003e+00
1.066027787075348510e+00
1.065637609502891214e+00
1.064463040733411470e+00
1.064220464848774528e+00
1.063447397399113648e+00
1.062994557134180340e+00
1.062466151040055928e+00
1.062019879064280081e+00
1.061538720545482040e+00
1.061435858660406462e+00
1.060302534631169413e+00
1.059557520288717303e+00
1.058334671670417837e+00
1.057809824425456569e+00
1.057595556570872342e+00
1.057467090074393878e+00
1.057250116952386021e+00
1.056484045551437934e+00
1.056121823042519781e+00
1.055951663972270138e+00
1.055382838473988505e+00
1.054824934295456984e+00
1.054453779434203042e+00
1.054098796152544537e+00
1.053489302761517976e+00
1.053044378944665960e+00
1.052920572290193535e+00
1.052369708682699745e+00
1.051965563676238835e+00
1.051803316041436398e+00
1.051370620600115657e+00
1.051131676444675422e+00
1.050929352019637664e+00
1.050392523384865440e+00
1.050053883428345269e+00
1.049758834531097529e+00
1.049334642540493245e+00
1.048633892291504388e+00
1.048500260227849257e+00
1.048475174057676318e+00
1.048246623681396317e+00
1.048038015406486334e+00
1.047489864996205888e+00
1.047354812303700644e+00
1.047092089874769538e+00
1.046886154147658177e+00
1.046726365230608469e+00
1.046283612990151823e+00
1.045993476952462142e+00
1.045488366048615170e+00
1.045398167315368276e+00
1.045030305889702804e+00
1.044722887309188275e+00
1.044589301294194916e+00
1.043913168606958708e+00
1.043852736060049580e+00
1.043793372143744014e+00
1.043504723443789306e+00
1.043060253512641866e+00
1.042760180806976189e+00
1.042627069461360856e+00
1.042454124772976831e+00
1.041889114439935371e+00
1.041811213481012244e+00
1.041106865357030120e+00
1.040982421984443684e+00
1.040577510157247865e+00
1.040229557828449947e+00
1.039732733446070201e+00
1.039485659838581766e+00
1.039306483645346502e+00
1.039066522424449746e+00
1.038879935917470076e+00
1.038735610772096418e+00
1.038090919343665597e+00
1.037826862571741504e+00
1.037668723694407324e+00
1.037621714984077625e+00
1.037040033240225201e+00
1.036771294416356737e+00
1.036526556418705836e+00
1.035869465446717541e+00
1.035703505379958367e+00
1.035645543747169439e+00
1.035537280484130962e+00
1.035341965615171222e+00
1.034957028644025501e+00
1.034737430558553273e+00
1.034532068387189474e+00
1.033859353783215695e+00
1.033790448691360053e+00
1.033494918983177469e+00
1.033354356247001782e+00
1.033009703370050492e+00
1.032832428549252501e+00
1.032401389959629601e+00
1.032264228951421670e+00
1.032006234266001909e+00
1.031906652537476043e+00
1.031751785646017217e+00
1.031652525062632719e+00
1.031556432772147591e+00
1.031212306594315731e+00
1.031171531801512220e+00
1.031035869525261495e+00
1.030873267471014598e+00
1.030642927137854548e+00
1.030150715605221867e+00
1.030003737409163733e+00
1.029784377948212981e+00
1.029622187532239108e+00
1.029436502697202549e+00
1.029266547168355306e+00
1.029229022343608246e+00
1.028982307025847254e+00
1.028904932174169229e+00
1.028769164669931735e+00
1.028278248031222919e+00
1.028204110084554257e+00
1.028137113016734050e+00
1.027882227870025478e+00
1.027702448890531750e+00
1.027544093368435885e+00
1.027449448214400096e+00
1.027399866683371910e+00
1.027333302616422639e+00
1.026896304776975466e+00
1.026795827663364857e+00
1.026686450162911379e+00
1.026620024568767775e+00
1.026327581476444317e+00
1.026250248285351718e+00
1.026077198287843828e+00
1.025898348022689088e+00
1.025681310906453536e+00
1.025595450625944371e+00
1.025329332235759283e+00
1.025003833631579653e+00
1.024696325403610775e+00
1.024619410396394148e+00
1.024529661405515490e+00
1.024426195933620720e+00
1.024352529076420160e+00
1.024248357917482144e+00
1.024018476562796653e+00
1.023792107655155492e+00
1.023295181368622631e+00
1.023178128669869347e+00
1.023084979020363106e+00
1.022825287145542994e+00
1.022473220176388420e+00
1.022377824599985940e+00
1.022212264176163066e+00
1.021935674634697477e+00
1.021790488715247802e+00
1.021512738214589211e+00
1.021402630711665482e+00
1.021288640516023527e+00
1.021017355473010202e+00
1.020969551795125607e+00
1.020662188813467486e+00
1.020355572872199579e+00
1.020251222108405686e+00
1.020043039208911706e+00
1.019967495769017463e+00
1.019869813320047669e+00
1.019740219468956210e+00
1.019477001483502399e+00
1.019386912525012345e+00
1.019336343955824287e+00
1.019103474948306109e+00
1.019008955516814252e+00
1.018747721790534522e+00
1.018727158182014980e+00
1.018656363212726568e+00
1.018485398794703345e+00
1.018255343386597511e+00
1.018151416290204336e+00
1.017946559981339760e+00
1.017862933373381518e+00
1.017821280753980373e+00
1.017518768281839847e+00
1.017349348083426586e+00
1.017301755234977456e+00
1.017109109180297288e+00
1.017017967704640924e+00
1.016883156170360847e+00
1.016765600420743265e+00
1.016564425178386966e+00
1.016483266246178907e+00
1.016352751480506855e+00
1.016265875544402286e+00
1.016207363181635515e+00
1.016038879016406993e+00
1.015988985010815693e+00
1.015806282318994169e+00
1.015722888926317014e+00
1.015603370018734797e+00
1.015393453989171579e+00
1.015363696821088846e+00
1.015246969052474801e+00
1.015165135783174133e+00
1.015019525741316819e+00
1.014962436553685121e+00
1.014830346148045681e+00
1.014773352852071930e+00
1.014536808248657884e+00
1.014429349422272697e+00
1.014358870987162042e+00
1.014114918762054618e+00
1.013994767617211412e+00
1.013855874465013240e+00
1.013789273470069974e+00
1.013471327525835797e+00
1.013368942153210828e+00
1.013258598230655672e+00
1.013240691416434469e+00
1.013176362138015874e+00
1.013110926381028065e+00
1.012880622559253485e+00
1.012783665393573118e+00
1.012561691101983463e+00
1.012486414685594083e+00
1.012315406940281104e+00
1.012297953722755883e+00
1.012207584245582881e+00
1.012159615766698550e+00
1.012089207794377055e+00
1.011936709646972465e+00
1.011828570482826262e+00
1.011747401375535205e+00
1.011607649127733710e+00
1.011512534625643722e+00
1.011403675956354498e+00
1.011382041279416555e+00
1.011273579067546224e+00
1.011197243956566183e+00
1.011051761023648687e+00
1.010862054856884074e+00
1.010784557392339744e+00
1.010746103316922495e+00
1.010623519688283123e+00
1.010446517476147221e+00
1.010429689517820862e+00
1.010302463712414278e+00
1.010244182841131710e+00
1.010167394033208543e+00
1.010077424187975970e+00
1.009926353143481004e+00
1.009892857239722774e+00
1.009859049263420738e+00
1.009794937676330218e+00
1.009677847367599357e+00
1.009645511388292727e+00
1.009464972224342061e+00
1.009439691442042264e+00
1.009350611215594773e+00
1.009214917180258020e+00
1.009169858884239046e+00
1.009095804553066689e+00
1.008995989940254301e+00
1.008854255036430780e+00
1.008764072909004161e+00
1.008708934816170411e+00
1.008582331753103523e+00
1.008561180872937113e+00
1.008491190498587597e+00
1.008406784248063959e+00
1.008339493320890012e+00
1.008246653539819349e+00
1.008180574142341746e+00
1.008113567041611258e+00
1.008071580533443701e+00
1.008001799939414633e+00
1.007916759503060922e+00
1.007832054663102772e+00
1.007755806081475969e+00
1.007664398624214641e+00
1.007573003297211001e+00
1.007454967885588859e+00
1.007375143283849805e+00
1.007297171295598259e+00
1.007226949957036766e+00
1.007179088344799966e+00
1.007070614561423438e+00
1.006995842158343368e+00
1.006942748357618544e+00
1.006883405074895599e+00
1.006784749548550906e+00
1.006736337169278794e+00
1.006695053780291227e+00
1.006618810808979525e+00
1.006608046111321153e+00
1.006557266665303096e+00
1.006413242838183120e+00
1.006388873710448939e+00
1.006243173051817541e+00
1.006227947864078764e+00
1.006144227304000882e+00
1.006091087860295996e+00
1.006009470907981651e+00
1.005897704141033966e+00
1.005862511210689814e+00
1.005824705694552845e+00
1.005744980013057566e+00
1.005610134775198450e+00
1.005522000979211628e+00
1.005476770528004993e+00
1.005383032088285722e+00
1.005268785075994931e+00
1.005200796891840831e+00
1.005187462618294614e+00
1.005109191721207607e+00
1.005064319204626688e+00
1.005009466954605690e+00
1.004860708470399988e+00
1.004714338109381488e+00
1.004672681763462805e+00
1.004580445543236999e+00
1.004520023164717335e+00
1.004476876632401261e+00
1.004396380105155639e+00
1.004360246855681371e+00
1.004290848534107106e+00
1.004235925914784389e+00
1.004185141400819159e+00
1.004036001806451583e+00
1.004014318288017904e+00
1.003984186237510512e+00
1.003899647453756261e+00
1.003843625809705209e+00
1.003778893246436654e+00
1.003738943797355843e+00
1.003703892330757075e+00
1.003579185707933252e+00
1.003569917106087228e+00
1.003459107809151707e+00
1.003371916784827400e+00
1.003307066688983173e+00
1.003247974349156024e+00
1.003196051096346242e+00
1.003149632815485859e+00
1.003125857723016434e+00
1.003098220419087472e+00
1.003050417659113291e+00
1.003005837530913436e+00
1.002921138399376577e+00
1.002865876464357653e+00
1.002817182307149002e+00
1.002785185457218287e+00
1.002715302404255882e+00
1.002637859721088542e+00
1.002557138527869762e+00
1.002525351225555861e+00
1.002475995569338085e+00
1.002377677948325108e+00
1.002365218155168325e+00
1.002303050348513747e+00
1.002279149110692380e+00
1.002136169899946250e+00
1.002071495500097331e+00
1.002023060114100028e+00
1.001977225780522396e+00
1.001892679668264119e+00
1.001830412270392490e+00
1.001821805579164337e+00
1.001715100912305756e+00
1.001684989491592681e+00
1.001667185967213936e+00
1.001597964770285287e+00
1.001541044033898986e+00
1.001510820742927965e+00
1.001481859870323454e+00
1.001413550776889316e+00
1.001360638301778128e+00
1.001327579397433887e+00
1.001221340272458349e+00
1.001200020506971322e+00
1.001086161148745601e+00
1.001030521111879734e+00
1.001001179672448727e+00
1.000997220848059754e+00
1.000940974636695957e+00
1.000883981573203796e+00
1.000877132816720305e+00
1.000799870798392943e+00
1.000762400630925919e+00
1.000728973838412195e+00
1.000698619251194632e+00
1.000658645979730865e+00
1.000596058664804167e+00
1.000522023914098613e+00
1.000493038419308478e+00
1.000460693302492876e+00
1.000409515718469589e+00
1.000394404353523337e+00
1.000331622329352355e+00
1.000317745938056113e+00
1.000275110497561348e+00
1.000202341235246539e+00
1.000157438224976270e+00
1.000134954473492321e+00
1.000092290610575807e+00
1.000032542717185446e+00
1.000011632451557775e+00
9.999496419141818970e-01
9.998707377245734662e-01
9.998616291600761485e-01
9.998058984870435983e-01
9.997562925221584740e-01
9.997090593135722347e-01
9.996547352014001353e-01
9.995938406215405525e-01
9.995818031726799724e-01
9.995241319105365729e-01
9.994534351390864657e-01
9.993799875907637409e-01
9.993630418925232295e-01
9.992924591555862879e-01
9.992745325473648688e-01
9.992430421185960476e-01
9.991923287632141770e-01
9.991752697005317208e-01
9.991515000595234675e-01
9.990833822560524213e-01
9.990507512510696797e-01
9.990325615462822828e-01
9.989599556722227325e-01
9.989357312463594818e-01
9.988903974955400944e-01
9.988061639828641480e-01
9.987940515083882920e-01
9.987370576164441571e-01
9.987175750714275546e-01
9.986561918347217626e-01
9.985908758685739794e-01
9.985605026474346779e-01
9.984928076070470615e-01
9.984713638960678317e-01
9.984033821757537508e-01
9.983331152953857091e-01
9.982735504087880685e-01
9.982315750682897448e-01
9.981741261323645587e-01
9.981302850954553163e-01
9.980925507122047069e-01
9.980554770365490658e-01
9.979830446929938148e-01
9.979573125500412756e-01
9.979102142223329475e-01
9.978123334269120015e-01
9.977465791179043197e-01
9.976967254300164178e-01
9.976668127943187914e-01
9.976143523502213339e-01
9.975736191122824836e-01
9.975025909500117027e-01
9.974614898663770601e-01
9.974063982508626358e-01
9.973678939677987909e-01
9.972504897056321260e-01
9.972167466908099520e-01
9.971309827462071507e-01
9.971093087205800121e-01
9.970401580831207422e-01
9.969593366074962493e-01
9.969189009496085552e-01
9.969013473601838760e-01
9.967895662314948391e-01
9.967632067439049504e-01
9.967066047909948212e-01
9.966721969582285068e-01
9.965927839124785192e-01
9.965796425233783840e-01
9.965246174317010652e-01
9.964515654451056026e-01
9.964348638539919367e-01
9.963709839583388961e-01
9.962937136478323685e-01
9.962526761621625093e-01
9.962275699769023163e-01
9.961577394070093572e-01
9.961142828376762237e-01
9.960541087131198346e-01
9.959652198885471375e-01
9.959342997588667146e-01
9.958618803639606165e-01
9.957981672960566355e-01
9.957535512948244572e-01
9.957114308766253918e-01
9.955787499555658338e-01
9.954169144770116384e-01
9.953960665478679415e-01
9.953334490420420178e-01
9.952942141191495340e-01
9.951039232187064432e-01
9.950490283767822186e-01
9.949945310889115602e-01
9.949394369059841869e-01
9.948382429964577334e-01
9.947926265916489097e-01
9.947314237188457087e-01
9.946866802469196411e-01
9.945708662688294011e-01
9.945430787601060585e-01
9.945064459223962317e-01
9.943444749829845053e-01
9.943134424311284025e-01
9.942660090055135402e-01
9.941651038863275058e-01
9.941243803937959145e-01
9.940352971851461605e-01
9.940295246129751128e-01
9.939477394243898534e-01
9.938242732030778681e-01
9.937764830352447953e-01
9.937301846612481837e-01
9.936141117044505755e-01
9.935904729133016033e-01
9.935169927429517989e-01
9.934768131063330676e-01
9.934373411868148152e-01
9.933499296901215914e-01
9.932532308288987144e-01
9.931905323867877833e-01
9.931606012867180144e-01
9.931020253127635922e-01
9.930559928972596540e-01
9.930387883437495899e-01
9.929470187295380557e-01
9.929119486541151396e-01
9.928536538251330201e-01
9.927770141479529409e-01
9.926581159367924290e-01
9.926075106648020174e-01
9.925804688116675045e-01
9.925374761761102116e-01
9.923250580830159651e-01
9.922365478615774448e-01
9.920502807274996782e-01
9.919854066541157200e-01
9.918770945570301034e-01
9.918522038333017488e-01
9.916730641578317407e-01
9.916116985135826623e-01
9.914913004057830381e-01
9.914720599928559253e-01
9.914439023484642455e-01
9.913794604100935048e-01
9.911405923505449689e-01
9.911055325925054449e-01
9.910739298624562377e-01
9.909549616821479168e-01
9.908337627712082707e-01
9.906592854098902334e-01
9.905010552866648776e-01
9.904172986572085113e-01
9.902939908602763630e-01
9.901524319997282442e-01
9.899848581246210033e-01
9.899728939222522950e-01
9.898185096246847614e-01
9.898162992560214368e-01
9.897219918755377766e-01
9.895858614355270699e-01
9.895173541531917527e-01
9.892826283788709318e-01
9.891833273448448205e-01
9.891250139470605385e-01
9.890553032863947935e-01
9.889987096460317595e-01
9.888369150525406770e-01
9.887002237757852585e-01
9.886400779021831120e-01
9.884876895558007970e-01
9.884307038208574037e-01
9.883914326338507639e-01
9.883122673539079805e-01
9.881629630876409554e-01
9.880924839011795413e-01
9.879028675532078863e-01
9.877933738125889152e-01
9.876993030779027682e-01
9.874185605160639145e-01
9.873265152790756671e-01
9.872573215387666634e-01
9.871599668062287503e-01
9.871118479857196037e-01
9.870005646564757873e-01
9.869196554638939300e-01
9.867772183741371217e-01
9.867275365981175161e-01
9.865405172729516670e-01
9.865039940079398662e-01
9.862734483918357276e-01
9.861885931571454655e-01
9.860877481715342174e-01
9.860407544932395796e-01
9.858889380328430541e-01
9.858426929311052689e-01
9.858270837391479580e-01
9.856572985443020629e-01
9.855067335928480166e-01
9.854623209852735322e-01
9.852416161553467777e-01
9.851148740228824474e-01
9.850341731788213595e-01
9.849642077964322340e-01
9.848142411198552715e-01
9.847476636414347340e-01
9.847104776974712204e-01
9.845371374447325907e-01
9.844419283983315561e-01
9.843528043582441267e-01
9.841981415060879756e-01
9.840745098578627115e-01
9.839479356618543449e-01
9.839428100421482304e-01
9.837838227082174036e-01
9.837585526970277217e-01
9.836103910798602579e-01
9.835115502490076045e-01
9.833890889145904257e-01
9.832154738172592667e-01
9.830793007357085944e-01
9.829302397657391221e-01
9.828600861417674528e-01
9.827010084488629893e-01
9.826367073535708929e-01
9.825310381603451493e-01
9.824976302103722858e-01
9.823710295724539243e-01
9.822908772086270668e-01
9.821421551576717812e-01
9.819910574385427582e-01
9.819387641656066590e-01
9.817883421362532115e-01
9.816746140812520061e-01
9.813991339667021974e-01
9.812829847722417398e-01
9.812484504229014304e-01
9.810766151810855762e-01
9.808863386815369623e-01
9.807111724415267240e-01
9.806390711571165708e-01
9.804621283699148648e-01
9.803872650513532072e-01
9.802680013907273393e-01
9.801443169877446238e-01
9.799740080523698937e-01
9.799546769459537288e-01
9.798006957910407877e-01
9.797897679340439314e-01
9.795868343622233798e-01
9.793062826220630956e-01
9.791391094070768242e-01
9.790317123548896161e-01
9.788011433664883798e-01
9.787374345014280275e-01
9.786595128298114510e-01
9.785437019898541866e-01
9.785128606561159792e-01
9.782771944132553354e-01
9.780658807946397415e-01
9.776716135780947337e-01
9.775511130043406105e-01
9.773332475942214659e-01
9.773017008471254208e-01
9.772281875305488530e-01
9.770093098727689052e-01
9.769529032210593211e-01
9.769310391558871931e-01
9.767608792340046753e-01
9.766083706950161591e-01
9.763490081214837302e-01
9.762171582703200734e-01
9.760308366556665893e-01
9.758384756908541346e-01
9.756900897597201583e-01
9.755518936604686830e-01
9.754486161260375043e-01
9.753848287747821644e-01
9.751250132210281807e-01
9.749287208661434612e-01
9.748033841785066489e-01
9.745766724928496272e-01
9.744630743117136396e-01
9.742968072881263986e-01
9.741468546723947020e-01
9.739839344963018286e-01
9.739056285021961967e-01
9.738704578954947566e-01
9.737622608699032511e-01
9.735940349313337849e-01
9.732824992892838978e-01
9.730567150283192523e-01
9.729569279211466304e-01
9.726758399197332761e-01
9.725373840742279619e-01
9.724103970941289088e-01
9.721830238852317008e-01
9.720855810012640763e-01
9.715066895525584778e-01
9.712874331264422789e-01
9.710932741472548813e-01
9.708347530465376574e-01
9.707803319535831532e-01
9.706447557832471595e-01
9.705437988183304165e-01
9.704065215724398952e-01
9.703211905139723648e-01
9.701275709244484569e-01
9.699340471181568946e-01
9.698276169365844801e-01
9.696253457171113421e-01
9.695058892652732574e-01
9.692679013890024287e-01
9.691355452079649657e-01
9.690946706479914852e-01
9.690079368732870124e-01
9.687577094447518133e-01
9.686152474394652545e-01
9.685229087789793967e-01
9.683222402783421279e-01
9.682781350721340052e-01
9.681640481589248726e-01
9.677894419171851892e-01
9.676278590268341251e-01
9.673137953557724433e-01
9.669947374352810820e-01
9.668514078879104634e-01
9.663109065887769411e-01
9.662742891339708429e-01
9.659859306756509723e-01
9.658090987228630242e-01
9.656714996741911916e-01
9.654895718968051765e-01
9.653203559464674788e-01
9.648975883456604175e-01
9.647499398834150641e-01
9.646559528832360231e-01
9.641879234153163392e-01
9.637491907589597062e-01
9.633939001283636783e-01
9.632079526506303058e-01
9.631395758073233448e-01
9.629472076021050597e-01
9.627148047833901101e-01
9.625302750820062814e-01
9.618565566322433424e-01
9.615220075039030423e-01
9.614899716273417329e-01
9.613714205233799825e-01
9.611534846304873314e-01
9.608515584361594364e-01
9.608202006284418673e-01
9.605535643470477503e-01
9.600146880454256682e-01
9.599381476694153204e-01
9.596468707734854275e-01
9.596070225784595342e-01
9.591418151209966103e-01
9.585021667622006802e-01
9.580777371014999044e-01
9.578801629536151108e-01
9.575381676834867628e-01
9.572319647411179355e-01
9.566940592186667924e-01
9.562082035476229258e-01
9.559960410711543233e-01
9.558116237904126233e-01
9.555501071268766022e-01
9.553513689182120405e-01
9.548698351818815100e-01
9.547159363040365054e-01
9.545774492406918776e-01
9.542497433933020412e-01
9.539821387660936125e-01
9.539292694206696899e-01
9.535886058331419779e-01
9.532375899734243374e-01
9.528191170932673870e-01
9.521052351800881608e-01
9.520547804670407288e-01
9.512232635744636289e-01
9.510813323898630323e-01
9.508729364432794151e-01
9.503886286472348344e-01
9.503005140694148478e-01
9.500239937251229172e-01
9.496483085203931696e-01
9.492871847366837201e-01
9.491550642667199167e-01
9.488444530721216186e-01
9.481459629040834836e-01
9.479082128423574893e-01
9.474242177941544218e-01
9.464628268839699876e-01
9.460622694408108435e-01
9.449801365777614759e-01
9.446398892831139316e-01
9.440506920654866407e-01
9.438721902064125535e-01
9.431909840391341504e-01
9.427758877974271590e-01
9.424901912591023834e-01
9.421525709331333154e-01
9.410422232733013370e-01
9.407827991585689942e-01
9.405892256088480563e-01
9.404497569318612804e-01
9.400779774902950914e-01
9.391996527105286319e-01
9.388843508953039763e-01
9.381833013985558800e-01
9.377372756453309366e-01
9.374188546835744429e-01
9.370290423342468866e-01
9.367909367075138993e-01
9.356421128980006996e-01
9.353015634527966915e-01
9.345699677044174702e-01
9.343684682751959292e-01
9.343277612432067114e-01
9.334894661984415309e-01
9.334393168351791115e-01
9.320640102973676289e-01
9.312925439924255588e-01
9.311745177560039055e-01
9.310389648358285974e-01
9.302820544847085760e-01
9.294769926168494623e-01
9.288276659820523529e-01
9.284831477319770432e-01
9.274261017418491404e-01
9.271970871549894966e-01
9.269128867898845936e-01
9.263521968645566096e-01
9.261925344357946344e-01
9.259884152525580392e-01
9.259537005930811304e-01
9.259036409097864961e-01
9.246043595255899472e-01
9.236829390073640900e-01
9.220183671286409366e-01
9.218426399855510489e-01
9.206007485210833119e-01
9.200353885306085111e-01
9.198411125026059176e-01
9.188276516076637757e-01
9.178811394304350335e-01
9.158618180623253613e-01
9.154672326487629519e-01
9.150708865581496099e-01
9.142351655320818393e-01
9.139656369623387899e-01
9.133313929962384448e-01
9.121618034994092294e-01
9.115804079773734969e-01
9.113803275179602759e-01
9.108990872621002266e-01
9.105330179878060592e-01
9.098894552543238534e-01
9.091617948835609697e-01
9.077748408077016551e-01
9.073745873014658070e-01
9.064128032030354110e-01
9.056660858777840772e-01
9.051900184995985699e-01
9.049964818955074097e-01
9.047575892209969162e-01
9.028701398103765596e-01
9.025937952106618534e-01
9.022089020793284675e-01
9.008537869750200544e-01
8.999286384934348515e-01
8.992916871503414677e-01
8.970507645152697718e-01
8.966198594131136179e-01
8.956855725939351087e-01
8.950018037052061004e-01
8.938156567889793402e-01
8.926579115935832087e-01
8.922203500625225381e-01
8.913353631883663697e-01
8.892707640881430953e-01
8.876084397467652876e-01
8.873215169673346336e-01
8.861931557605080556e-01
8.846836638925341667e-01
8.844862782750719798e-01
8.820196988893800327e-01
8.816658401696837455e-01
8.814592321026489818e-01
8.806788740006216143e-01
8.796070597633233179e-01
8.786534908163606827e-01
8.784766200823483917e-01
8.772010131221882334e-01
8.767109239132203635e-01
8.747438073194202524e-01
8.737004074346894633e-01
8.726808432744437294e-01
8.722159763799574028e-01
8.718480691833380147e-01
8.708330700022161031e-01
8.692405799667061173e-01
8.670513386113410936e-01
8.661005743400946866e-01
8.655253160888054520e-01
8.647967506758010847e-01
8.646917272679361943e-01
8.642685681148378762e-01
8.619605001993114746e-01
8.610857500692551403e-01
8.585108856840604208e-01
8.578638182976326965e-01
8.576426956561306048e-01
8.574307618082496196e-01
8.566293159741700247e-01
8.552008670855385519e-01
8.506316300381493445e-01
8.500758614609322805e-01
8.498938254323483710e-01
8.465598389909712029e-01
8.444651253839087213e-01
8.435030530648520708e-01
8.432891292471295097e-01
8.419717156050716689e-01
8.411282140933329377e-01
8.404987909332728435e-01
8.388597559329532549e-01
8.384936795881670069e-01
8.374557121599758291e-01
8.351719887913608975e-01
8.333338942355529300e-01
8.317956586331333169e-01
8.290686854840555453e-01
8.288240381099521992e-01
8.274250731910376411e-01
8.268073554300890970e-01
8.254884805853758278e-01
8.229185155975398125e-01
8.203160251620270627e-01
8.199600615298666684e-01
8.188651583442514426e-01
8.164565514023712778e-01
8.152463778737675248e-01
8.142160755689024088e-01
8.105915765607319967e-01
8.077531878467806292e-01
8.075238422669835936e-01
8.074038502571250220e-01
8.069611422270159817e-01
8.069443893881323993e-01
8.039363325962821660e-01
8.032029408749091770e-01
8.027997643712665443e-01
8.021561843711344508e-01
8.012517933667463454e-01
8.006076554074657015e-01
7.999944592920106290e-01
7.938783189120546258e-01
7.931617791599083755e-01
7.883957958762959350e-01
7.878690484566216456e-01
7.871680761742152477e-01
7.864266816982973252e-01
7.835672818279972862e-01
7.828525015334490966e-01
7.807597649589178568e-01
7.791539323815068752e-01
7.685643982985015388e-01
7.673481716895728111e-01
7.632310031292846020e-01
7.622951092626273351e-01
7.606142302897719309e-01
7.595829054685542259e-01
7.568335383022530838e-01
7.561944732593812724e-01
7.557412300438700603e-01
7.551073876967804299e-01
7.474054021610757603e-01
7.467210550881401288e-01
7.415461953398284622e-01
7.357895991394751700e-01
7.323936009357916443e-01
7.322169565460119323e-01
7.316460794123637035e-01
7.310402512291535038e-01
7.304533034352981291e-01
7.296020963658129688e-01
7.278676975235102153e-01
7.198736560275401652e-01
7.152044987536844145e-01
7.151835798486541051e-01
7.145822683785094664e-01
7.110537547888203802e-01
7.038106498378005060e-01
7.032663951520685686e-01
6.989805921912762843e-01
6.969048362917705797e-01
6.878044160979532862e-01
6.846907729517084373e-01
6.816097198555486347e-01
6.815459737165395770e-01
6.791835577619428355e-01
6.752464289791856311e-01
6.580713593175144815e-01
6.530065426184590294e-01
6.504071406121784138e-01
6.482118342587916970e-01
6.472520428705026418e-01
6.406076132202428441e-01
6.384097734759249798e-01
6.359021485906334314e-01
6.319914237787390698e-01
6.288930212990304636e-01
6.271804291486776650e-01
6.213976344748037839e-01
5.977965691658010394e-01
5.939602014734082225e-01
5.785210059659295911e-01
5.744770611228854351e-01
5.733073979575183943e-01
5.725772257960529688e-01
5.710200605207467195e-01
5.679443719846581917e-01
5.484070953281210414e-01
5.386653089094652902e-01
5.373013371931294468e-01
5.372600076884965770e-01
5.363050246269690513e-01
5.302792831419418373e-01
5.248652805099898178e-01
5.164260382969224628e-01
5.159618078352605774e-01
4.897493362564582231e-01
4.763577962158502821e-01
4.727405203703780590e-01
4.442648281693347134e-01
4.018966867437596124e-01
3.834318096425198830e-01
3.807175669726186595e-01
3.665988259519623038e-01
3.638415348075972333e-01
