6.680502904543695664e+00
5.441540012062306531e+00
4.975161091423825788e+00
4.637161563998126290e+00
4.366886104221960885e+00
4.351858586195175960e+00
4.053384209257211879e+00
3.983543060983410378e+00
3.822717116660212078e+00
3.776889795209831924e+00
3.750326877795302938e+00
3.589084597079578387e+00
3.447859140672095535e+00
3.414817855363657007e+00
3.409183144761211093e+00
3.370295952428958852e+00
3.366074108324691672e+00
3.361731935983705899e+00
3.193861759356220187e+00
3.047070158856886035e+00
2.991692786744978072e+00
2.965976187046925006e+00
2.948210697067592090e+00
2.885781922474035976e+00
2.855206327277010292e+00
2.816669044746745509e+00
2.792644167612198913e+00
2.698482345545798911e+00
2.692350146991686621e+00
2.662736053708796735e+00
2.610260473168573014e+00
2.571365257275347815e+00
2.539311913425344347e+00
2.534022988137124788e+00
2.487868785116748249e+00
2.476700766597806691e+00
2.430115480221136881e+00
2.400369516949756310e+00
2.391709782886126234e+00
2.390079324556122931e+00
2.366137089939890359e+00
2.353719274035732667e+00
2.329734988509396754e+00
2.308263703267827260e+00
2.298412000147144862e+00
2.288046743258937532e+00
2.286194695679145461e+00
2.280271902271884255e+00
2.270861022673689611e+00
2.260531214223393093e+00
2.251561017952416144e+00
2.235556926729978411e+00
2.219192394960387116e+00
2.175605664515053661e+00
2.172089312542704320e+00
2.143686466010069402e+00
2.137965506139885896e+00
2.131419301284459777e+00
2.117428429048236360e+00
2.100385031680237269e+00
2.082747226912363026e+00
2.076164405834428628e+00
2.069982644305905062e+00
2.056906320073630390e+00
2.051244072991562195e+00
2.038812594250092758e+00
2.028319375763687926e+00
2.025145929729744054e+00
2.010600154387436334e+00
2.004936357137840464e+00
1.997884234230786760e+00
1.990991303480864172e+00
1.981444512457129381e+00
1.961959309873416268e+00
1.955766084281662431e+00
1.946177078340886046e+00
1.931445661005320114e+00
1.916008836429169859e+00
1.908371731468625709e+00
1.899880786657798248e+00
1.896623589782892916e+00
1.884990851576264781e+00
1.880040540495978352e+00
1.876705653024909548e+00
1.868047367587327923e+00
1.861054073820532562e+00
1.853123461680287631e+00
1.848179764318968576e+00
1.842123666442469165e+00
1.839968316581665597e+00
1.836023771028004292e+00
1.831232085567914059e+00
1.826184591642422639e+00
1.822840973626998595e+00
1.815900388245015762e+00
1.815401027280732826e+00
1.813002083432188938e+00
1.812237281127712096e+00
1.804852228829622929e+00
1.803390693264993017e+00
1.772293141294055685e+00
1.771838269883393435e+00
1.770437486790669146e+00
1.759264972401809457e+00
1.743564151097834580e+00
1.741632919044442174e+00
1.738555604813479594e+00
1.732493503994246842e+00
1.730938287899528083e+00
1.716555580063296782e+00
1.714908125786638315e+00
1.711994622707153635e+00
1.710638071461232146e+00
1.708634093888850458e+00
1.703133749881674763e+00
1.692532628721759469e+00
1.687608294223969407e+00
1.686295504364443421e+00
1.677745120905523635e+00
1.670356742457381971e+00
1.664206145139650372e+00
1.658721084183706784e+00
1.656000030434555237e+00
1.655631739532830160e+00
1.653945638937249329e+00
1.653649100145548889e+00
1.650611704222238574e+00
1.648565694625017786e+00
1.643309425132633006e+00
1.630192807447848224e+00
1.627478377632519901e+00
1.623089248087497660e+00
1.619901352972550557e+00
1.617585481638437628e+00
1.610471787391324572e+00
1.605910604520519591e+00
1.599746772768017022e+00
1.598265531213006296e+00
1.596881532124666547e+00
1.596553343908134082e+00
1.590889187420570838e+00
1.588686936875092659e+00
1.586137894366911327e+00
1.583617614127996953e+00
1.581896157695140914e+00
1.576419522469115542e+00
1.575436288722100731e+00
1.569364798452783649e+00
1.563956173002858829e+00
1.561556249456100387e+00
1.559415710957822832e+00
1.556505837643842094e+00
1.553723438575490556e+00
1.550001354385637464e+00
1.548792923683210754e+00
1.546182566337963138e+00
1.545670904775771515e+00
1.544932669887493004e+00
1.539120425107911139e+00
1.537253259336588185e+00
1.534328591998555646e+00
1.531707750947143731e+00
1.530641344245423863e+00
1.527116089406129973e+00
1.525394700510654067e+00
1.521262370896454552e+00
1.518326363974696225e+00
1.516607282024473591e+00
1.513209190242279512e+00
1.511346239617537668e+00
1.510294865185384694e+00
1.508317882997527670e+00
1.508178913221866146e+00
1.505644615107304185e+00
1.501073115591304408e+00
1.497236923354521076e+00
1.494101842290070703e+00
1.492644803774840101e+00
1.491197181771794167e+00
1.489922769822943138e+00
1.487105955548187142e+00
1.486144793703920941e+00
1.484152380803103632e+00
1.483665226330742604e+00
1.483255579171639749e+00
1.480760416172351324e+00
1.475158640256406972e+00
1.474276638506328618e+00
1.471086181661286574e+00
1.469233568320291061e+00
1.468737879944030267e+00
1.466500426139490276e+00
1.462013052959672654e+00
1.459725307087457846e+00
1.457169869206063506e+00
1.446326287606024108e+00
1.443642346449028002e+00
1.442848344629194202e+00
1.440914347614160818e+00
1.437179238985986096e+00
1.436852659777419605e+00
1.433024303751428752e+00
1.432046785147430112e+00
1.431243768225023416e+00
1.429514345023557675e+00
1.428238304547930548e+00
1.426115174070336167e+00
1.422757953127705477e+00
1.422342418502030803e+00
1.421989316014101501e+00
1.418739246336370163e+00
1.413541858129812478e+00
1.410656785876230002e+00
1.410053890913101515e+00
1.408598359859053017e+00
1.408170763897699462e+00
1.408133325286371251e+00
1.405639250661660178e+00
1.400777615854373659e+00
1.398181078841076896e+00
1.395836767579846205e+00
1.393222588613397761e+00
1.392003597972556905e+00
1.390550167441151341e+00
1.389757886471398196e+00
1.388008733483294233e+00
1.386457362108580282e+00
1.384015342845160923e+00
1.382999579327167217e+00
1.382864799617294915e+00
1.381540809582355367e+00
1.379573434992337200e+00
1.378797211052357419e+00
1.376647198761480340e+00
1.376105704569693611e+00
1.374508791731169133e+00
1.372983057481050650e+00
1.372230540490266604e+00
1.370811957712162910e+00
1.370315928215180445e+00
1.364009713298199422e+00
1.361507139001894462e+00
1.357998371878792687e+00
1.357650963702933256e+00
1.357123461007699650e+00
1.353194086231050086e+00
1.352141499772290256e+00
1.350696159539086505e+00
1.348732688145850123e+00
1.348371139263978113e+00
1.346910886973524679e+00
1.345268896033115169e+00
1.343520158313837864e+00
1.343111484298351588e+00
1.341574343670444147e+00
1.337438280947643721e+00
1.336982836293142851e+00
1.335876098324373595e+00
1.334203764252344770e+00
1.333662489699268372e+00
1.330717007058881629e+00
1.327650449180823644e+00
1.327273592966709215e+00
1.325677211457463978e+00
1.325027352792349733e+00
1.324783411104951236e+00
1.322797187131579788e+00
1.320639349278933228e+00
1.318246825925700083e+00
1.316128575945791912e+00
1.315339710042667809e+00
1.314811194234271063e+00
1.314632781335866252e+00
1.313334386110990071e+00
1.310349037455855292e+00
1.307847351075466680e+00
1.306664088423872272e+00
1.306049134996402072e+00
1.305531013563587805e+00
1.304149743467041711e+00
1.301987350548474032e+00
1.301784158197546004e+00
1.301189741046041570e+00
1.299742625069441271e+00
1.296895934219194135e+00
1.296166641894238802e+00
1.295521418373136946e+00
1.294760096643181368e+00
1.293059627917686916e+00
1.291942526014113080e+00
1.289307244873869607e+00
1.288307262832800948e+00
1.287681208621048290e+00
1.285297453852740412e+00
1.284659955696679345e+00
1.281620744846228233e+00
1.280922467067986403e+00
1.278738897511005668e+00
1.277511464997549639e+00
1.276572318429904485e+00
1.275948094798379229e+00
1.273635837428950035e+00
1.272106936896823859e+00
1.270604405395437508e+00
1.268508723812956873e+00
1.267090020525125649e+00
1.266270413165922371e+00
1.265752209479444224e+00
1.265012667067530350e+00
1.264168228806155092e+00
1.263538932711643747e+00
1.262681867607510444e+00
1.260433422076039145e+00
1.259711186203775535e+00
1.259109387815938064e+00
1.258694087633351444e+00
1.257042574588865147e+00
1.255685912482813027e+00
1.252761773676952073e+00
1.251517766612546767e+00
1.250638091360428694e+00
1.248892610130000191e+00
1.247555457435646220e+00
1.247082949118944128e+00
1.246044119518814330e+00
1.245301183464211148e+00
1.245030579548275229e+00
1.243870482433852231e+00
1.242309631774955569e+00
1.241601662076014634e+00
1.239866619434128792e+00
1.238149509451448305e+00
1.237673542479032607e+00
1.237441285618144926e+00
1.235664435243677639e+00
1.234083702487741352e+00
1.232457081314018099e+00
1.231654555424993580e+00
1.230471137219925959e+00
1.230173234864923248e+00
1.229611973080440013e+00
1.229189457668241170e+00
1.228247258797318775e+00
1.225567994595970767e+00
1.224919509020068409e+00
1.223894997909132698e+00
1.222382297767253156e+00
1.221079730722629320e+00
1.220165425824004446e+00
1.220023698045577198e+00
1.218885014874365513e+00
1.217454713874225769e+00
1.217137280948352052e+00
1.216026935258158304e+00
1.214051744087870421e+00
1.213790068551108936e+00
1.210218400674557104e+00
1.208176713495854981e+00
1.207444301090541350e+00
1.206675287237981342e+00
1.204961668845666800e+00
1.204313721643538226e+00
1.204100557888499790e+00
1.203759854283629416e+00
1.203328774774814036e+00
1.202616958369596256e+00
1.202093421981959009e+00
1.201427845825805862e+00
1.200797983275370129e+00
1.199840925941578762e+00
1.197634606068941343e+00
1.196386212430623930e+00
1.195247807452956001e+00
1.194182609455664013e+00
1.193552993979708265e+00
1.193175763068695883e+00
1.192304825459428841e+00
1.189691021504545976e+00
1.189207182566023535e+00
1.188894765697890765e+00
1.187438621647095127e+00
1.185871655022868065e+00
1.185409990954906512e+00
1.184628638619355412e+00
1.182439572313070508e+00
1.182127634323803189e+00
1.180946340407574624e+00
1.180565494136311067e+00
1.179166843962675459e+00
1.178685275051182035e+00
1.178007289502369659e+00
1.177355550353772484e+00
1.176606976171759245e+00
1.176082598043770133e+00
1.174892167106815544e+00
1.174154166592029425e+00
1.173183184350915509e+00
1.172721545068722948e+00
1.169327829957514941e+00
1.168196005136301618e+00
1.167910915620112400e+00
1.167840101260241958e+00
1.166989728815981620e+00
1.165628940489763954e+00
1.165065153202794690e+00
1.164610484269340107e+00
1.163510021333067135e+00
1.161934982270897976e+00
1.161478469414401804e+00
1.160846620055183465e+00
1.159865428070361748e+00
1.159072891448232001e+00
1.158514434829644557e+00
1.158017012138377044e+00
1.156607852704966577e+00
1.155669286324799483e+00
1.155279992698091895e+00
1.155003983679594448e+00
1.153897431956039110e+00
1.152123409757904282e+00
1.151119733009816626e+00
1.150923604981529458e+00
1.149944708425375772e+00
1.149798331076082203e+00
1.148208780888253067e+00
1.147746299898135813e+00
1.147596469144490650e+00
1.146619752857056973e+00
1.145811923219184125e+00
1.144978331930426974e+00
1.144326233979001906e+00
1.144056259888658555e+00
1.143011265430435852e+00
1.141745015000871888e+00
1.141569366082528791e+00
1.140280486218669953e+00
1.138352286990563345e+00
1.136997379527589613e+00
1.135721545080099704e+00
1.135453948414995917e+00
1.133664113724509370e+00
1.133022035653023396e+00
1.131598288474764846e+00
1.130731499022407327e+00
1.130573156118871436e+00
1.130130997332719822e+00
1.129488298426750248e+00
1.128976043467487811e+00
1.128640679556181414e+00
1.128498495695942294e+00
1.128170070712035455e+00
1.127513703876909190e+00
1.126934067550714902e+00
1.126399999505980798e+00
1.125889125540342484e+00
1.125242822475587712e+00
1.124846356863548058e+00
1.124671599787554266e+00
1.123349279741510109e+00
1.123026057190002813e+00
1.122228353332373363e+00
1.121796210468082977e+00
1.121051265591394008e+00
1.120292989498670178e+00
1.119991318999800312e+00
1.119428186123174518e+00
1.119245778513535461e+00
1.118798854196164649e+00
1.118522426592793551e+00
1.118085254617222635e+00
1.117018129435498608e+00
1.116469288662516268e+00
1.114788972838161252e+00
1.114149548359264275e+00
1.113380401966870492e+00
1.112668358004600178e+00
1.112068326483166558e+00
1.111863033440075421e+00
1.111347550091072112e+00
1.111063720683316713e+00
1.110047634671837313e+00
1.109499862092980127e+00
1.109014429711143057e+00
1.108303134563604297e+00
1.107364085411051802e+00
1.106555828992439316e+00
1.105973551455926129e+00
1.105469752751395029e+00
1.104596912636406580e+00
1.103997680313097751e+00
1.102749004730780857e+00
1.102193203205888539e+00
1.101571432525310090e+00
1.100502372941088769e+00
1.099711518547158651e+00
1.099695948986086691e+00
1.099148598457020398e+00
1.098688293312488184e+00
1.098556972822799516e+00
1.098246809413604419e+00
1.097261406875162049e+00
1.096770129331684718e+00
1.096734172698762277e+00
1.095807023325436669e+00
1.095578471053016312e+00
1.094785670570281200e+00
1.093995250242075334e+00
1.093525930481820563e+00
1.092942721343188595e+00
1.092363957708134548e+00
1.092010821179480118e+00
1.090808560430497565e+00
1.090338612646214678e+00
1.089579682154215856e+00
1.089264412545611016e+00
1.089016253833717363e+00
1.087964815813756037e+00
1.087926505599088767e+00
1.087465709094867838e+00
1.085818905066485485e+00
1.085759042667166163e+00
1.085383150234061844e+00
1.084967258004001511e+00
1.083775573726715180e+00
1.083546032741848908e+00
1.082824816344050367e+00
1.082283034690812107e+00
1.082097313618604728e+00
1.081601356105149403e+00
1.081364658615643570e+00
1.080828834422272511e+00
1.080375886279230091e+00
1.080212713758650134e+00
1.079661681689790820e+00
1.079008141942046750e+00
1.078215219059925678e+00
1.077951354843819320e+00
1.077649834554603281e+00
1.076782334794876839e+00
1.076452521854823319e+00
1.076109225892967647e+00
1.075741341141587482e+00
1.075439767953582093e+00
1.075212595225808698e+00
1.074778480364798616e+00
1.074263635210371381e+00
1.074004360270741198e+00
1.072945666603088766e+00
1.072525303385412521e+00
1.071921223508862209e+00
1.071378128657072715e+00
1.070861756075256244e+00
1.070579944029809605e+00
1.070002787793111754e+00
1.069735266252468175e+00
1.069598885268169042e+00
1.068784982493541813e+00
1.067066664375935892e+00
1.066490702097473431e+00
1.066320876886342583e+00
1.066164944930975800e+00
1.064715563954638622e+00
1.064550205828355134e+00
1.063932674780660115e+00
1.063876773565304523e+00
1.063108194667249151e+00
1.062694604835870082e+00
1.062165728996532055e+00
1.061957109559939827e+00
1.061482397731879690e+00
1.060948505433342071e+00
1.060550504490024304e+00
1.060083758933136888e+00
1.059823760841489326e+00
1.059501363464532275e+00
1.059419010050914434e+00
1.058880496013127059e+00
1.058479561873218122e+00
1.058011600097213067e+00
1.057651778630479100e+00
1.057621429270887203e+00
1.057429098076584806e+00
1.056675751239007699e+00
1.056064285260730706e+00
1.055610935078040491e+00
1.055051310454715008e+00
1.055031101263293358e+00
1.054415424678039059e+00
1.053405441553108446e+00
1.053087414110051689e+00
1.052877399432478267e+00
1.052171490126462050e+00
1.051640714510498675e+00
1.050942430503629454e+00
1.050679997049781322e+00
1.050522021649042292e+00
1.050044158526540761e+00
1.049001553932145114e+00
1.048743125197533876e+00
1.048564474877519581e+00
1.047933334925261528e+00
1.047705471308457925e+00
1.047082412197572587e+00
1.046746531552453341e+00
1.046553143774429762e+00
1.046014193850101970e+00
1.045469480761875403e+00
1.045058705284212852e+00
1.044233226805745263e+00
1.043892638686813479e+00
1.043345826836802104e+00
1.043121821288605533e+00
1.042902599328351831e+00
1.042257864732693218e+00
1.041955989535309879e+00
1.041571495726981711e+00
1.041360383047601701e+00
1.041014468873499910e+00
1.040482165163929107e+00
1.040131558244347998e+00
1.040000535423904582e+00
1.039701389929246211e+00
1.039352096974244466e+00
1.039156045392278571e+00
1.038974394966849291e+00
1.038782790610778717e+00
1.038197963008552493e+00
1.038027323972857907e+00
1.037782271720553151e+00
1.037279492899185085e+00
1.036596272609198843e+00
1.036178557398363509e+00
1.035433557272583904e+00
1.035309776556269989e+00
1.034776915415285048e+00
1.034312593514397971e+00
1.033988212204564272e+00
1.033536408652425687e+00
1.033500030560827287e+00
1.033178562010953261e+00
1.032699650754178800e+00
1.032164286634390749e+00
1.031887506698533574e+00
1.031557810862651969e+00
1.030938517579318869e+00
1.030136811947016007e+00
1.029770807653507703e+00
1.029606472397807337e+00
1.029308353396650499e+00
1.028966731721837169e+00
1.028944885418306754e+00
1.028485606996813795e+00
1.028349770194798340e+00
1.028071538412928421e+00
1.027184073105017914e+00
1.027051861653409670e+00
1.026866467975990682e+00
1.026731213937786658e+00
1.025881156877139988e+00
1.025763323449009556e+00
1.025405300252952623e+00
1.025047829564569302e+00
1.024702547892990312e+00
1.024465381383040885e+00
1.023974403131682642e+00
1.023646342607423154e+00
1.023316673391137854e+00
1.022930624273453049e+00
1.022706529910432982e+00
1.022362267255347401e+00
1.021964952121556802e+00
1.021889865746587578e+00
1.021715508105533576e+00
1.020526247123340724e+00
1.020427189589028671e+00
1.020293183170286833e+00
1.020062775154912504e+00
1.019384597118119240e+00
1.019206849296422135e+00
1.018942472154570567e+00
1.018722180664783705e+00
1.018461186703314203e+00
1.018313346781372752e+00
1.017904154029666941e+00
1.017408339534285000e+00
1.016780420625726711e+00
1.016392692599603853e+00
1.015914766634490762e+00
1.015716557759035243e+00
1.015487380009350460e+00
1.015138805686737644e+00
1.014855978656362456e+00
1.014527754264170190e+00
1.014502247103359789e+00
1.014375312793589945e+00
1.013660084594147248e+00
1.013512523218624173e+00
1.013053926444467345e+00
1.012922271679044917e+00
1.012557567212480913e+00
1.012338554185813644e+00
1.012173352145519623e+00
1.012108595365012409e+00
1.011812915468207175e+00
1.011696543191633380e+00
1.011586212352685088e+00
1.010641155234560662e+00
1.010186119783943237e+00
1.010118875004098138e+00
1.009972210011484961e+00
1.009621561274216317e+00
1.009273913597255490e+00
1.009209374183203334e+00
1.008925076025086964e+00
1.008390200018740801e+00
1.008274734748991097e+00
1.008138365743670661e+00
1.007959804588088870e+00
1.007685429609186167e+00
1.007614152234084015e+00
1.007218851616032751e+00
1.007134325159142918e+00
1.007026291442090660e+00
1.006830265770404020e+00
1.006572137453414229e+00
1.006127400227674995e+00
1.005946132732286058e+00
1.005881847534310092e+00
1.005669105704797284e+00
1.005272147138855932e+00
1.005181239911474345e+00
1.005077135074365025e+00
1.004927969084844719e+00
1.004698630646072344e+00
1.004645584126023561e+00
1.004469748685741237e+00
1.004296607289384635e+00
1.004091946340319064e+00
1.003989496937881976e+00
1.003947452153225228e+00
1.003782850378370339e+00
1.003453946711146294e+00
1.003276173756138201e+00
1.003062590887985772e+00
1.002757161577758849e+00
1.002721570110197691e+00
1.002534067760764369e+00
1.002416387851002622e+00
1.001924400192588660e+00
1.001797673361681129e+00
1.001615507793991444e+00
1.001420202729128794e+00
1.001383438787242008e+00
1.001111344578372142e+00
1.000903831449468484e+00
1.000686726529043780e+00
1.000595560665005213e+00
1.000447811156916167e+00
1.000236181709891259e+00
9.998567087840379841e-01
9.998283203643639760e-01
9.996376035071502519e-01
9.992430768594448010e-01
9.989038850734112129e-01
9.988737274064453109e-01
9.988272010471153095e-01
9.985415270744921745e-01
9.984297908361373652e-01
9.980555352704584271e-01
9.979778881436980331e-01
9.974003483668767434e-01
9.971935479695718252e-01
9.970648105400589101e-01
9.967445574385842555e-01
9.964170560636739227e-01
9.962568613140292406e-01
9.960712831943858703e-01
9.959481207253590984e-01
9.956880161705672361e-01
9.954244797341851303e-01
9.949857862549188470e-01
9.948285594895710515e-01
9.946850296647890000e-01
9.944757766139058486e-01
9.942706076676766092e-01
9.938956736822804894e-01
9.933545462654350677e-01
9.930858686702060956e-01
9.929374295770047043e-01
9.927072591891079600e-01
9.924325877552685471e-01
9.919263496222028298e-01
9.915553305294714237e-01
9.913674582635619847e-01
9.913227864125637723e-01
9.909731594182085157e-01
9.906020887155436716e-01
9.904433058475422547e-01
9.902241569549594669e-01
9.898422992475772730e-01
9.896068385448711924e-01
9.893017925725867689e-01
9.891801273668919814e-01
9.888162614441725617e-01
9.886072246817537712e-01
9.881528945081534676e-01
9.874771288142828451e-01
9.871191454006670307e-01
9.867721866162822986e-01
9.865978625414451031e-01
9.864308921232293192e-01
9.860476013844579057e-01
9.859495908861382052e-01
9.853957910483014393e-01
9.847560783342166335e-01
9.845785473978623248e-01
9.839957159037113765e-01
9.838487536044510096e-01
9.833488799314693551e-01
9.831828166492359022e-01
9.827870538080034635e-01
9.821580166855770067e-01
9.818771820299234676e-01
9.813942036618339415e-01
9.810719908874971917e-01
9.808077312636506173e-01
9.805291350440420439e-01
9.803856784413754744e-01
9.799543241799993920e-01
9.794970767717031679e-01
9.791519869728064762e-01
9.782134818841576873e-01
9.779151548207980493e-01
9.776872700886243273e-01
9.774448693025985513e-01
9.768623880724609521e-01
9.762524095022683257e-01
9.758435634558151328e-01
9.753283963733846429e-01
9.750496652661594377e-01
9.749557681852317748e-01
9.747771303679382271e-01
9.744446827061942207e-01
9.737861186948798542e-01
9.729097836560124390e-01
9.726069485580314256e-01
9.721274819709391224e-01
9.718607930522640270e-01
9.716806000945579225e-01
9.715083885748451165e-01
9.709063943490614523e-01
9.701239001920197724e-01
9.697873457949319764e-01
9.691883982044333656e-01
9.685119504084795938e-01
9.683028929453855183e-01
9.676491185409286100e-01
9.670062070435393453e-01
9.660943419951225630e-01
9.658183253239253085e-01
9.657748710509097556e-01
9.651441562970146659e-01
9.640710484468150154e-01
9.639719156398424138e-01
9.638622317485365798e-01
9.635568009023216529e-01
9.631885448455033139e-01
9.624413474943517288e-01
9.622060070936812037e-01
9.614353736081163726e-01
9.610894230650108838e-01
9.605664010980623502e-01
9.601855229162105099e-01
9.598581656985610833e-01
9.594289482096922672e-01
9.593002921443306574e-01
9.586448154188480508e-01
9.582508473969458818e-01
9.580073360610973365e-01
9.571256854063590058e-01
9.561253893354484390e-01
9.556798530417894844e-01
9.551615620689868358e-01
9.548892531564032726e-01
9.543963874277745507e-01
9.535574643769840764e-01
9.531368565927176295e-01
9.528798196387060493e-01
9.527583504864507447e-01
9.525899089982621248e-01
9.524268113163713023e-01
9.522173522953574221e-01
9.521213471982274967e-01
9.518807807668715482e-01
9.515391874160867847e-01
9.507312324715542218e-01
9.500707265622336806e-01
9.493110758682852257e-01
9.476005172601034143e-01
9.475413112991643017e-01
9.458800435554572950e-01
9.455426638266188899e-01
9.450782932165194827e-01
9.439207091997551258e-01
9.438334721124033155e-01
9.435328761987192836e-01
9.433227425870953642e-01
9.424744586184380379e-01
9.421023149465022062e-01
9.417103572662784972e-01
9.409155341490936797e-01
9.406645664795819650e-01
9.404634020314158738e-01
9.403967900815011216e-01
9.385732814202764063e-01
9.375905551965371121e-01
9.372139168986046709e-01
9.365116104357921190e-01
9.357136337853682040e-01
9.352714674175321985e-01
9.338963040110378477e-01
9.337208804616704549e-01
9.335011656333959129e-01
9.332401413012668678e-01
9.327700069093252111e-01
9.321900569986404372e-01
9.317225210033247551e-01
9.314379803183475692e-01
9.307243652455065019e-01
9.303532019446315582e-01
9.293887254296726574e-01
9.287403865657162250e-01
9.284277625218146923e-01
9.281310517722113351e-01
9.274289861664684054e-01
9.273945169606305772e-01
9.264722181442294202e-01
9.261151793657118603e-01
9.256090905175605732e-01
9.248317365384540745e-01
9.247182443718127143e-01
9.240103185459194179e-01
9.235421939215056053e-01
9.232037443957566980e-01
9.219766091313912337e-01
9.210123415782285328e-01
9.209611183882856489e-01
9.206520876267125786e-01
9.200312770695414644e-01
9.193014199578498635e-01
9.192223857231802686e-01
9.188714987697670367e-01
9.182705979723686518e-01
9.180337970492926658e-01
9.176722196679139021e-01
9.167508432953682673e-01
9.144938133896304278e-01
9.138526009333097777e-01
9.127257871459157901e-01
9.120974288545233843e-01
9.119740143290095968e-01
9.114891614078161064e-01
9.110997249121511876e-01
9.109599271973503054e-01
9.101963179881047417e-01
9.093713165860168868e-01
9.089266897135220846e-01
9.085925897559005149e-01
9.080252906388923684e-01
9.075794486115554838e-01
9.067956774036460832e-01
9.065850608499507191e-01
9.059756936970353447e-01
9.058232458074403359e-01
9.051283803137761819e-01
9.044141244928742829e-01
9.038999708846975345e-01
9.021631153870167674e-01
9.015987477246141246e-01
9.014357105108294910e-01
9.010254662534498138e-01
8.998839797079465352e-01
8.991655240863412057e-01
8.988707568880182075e-01
8.985170218199827197e-01
8.980481775152692192e-01
8.978607631112531795e-01
8.967075817498290080e-01
8.962001033263852223e-01
8.952830113337136853e-01
8.948619763055818410e-01
8.931552844720213047e-01
8.921223899981348682e-01
8.920390742902002401e-01
8.917677700640301852e-01
8.911636020493133303e-01
8.897142842919741890e-01
8.891036573758530626e-01
8.888274220605320020e-01
8.885248253895208226e-01
8.874136699355754665e-01
8.872499832916300733e-01
8.860408672425830190e-01
8.847586133044338386e-01
8.838701637960123536e-01
8.831809791928888487e-01
8.830012556461747097e-01
8.821945207150515555e-01
8.813437348098588364e-01
8.803735660166233101e-01
8.788989834119137479e-01
8.776975483277765777e-01
8.775953854437087420e-01
8.773861833200878868e-01
8.769194003189493269e-01
8.758018747017323191e-01
8.745276445268422849e-01
8.737112200341132784e-01
8.720588247263155735e-01
8.717731376215650529e-01
8.712475871594729249e-01
8.706847667911236099e-01
8.699677738729006959e-01
8.696692657393055859e-01
8.677822501525257470e-01
8.673593946592050852e-01
8.669062710211892231e-01
8.663282127666562804e-01
8.653659864225559106e-01
8.638030671895758905e-01
8.636210249421576446e-01
8.631747195286912921e-01
8.627369617109936772e-01
8.612432689644784478e-01
8.607318172181213090e-01
8.596696287550708027e-01
8.590203798832424242e-01
8.575833989012958680e-01
8.566277831269046850e-01
8.544656358522859652e-01
8.539212269665646948e-01
8.535397472540389163e-01
8.532028424690732971e-01
8.509544271619897682e-01
8.503197951873746607e-01
8.501595266929015127e-01
8.491371211847974498e-01
8.485766287516095518e-01
8.472776405481812212e-01
8.464223015324336963e-01
8.445238814863188503e-01
8.441300807584753985e-01
8.420368468483379054e-01
8.410998135690370692e-01
8.407716278097127072e-01
8.403018094445626751e-01
8.396216011269156398e-01
8.387485129130725081e-01
8.364213713428299002e-01
8.353871629374195473e-01
8.325279053912807425e-01
8.322403953810465493e-01
8.314960702648317437e-01
8.306443673529338989e-01
8.296382914602896674e-01
8.292796922560687900e-01
8.286422693146715535e-01
8.275692611841368729e-01
8.263260717670544153e-01
8.260172587621336104e-01
8.256345307029419045e-01
8.253409884031925881e-01
8.246132558477895502e-01
8.229997979157516186e-01
8.218669271523815212e-01
8.184915632266900332e-01
8.182286057527778933e-01
8.179272193264546242e-01
8.175068018685887061e-01
8.162355407641046501e-01
8.156960498260523718e-01
8.154668899316662722e-01
8.154067298834870581e-01
8.128962124847101123e-01
8.121378411482258475e-01
8.118850788230259630e-01
8.105248068956093510e-01
8.101805290649135571e-01
8.094500209876758223e-01
8.092733764748715197e-01
8.078308841718675470e-01
8.056942752684150832e-01
8.053401264344579591e-01
8.048977281631043423e-01
8.045487101311207256e-01
8.038466463379325688e-01
8.033168126816138122e-01
8.016987733958717000e-01
8.004983977222092095e-01
7.990428151916105781e-01
7.986109213772799587e-01
7.980715292987798914e-01
7.967594769696755286e-01
7.966206076396360469e-01
7.958858495079893514e-01
7.955130965726567860e-01
7.935786183894446566e-01
7.931592969212371003e-01
7.920908735822916880e-01
7.916347907960343822e-01
7.913175418108977510e-01
7.896815859656084458e-01
7.887222122262893542e-01
7.872152564697816324e-01
7.859664161454619213e-01
7.846867222837424771e-01
7.832890560051835038e-01
7.828545804768575200e-01
7.821527046783729453e-01
7.818313584200203836e-01
7.809057239806377337e-01
7.804365352187614402e-01
7.794988502758173343e-01
7.785542416400875743e-01
7.764086153590035178e-01
7.758624837099097338e-01
7.742566053365649292e-01
7.735978071527300770e-01
7.714677086408812112e-01
7.691659493410871740e-01
7.688249642596405309e-01
7.678771889105378001e-01
7.668212694822267306e-01
7.656165114976390962e-01
7.639640945958787732e-01
7.623059252830841626e-01
7.614842161707633394e-01
7.600108748968682493e-01
7.593870492279504170e-01
7.591888611236142781e-01
7.589053159679195470e-01
7.576183160679126338e-01
7.570822805305860159e-01
7.566319017470672925e-01
7.562623142038251700e-01
7.540574902955533565e-01
7.539977913210086369e-01
7.535115454242272692e-01
7.524286444302441534e-01
7.511648983208701891e-01
7.502479244887365617e-01
7.486500819068427903e-01
7.460912131709903639e-01
7.445772568057911212e-01
7.436034619018095926e-01
7.426962746954184347e-01
7.415508804520505315e-01
7.403872326535874127e-01
7.393519276451411271e-01
7.385815508350923597e-01
7.375183182795819192e-01
7.355021554740645007e-01
7.346119818220804287e-01
7.318400238717007733e-01
7.314020880587273066e-01
7.311300128006523735e-01
7.300764721260141199e-01
7.278973486087112477e-01
7.248854534289548290e-01
7.247082872566503742e-01
7.238824077563731363e-01
7.232227571121851994e-01
7.231139618485311615e-01
7.208352534481208274e-01
7.190406455474244174e-01
7.190096386471553913e-01
7.179588244075122416e-01
7.177949799215224136e-01
7.153759040953024950e-01
7.150845638379622615e-01
7.149790454629474379e-01
7.138997901842080163e-01
7.120980795619868964e-01
7.114044849243871260e-01
7.109278494928139569e-01
7.077762771856996871e-01
7.069765043021093431e-01
7.060824328490947766e-01
7.058178223458858591e-01
7.049470337406054110e-01
7.049011491568323295e-01
7.033864619298108023e-01
7.022500882883221385e-01
7.018577078746380815e-01
7.002133595318832393e-01
6.998799917883343769e-01
6.997441758907365639e-01
6.960366741629462339e-01
6.937936758791163339e-01
6.917672940297414641e-01
6.902498760651502030e-01
6.891249054215989878e-01
6.875802926676153337e-01
6.865023387395262633e-01
6.838578734502402945e-01
6.824866678532455211e-01
6.822157124909798975e-01
6.804278006152326697e-01
6.792196766889536663e-01
6.761154706888841126e-01
6.759283324065292753e-01
6.755317034033804235e-01
6.749667708839676150e-01
6.740877744218581880e-01
6.727837298940979593e-01
6.710648622891257631e-01
6.703734871320240485e-01
6.696889525124559706e-01
6.681564792831031774e-01
6.671647602417631884e-01
6.664711610218984061e-01
6.657001189621802872e-01
6.643818022287008018e-01
6.592978802910641756e-01
6.586694087974802603e-01
6.575042797466771338e-01
6.554426942476623275e-01
6.534603519676424055e-01
6.524304158924475461e-01
6.520833173525583115e-01
6.486513545048094853e-01
6.458119496625420730e-01
6.441061290193300648e-01
6.440034445260099938e-01
6.414184971917828992e-01
6.400383486109311182e-01
6.360257944185765400e-01
6.344650751938862854e-01
6.338675063777093888e-01
6.319143663147280821e-01
6.312172366226282971e-01
6.288939032016548358e-01
6.247209819927862506e-01
6.233582644662261085e-01
6.232197800269166921e-01
6.211852155829332700e-01
6.203833822605784309e-01
6.198428736855603471e-01
6.193363917173985156e-01
6.182174249861782656e-01
6.177528274424998189e-01
6.169095166150636578e-01
6.101402509585150957e-01
6.083403982118091857e-01
6.074832103843718079e-01
6.058503791522719117e-01
6.043769211121604590e-01
6.009088506045439093e-01
5.996910573545201073e-01
5.988265213899209849e-01
5.960664322796670467e-01
5.923949591460661024e-01
5.913257766402971738e-01
5.910239934910370696e-01
5.876524030622111150e-01
5.865386682699867960e-01
5.857814484516657982e-01
5.828433056653686828e-01
5.818092616022131347e-01
5.802650764481646073e-01
5.794276508201672282e-01
5.780650873491345321e-01
5.762315248929409384e-01
5.738805899943223432e-01
5.717317141587124896e-01
5.685532284206534781e-01
5.678125722631301997e-01
5.666656283690970630e-01
5.652457815182709844e-01
5.636475336929009927e-01
5.607038608618831743e-01
5.593981673895125351e-01
5.592049749688478011e-01
5.579682444796395524e-01
5.573136509425214991e-01
5.570414919819692834e-01
5.541594156497059442e-01
5.533666740306799614e-01
5.517303414503641479e-01
5.479534797006125890e-01
5.459365102840769701e-01
5.451149809117401546e-01
5.405671725107551451e-01
5.392241328727240823e-01
5.368829051906257588e-01
5.359470308119468340e-01
5.358433611524807683e-01
5.306426220779832947e-01
5.292850260758010794e-01
5.284003207498209065e-01
5.265804994900203928e-01
5.254492680317303099e-01
5.248348006516243558e-01
5.242942294630075217e-01
5.214182029498248827e-01
5.207921581329649774e-01
5.198146612301947078e-01
5.170160140661014259e-01
5.164747823590510878e-01
5.122451286838916040e-01
5.100708718750363024e-01
5.044550334830901761e-01
5.032889359262502360e-01
4.995796994560164350e-01
4.991336009920933625e-01
4.959676856010805102e-01
4.954133023967688398e-01
4.938923366928755776e-01
4.919179338682535541e-01
4.912665905446115810e-01
4.898810221065192927e-01
4.873525911887429118e-01
4.830683010411549461e-01
4.827971449239017443e-01
4.792263288488631812e-01
4.788698705305122205e-01
4.770301287767915177e-01
4.699215772771744848e-01
4.681869912900347708e-01
4.662405072607702650e-01
4.641490532694854121e-01
4.639242552568830780e-01
4.637547581441298639e-01
4.612298405511817689e-01
4.610230820085632897e-01
4.584017283110998764e-01
4.534623684500259655e-01
4.477060229842976802e-01
4.436132039586658804e-01
4.407845465796215167e-01
4.391451057920786605e-01
4.347868204754106181e-01
4.347674548797533234e-01
4.291168331608852804e-01
4.275743712734179081e-01
4.262476026766052195e-01
4.214761988444868379e-01
4.180128960880351574e-01
4.161604997497794778e-01
4.157382902523115153e-01
4.146641089885778619e-01
4.125732337168815378e-01
4.050305523323927126e-01
4.023248679631952762e-01
4.008328356763469213e-01
3.962796779983019935e-01
3.961645903469959706e-01
3.957554811615721091e-01
3.915993319405282613e-01
3.859607312688103642e-01
3.834601222466795800e-01
3.816461566021676632e-01
3.766952119304156077e-01
3.759993225528476812e-01
3.734881341602457328e-01
3.706425838769332182e-01
3.705539296266455729e-01
3.687187008537172739e-01
3.667680053731290912e-01
3.654852719968418318e-01
3.653976305482730114e-01
3.586816841964514113e-01
3.556201403821053764e-01
3.555618974942656441e-01
3.519054624407020881e-01
3.470507320074378566e-01
3.460873137123073873e-01
3.447276097893229307e-01
3.417782281015459001e-01
3.340841582376819496e-01
3.326588716109809551e-01
3.222729211594787535e-01
3.176220738745605954e-01
3.148653738235082655e-01
3.072561302408101658e-01
2.951255073415836039e-01
2.950067382630792157e-01
2.914397477023546457e-01
2.904738525549713790e-01
2.884879508995330522e-01
2.809152011883492839e-01
2.769373223844581733e-01
2.757707048038349207e-01
2.638843694867193390e-01
2.630962622436197607e-01
2.585666570973783052e-01
2.543701159204823647e-01
2.533168718201800895e-01
2.486961826392753427e-01
2.460677358142184246e-01
2.438946017351582285e-01
2.435297576695736876e-01
2.332496276500146126e-01
2.258178951479148378e-01
2.255658964365511721e-01
2.187067856688695577e-01
2.000123849799719522e-01
1.969765098095254963e-01
1.858480378770960839e-01
1.824597178108126883e-01
1.693544883903318476e-01
1.679772000594581260e-01
1.479400131656320727e-01
1.454731809622634708e-01
1.173339374078346958e-01
9.323334923167166111e-02
