2.463107411556284099e+00
2.275489424531217164e+00
2.099569230954837717e+00
2.081024963031446351e+00
2.043836092091583456e+00
2.018377568913760634e+00
1.979032569946243658e+00
1.885919113395087887e+00
1.872130748563654024e+00
1.824221358887106126e+00
1.801639935543098314e+00
1.793020843403773545e+00
1.779051354188826650e+00
1.749239549753470291e+00
1.730710518306536772e+00
1.702421671534845027e+00
1.688966530530270793e+00
1.685438909730820223e+00
1.674215887242902490e+00
1.671958864404670342e+00
1.654873096927796716e+00
1.653005468812252188e+00
1.631372993595947785e+00
1.629529535886191871e+00
1.624471933058888373e+00
1.621244617865342130e+00
1.609862085108860308e+00
1.604443826309312149e+00
1.595040539669445367e+00
1.586598862798943799e+00
1.578794072330880205e+00
1.568683382838467200e+00
1.566132006602751092e+00
1.554229151672244402e+00
1.544910151137574905e+00
1.544401093946087267e+00
1.541125858531406490e+00
1.538485683646988234e+00
1.535339354304958492e+00
1.526666258624906236e+00
1.524757120718557957e+00
1.519613324192233828e+00
1.518937366949112189e+00
1.510672145370857367e+00
1.503991658696056666e+00
1.499862875416568375e+00
1.496513488874476439e+00
1.492831955028095292e+00
1.490107895820387496e+00
1.486024799107260375e+00
1.479668517908062864e+00
1.473621011935316805e+00
1.469047447754978419e+00
1.465161594713362936e+00
1.461905002625759398e+00
1.457849381955781842e+00
1.453738317159746440e+00
1.453668852350429086e+00
1.450017515406694102e+00
1.448347045487651918e+00
1.445041858674638080e+00
1.443210371894355859e+00
1.442414387057021186e+00
1.440141110957392279e+00
1.438655974397506476e+00
1.437812223799337374e+00
1.437214696187590901e+00
1.432255129162597562e+00
1.416928455488452254e+00
1.409858156919688632e+00
1.409485387581732363e+00
1.405562446855150860e+00
1.404225381345872714e+00
1.400837157589919002e+00
1.399915599348791062e+00
1.393822549600612914e+00
1.390920827275429428e+00
1.388657303886568162e+00
1.386885116315307309e+00
1.386255774761163240e+00
1.383555877694337521e+00
1.381319007339001592e+00
1.378693344448906455e+00
1.374885923497812801e+00
1.370828741254625172e+00
1.369531258784571826e+00
1.368566316964500817e+00
1.367261606635915117e+00
1.364730842502402730e+00
1.363759715272425455e+00
1.362556583508632846e+00
1.361806970733698385e+00
1.360320177191836732e+00
1.358102137827291056e+00
1.356054542472868052e+00
1.355066158754600680e+00
1.354223134195055689e+00
1.352009144983100875e+00
1.347549037594147237e+00
1.345277436370930779e+00
1.344810334708923527e+00
1.344196441637645512e+00
1.343205681167173315e+00
1.342183583458520513e+00
1.341349173296163988e+00
1.338279432098392840e+00
1.337456606475588616e+00
1.336107205796803754e+00
1.335213658177448748e+00
1.334870341026625162e+00
1.332006103700247523e+00
1.329969630530250635e+00
1.329489059749938917e+00
1.328777105686102189e+00
1.326939561208502205e+00
1.324158414998952704e+00
1.323524653585123501e+00
1.320008273758483286e+00
1.317090335703810622e+00
1.316474944113612544e+00
1.316230816310477669e+00
1.315544886377017830e+00
1.311802676633773590e+00
1.311065302187808257e+00
1.306224644525603162e+00
1.305099407416938639e+00
1.303659832848546252e+00
1.303223963197101876e+00
1.301829142929069594e+00
1.299814575182274279e+00
1.298291174333755071e+00
1.298045498447399249e+00
1.296765523689738187e+00
1.296159834136151989e+00
1.295704533279146364e+00
1.294464130105863475e+00
1.293513284083735559e+00
1.290641924979901711e+00
1.290540270750956120e+00
1.289099002846619380e+00
1.288885616366116871e+00
1.287859086542483933e+00
1.287339368120379302e+00
1.287221972774550416e+00
1.285042422953298180e+00
1.284790780932592469e+00
1.284392067715818930e+00
1.282574693340901462e+00
1.281220028244296261e+00
1.278711131652182642e+00
1.278313151412420412e+00
1.276707984890416148e+00
1.276592200271173372e+00
1.274243721629535031e+00
1.273925053464860513e+00
1.273088321640784892e+00
1.271345542905636616e+00
1.270805698828405106e+00
1.270110904446158040e+00
1.267967287394950571e+00
1.266437701814464356e+00
1.263834243692722126e+00
1.263694077464613486e+00
1.261630925993013408e+00
1.261151797149887788e+00
1.260220039056336727e+00
1.257679925740361693e+00
1.257007685826157406e+00
1.254465006712981889e+00
1.253855995219832042e+00
1.251926309344395749e+00
1.250676133468895612e+00
1.249653592242003786e+00
1.249471812491854683e+00
1.248384979938330197e+00
1.248106966532449791e+00
1.247883577261237553e+00
1.245994946360973188e+00
1.245699480555083616e+00
1.244498263082262524e+00
1.242897924805421717e+00
1.242500736465016242e+00
1.242040894989272948e+00
1.240289210084617233e+00
1.239764905608361945e+00
1.239678727240996370e+00
1.239120549161114804e+00
1.238737942938151093e+00
1.238277793708667307e+00
1.236970512435909830e+00
1.235398966095244022e+00
1.234692137079501428e+00
1.234329932070594715e+00
1.233959218749179909e+00
1.233342868390576053e+00
1.231922411676052764e+00
1.230348193883772590e+00
1.230008049724920616e+00
1.228893404838389047e+00
1.227381172209321525e+00
1.226272445841294800e+00
1.224961765061690189e+00
1.224921029144464990e+00
1.224266701153111869e+00
1.224158921763388364e+00
1.222816459710893922e+00
1.222183385624719509e+00
1.221846089229263299e+00
1.221048953334527676e+00
1.220259167546798640e+00
1.219689209061846080e+00
1.219071482434698872e+00
1.218817535885470260e+00
1.217763034541047951e+00
1.217260596409498907e+00
1.216996860776017764e+00
1.216566523678370926e+00
1.216195807798336359e+00
1.215238815633921554e+00
1.214367974596948896e+00
1.213362701694945089e+00
1.210603922349897443e+00
1.210086788326528051e+00
1.208948450972987976e+00
1.208422708682760582e+00
1.208181789493403935e+00
1.207446057265984196e+00
1.207292647358931381e+00
1.206030243862601381e+00
1.205516282022552232e+00
1.204647089473405375e+00
1.203555403544222857e+00
1.202785652228167246e+00
1.202336376890940306e+00
1.201860573762969286e+00
1.200802457294898540e+00
1.198969782074921442e+00
1.197214960536705286e+00
1.196204049166945893e+00
1.196065762030503077e+00
1.195476426729242370e+00
1.195279933200842359e+00
1.194955226829081507e+00
1.194242540509139694e+00
1.192895784513298363e+00
1.191963545809234803e+00
1.191028364412043405e+00
1.190411738215726878e+00
1.189873018239851588e+00
1.189040088847058030e+00
1.188743236571131456e+00
1.188271188113734889e+00
1.187932254840089907e+00
1.186488829536186618e+00
1.185881325084486626e+00
1.184803443359062847e+00
1.184782439871299387e+00
1.183691166055587551e+00
1.183161925688254845e+00
1.182483215455691239e+00
1.182355438186079910e+00
1.181920701803826246e+00
1.181470726771026936e+00
1.180430240335418546e+00
1.178826719151779612e+00
1.177978489204437151e+00
1.177741011760550682e+00
1.177069823098503054e+00
1.176428530554785468e+00
1.176064972523475305e+00
1.175823252662284046e+00
1.175104194568589611e+00
1.174287370993335244e+00
1.173691100511170538e+00
1.173502963645648434e+00
1.173173351396617603e+00
1.172215949421349546e+00
1.171635280234174514e+00
1.170975156080886093e+00
1.170790514119326220e+00
1.170142037262046353e+00
1.169938898853471798e+00
1.168766943656724955e+00
1.168581824396360602e+00
1.167698265136274616e+00
1.166224542057207492e+00
1.166071095811740843e+00
1.165817300427729020e+00
1.165516305451751222e+00
1.164200578720823609e+00
1.163947931864656171e+00
1.163563704253162800e+00
1.163027856989575115e+00
1.162448171578624345e+00
1.162199166801436867e+00
1.161364155182157409e+00
1.160586477024388552e+00
1.159568340600780845e+00
1.158733205624596918e+00
1.157892399669061545e+00
1.157274904537191729e+00
1.157059523748455998e+00
1.156150846649120600e+00
1.155787442234010198e+00
1.154942586031818319e+00
1.154623632059676330e+00
1.154355290773581455e+00
1.153313564361601040e+00
1.152680441646858789e+00
1.152484248723198546e+00
1.151682094219649066e+00
1.151217216017963674e+00
1.150761036615522537e+00
1.150506178350058084e+00
1.149804838271414997e+00
1.149155579366978097e+00
1.148833239445787191e+00
1.147946435187229719e+00
1.146257363328467171e+00
1.145869547913568098e+00
1.145710682646292833e+00
1.145341834448290186e+00
1.143835858999052713e+00
1.143553993147552239e+00
1.142829474080266694e+00
1.142386783972292319e+00
1.142035480785284607e+00
1.141741262644407451e+00
1.141448239865205938e+00
1.141161549001252329e+00
1.140884931756910969e+00
1.140177785287935119e+00
1.139994565228047652e+00
1.138820235292735017e+00
1.138321716852748855e+00
1.137794533001624364e+00
1.137174254006328766e+00
1.136842606572492587e+00
1.136717058188595031e+00
1.136526165484393225e+00
1.136142465892887365e+00
1.135422909466065944e+00
1.134894191395075191e+00
1.134611079988851579e+00
1.133909956322955548e+00
1.133475673386324489e+00
1.133109922435935113e+00
1.132212429381883600e+00
1.132009876998599340e+00
1.131486313925764708e+00
1.130639183147562621e+00
1.130555842047130000e+00
1.130201819550036957e+00
1.128480294151802177e+00
1.127820621133970969e+00
1.127294419240214118e+00
1.126700374386679915e+00
1.126580658267738455e+00
1.125791622883063559e+00
1.125551809261060576e+00
1.124839363611849441e+00
1.124598850309766807e+00
1.124197366028580003e+00
1.124096093239515204e+00
1.123376975967894431e+00
1.122557435314832874e+00
1.122202874905724679e+00
1.121560307281096458e+00
1.121247005456907919e+00
1.120647668854258150e+00
1.119547223421454962e+00
1.118502607605549981e+00
1.118356684545803947e+00
1.117663781625799935e+00
1.117185969220405362e+00
1.116894032433909612e+00
1.116648326003833347e+00
1.116303124944035385e+00
1.115765874272102387e+00
1.115283200650300843e+00
1.114952166865722516e+00
1.114801899671348684e+00
1.114397792301952794e+00
1.114340473109670215e+00
1.113862548249593409e+00
1.113728876949283908e+00
1.113602198213906158e+00
1.113480814674677077e+00
1.113091611242551737e+00
1.112019466223305608e+00
1.111653169845817413e+00
1.111382348399313713e+00
1.110197768233138316e+00
1.110007646000835901e+00
1.109461037237425396e+00
1.108922684578818041e+00
1.108769658698960603e+00
1.108417805804358780e+00
1.107813448415129853e+00
1.107093178797098565e+00
1.107004658904200189e+00
1.106302693078220711e+00
1.106101628705229878e+00
1.105682727165739898e+00
1.105515808453214399e+00
1.104816554605716927e+00
1.104002511074126502e+00
1.103935687562101808e+00
1.103555911207135143e+00
1.102612247844375615e+00
1.102415954739712767e+00
1.102290131707975407e+00
1.101745630569097800e+00
1.101509412993872283e+00
1.100581278935195639e+00
1.100502436009261231e+00
1.100282068779047107e+00
1.100169318431728716e+00
1.099796969120197199e+00
1.099101001730359517e+00
1.098891533021105982e+00
1.098004267385992661e+00
1.097226911983941289e+00
1.097030459480370812e+00
1.096572520534504491e+00
1.096273427699430592e+00
1.095900553895362339e+00
1.095372033434955927e+00
1.094856770184807759e+00
1.094664765710121390e+00
1.094301767098528666e+00
1.093937826196219154e+00
1.093440107979296805e+00
1.093068441160717219e+00
1.093006171687915584e+00
1.092292019292833150e+00
1.091778272902570679e+00
1.091640014842228057e+00
1.091349661707197827e+00
1.090783875492243205e+00
1.089954226443452523e+00
1.089867548916706452e+00
1.089334127023774856e+00
1.088813078609439211e+00
1.088371337319736787e+00
1.087890953259288862e+00
1.087141701568888674e+00
1.086614755697033363e+00
1.086376525724602526e+00
1.086118201391855553e+00
1.085824323175476280e+00
1.085465124506554524e+00
1.084549051209031889e+00
1.084098855976180609e+00
1.083548123252240813e+00
1.083324976701158571e+00
1.082746502906431596e+00
1.082617978651897461e+00
1.082155779992413080e+00
1.081859162530922625e+00
1.081604431189152393e+00
1.081347563810158618e+00
1.081053985530163075e+00
1.080198601321141760e+00
1.079843309080305014e+00
1.078735034933675507e+00
1.078497026694616334e+00
1.078380621765328895e+00
1.078029522704467835e+00
1.077575206979016320e+00
1.076707038117525883e+00
1.076411009013052089e+00
1.076281905663339478e+00
1.076080862781344738e+00
1.075952836967238424e+00
1.075189250174747091e+00
1.075012763494351153e+00
1.074504613795691510e+00
1.074428477145213057e+00
1.074256127624147350e+00
1.074053382285895530e+00
1.073769040754197768e+00
1.073108944388498909e+00
1.072792125682479059e+00
1.072559232202521473e+00
1.071894863818989574e+00
1.071753948903602982e+00
1.071687676437914849e+00
1.071256264378554812e+00
1.070406608617799016e+00
1.070217580279632985e+00
1.069040287890429930e+00
1.068693818656861083e+00
1.068529915638969818e+00
1.067851105608491391e+00
1.067510541075797459e+00
1.067123383884019949e+00
1.066845317403477100e+00
1.066411910713805922e+00
1.065856940067358982e+00
1.065525347784602728e+00
1.065411210891309413e+00
1.064967126576996881e+00
1.064574982478267762e+00
1.064442176645145732e+00
1.063947374273846336e+00
1.063077531684095245e+00
1.062972706050080207e+00
1.062449572868751080e+00
1.062134784585667235e+00
1.061558459992902881e+00
1.061508886082384473e+00
1.061128556904216813e+00
1.060408332953121313e+00
1.060015164341124416e+00
1.059964855686218899e+00
1.059706352472156832e+00
1.059178417920622728e+00
1.059009305925505906e+00
1.058510627274442006e+00
1.057956321100916419e+00
1.057895525154531224e+00
1.057730785788003613e+00
1.057462899015497948e+00
1.057096724611853000e+00
1.056898786595763751e+00
1.056677513020780390e+00
1.056508051879285315e+00
1.056151419382866941e+00
1.055913669420644574e+00
1.055753095472460767e+00
1.055641909079441776e+00
1.055275022914097027e+00
1.055140580492037738e+00
1.054470582082226660e+00
1.054340345373344867e+00
1.053803027769396161e+00
1.053600988690315932e+00
1.053382684150823367e+00
1.053153474847315474e+00
1.053071818114102332e+00
1.052680414913769180e+00
1.052635490449710831e+00
1.052137423047019738e+00
1.051905972267095368e+00
1.051716789762368487e+00
1.051380211356035543e+00
1.051170620849172677e+00
1.051105527753697144e+00
1.050866539455209914e+00
1.050712699529442906e+00
1.050571240676765994e+00
1.050305892281265807e+00
1.050083516737883693e+00
1.049705597564742243e+00
1.049675855986675899e+00
1.049166718952671662e+00
1.049097311100637420e+00
1.048637764640702130e+00
1.048478931518464830e+00
1.048248228784440128e+00
1.047720149184215410e+00
1.047173924869165162e+00
1.047004091213687982e+00
1.046942831827270881e+00
1.046911160268543028e+00
1.046302800833093460e+00
1.046277509692531860e+00
1.046063998442090082e+00
1.045878271713153618e+00
1.045681319592925762e+00
1.045441951624595411e+00
1.045370352563668837e+00
1.045133113390675383e+00
1.044375011627211025e+00
1.044075178730809350e+00
1.043945061872572522e+00
1.043687255967819638e+00
1.043392652924551856e+00
1.043093635097445793e+00
1.042910273430690316e+00
1.042271681181490051e+00
1.042084140267838688e+00
1.041945635052992980e+00
1.041897476448923943e+00
1.041535867702746865e+00
1.041252018253425948e+00
1.041102553143627318e+00
1.040937990073278030e+00
1.040753745392093199e+00
1.040473792112264428e+00
1.040197381654806019e+00
1.040080847727999025e+00
1.039918792577726014e+00
1.039838536117789536e+00
1.039502112991013361e+00
1.039246434274373465e+00
1.039107485812224008e+00
1.038972787850391155e+00
1.038502660497238272e+00
1.038436941105109979e+00
1.038210946938936674e+00
1.037906403275125955e+00
1.037781904783759090e+00
1.037529989508445549e+00
1.037036674657928037e+00
1.036811133769657278e+00
1.036732148972622669e+00
1.036577009596463927e+00
1.036441528729546091e+00
1.036374862391499896e+00
1.036069576285236993e+00
1.035941917917837740e+00
1.035757001195883653e+00
1.035567177554408191e+00
1.035202120602301878e+00
1.035006324324403426e+00
1.034753718730898386e+00
1.034647422978612452e+00
1.034526291222553906e+00
1.034435663509087000e+00
1.034358589107457149e+00
1.034063539343918370e+00
1.033920928037866283e+00
1.033585020162072876e+00
1.033211357384313134e+00
1.033053352927027602e+00
1.032936062028213309e+00
1.032879029987660902e+00
1.032664290079642333e+00
1.032417071244585705e+00
1.032186170703574213e+00
1.032149783054754577e+00
1.031941849662439736e+00
1.031325687415342252e+00
1.031248877088108085e+00
1.030946367701543132e+00
1.030713939264268797e+00
1.030384954507203465e+00
1.029789030516843562e+00
1.029649775317572624e+00
1.029548258395385441e+00
1.029369444240718856e+00
1.029175327695540654e+00
1.028924231917923260e+00
1.028743700925406790e+00
1.028595483727965387e+00
1.028055419626376255e+00
1.027981632804942036e+00
1.027678885814768073e+00
1.027467089672358336e+00
1.027204647346582123e+00
1.027150164938579024e+00
1.026843449577087952e+00
1.026611607530989234e+00
1.026450145851613760e+00
1.026115710260888880e+00
1.025838359631790597e+00
1.025723802300886778e+00
1.025577650233300719e+00
1.025366729237227048e+00
1.025213452527566904e+00
1.024845190883553636e+00
1.024639567440648324e+00
1.024285074504846849e+00
1.024210564434635984e+00
1.024016565365429621e+00
1.023833577922181215e+00
1.023578993078015920e+00
1.023265490636745101e+00
1.023236390463381662e+00
1.023058456995979970e+00
1.022762538433996005e+00
1.022659112025895656e+00
1.022389594629957932e+00
1.022007583061238289e+00
1.021850314380904123e+00
1.021738574896170260e+00
1.021464728179487969e+00
1.021245624699027355e+00
1.021091170219951882e+00
1.020803136050253856e+00
1.020681108329523523e+00
1.020387339406550575e+00
1.020309028686286590e+00
1.020177328975780062e+00
1.019989827521920800e+00
1.019891221437333240e+00
1.019744222707552828e+00
1.019529791538172470e+00
1.019456869877284788e+00
1.019285272097888662e+00
1.019065989027333252e+00
1.018927278385773239e+00
1.018766255528055442e+00
1.018694888167764212e+00
1.018545332353115063e+00
1.018479844398743062e+00
1.017944386056666373e+00
1.017782307818484888e+00
1.017396352100512491e+00
1.017291033444389425e+00
1.017005271797634114e+00
1.016886706429353637e+00
1.016749971149039977e+00
1.016559507774883686e+00
1.016462328746794430e+00
1.016270398623947857e+00
1.016076155940663250e+00
1.015863201680944572e+00
1.015506666897140420e+00
1.015439201464276797e+00
1.015147119165707101e+00
1.015056948141032755e+00
1.014930577830345904e+00
1.014884918529324498e+00
1.014746349411870030e+00
1.014604824851745191e+00
1.014431098056804759e+00
1.014285273707137280e+00
1.014219739373310558e+00
1.014092705145791973e+00
1.013934351405946233e+00
1.013837950560596113e+00
1.013662951006855328e+00
1.013529725804854786e+00
1.013327850112024642e+00
1.013252450458191678e+00
1.013098916543482941e+00
1.013063594022602487e+00
1.012895226196622867e+00
1.012855002283941763e+00
1.012711841273371105e+00
1.012542596279142337e+00
1.012314282610338845e+00
1.012152009257509144e+00
1.011929825728329124e+00
1.011840315487481767e+00
1.011707407071218867e+00
1.011660733217356389e+00
1.011408294317390100e+00
1.011155837614480024e+00
1.011010252516689079e+00
1.010895006736036716e+00
1.010843737784166585e+00
1.010686908405109774e+00
1.010655562689336762e+00
1.010536241267665059e+00
1.010450725841001374e+00
1.010288712786952425e+00
1.010032233358288734e+00
1.009935199476579282e+00
1.009833699589623324e+00
1.009721793372659437e+00
1.009596902291272524e+00
1.009497383750606714e+00
1.009350170706466487e+00
1.009268074641575641e+00
1.009056564567044179e+00
1.008870538683597218e+00
1.008741131059294638e+00
1.008667498166919252e+00
1.008565690834456685e+00
1.008474990553835493e+00
1.008383725626934790e+00
1.008289246967176478e+00
1.008251348177291007e+00
1.008126904886019748e+00
1.007961651812686599e+00
1.007892749761850171e+00
1.007719850498670855e+00
1.007544441771804689e+00
1.007368133832774015e+00
1.007319680857767574e+00
1.007155234477768335e+00
1.006953142285827107e+00
1.006939382418889029e+00
1.006843803971482432e+00
1.006742097318159779e+00
1.006700288454885239e+00
1.006640778035670980e+00
1.006566167426926395e+00
1.006118181880711226e+00
1.005955493468523754e+00
1.005794514777482496e+00
1.005773231926574640e+00
1.005638484093871243e+00
1.005573728733443861e+00
1.005564534482881189e+00
1.005425362521530364e+00
1.005364830756362515e+00
1.005245112167362231e+00
1.005118221497425912e+00
1.004936063452741779e+00
1.004892476823067371e+00
1.004839848071035435e+00
1.004714075343994262e+00
1.004659699933811101e+00
1.004603650598099751e+00
1.004388852103508700e+00
1.004249432100756678e+00
1.004208008889661441e+00
1.004014160058131155e+00
1.003912683623820579e+00
1.003849834494163318e+00
1.003818201012357747e+00
1.003794150140469466e+00
1.003538322661127635e+00
1.003403875172975246e+00
1.003351471758064939e+00
1.003312033594520924e+00
1.003220817582417324e+00
1.003027470914806596e+00
1.002943769820517916e+00
1.002761244013733455e+00
1.002711921015156715e+00
1.002653167838760906e+00
1.002501335177389485e+00
1.002478539756452180e+00
1.002384206961773661e+00
1.002350616274248596e+00
1.002247955726299322e+00
1.002201424736099966e+00
1.002096876393949509e+00
1.001945742741973122e+00
1.001842588358865527e+00
1.001802503038837777e+00
1.001737065476941968e+00
1.001637974988992985e+00
1.001595435243903820e+00
1.001571800636966492e+00
1.001484438852400904e+00
1.001460589440360538e+00
1.001359765711693717e+00
1.001349048540025599e+00
1.001316022889491286e+00
1.001196443727163654e+00
1.001158410836878287e+00
1.001105810800337670e+00
1.001088535576173166e+00
1.001031061519281229e+00
1.000969208368271746e+00
1.000862128316431843e+00
1.000850655506678288e+00
1.000759072285732465e+00
1.000741162906895410e+00
1.000645350905837061e+00
1.000598597484463115e+00
1.000550440625009863e+00
1.000463487596339629e+00
1.000423555756996041e+00
1.000387598843638592e+00
1.000281229592726806e+00
1.000218557123743635e+00
1.000143163938818969e+00
1.000105797498782367e+00
9.999250191078997707e-01
9.999059176165078222e-01
9.998343327102764411e-01
9.997995050315067189e-01
9.997011671360382934e-01
9.996909503973178124e-01
9.996452256592681662e-01
9.995433412940427642e-01
9.994955179865230299e-01
9.994687543586232570e-01
9.993897559383856377e-01
9.993444193690523836e-01
9.992283882203017997e-01
9.990891690779548640e-01
9.989488759524005612e-01
9.988418892489927536e-01
9.986950712671115449e-01
9.986101189911744669e-01
9.985348465303078846e-01
9.984817921412337816e-01
9.983739534252947800e-01
9.983386807109571048e-01
9.982566324628755483e-01
9.981798389792546633e-01
9.980425816485077872e-01
9.980130020185248307e-01
9.979808313489313409e-01
9.979661831298056729e-01
9.978878364302399273e-01
9.977948395789248970e-01
9.977429502290923180e-01
9.976820587098397253e-01
9.975841023686788933e-01
9.974339934327806079e-01
9.973212169384039205e-01
9.972871603717849975e-01
9.971415120245475938e-01
9.970941388254469517e-01
9.970520465759926676e-01
9.969397519765514915e-01
9.968860113743295281e-01
9.968460487252887026e-01
9.967902310116364406e-01
9.966547874830267162e-01
9.963702787403901917e-01
9.963043220967081615e-01
9.961418835015805051e-01
9.961256365225762410e-01
9.960663844995877314e-01
9.959547075459417309e-01
9.958829887233109357e-01
9.957963391242360407e-01
9.956780329896143256e-01
9.956535162296493713e-01
9.955630137615958386e-01
9.955090484687393326e-01
9.954219047137676801e-01
9.952954813743001283e-01
9.952693834730764744e-01
9.950679699555564639e-01
9.949766827056092389e-01
9.948888280455424615e-01
9.946639258708205311e-01
9.946163181748672866e-01
9.945407390477442044e-01
9.943860354701710147e-01
9.941815945153174017e-01
9.940402296066702670e-01
9.938278028037187406e-01
9.936748169579331380e-01
9.936072892808140988e-01
9.934026690243610291e-01
9.933410797434301109e-01
9.932735443856954838e-01
9.931423185011245547e-01
9.930582002790269147e-01
9.929272490221319192e-01
9.929116951449954431e-01
9.926753783520795293e-01
9.925631431697439222e-01
9.925444909450700237e-01
9.922383575215515394e-01
9.921512105702043893e-01
9.917558401533489443e-01
9.917339279690854381e-01
9.915981513365246247e-01
9.914636210779886882e-01
9.913278178603177615e-01
9.912476967515773119e-01
9.909788710906691778e-01
9.908188951277172585e-01
9.905086537333813723e-01
9.903751455155924699e-01
9.903276696514468069e-01
9.902148421084719931e-01
9.901226225154031724e-01
9.900462471803397335e-01
9.899523411809788564e-01
9.897911171700216615e-01
9.896033103260952757e-01
9.893109748216316612e-01
9.891171620333445436e-01
9.890587737029885584e-01
9.889394492404893766e-01
9.888005743484777899e-01
9.886437161912862148e-01
9.885091050563085124e-01
9.883335078449274613e-01
9.881706757111785588e-01
9.878282913588758429e-01
9.877857173452260220e-01
9.875305872834960752e-01
9.874507476206797474e-01
9.872934939456294856e-01
9.871903173197115189e-01
9.871682389098549448e-01
9.870096786628100860e-01
9.867177130868466373e-01
9.865151468104537136e-01
9.863582296675859062e-01
9.860644729695089428e-01
9.855391428478540439e-01
9.853946290798072383e-01
9.852098866411440614e-01
9.850433705478026658e-01
9.849055599362867008e-01
9.847769729662625426e-01
9.846602256810800258e-01
9.842077931060448925e-01
9.841050884748491212e-01
9.839687061475685947e-01
9.838009121709292426e-01
9.835273682236181925e-01
9.833101475351530008e-01
9.832205674954942465e-01
9.826635101661137517e-01
9.824375710613902912e-01
9.822086621162017250e-01
9.820323818956117057e-01
9.817502462039111588e-01
9.816377159206851610e-01
9.815271783542035555e-01
9.811084968008779716e-01
9.809446771473980808e-01
9.807800429729729430e-01
9.802933627146307449e-01
9.801840154520617965e-01
9.799860988127199191e-01
9.799185422091115649e-01
9.797365761395961936e-01
9.796330979078287093e-01
9.794056073185118949e-01
9.793397890229408320e-01
9.790591020769353614e-01
9.788206395001104454e-01
9.787372896461187244e-01
9.786244248436238857e-01
9.785414477589738924e-01
9.781755843803785488e-01
9.780418133263881764e-01
9.777585037319469485e-01
9.775103668958582404e-01
9.774502382020863189e-01
9.773429223304629376e-01
9.773046413749081340e-01
9.764802862897171698e-01
9.762807221566001115e-01
9.760437392889180774e-01
9.758764423187362702e-01
9.756719758214166260e-01
9.755073786899045585e-01
9.753049077666099409e-01
9.749635011385477945e-01
9.747271683333961212e-01
9.745079585813141154e-01
9.741748040638532613e-01
9.734865692429136574e-01
9.733838877497451580e-01
9.731181736809083604e-01
9.728958781637903064e-01
9.725696645674920537e-01
9.724063725987071027e-01
9.723265458432868158e-01
9.720950521266348288e-01
9.718407045964194690e-01
9.716693043697020027e-01
9.714466771601374395e-01
9.712063006991246139e-01
9.707419744339846890e-01
9.702769936586379540e-01
9.698139788958693996e-01
9.694791911471972723e-01
9.694018752207532730e-01
9.691886684491890502e-01
9.689065060609497460e-01
9.688824339421343579e-01
9.682985830147341488e-01
9.678381832489929559e-01
9.676527973840843844e-01
9.673685718484221763e-01
9.668816842908819487e-01
9.666047922606625376e-01
9.661486617407800681e-01
9.658870852435498255e-01
9.656854145471405193e-01
9.655904865982418706e-01
9.654785409348214387e-01
9.653007415428063176e-01
9.647101405215806613e-01
9.644953198738109856e-01
9.640803539589845039e-01
9.629802417609525378e-01
9.628267760901714212e-01
9.624371566126806998e-01
9.620611634458048345e-01
9.616982167893124434e-01
9.615785946161672371e-01
9.609478828349173885e-01
9.603386919385228371e-01
9.602825905340600654e-01
9.600135759117605083e-01
9.597748667441790005e-01
9.596686038946785624e-01
9.589319849106452409e-01
9.586107496391982341e-01
9.579251400296741048e-01
9.573500622812840533e-01
9.571381130701472895e-01
9.570461288054881166e-01
9.569979668502478498e-01
9.565508292816244929e-01
9.563528153130081977e-01
9.559956251084315015e-01
9.552292810708548076e-01
9.547978518091077005e-01
9.546652680639257094e-01
9.542609888744942870e-01
9.541332747135629067e-01
9.533896192328434882e-01
9.526495270267147930e-01
9.524253393533412826e-01
9.520578323545401123e-01
9.517047594466588878e-01
9.513955949501625708e-01
9.511261158623677270e-01
9.509544516936434544e-01
9.507599214300916923e-01
9.502134466938915169e-01
9.499587797932657063e-01
9.491539470360157438e-01
9.486617758728900229e-01
9.478820600821256104e-01
9.478043835391335437e-01
9.476415068821757437e-01
9.471988177042394152e-01
9.467616041214420575e-01
9.462494885981389547e-01
9.459493650799172260e-01
9.447484670991866951e-01
9.444335069872138444e-01
9.443668484117888617e-01
9.439672095522922968e-01
9.433646577688060697e-01
9.431143929852777719e-01
9.429571333167435787e-01
9.428146302081718000e-01
9.423346977558891835e-01
9.421569414509439744e-01
9.415812247340726859e-01
9.413061502051311979e-01
9.409033417343130035e-01
9.404892643517986928e-01
9.399517601841502756e-01
9.395380507849067087e-01
9.391052442734750816e-01
9.387555772030209411e-01
9.386171899565735055e-01
9.376887633513676379e-01
9.373114633347510161e-01
9.367148949021512072e-01
9.365634616552179770e-01
9.361749771899878780e-01
9.359861502822082180e-01
9.356309548502059759e-01
9.351155658619255684e-01
9.339584927601869424e-01
9.333614687550179090e-01
9.328592331152218975e-01
9.318560326993593490e-01
9.315903358971767689e-01
9.296560300661290688e-01
9.292610659134687978e-01
9.287302366174390311e-01
9.282526211191570731e-01
9.281267747289773107e-01
9.278213469837328642e-01
9.274542153408253942e-01
9.262342926439686153e-01
9.259398731471404353e-01
9.249810446293864619e-01
9.249515273635290358e-01
9.233121498756753365e-01
9.231889172064944304e-01
9.230859163660224409e-01
9.227985248078371949e-01
9.215457315597805898e-01
9.212724781624047621e-01
9.197124100476286035e-01
9.186202752703358509e-01
9.183918055012458836e-01
9.181924953050120131e-01
9.175357754540671706e-01
9.173448075602009810e-01
9.158147801720054604e-01
9.156068543395630144e-01
9.153558138872316396e-01
9.146453494653994376e-01
9.133513980588683356e-01
9.120578536911185807e-01
9.109016334856657737e-01
9.106206898723172571e-01
9.097798468849870313e-01
9.097552992198082444e-01
9.094928250962467375e-01
9.085074664498937747e-01
9.078281199088694686e-01
9.077272651434890038e-01
9.076042902844343452e-01
9.070916963121358201e-01
9.069186028779899766e-01
9.060638858457806810e-01
9.058881301540486763e-01
9.053003029667741064e-01
9.047628820034245845e-01
9.044954242386759047e-01
9.041408476588564946e-01
9.037265932267195545e-01
9.029589110906210969e-01
9.018251212533050509e-01
9.006432002656244995e-01
9.005815518902126060e-01
9.003947539452917814e-01
8.996451033386130280e-01
8.991409141893761392e-01
8.986932754537696466e-01
8.973396544479403936e-01
8.964486456390945435e-01
8.955357325326636087e-01
8.949179551013336509e-01
8.946630553484458126e-01
8.943479101684702615e-01
8.932189954690975542e-01
8.930620500596289091e-01
8.915573389487003730e-01
8.914034636020591318e-01
8.883895517836514211e-01
8.882328116531449380e-01
8.872424635334602572e-01
8.865040326508396573e-01
8.855536499543013029e-01
8.844903684412930289e-01
8.840611072425691441e-01
8.833774897598579701e-01
8.828347917308931869e-01
8.827131099593107377e-01
8.823412534223356030e-01
8.813713969502615653e-01
8.801455762247235581e-01
8.789135920054924611e-01
8.788002633263141128e-01
8.769301575093099155e-01
8.768756779027884196e-01
8.764400245342768292e-01
8.754287873131332276e-01
8.741700054193606295e-01
8.737783516458546007e-01
8.722581288217320372e-01
8.716714835315849674e-01
8.712448738784170921e-01
8.710989749749612487e-01
8.699829210969040050e-01
8.686634235957667594e-01
8.685372109920047601e-01
8.679973363415789400e-01
8.673320714510400764e-01
8.665061373688690560e-01
8.661551940041078979e-01
8.651823109474541251e-01
8.643009371995749035e-01
8.626179024387027328e-01
8.625488726459350497e-01
8.620688831386145168e-01
8.607313226847443932e-01
8.602609729275139117e-01
8.599581048132645122e-01
8.598633614277069181e-01
8.588532980486136559e-01
8.572959391930182749e-01
8.549961593631425494e-01
8.543217632151314245e-01
8.542297550272391904e-01
8.540586096151336903e-01
8.517896329154794888e-01
8.498527639182760218e-01
8.497841946275505043e-01
8.494276880927009721e-01
8.479640114979686283e-01
8.462107925547081022e-01
8.451475031673209015e-01
8.427546320706360561e-01
8.416145610970686697e-01
8.414985013062379338e-01
8.414239266189773581e-01
8.397462198336377304e-01
8.391622578945547861e-01
8.380609822275857379e-01
8.372456029749657525e-01
8.357853816226380461e-01
8.352321711289488748e-01
8.334739124083624384e-01
8.319605120402701059e-01
8.318077551337471620e-01
8.316237220740504421e-01
8.297610999626120476e-01
8.279966565244211152e-01
8.275558498207705727e-01
8.273096198852099015e-01
8.272098161487103640e-01
8.261051378176922366e-01
8.254349143193907556e-01
8.240971233313251210e-01
8.232941653823103723e-01
8.185626986116939507e-01
8.140878151367234583e-01
8.124226263348759414e-01
8.105197998623381306e-01
8.079392998596405251e-01
8.069098976225388409e-01
8.063320782171121692e-01
8.057095918117781475e-01
8.055242158385608198e-01
8.031659975912806004e-01
8.006359443750932225e-01
8.000926791557221307e-01
7.970640064448119011e-01
7.966398772971212683e-01
7.963431322500793552e-01
7.879835917642422638e-01
7.878912922862891799e-01
7.872909363416674688e-01
7.853501215553768677e-01
7.846885370589368192e-01
7.837642709648893202e-01
7.833732525518001255e-01
7.831961719257736210e-01
7.809096717648503772e-01
7.792321457705089216e-01
7.789272148188298717e-01
7.747154998624481426e-01
7.736369195225254458e-01
7.704356011450105290e-01
7.700692198982057590e-01
7.699930500780887144e-01
7.696924511547036385e-01
7.690762407455450367e-01
7.673327575204336171e-01
7.623000997844102677e-01
7.609480821263644446e-01
7.586179965643001788e-01
7.583554714435704058e-01
7.565154677237435621e-01
7.564580667177382978e-01
7.552150243578119593e-01
7.536014134587026847e-01
7.532295604539537281e-01
7.443119204072017325e-01
7.441873729123043013e-01
7.430944949280638978e-01
7.410023618472948437e-01
7.386754415511443961e-01
7.367322087537619968e-01
7.345218398636889079e-01
7.332685620358885270e-01
7.325490464835177074e-01
7.321104379618152969e-01
7.287537107083188470e-01
7.268231202232221522e-01
7.251970133008379671e-01
7.242080197957669885e-01
7.227803671762769167e-01
7.206609676048651991e-01
7.191116759317066620e-01
7.170550497406800172e-01
7.118742673761594419e-01
7.099636780413001169e-01
7.043707543496141588e-01
7.023290850784423833e-01
7.019016770730687194e-01
6.909811605162763382e-01
6.897230061953518732e-01
6.878481904120232748e-01
6.842614689960029306e-01
6.821416104135714642e-01
6.783448135612212271e-01
6.747964933090930817e-01
6.718873229649824363e-01
6.703436009926339034e-01
6.682242351561367144e-01
6.661693897805222031e-01
6.633631112378495231e-01
6.598722572369614126e-01
6.554173226722266321e-01
6.549748676199335096e-01
6.506355730603079479e-01
6.474170375584661352e-01
6.467556308437768520e-01
6.402238054085671592e-01
6.351483245457077986e-01
6.325469866293808030e-01
6.319924167159262085e-01
6.294224103480667853e-01
6.259695455531081310e-01
6.102794979023893340e-01
6.091256445892514471e-01
6.068860878557169602e-01
5.999621007643473058e-01
5.948461064423994360e-01
5.842301961093492313e-01
5.825685219305333229e-01
5.741815825239330318e-01
5.671034434435708871e-01
5.656290346483080489e-01
5.638352455485888814e-01
5.583883740205576318e-01
5.481782528974575852e-01
5.466841659276816534e-01
5.443428644041569120e-01
5.415795240371877872e-01
5.294111889962764828e-01
5.260266579147095944e-01
5.195002009235865081e-01
5.096799013714421456e-01
5.051506779481185205e-01
4.978424148831221419e-01
4.922090784707808808e-01
4.921301671494761609e-01
4.879826399853857688e-01
4.844658427672885459e-01
4.817959618352066209e-01
4.706663125854569918e-01
4.703776696253754164e-01
4.537870412255644581e-01
4.514280950333732778e-01
4.491159700797678900e-01
4.305687956871745437e-01
4.204295885788684739e-01
3.990126965381683433e-01
3.619220365927783845e-01
3.272604278595357408e-01
3.052391005257850121e-01
