1.183526046064544035e+00
1.121241359390873660e+00
1.120928730755536451e+00
1.118188698101260981e+00
1.115179311529016282e+00
1.113238867872011983e+00
1.111561212714237579e+00
1.107805566485800419e+00
1.104640292342601748e+00
1.100615382170786694e+00
1.097593551086818664e+00
1.096906762566344451e+00
1.095875277337581721e+00
1.094481117836810569e+00
1.093568773461033317e+00
1.090624691743410146e+00
1.090406018699377810e+00
1.088550207470142972e+00
1.084972335591327441e+00
1.083075108057201419e+00
1.083004449671059133e+00
1.080497809106673035e+00
1.078926613740190499e+00
1.075966937142430080e+00
1.074990389988778716e+00
1.071680744830929344e+00
1.071196778611019473e+00
1.069927356684434949e+00
1.069143452549487394e+00
1.067322535246575832e+00
1.066990189309213077e+00
1.066253622180961314e+00
1.065955617493463681e+00
1.065000153209526568e+00
1.063440666239795496e+00
1.063205184672399994e+00
1.062059550810181330e+00
1.061246538738850997e+00
1.059050858074416679e+00
1.057161441407387548e+00
1.056555198153242170e+00
1.055917094769021736e+00
1.055783080238480220e+00
1.053132972181497928e+00
1.052651276600277797e+00
1.052007009423685080e+00
1.051490355590285253e+00
1.051428423197282580e+00
1.050840696207113734e+00
1.049874747756592175e+00
1.049723454655561161e+00
1.049044558472710609e+00
1.048559413975279631e+00
1.047944230960530243e+00
1.047335469132650188e+00
1.046537324267006408e+00
1.046328579116585722e+00
1.045980673767249680e+00
1.045214832733087240e+00
1.044853971796835923e+00
1.044465746765391723e+00
1.044426445125372194e+00
1.043028420616262553e+00
1.042895534589834750e+00
1.042524062365006721e+00
1.042359803337574276e+00
1.042111464091709072e+00
1.041792388834038796e+00
1.041013755914564021e+00
1.040563571170137314e+00
1.040330061918593785e+00
1.039413267801995167e+00
1.039259435974125623e+00
1.038527260125180041e+00
1.038123568503748650e+00
1.037475708953911502e+00
1.037276011689716615e+00
1.036906938789505128e+00
1.036262391869594568e+00
1.035593109838438552e+00
1.035241499851254243e+00
1.034796979116897386e+00
1.034437590318228795e+00
1.033867216494090302e+00
1.033218377061779769e+00
1.032521437842335077e+00
1.032009249521457672e+00
1.031911337224323155e+00
1.031542891313232735e+00
1.031129150792831961e+00
1.030535999424391003e+00
1.030314526595856650e+00
1.029884269999053359e+00
1.029569069853796703e+00
1.028948765138612442e+00
1.028202001089427275e+00
1.027737748926069505e+00
1.027357693201853106e+00
1.027035118561844929e+00
1.026873293958071143e+00
1.026703722263402341e+00
1.026580087109024930e+00
1.026289638653466119e+00
1.025706231706056348e+00
1.025399268392344077e+00
1.025270215854054312e+00
1.025136846761814047e+00
1.024934688188974263e+00
1.024631024389355716e+00
1.023865071416706796e+00
1.023662919732489573e+00
1.023462750780663288e+00
1.023389412057019054e+00
1.022961678521510098e+00
1.022761655522561375e+00
1.022528630858987819e+00
1.022171348746892638e+00
1.022106498669081098e+00
1.021877231552427379e+00
1.021706412402116237e+00
1.021397760057748405e+00
1.021217115724861957e+00
1.021136718441143953e+00
1.021049323616858517e+00
1.020751836279437663e+00
1.020646169276809179e+00
1.020554396833977195e+00
1.020428923980396974e+00
1.020092242567873120e+00
1.020056007038488755e+00
1.019843221479949102e+00
1.019619766283814899e+00
1.019312990839774447e+00
1.019084872614685722e+00
1.018835541000428613e+00
1.018753447495985398e+00
1.018626777690947005e+00
1.018480371742161994e+00
1.018341698124741512e+00
1.018178644329827076e+00
1.017864412031219912e+00
1.017816661701244074e+00
1.017471432661184894e+00
1.017346589490767172e+00
1.017256108873332066e+00
1.017116669814380536e+00
1.016869438233443557e+00
1.016811661027696712e+00
1.016748380330628532e+00
1.016634073119522919e+00
1.016473904632191116e+00
1.016305505244040175e+00
1.016176364825430722e+00
1.015928958738560928e+00
1.015839904237463509e+00
1.015762086347330451e+00
1.015567065727428497e+00
1.015523745301767145e+00
1.015294097523832706e+00
1.014950847188366145e+00
1.014854515426063086e+00
1.014655583733691468e+00
1.014549922402786519e+00
1.014358597962918385e+00
1.014293878150645645e+00
1.013928427439453550e+00
1.013769615033029314e+00
1.013710223451185444e+00
1.013628060657945307e+00
1.013570971747043359e+00
1.013524002598236606e+00
1.013405177666574009e+00
1.013104440607319523e+00
1.012996013206252544e+00
1.012905486670019783e+00
1.012872490972856365e+00
1.012770145577051695e+00
1.012548271734480698e+00
1.012332241698456148e+00
1.012266859724857859e+00
1.012087338861858088e+00
1.012069340691162722e+00
1.012052759935047064e+00
1.011727030182917542e+00
1.011689356511407789e+00
1.011535793357604351e+00
1.011436133116502267e+00
1.011288169207790189e+00
1.011233147366260798e+00
1.011159430003119697e+00
1.011093343801266586e+00
1.010977625986765549e+00
1.010880911919230130e+00
1.010874987459551733e+00
1.010683875723390024e+00
1.010606992721644559e+00
1.010509204322725951e+00
1.010438653854858426e+00
1.010364466209032752e+00
1.010152191709547287e+00
1.010096042881112766e+00
1.010002349066720484e+00
1.009922830773171132e+00
1.009780711875127857e+00
1.009662387161120112e+00
1.009634288414858139e+00
1.009582546430937811e+00
1.009448021952262353e+00
1.009320108312302011e+00
1.009271883845828555e+00
1.009206642722044744e+00
1.009147862734011136e+00
1.009117648078069029e+00
1.009038720271989709e+00
1.008990005132626377e+00
1.008969652441200182e+00
1.008829848008613306e+00
1.008774990642326230e+00
1.008711040721879337e+00
1.008640358030490569e+00
1.008602044661577102e+00
1.008468285632904804e+00
1.008403585288302429e+00
1.008336382830455014e+00
1.008301565941722489e+00
1.008255252519802525e+00
1.008168440021617984e+00
1.008056150475429957e+00
1.008042796493910709e+00
1.008041150895121696e+00
1.007934324276732241e+00
1.007847944879015856e+00
1.007818089563684127e+00
1.007804915374603816e+00
1.007657507014945830e+00
1.007636866405075438e+00
1.007559329625004496e+00
1.007444426654308334e+00
1.007398170742241472e+00
1.007318884817925309e+00
1.007278860568692647e+00
1.007196644289898524e+00
1.007163570618741621e+00
1.007136329890807591e+00
1.007094738987525107e+00
1.007069020495235057e+00
1.007020227448071070e+00
1.006994629542190767e+00
1.006934430569329963e+00
1.006893458717375012e+00
1.006839177508501493e+00
1.006720710394995777e+00
1.006696450074682225e+00
1.006589659559432581e+00
1.006577414432211048e+00
1.006511826513223795e+00
1.006474457271266942e+00
1.006412854040223737e+00
1.006386697805762065e+00
1.006235543683821287e+00
1.006207005283185740e+00
1.006198933593516420e+00
1.006132548256787995e+00
1.006068162671324151e+00
1.006012440723241586e+00
1.005991821247636642e+00
1.005985947485900756e+00
1.005952282685518728e+00
1.005920062723335562e+00
1.005861172917796198e+00
1.005842254141461112e+00
1.005803793184053774e+00
1.005768004899977974e+00
1.005627651231552067e+00
1.005617588267316620e+00
1.005484499171525714e+00
1.005459958481389249e+00
1.005445800785854882e+00
1.005436132086609424e+00
1.005359972182689798e+00
1.005334089322598379e+00
1.005308384865255533e+00
1.005291092271142439e+00
1.005244232391859782e+00
1.005206796602029939e+00
1.005184903007171560e+00
1.005167448343394998e+00
1.005133971017317274e+00
1.005102189757576259e+00
1.005060908755704530e+00
1.005040008100400950e+00
1.004958716224742421e+00
1.004936699497584796e+00
1.004904658129101680e+00
1.004839815435904171e+00
1.004822147861712534e+00
1.004805759057407100e+00
1.004763178334368678e+00
1.004707676381498382e+00
1.004673784105448275e+00
1.004651953711621193e+00
1.004592265552937569e+00
1.004573340913091029e+00
1.004525084463400386e+00
1.004494104659357623e+00
1.004472243257658270e+00
1.004449223950344416e+00
1.004437811600045416e+00
1.004421869018413016e+00
1.004377799573388241e+00
1.004333697892471955e+00
1.004311411794186482e+00
1.004296907653629667e+00
1.004239608847848686e+00
1.004227551134299068e+00
1.004201512759379744e+00
1.004188580595136937e+00
1.004176870026089130e+00
1.004144202137617459e+00
1.004104726323927332e+00
1.004062829244805943e+00
1.004056193569218713e+00
1.004040276068776993e+00
1.004021101336955990e+00
1.003988484969685402e+00
1.003951173142014985e+00
1.003946791594932497e+00
1.003913184866370711e+00
1.003879201616703520e+00
1.003864014543425220e+00
1.003813779473974988e+00
1.003792000794111239e+00
1.003784869441034733e+00
1.003763462596463096e+00
1.003736461714595407e+00
1.003712111727564915e+00
1.003676129766150948e+00
1.003653953577681390e+00
1.003642771078351537e+00
1.003632799541758436e+00
1.003591008004264484e+00
1.003574033391426257e+00
1.003539780048424479e+00
1.003532092095797745e+00
1.003512425674048414e+00
1.003503077420125678e+00
1.003468134971787551e+00
1.003443708842631343e+00
1.003390269016187553e+00
1.003369693723217049e+00
1.003345537806997534e+00
1.003311530045996713e+00
1.003286682941335384e+00
1.003257582614223820e+00
1.003224986406551000e+00
1.003194617941536748e+00
1.003187427495445760e+00
1.003161653423169319e+00
1.003129434159807376e+00
1.003125604885799271e+00
1.003120732431510120e+00
1.003114707217465318e+00
1.003066061651552321e+00
1.003054807307696583e+00
1.003021903760074274e+00
1.003007801514723019e+00
1.002996888674937193e+00
1.002968145208757766e+00
1.002953379592474770e+00
1.002940483479540124e+00
1.002924385697510079e+00
1.002902852930712019e+00
1.002865025978106450e+00
1.002853185611413567e+00
1.002818467407300185e+00
1.002799463398773350e+00
1.002779675405191195e+00
1.002772397105964997e+00
1.002751867182320344e+00
1.002718807775070387e+00
1.002710285087822006e+00
1.002659357399959594e+00
1.002657751633150518e+00
1.002643835386924032e+00
1.002630583948359577e+00
1.002614460938365815e+00
1.002599032816300806e+00
1.002588249532688325e+00
1.002563206546567276e+00
1.002549781181774957e+00
1.002531455696290541e+00
1.002496629044132392e+00
1.002488234501319297e+00
1.002474616446515920e+00
1.002451980736251747e+00
1.002439809439100493e+00
1.002416789218584903e+00
1.002404570183805355e+00
1.002401569479397514e+00
1.002394756812178489e+00
1.002385876020513322e+00
1.002357887144277093e+00
1.002344308561442077e+00
1.002325968271201351e+00
1.002321596435714834e+00
1.002313174000794449e+00
1.002281614627016593e+00
1.002274078957890113e+00
1.002267756250144970e+00
1.002244980016744780e+00
1.002221299777077412e+00
1.002216839575730933e+00
1.002178813908593646e+00
1.002168365923132409e+00
1.002162600746394183e+00
1.002155443764390030e+00
1.002141606225174675e+00
1.002113438053688466e+00
1.002106056483584862e+00
1.002089189196648356e+00
1.002075843646358599e+00
1.002065233903295383e+00
1.002056953986496524e+00
1.002053601523152482e+00
1.002030448778831850e+00
1.002024241841655394e+00
1.002008566398858713e+00
1.002001243361930527e+00
1.001968284502629647e+00
1.001965714789812223e+00
1.001957164936029709e+00
1.001952481079043222e+00
1.001939405966085328e+00
1.001931700979981521e+00
1.001925509660274827e+00
1.001914344098320697e+00
1.001907939360824118e+00
1.001889347537144204e+00
1.001873909563644416e+00
1.001858708186380120e+00
1.001849207172312184e+00
1.001840304714570973e+00
1.001819780499682233e+00
1.001813056951472936e+00
1.001810973829410090e+00
1.001799390406460155e+00
1.001795929624559545e+00
1.001785145764264584e+00
1.001775753770117516e+00
1.001756950923197831e+00
1.001746960238649953e+00
1.001720142505283073e+00
1.001712711103388331e+00
1.001704933928103669e+00
1.001686456468951159e+00
1.001677590593461398e+00
1.001674048573667042e+00
1.001668548448708673e+00
1.001663976527696454e+00
1.001652785496803144e+00
1.001646802380577128e+00
1.001638440940740837e+00
1.001625027736473772e+00
1.001615367381412325e+00
1.001607071563169526e+00
1.001592961837943996e+00
1.001582324785676326e+00
1.001580730425022825e+00
1.001567383600088457e+00
1.001553163694914428e+00
1.001547368052179143e+00
1.001540796342942796e+00
1.001534661257473147e+00
1.001522616712283931e+00
1.001508774382378730e+00
1.001501134105317492e+00
1.001484072890225452e+00
1.001472470847487806e+00
1.001465354798805718e+00
1.001461250139852099e+00
1.001456218847551094e+00
1.001440250990947467e+00
1.001433227377016122e+00
1.001424560071101144e+00
1.001412416786547910e+00
1.001404206802481323e+00
1.001392434277804222e+00
1.001382929064776439e+00
1.001376953322179908e+00
1.001368390676831588e+00
1.001365756206172852e+00
1.001349901430387712e+00
1.001345729996497846e+00
1.001337384638924188e+00
1.001325691125877881e+00
1.001316225998477583e+00
1.001306403772090237e+00
1.001301581692274123e+00
1.001297091547019846e+00
1.001286950042035162e+00
1.001284164702097801e+00
1.001275253861173331e+00
1.001274737994029218e+00
1.001271816555021621e+00
1.001262280307158914e+00
1.001244079140279908e+00
1.001238251950584246e+00
1.001228504272983821e+00
1.001219869407989016e+00
1.001204805153816935e+00
1.001196698499265958e+00
1.001187217560507214e+00
1.001184393308221177e+00
1.001179509739818618e+00
1.001171442097697373e+00
1.001151960409927488e+00
1.001145206642754415e+00
1.001138968887477221e+00
1.001135101896106994e+00
1.001127090804744935e+00
1.001126517183130504e+00
1.001103408107233417e+00
1.001101835596734713e+00
1.001080349953045401e+00
1.001065033089885148e+00
1.001063077807371471e+00
1.001058824422871751e+00
1.001055090702014594e+00
1.001052710343707908e+00
1.001042978865279709e+00
1.001036826068624208e+00
1.001028982046317406e+00
1.001022936826151843e+00
1.001015609072552826e+00
1.001006141110927450e+00
1.000977812988759874e+00
1.000977162583475577e+00
1.000964661245360654e+00
1.000963796858116650e+00
1.000961151113329839e+00
1.000954504735236394e+00
1.000952784912047644e+00
1.000943388311726245e+00
1.000940341548574475e+00
1.000937772336960574e+00
1.000921244053490922e+00
1.000916633092024943e+00
1.000912056501253922e+00
1.000904366746411478e+00
1.000897495371317669e+00
1.000891840520329312e+00
1.000885307729191931e+00
1.000879347066967240e+00
1.000876328078706079e+00
1.000859239435668346e+00
1.000858689567770687e+00
1.000856410438758060e+00
1.000846400766244759e+00
1.000844252965142234e+00
1.000838081796861401e+00
1.000836184226644443e+00
1.000830409310073277e+00
1.000822746860893009e+00
1.000819215755804015e+00
1.000812633980131761e+00
1.000811556419861859e+00
1.000799955200559310e+00
1.000797341283899744e+00
1.000792069125525430e+00
1.000786502391538768e+00
1.000783337137711060e+00
1.000780372346148139e+00
1.000775913143147511e+00
1.000771595312006657e+00
1.000760946339281032e+00
1.000756006892860928e+00
1.000754917503180463e+00
1.000751412126595241e+00
1.000746877954755920e+00
1.000746132807303290e+00
1.000737365160718095e+00
1.000734479718774717e+00
1.000727557799754752e+00
1.000725964723898187e+00
1.000723875355955750e+00
1.000712845368119774e+00
1.000708796981337967e+00
1.000706789740366531e+00
1.000702992790533763e+00
1.000701127134840274e+00
1.000696072583502350e+00
1.000690921322915594e+00
1.000678805028101470e+00
1.000675777040823666e+00
1.000667240895421362e+00
1.000656051462359475e+00
1.000648420063978472e+00
1.000643545974941206e+00
1.000642280471501833e+00
1.000634897477473917e+00
1.000632113589099870e+00
1.000628594842138730e+00
1.000627379023264041e+00
1.000621310759861826e+00
1.000610214092635175e+00
1.000605559107042186e+00
1.000602790093876981e+00
1.000599879595725605e+00
1.000597031307770113e+00
1.000595484182596362e+00
1.000593017548345731e+00
1.000589793560609397e+00
1.000579310587740522e+00
1.000577904048039590e+00
1.000573547217992854e+00
1.000569054714888662e+00
1.000565369171961594e+00
1.000555599093926551e+00
1.000550851835247945e+00
1.000550411096214898e+00
1.000546097292643433e+00
1.000541514169748458e+00
1.000540127800063184e+00
1.000536838244211690e+00
1.000533550674492789e+00
1.000529366281099453e+00
1.000527673953995222e+00
1.000515386863068512e+00
1.000511637946649435e+00
1.000508744420663287e+00
1.000503416865848649e+00
1.000500699152669926e+00
1.000499513374846439e+00
1.000490267997315552e+00
1.000486033211093417e+00
1.000484977289278765e+00
1.000475612689731175e+00
1.000475261179599951e+00
1.000472036949146881e+00
1.000466101100899063e+00
1.000462790992517892e+00
1.000458076202486613e+00
1.000456960227523284e+00
1.000456592120667398e+00
1.000453583444297356e+00
1.000450435322115972e+00
1.000443562792990182e+00
1.000438608429553344e+00
1.000435740620282843e+00
1.000429928089366927e+00
1.000424414854269806e+00
1.000421567514040877e+00
1.000415083208475719e+00
1.000413687366591864e+00
1.000407342041749414e+00
1.000400754955171223e+00
1.000398025833516114e+00
1.000396987949432104e+00
1.000395952745080308e+00
1.000390932617310824e+00
1.000387552027460547e+00
1.000386201725565360e+00
1.000383384542472998e+00
1.000380038569251395e+00
1.000377625685856975e+00
1.000375343752227808e+00
1.000368588841825890e+00
1.000366548312308090e+00
1.000365280148601599e+00
1.000364688780774225e+00
1.000360514981825766e+00
1.000357783288893909e+00
1.000356573148181605e+00
1.000350846438350372e+00
1.000349109034431860e+00
1.000346552488419638e+00
1.000342021472978793e+00
1.000341173033506781e+00
1.000338881835970639e+00
1.000335145105412549e+00
1.000330955111826459e+00
1.000326776929134187e+00
1.000325759059238928e+00
1.000323910502024738e+00
1.000317552756750050e+00
1.000315599381756515e+00
1.000313909448695693e+00
1.000312566124655245e+00
1.000311587636949051e+00
1.000309738826087314e+00
1.000305094262638805e+00
1.000301289610521671e+00
1.000299507098099117e+00
1.000294488217144728e+00
1.000294061730484518e+00
1.000293546657742727e+00
1.000289079620853006e+00
1.000284703131475661e+00
1.000281738603243431e+00
1.000281579081718997e+00
1.000280008319528235e+00
1.000276287715162082e+00
1.000270857031913430e+00
1.000268538704139232e+00
1.000263339831777065e+00
1.000262303601591185e+00
1.000261702288476995e+00
1.000259288455618290e+00
1.000257003557154745e+00
1.000255026480021625e+00
1.000249195252496781e+00
1.000246760184062111e+00
1.000245726575458960e+00
1.000244683272560886e+00
1.000240480566782164e+00
1.000239880978469609e+00
1.000237899562714583e+00
1.000235648719410841e+00
1.000233020205031576e+00
1.000230471250792563e+00
1.000229686478076641e+00
1.000224946059224962e+00
1.000220643428780143e+00
1.000211927770833231e+00
1.000210698473551929e+00
1.000209507726091962e+00
1.000208841003276117e+00
1.000206445661718124e+00
1.000205124901512921e+00
1.000200359380605697e+00
1.000199597372068538e+00
1.000195814819929030e+00
1.000193913940188084e+00
1.000191111009537392e+00
1.000189955701308531e+00
1.000187978153583623e+00
1.000186368003826543e+00
1.000181268094094689e+00
1.000179838049269687e+00
1.000177211642206077e+00
1.000175718379958445e+00
1.000172301302815869e+00
1.000170189173241964e+00
1.000168506806579094e+00
1.000168089665768090e+00
1.000166519945057564e+00
1.000165979992442278e+00
1.000164040243839647e+00
1.000162033124086358e+00
1.000160318312110164e+00
1.000159185337605949e+00
1.000157962302915093e+00
1.000157068528022331e+00
1.000156226193455344e+00
1.000153636897130216e+00
1.000152464876312708e+00
1.000151647573539693e+00
1.000150589037190896e+00
1.000149395027172483e+00
1.000147307912472749e+00
1.000146168428601934e+00
1.000143019452500281e+00
1.000141407401610172e+00
1.000140516825861026e+00
1.000139795028399892e+00
1.000135609805464565e+00
1.000133969784535282e+00
1.000132886358017892e+00
1.000131426462578244e+00
1.000127072744456225e+00
1.000125484551063426e+00
1.000124899506840581e+00
1.000123255339469885e+00
1.000120565227559988e+00
1.000117576133740416e+00
1.000113031974734223e+00
1.000110147099730895e+00
1.000108875659064589e+00
1.000106758277815144e+00
1.000105631154252217e+00
1.000104180478148752e+00
1.000101483103672972e+00
1.000100235290434902e+00
1.000097311360228947e+00
1.000096392380608989e+00
1.000095434920605042e+00
1.000093435633552685e+00
1.000089144349700865e+00
1.000088990239863973e+00
1.000086229973280894e+00
1.000085632953726211e+00
1.000084180726867888e+00
1.000080998421402967e+00
1.000079906661647700e+00
1.000078624921767023e+00
1.000078229780344552e+00
1.000076791874823678e+00
1.000075833560352789e+00
1.000075472026677126e+00
1.000074510379004522e+00
1.000073382990914972e+00
1.000072119141416804e+00
1.000071668944531478e+00
1.000067097947901607e+00
1.000066676972719337e+00
1.000065915203061095e+00
1.000065538790715580e+00
1.000063222436174515e+00
1.000062324020021931e+00
1.000061047565568462e+00
1.000059987161596498e+00
1.000058899492882292e+00
1.000058266418066832e+00
1.000056291522475105e+00
1.000056010022220665e+00
1.000053404119431555e+00
1.000053242511083740e+00
1.000052978735002096e+00
1.000052049659263975e+00
1.000050981653224147e+00
1.000049078552004200e+00
1.000047812884451659e+00
1.000045595133060905e+00
1.000045184849112312e+00
1.000043517224873391e+00
1.000041187246155205e+00
1.000040640088647681e+00
1.000039584483335187e+00
1.000038373924517776e+00
1.000038035741894982e+00
1.000036362518188282e+00
1.000035543843290187e+00
1.000034059811260700e+00
1.000033474143150469e+00
1.000033185361039578e+00
1.000031559881919385e+00
1.000030691739559385e+00
1.000028049527552643e+00
1.000027512907269100e+00
1.000027144593859774e+00
1.000026383087869952e+00
1.000025615792684786e+00
1.000024902110498770e+00
1.000024094239176708e+00
1.000023311969562956e+00
1.000022801723180477e+00
1.000021618042375326e+00
1.000020675815286531e+00
1.000019732814014128e+00
1.000019323768500890e+00
1.000019088955806046e+00
1.000017256327791593e+00
1.000016128492700496e+00
1.000015760979090507e+00
1.000013124686908617e+00
1.000012856694642682e+00
1.000012474532868900e+00
1.000012415526027043e+00
1.000011479112597135e+00
1.000011373160331951e+00
1.000010970942843969e+00
1.000009404454502926e+00
1.000009011003280879e+00
1.000008380237709327e+00
1.000007869784433012e+00
1.000006061823222270e+00
1.000004831447915521e+00
1.000004521377036326e+00
1.000004322783492272e+00
1.000004104294734741e+00
1.000002172752539442e+00
1.000001516264417134e+00
1.000001073866994439e+00
9.999994494959292268e-01
9.999991471168556689e-01
9.999983364467129876e-01
9.999977480148630749e-01
9.999966952805701137e-01
9.999962054672754119e-01
9.999956510387036923e-01
9.999951777598533598e-01
9.999948167041028402e-01
9.999933927375587173e-01
9.999927067927668611e-01
9.999921400187016252e-01
9.999907676860309014e-01
9.999904419329460614e-01
9.999879186608403581e-01
9.999874741568314240e-01
9.999868703569448902e-01
9.999857728326816408e-01
9.999845315813623570e-01
9.999833929898626073e-01
9.999826145033334779e-01
9.999820476058629559e-01
9.999805499584528690e-01
9.999789497181587050e-01
9.999769471629701423e-01
9.999765908543418735e-01
9.999761190297197233e-01
9.999729775599385251e-01
9.999724792191554412e-01
9.999681613711131067e-01
9.999669485578894790e-01
9.999660386200396323e-01
9.999633255872499848e-01
9.999601215208033800e-01
9.999582002442015671e-01
9.999564756419235811e-01
9.999547266297310610e-01
9.999532924645277987e-01
9.999511590831124952e-01
9.999501953198318693e-01
9.999462103922892586e-01
9.999456612116237597e-01
9.999440135251838058e-01
9.999418583843947550e-01
9.999372732119445883e-01
9.999364913721314752e-01
9.999336283345282572e-01
9.999304505055955916e-01
9.999284331545627014e-01
9.999264795443244536e-01
9.999218177667229535e-01
9.999189550951714800e-01
9.999171825685946313e-01
9.999152757047213846e-01
9.999124412136892737e-01
9.999088108062271774e-01
9.999076738429376610e-01
9.999062709575438079e-01
9.999030176516634505e-01
9.999008489769058983e-01
9.998932253389809510e-01
9.998929120150126248e-01
9.998891003867763638e-01
9.998865435592882989e-01
9.998819691417453193e-01
9.998785433664199029e-01
9.998768311049965885e-01
9.998739210683597056e-01
9.998707973522777959e-01
9.998704625437313531e-01
9.998689273658850629e-01
9.998603265438527066e-01
9.998589566194300282e-01
9.998574556094917964e-01
9.998461622970512552e-01
9.998451281931880485e-01
9.998378687436839662e-01
9.998360684772800155e-01
9.998337254243868655e-01
9.998330750010266943e-01
9.998301708016574807e-01
9.998231626609662692e-01
9.998218490507929657e-01
9.998193451795004405e-01
9.998174697868760230e-01
9.998080573344749755e-01
9.998016190898387778e-01
9.997986313389494173e-01
9.997973744235872928e-01
9.997936398437374805e-01
9.997896927344721574e-01
9.997876644339266372e-01
9.997863809208135111e-01
9.997778203028262478e-01
9.997762125298952363e-01
9.997742653004709767e-01
9.997660631913209972e-01
9.997631800534635405e-01
9.997620032514283883e-01
9.997594290260052308e-01
9.997567226910553106e-01
9.997517076682246318e-01
9.997443527669552799e-01
9.997429208704159409e-01
9.997393693223549649e-01
9.997378788078250533e-01
9.997367270523088711e-01
9.997332878108369236e-01
9.997256634641839002e-01
9.997243716819542714e-01
9.997234804231052152e-01
9.997141758617841267e-01
9.997094379233867345e-01
9.997033940595223545e-01
9.996988564118507448e-01
9.996960962640918380e-01
9.996958639102921929e-01
9.996948523120298136e-01
9.996791840129355400e-01
9.996718844914282975e-01
9.996644129894437514e-01
9.996630852577726989e-01
9.996530286883751337e-01
9.996524641361893559e-01
9.996479690253762262e-01
9.996430314345926549e-01
9.996364375173275585e-01
9.996276820255356466e-01
9.996197300371542083e-01
9.996173025194634576e-01
9.996115379875437634e-01
9.996089689269942458e-01
9.995976862927339335e-01
9.995900086780282745e-01
9.995800941107698678e-01
9.995756417032349850e-01
9.995721855189833027e-01
9.995671228767195604e-01
9.995602437830829468e-01
9.995579640783909259e-01
9.995552593449258394e-01
9.995485973785606104e-01
9.995425147466544535e-01
9.995300198361591892e-01
9.995258208233575026e-01
9.995204987839826360e-01
9.995087100060322527e-01
9.995053029888962826e-01
9.995024373887190228e-01
9.994913731684919034e-01
9.994882912676587017e-01
9.994823601622393472e-01
9.994773744146453476e-01
9.994745738580110839e-01
9.994670914649154136e-01
9.994633240175144762e-01
9.994588113206049895e-01
9.994546321955821711e-01
9.994347416852746857e-01
9.994288675608776762e-01
9.994197555554825696e-01
9.994182181373902907e-01
9.994083505036801540e-01
9.994058649862518351e-01
9.993974558178682077e-01
9.993938750688300399e-01
9.993907808117707958e-01
9.993797678232961834e-01
9.993663672220716165e-01
9.993646698397250505e-01
9.993523418713731177e-01
9.993502858248672904e-01
9.993394039411975793e-01
9.993236068172387521e-01
9.993165191891122401e-01
9.993099292272276113e-01
9.992914374438164327e-01
9.992778749332695831e-01
9.992737852910533736e-01
9.992695399630598940e-01
9.992534461984152738e-01
9.992502091922752516e-01
9.992451831841999699e-01
9.992386886114175137e-01
9.992213211190009714e-01
9.991949595991556077e-01
9.991841576779549872e-01
9.991809667311507548e-01
9.991743586949194400e-01
9.991677025978209503e-01
9.991624490747720300e-01
9.991567146311026715e-01
9.991446904921278405e-01
9.991404508469048373e-01
9.991301201322209113e-01
9.991139730004299224e-01
9.991085038238687321e-01
9.991052109439542139e-01
9.991008169761186331e-01
9.990974843965599872e-01
9.990886343572448203e-01
9.990855878346320829e-01
9.990663656993882258e-01
9.990432008283072207e-01
9.990226210546878649e-01
9.990095084384121860e-01
9.989975111252679119e-01
9.989914617589920054e-01
9.989909190207121314e-01
9.989690309150875969e-01
9.989616930093380143e-01
9.989375308479566673e-01
9.989352876466853770e-01
9.989312437905729647e-01
9.989248329617855804e-01
9.989155174274889637e-01
9.988963638416475943e-01
9.988857777096422641e-01
9.988694162115273611e-01
9.988548597637016968e-01
9.988496147200617292e-01
9.988394334797677798e-01
9.988011488329089360e-01
9.987939510920997854e-01
9.987761481146419928e-01
9.987637256425174748e-01
9.987505529242274305e-01
9.987472735705529292e-01
9.987375473683532956e-01
9.987363354101195245e-01
9.987220356636822283e-01
9.986982543483245989e-01
9.986826451786814385e-01
9.986524331256403375e-01
9.986380927884868086e-01
9.986150928968733353e-01
9.986087028668494403e-01
9.986000890022315168e-01
9.985810919280362352e-01
9.985379730840067136e-01
9.985252814355358719e-01
9.984971018007153809e-01
9.984861347338122028e-01
9.984727420261946262e-01
9.984598701787755770e-01
9.984402246570389661e-01
9.984202806802773278e-01
9.984155651391208863e-01
9.983987276319027382e-01
9.983881779430996417e-01
9.983769279446254030e-01
9.983558631238810266e-01
9.983477275831357245e-01
9.983413454622315220e-01
9.982905043242590315e-01
9.982887720526354425e-01
9.982768025092042530e-01
9.982658066832368338e-01
9.982504688797814163e-01
9.982413791950137671e-01
9.982234426812480743e-01
9.982105283623692316e-01
9.981999331508559781e-01
9.981622977021145093e-01
9.981541772028452719e-01
9.981417760497651726e-01
9.981249930155441374e-01
9.981107645010388607e-01
9.981034016857304181e-01
9.980654123848559101e-01
9.980545614302009927e-01
9.980367426340243098e-01
9.980296729024740188e-01
9.980203108431937586e-01
9.980062732850867313e-01
9.979981634411655422e-01
9.979913965896537453e-01
9.979735870429381484e-01
9.979650771064842996e-01
9.979308818667635972e-01
9.979212927650723541e-01
9.978911769700875567e-01
9.978659393960283008e-01
9.978285572742773279e-01
9.978146268237219063e-01
9.977786902182058659e-01
9.977454316723494143e-01
9.977161717850532296e-01
9.976950635781304255e-01
9.976641396695008490e-01
9.976450303820209031e-01
9.976241243355051802e-01
9.976219107849277901e-01
9.976129939675026925e-01
9.976105418562727367e-01
9.975657992085099623e-01
9.975283221565365288e-01
9.975196284788960810e-01
9.974734929137468731e-01
9.974669145962608008e-01
9.974511238825907178e-01
9.974080219650930390e-01
9.973800479670071883e-01
9.973509219205003440e-01
9.973266410477947819e-01
9.972720216365582591e-01
9.972403841951049674e-01
9.972192192689957047e-01
9.972123248596828082e-01
9.971952012837890233e-01
9.971831376864961349e-01
9.971774902109183936e-01
9.971069197028462616e-01
9.970586332020725528e-01
9.970396761699490407e-01
9.970085829621578855e-01
9.969847948884332789e-01
9.969786284017818634e-01
9.969543457127685304e-01
9.969378117460259148e-01
9.968931701301183557e-01
9.968718319333644828e-01
9.967972453942655076e-01
9.967880850773859214e-01
9.967672836569735351e-01
9.967374021571393516e-01
9.966965242663214930e-01
9.966819015458074915e-01
9.966612717523841702e-01
9.966300706979823731e-01
9.966087129540996958e-01
9.965582510256877358e-01
9.965523795902783144e-01
9.964585569750536997e-01
9.964567448162443553e-01
9.964341183912809319e-01
9.964123922473567818e-01
9.963895651500863648e-01
9.963263421576185053e-01
9.963033898482084316e-01
9.962936031118417857e-01
9.962795975740771359e-01
9.962018400873580148e-01
9.961721361905201411e-01
9.960897355634598105e-01
9.960371025138325951e-01
9.960037288323646543e-01
9.959893108943504991e-01
9.959546809708872406e-01
9.958989607926866938e-01
9.958374731767463128e-01
9.958243247460303316e-01
9.957965237638561895e-01
9.957632830081357689e-01
9.957458940195766939e-01
9.957383622231064102e-01
9.957131035687377674e-01
9.956992645589686219e-01
9.956225348600783454e-01
9.955121755284493945e-01
9.954350983550397380e-01
9.954170027034032753e-01
9.953878849518275063e-01
9.952323356584855674e-01
9.951906570688461295e-01
9.951262865319379092e-01
9.950713685969893030e-01
9.950501749056425149e-01
9.950302519200123763e-01
9.949890515887707121e-01
9.948492297400692852e-01
9.948478023189512021e-01
9.947415326597510710e-01
9.947266170149683395e-01
9.946313910745430142e-01
9.945904523456782220e-01
9.945659355071650998e-01
9.945404752448901986e-01
9.944633440863378526e-01
9.944630097996967066e-01
9.943729904653273444e-01
9.942677663035781599e-01
9.940453296670944683e-01
9.938715513192923900e-01
9.937799048619627706e-01
9.936000095719962344e-01
9.935345330067142378e-01
9.935170288092900481e-01
9.934892133296765460e-01
9.934389713357346663e-01
9.930841588511346574e-01
9.930258177574923240e-01
9.929889310094531796e-01
9.929538428778804660e-01
9.928156518907280681e-01
9.927151549785735440e-01
9.926606672015176880e-01
9.926293773686261090e-01
9.925530227745653633e-01
9.925415905393475402e-01
9.925354067810121528e-01
9.924712903980544842e-01
9.923768370730661204e-01
9.922739190283463850e-01
9.921715986038884827e-01
9.920744485304997529e-01
9.919577114896520609e-01
9.917100961036133810e-01
9.916386259284136750e-01
9.915570865338738660e-01
9.913583357102213611e-01
9.913432180195728138e-01
9.912734066466746263e-01
9.911761009254996813e-01
9.910871616093585024e-01
9.908807074825670691e-01
9.907875578520211057e-01
9.907328645707474957e-01
9.905619283294218036e-01
9.904668885930453248e-01
9.901828247840710473e-01
9.901660827117887420e-01
9.901339956990135027e-01
9.896186673637318298e-01
9.894731051514101816e-01
9.894502809525411724e-01
9.893273635056958337e-01
9.891041208339754753e-01
9.890511399415869986e-01
9.888950185446917507e-01
9.888112607051903202e-01
9.886602424355980245e-01
9.885691244266380240e-01
9.882723544403553273e-01
9.882166358600236178e-01
9.879648309945938678e-01
9.879425328725256472e-01
9.878045270583197812e-01
9.876929147498973993e-01
9.875786753597899370e-01
9.875155150448623464e-01
9.874027980486276279e-01
9.873310743273896462e-01
9.870722945224486011e-01
9.869247012749325920e-01
9.867450742520366136e-01
9.866190799893940211e-01
9.865203078276294502e-01
9.862784700370421653e-01
9.860685860996283303e-01
9.859602312315570716e-01
9.857725835813327953e-01
9.857021595182657858e-01
9.854424521384509417e-01
9.850940375920790304e-01
9.849958887600271940e-01
9.846863718155145495e-01
9.845912240155654249e-01
9.844093982912424101e-01
9.842006567253525073e-01
9.839907443071730375e-01
9.836061695630121671e-01
9.834627607598654953e-01
9.831099011171878788e-01
9.828688031873441533e-01
9.822074967808659407e-01
9.817705032970199808e-01
9.814982317036216042e-01
9.814206305542590991e-01
9.813472923836923378e-01
9.811038632261640524e-01
9.809662250255012372e-01
9.807316765705791362e-01
9.804855839638023651e-01
9.802092149476562266e-01
9.800651269860775061e-01
9.799529805990402354e-01
9.794746091172723546e-01
9.794429273709516215e-01
9.789951183085395803e-01
9.787682555350234459e-01
9.785216656150533820e-01
9.784457203426452088e-01
9.784364792814468359e-01
9.762036577203658805e-01
9.758567539634513954e-01
9.754035244795788984e-01
9.752048714511483141e-01
9.747963393588284786e-01
9.742873047712182766e-01
9.739678794670920681e-01
9.737301090452867847e-01
9.735001790416448753e-01
9.732022503814359293e-01
9.720365799898865733e-01
9.717997615340114859e-01
9.712293598086517710e-01
9.699809779156750578e-01
9.695785463559171147e-01
9.687935878126954226e-01
9.683386202588355474e-01
9.676395166725431096e-01
9.673153923282369337e-01
9.669775386713140852e-01
9.660498417847848129e-01
9.656126931071213892e-01
9.651819937587720055e-01
9.648420203038223786e-01
9.634471825262447275e-01
9.622764187800174618e-01
9.603471112947310484e-01
9.603312772778174189e-01
9.592393014126940898e-01
9.585228977880984047e-01
9.576766103510027106e-01
9.566530133769403088e-01
9.557194997969366002e-01
9.546633139272523438e-01
9.546422521379057669e-01
9.538447820885158634e-01
9.499763439732048509e-01
9.498456550906618778e-01
9.490806442204521298e-01
9.472576904721332625e-01
9.454646697604954797e-01
9.447754075577661226e-01
9.441767144986752403e-01
9.423031685493895582e-01
9.409109752316586750e-01
9.368607995172077985e-01
9.358537136848953386e-01
9.349412422244800513e-01
9.341546757990445427e-01
9.310111953455487699e-01
9.305345488582671409e-01
9.261215628626130458e-01
9.259948359176726207e-01
9.244946806300845532e-01
9.221299159039624271e-01
9.088126019037281456e-01
8.941716239152531776e-01
8.897302423747833755e-01
8.812780934966918389e-01
