1.506766459530434865e+00
1.459356720548800279e+00
1.417448967678610616e+00
1.411658402229713394e+00
1.355498538214074289e+00
1.330165555098030472e+00
1.295009502924642009e+00
1.290715276328161520e+00
1.277478871652712122e+00
1.269022422731578503e+00
1.250064094891263133e+00
1.246552727267962180e+00
1.243138746134526906e+00
1.235353491617540378e+00
1.232375683181496928e+00
1.226492099251242029e+00
1.211340908547376749e+00
1.199307630591891494e+00
1.197228801581725399e+00
1.192502089508989283e+00
1.189400448823560108e+00
1.187895086257077626e+00
1.184833951197436397e+00
1.178352759317593090e+00
1.173385229225544002e+00
1.172914324597989166e+00
1.170154630806221396e+00
1.169249262908587550e+00
1.162969451716834968e+00
1.158777091137508375e+00
1.156385810602950537e+00
1.155536789130431119e+00
1.150563060115609382e+00
1.148370547631622607e+00
1.146745861095586738e+00
1.144436588370662866e+00
1.143750335472506263e+00
1.143520911474263713e+00
1.140534375051809324e+00
1.140527163597192750e+00
1.140045305272553877e+00
1.135855730621991633e+00
1.134206430849999503e+00
1.133170344676964980e+00
1.133082014912085933e+00
1.132897581127741082e+00
1.130882536968670138e+00
1.129440083311512577e+00
1.128536408420231396e+00
1.127209002989658426e+00
1.127102098121766094e+00
1.124399023454070168e+00
1.124117330439565743e+00
1.121844311174775788e+00
1.121334323265655408e+00
1.118913255188301425e+00
1.118042886086669796e+00
1.115444466835349813e+00
1.114696016447527471e+00
1.113198179827163292e+00
1.111223276912753910e+00
1.110340273597197447e+00
1.109741134449524047e+00
1.109286976235095645e+00
1.108907220963510465e+00
1.108048366817309116e+00
1.107734614355859959e+00
1.107035238788960596e+00
1.106283745493220838e+00
1.105497457696294594e+00
1.105084845386425707e+00
1.103964977159787475e+00
1.102880858894558669e+00
1.102052819193116484e+00
1.100945546647527529e+00
1.098645805252776997e+00
1.098215411858087798e+00
1.097312841321965937e+00
1.096315260816701276e+00
1.094289249175317780e+00
1.093886023407055985e+00
1.092677681185871164e+00
1.092369669310331304e+00
1.091946441788087752e+00
1.091349382623449049e+00
1.091061800009603289e+00
1.089747884376582654e+00
1.089057332928045296e+00
1.088447561761596294e+00
1.088395330116613824e+00
1.087546673876959913e+00
1.086880197360960754e+00
1.086480661617530652e+00
1.085690583444539170e+00
1.085521529629554616e+00
1.085348438571438923e+00
1.084732689353687940e+00
1.084525661304361677e+00
1.083880926338832040e+00
1.082786947653628928e+00
1.082482451264881629e+00
1.082055679419146710e+00
1.081032976310725147e+00
1.080976048300764214e+00
1.080446524570527922e+00
1.080197769026411514e+00
1.078507954569143612e+00
1.078236021417239288e+00
1.077642287896876327e+00
1.077467206905956543e+00
1.076860079713480634e+00
1.075997598051131376e+00
1.075970604959720855e+00
1.075489886770129910e+00
1.074362710696244783e+00
1.074041437628719953e+00
1.072630836977725544e+00
1.072230083376138010e+00
1.071670975396734171e+00
1.070934387618428962e+00
1.070834230724192704e+00
1.069685846762388426e+00
1.069481416165624532e+00
1.068682913879125618e+00
1.068543994233715155e+00
1.068260961904295980e+00
1.068177038560333969e+00
1.067318926274286151e+00
1.067194753908949689e+00
1.066807057078806187e+00
1.066261153554701080e+00
1.066056262648694908e+00
1.065598825974613195e+00
1.065364470861714485e+00
1.064911388075017173e+00
1.064801331909002835e+00
1.064614756524487227e+00
1.064423147240092016e+00
1.063700335558912524e+00
1.063530926854731939e+00
1.062734852766759497e+00
1.062485507425745546e+00
1.062470233204877434e+00
1.062156784617023675e+00
1.061529428772859607e+00
1.060972049765312786e+00
1.060729719469452048e+00
1.059889766411512113e+00
1.059668689158153931e+00
1.058987864569871151e+00
1.058852989281252377e+00
1.057731960607596999e+00
1.057278420881555103e+00
1.056975255210088394e+00
1.056582951085740296e+00
1.056434551840813807e+00
1.055827729810116189e+00
1.055584077381491959e+00
1.055349303035266972e+00
1.055245675735024591e+00
1.054888459803085876e+00
1.054403221600938467e+00
1.053952451879677454e+00
1.053094178953001503e+00
1.052610399864583046e+00
1.052011184932316157e+00
1.051428054686065039e+00
1.051185212273457736e+00
1.050972111765294148e+00
1.050737366162994180e+00
1.050449461544856522e+00
1.050270989384766818e+00
1.049804961535622860e+00
1.049590190779393639e+00
1.049278662514301574e+00
1.048807526511298160e+00
1.048600096549099137e+00
1.048337405219046614e+00
1.048121057476834039e+00
1.047976316609068537e+00
1.047750412084046179e+00
1.047338657329545342e+00
1.047311303107640423e+00
1.046875349123615351e+00
1.046652091856835609e+00
1.046530311447888995e+00
1.046330456674956944e+00
1.045918774526531037e+00
1.045726381295408736e+00
1.045612522079861106e+00
1.044947533954556418e+00
1.044773297404274492e+00
1.044388651450579797e+00
1.044190174244709501e+00
1.043752181796762768e+00
1.043167879106666751e+00
1.042514912497930712e+00
1.042113092907429817e+00
1.041978065948995225e+00
1.041728343034520776e+00
1.041541684667996126e+00
1.041048996083600686e+00
1.040996694519474408e+00
1.040582769050111489e+00
1.040453701992105628e+00
1.040321605256691928e+00
1.040130753772168681e+00
1.039946102488512603e+00
1.039797695942968669e+00
1.039537827822364813e+00
1.039285079383908794e+00
1.038930709217447790e+00
1.038712305554175597e+00
1.038488808338717151e+00
1.038072425782560870e+00
1.037826747211938683e+00
1.037723961144827012e+00
1.037625858460300643e+00
1.037455012997833492e+00
1.037334537878560559e+00
1.036578729911307617e+00
1.036425024568207176e+00
1.036318795256213843e+00
1.036218026609232012e+00
1.035794417381423527e+00
1.035679179646364911e+00
1.035206106663701053e+00
1.035003624828692459e+00
1.034911848070108276e+00
1.034573721234812060e+00
1.034316983561657466e+00
1.034000798220259920e+00
1.033902497361330219e+00
1.033798470076731979e+00
1.033763300656716622e+00
1.033473176572840657e+00
1.033180186321314142e+00
1.033073863673953596e+00
1.032862711631980845e+00
1.032776588677064566e+00
1.032413440490847822e+00
1.032163252798970143e+00
1.032002104499953665e+00
1.031852532047921267e+00
1.031686064763034372e+00
1.031552021460800495e+00
1.031139078079928106e+00
1.030980615952681090e+00
1.030716397851325405e+00
1.030426043391000190e+00
1.030386360492862474e+00
1.030145422022681112e+00
1.030082160271912572e+00
1.029971827642993221e+00
1.029766605111047673e+00
1.029572474757233014e+00
1.029536016609203131e+00
1.029407286962696455e+00
1.029211541183317591e+00
1.028867864054202386e+00
1.028709370971722326e+00
1.028645243743313564e+00
1.028301828875463286e+00
1.027991067901872446e+00
1.027879425444792272e+00
1.027757601480471239e+00
1.027612518133957042e+00
1.027494003211623763e+00
1.027433644375499888e+00
1.027200963698999381e+00
1.027012608157170215e+00
1.026832356579157057e+00
1.026689258232878821e+00
1.026408716666840748e+00
1.026328808403805359e+00
1.026256825665020189e+00
1.026209670836665699e+00
1.026136638387392885e+00
1.026015854492643653e+00
1.025860186930062534e+00
1.025597315584406921e+00
1.025503073741560467e+00
1.025466040642754262e+00
1.025248015958650116e+00
1.024914051506306878e+00
1.024804650549996365e+00
1.024699124772224801e+00
1.024632632102453700e+00
1.024364732998548355e+00
1.024198566294067358e+00
1.024135966940477038e+00
1.023918222168847425e+00
1.023823186305468091e+00
1.023765845841535516e+00
1.023700402279686283e+00
1.023680039473978676e+00
1.023647049369826867e+00
1.023282082852405406e+00
1.023246129105632507e+00
1.023174646878799221e+00
1.023020633022425629e+00
1.022999432041960644e+00
1.022915940469268481e+00
1.022660747871021458e+00
1.022641929618642642e+00
1.022475654419031210e+00
1.022372952019500403e+00
1.022300556433106467e+00
1.022248659013691663e+00
1.022025338812653672e+00
1.021818678271148029e+00
1.021800077675041107e+00
1.021236139236748164e+00
1.021061165196919029e+00
1.020832334589103274e+00
1.020786956902375975e+00
1.020770619725948514e+00
1.020617735100782353e+00
1.020549942152064737e+00
1.020467099927271359e+00
1.020268809388829467e+00
1.020151365463157545e+00
1.020048612487103545e+00
1.020003075460584219e+00
1.019909250740626216e+00
1.019761852446834594e+00
1.019611195468195897e+00
1.019567717770901050e+00
1.019439043313959070e+00
1.019210687609365174e+00
1.019187307313673907e+00
1.019092895956190903e+00
1.018972569452599064e+00
1.018908760869721819e+00
1.018862740826905755e+00
1.018693345057447797e+00
1.018452511472097699e+00
1.018301241975414051e+00
1.018290583257247750e+00
1.018140167479967939e+00
1.018104868735242086e+00
1.017994126608352090e+00
1.017959443877091585e+00
1.017905151940170505e+00
1.017721649099906811e+00
1.017647496392491746e+00
1.017502760216346891e+00
1.017311938567198482e+00
1.017101195038209616e+00
1.016994858468879048e+00
1.016985851526487350e+00
1.016886867821779505e+00
1.016846691260072433e+00
1.016662941393078334e+00
1.016492374126094944e+00
1.016418633665035598e+00
1.016235331330008984e+00
1.016170209674559732e+00
1.015954189537658259e+00
1.015813895520882859e+00
1.015774969106332026e+00
1.015683077261854805e+00
1.015540648093388176e+00
1.015385634908315016e+00
1.015342713558397447e+00
1.015263690787773898e+00
1.015211359497645516e+00
1.015121510359915824e+00
1.014996756470944339e+00
1.014852891430686244e+00
1.014762680194940536e+00
1.014678373817602175e+00
1.014626487628413454e+00
1.014502393021884386e+00
1.014406835471964641e+00
1.014259194526787144e+00
1.014115195993476659e+00
1.014051411775558575e+00
1.013871895646660137e+00
1.013759079287332998e+00
1.013734873489773536e+00
1.013599915775091231e+00
1.013569572455890633e+00
1.013462111084383999e+00
1.013431204939422958e+00
1.013236224851977063e+00
1.013190039555523336e+00
1.013173974579136161e+00
1.013024401250655071e+00
1.012932687613788074e+00
1.012829733248783448e+00
1.012745767261387320e+00
1.012617127948993723e+00
1.012590880540047422e+00
1.012550936642088173e+00
1.012455338330165100e+00
1.012404369571834550e+00
1.012354677225584476e+00
1.012255423679613520e+00
1.012238145964243108e+00
1.012108822362964178e+00
1.012039724341676106e+00
1.011981571800441904e+00
1.011936363856017929e+00
1.011887003940140639e+00
1.011785758515385325e+00
1.011758500850020503e+00
1.011691674679765063e+00
1.011649077450918810e+00
1.011547435929556205e+00
1.011373932779914275e+00
1.011275155151984739e+00
1.011248807592693533e+00
1.011170088236591491e+00
1.011056826525245755e+00
1.010984273866684102e+00
1.010935718729410127e+00
1.010891160981237213e+00
1.010835583214914735e+00
1.010757981412958140e+00
1.010735405427377165e+00
1.010677166909959235e+00
1.010664008251751289e+00
1.010586116178666449e+00
1.010536567532117846e+00
1.010483536889134948e+00
1.010390067338435394e+00
1.010314023568591679e+00
1.010260407306286190e+00
1.010242089449295610e+00
1.010113265331005872e+00
1.010021014644267190e+00
1.009943230015457605e+00
1.009921418540154381e+00
1.009875646107926350e+00
1.009806152356728548e+00
1.009759177834982591e+00
1.009738610900958289e+00
1.009552287277412530e+00
1.009494571920035666e+00
1.009419541425209843e+00
1.009325428817133385e+00
1.009259859170919205e+00
1.009243735963511357e+00
1.009218912176599980e+00
1.009040673057183257e+00
1.009003209996560235e+00
1.008923801871068004e+00
1.008832396022880884e+00
1.008681014440681256e+00
1.008663262520523407e+00
1.008563945864741962e+00
1.008490107134606406e+00
1.008433353320849379e+00
1.008387648216781507e+00
1.008345801378383255e+00
1.008265619168672744e+00
1.008194947278120868e+00
1.008165212876195316e+00
1.008123044288819825e+00
1.008077552478247929e+00
1.008058700959685305e+00
1.008018270890268742e+00
1.007992865474771627e+00
1.007960629313565226e+00
1.007900935652811913e+00
1.007845482662659498e+00
1.007833217867835973e+00
1.007695327503661087e+00
1.007627675468463657e+00
1.007625028049850879e+00
1.007537462390358796e+00
1.007487494667813399e+00
1.007443797113206863e+00
1.007388427033577560e+00
1.007345708353984071e+00
1.007303393805308200e+00
1.007247585993593653e+00
1.007214609551754458e+00
1.007143659203411978e+00
1.007123421964616128e+00
1.007072530316215797e+00
1.007003711230794130e+00
1.006975172289615639e+00
1.006956893206513826e+00
1.006806526248567479e+00
1.006760739485336620e+00
1.006755045551506189e+00
1.006705508075401712e+00
1.006613544601400401e+00
1.006585449799339171e+00
1.006562408049038959e+00
1.006539351424085904e+00
1.006520809654831927e+00
1.006481898731474312e+00
1.006437439121629529e+00
1.006405144391191220e+00
1.006402156071454224e+00
1.006362482000517256e+00
1.006290874856707651e+00
1.006273676253730764e+00
1.006253314256875919e+00
1.006188358110108094e+00
1.006184052964653741e+00
1.006161069637689032e+00
1.006073990922110140e+00
1.006011771876026417e+00
1.005949871070732637e+00
1.005876436434224752e+00
1.005868164256560782e+00
1.005854353730768480e+00
1.005816188656540655e+00
1.005742386954641132e+00
1.005676436337878510e+00
1.005628514835657850e+00
1.005598876846970358e+00
1.005572623932885268e+00
1.005528650055077078e+00
1.005502629694770445e+00
1.005499250955487867e+00
1.005485222917762878e+00
1.005484399807783147e+00
1.005429569843198978e+00
1.005382226921063493e+00
1.005276977318818599e+00
1.005269012428147368e+00
1.005225664738830016e+00
1.005193294900536660e+00
1.005157541518068243e+00
1.005133695259456728e+00
1.005106455513515629e+00
1.005026367066600868e+00
1.004942740743510754e+00
1.004915416045190968e+00
1.004909977732847626e+00
1.004872307178744872e+00
1.004832452321221758e+00
1.004794716172508595e+00
1.004758247780938696e+00
1.004740275725453991e+00
1.004726518418288750e+00
1.004685240907353450e+00
1.004671552196000128e+00
1.004654781149290743e+00
1.004616240269664562e+00
1.004585043550209278e+00
1.004558756145971232e+00
1.004523118518056313e+00
1.004455787753724350e+00
1.004397506485008362e+00
1.004375795003681127e+00
1.004354365947695893e+00
1.004325175907016199e+00
1.004317247961593607e+00
1.004293023135904628e+00
1.004265582180848826e+00
1.004182243968764876e+00
1.004160510285168506e+00
1.004140722809148567e+00
1.004095379849561098e+00
1.004089312293608538e+00
1.004070815086876900e+00
1.004057425155413075e+00
1.004010714975079432e+00
1.003935164646779787e+00
1.003913923625850746e+00
1.003890711128248681e+00
1.003868679504520411e+00
1.003859120964357476e+00
1.003831513423696364e+00
1.003778346390286957e+00
1.003741509967143619e+00
1.003730372762994261e+00
1.003685894039020088e+00
1.003672527571072948e+00
1.003668582797985431e+00
1.003601391674019849e+00
1.003582070245134572e+00
1.003562873184463466e+00
1.003541428298863725e+00
1.003535678928565211e+00
1.003496818673613733e+00
1.003476254200449391e+00
1.003449348440224487e+00
1.003420559364783360e+00
1.003402137001918826e+00
1.003396436091088306e+00
1.003352326856441490e+00
1.003316698428866172e+00
1.003296889359930333e+00
1.003275051204046919e+00
1.003252452515460247e+00
1.003245129792516455e+00
1.003213915770868159e+00
1.003173557342105227e+00
1.003115496674802376e+00
1.003102664843632530e+00
1.003074557625541985e+00
1.003062558966326900e+00
1.003033652663201547e+00
1.003011280337622324e+00
1.002987857419009199e+00
1.002966827856479837e+00
1.002957899522934238e+00
1.002921863067423036e+00
1.002886817431567934e+00
1.002852904180815630e+00
1.002829153658318040e+00
1.002785697396308962e+00
1.002759508061153104e+00
1.002751915831852525e+00
1.002743496525933198e+00
1.002714383757727479e+00
1.002691566007074542e+00
1.002685730212391269e+00
1.002661913860306342e+00
1.002634093527246195e+00
1.002618114300513286e+00
1.002591286102874735e+00
1.002574712974011906e+00
1.002554061113092976e+00
1.002534679994782074e+00
1.002525370102689051e+00
1.002467436571782500e+00
1.002458861002022861e+00
1.002427387741252840e+00
1.002422504431941697e+00
1.002419723204472479e+00
1.002401101124576366e+00
1.002395595329385714e+00
1.002368341543046215e+00
1.002353018366623827e+00
1.002329092228242846e+00
1.002308540637276479e+00
1.002295360639888777e+00
1.002260084982954602e+00
1.002241228533117479e+00
1.002225628226234955e+00
1.002220095335429439e+00
1.002207455815720127e+00
1.002142997584011042e+00
1.002126876269778588e+00
1.002115824804336697e+00
1.002104875640898340e+00
1.002099073416973685e+00
1.002081885243440107e+00
1.002076079862094460e+00
1.002066670278494831e+00
1.002030265102665352e+00
1.002026331864473985e+00
1.002003969487927471e+00
1.001994769135368335e+00
1.001982690965424583e+00
1.001972494543023506e+00
1.001956581462028595e+00
1.001916742898977253e+00
1.001911683569929101e+00
1.001901239728565374e+00
1.001891914915264747e+00
1.001877526121914164e+00
1.001852323095723696e+00
1.001839398511676693e+00
1.001808532079455638e+00
1.001750910585372356e+00
1.001717325713909146e+00
1.001700392267160789e+00
1.001686246054738216e+00
1.001674950274743958e+00
1.001665475554648577e+00
1.001654468238424300e+00
1.001638780616940450e+00
1.001633046394907467e+00
1.001627461671798613e+00
1.001605937122194812e+00
1.001596055903670512e+00
1.001595115947376602e+00
1.001581777559148900e+00
1.001569697301442963e+00
1.001554160621526357e+00
1.001533062940405117e+00
1.001531780306657016e+00
1.001521854342301232e+00
1.001500767677723225e+00
1.001499438687151633e+00
1.001484881275553018e+00
1.001468157513836221e+00
1.001461924719097674e+00
1.001440781778261790e+00
1.001418852412065519e+00
1.001403711616899450e+00
1.001377375856157492e+00
1.001348458642309813e+00
1.001344923149760868e+00
1.001324151296206333e+00
1.001317714106692458e+00
1.001313309734910728e+00
1.001295999528515335e+00
1.001291483949662497e+00
1.001274154043355402e+00
1.001263887279247422e+00
1.001251685365293742e+00
1.001222320749812544e+00
1.001218584100346476e+00
1.001205333671983722e+00
1.001174911086308406e+00
1.001167701775241392e+00
1.001156917034409899e+00
1.001133205560336359e+00
1.001119709362886745e+00
1.001100475516988775e+00
1.001096067785991250e+00
1.001086619463251504e+00
1.001063057864305827e+00
1.001048674185393450e+00
1.001039663458263229e+00
1.001029521887022655e+00
1.001014413072830678e+00
1.001011340745075362e+00
1.000995197662585712e+00
1.000989050717116413e+00
1.000970635020438815e+00
1.000953367887008616e+00
1.000919621272898130e+00
1.000901195713655545e+00
1.000897682484987339e+00
1.000892845755462224e+00
1.000877939897951707e+00
1.000855171905239871e+00
1.000846101657466125e+00
1.000825666396511160e+00
1.000823192113776905e+00
1.000819944200135980e+00
1.000803156496396396e+00
1.000800530978122049e+00
1.000789138010989232e+00
1.000780012053009038e+00
1.000773783154901064e+00
1.000758534683472201e+00
1.000742550535235420e+00
1.000716388487225439e+00
1.000711989223620701e+00
1.000704356880373291e+00
1.000688923637322203e+00
1.000684864790672091e+00
1.000678581260133537e+00
1.000671660352790093e+00
1.000661439537824826e+00
1.000644857095414508e+00
1.000637578976682152e+00
1.000630244590556384e+00
1.000622020111501698e+00
1.000616964608099124e+00
1.000613319691461500e+00
1.000597844425236804e+00
1.000592560869416614e+00
1.000584923042149299e+00
1.000575396428205366e+00
1.000567468667405313e+00
1.000558467466964974e+00
1.000551144816597793e+00
1.000537715755685619e+00
1.000526536880490536e+00
1.000522225237127083e+00
1.000509582809696374e+00
1.000498405176474481e+00
1.000494675078966944e+00
1.000471012429522633e+00
1.000462249704930029e+00
1.000460546329459355e+00
1.000458223433657645e+00
1.000452583880527380e+00
1.000447190480487691e+00
1.000434895354237907e+00
1.000422891775519130e+00
1.000415169515654901e+00
1.000412033096887976e+00
1.000401604001248890e+00
1.000386818076959949e+00
1.000384971532975342e+00
1.000378397654790641e+00
1.000372039392107837e+00
1.000368925944569387e+00
1.000364751196433755e+00
1.000351357179183776e+00
1.000349163826923293e+00
1.000342506606588744e+00
1.000337044052500790e+00
1.000326925064397798e+00
1.000316962022746337e+00
1.000307045364642322e+00
1.000302355310733082e+00
1.000300028896935034e+00
1.000298781478669685e+00
1.000292928948363080e+00
1.000290169655239092e+00
1.000282109172860423e+00
1.000273346797047713e+00
1.000269023176952876e+00
1.000256858123574677e+00
1.000251914911605589e+00
1.000247084094715522e+00
1.000240984203578432e+00
1.000236594552267322e+00
1.000234934313084745e+00
1.000229691643889973e+00
1.000222926095128972e+00
1.000214506539170323e+00
1.000212450236161787e+00
1.000199216258698343e+00
1.000195342344595062e+00
1.000191538258702550e+00
1.000186640726846043e+00
1.000182588529478833e+00
1.000171432980912378e+00
1.000154379878647415e+00
1.000144563352179494e+00
1.000142541828107801e+00
1.000137367106057606e+00
1.000135825211201146e+00
1.000130471732693982e+00
1.000124154582117342e+00
1.000113183089184066e+00
1.000102798282894501e+00
1.000096058035146562e+00
1.000088668535064063e+00
1.000086090036605979e+00
1.000084587602863229e+00
1.000082479812717473e+00
1.000079517316791566e+00
1.000075235633530735e+00
1.000071510056956825e+00
1.000070240254449905e+00
1.000057082422234123e+00
1.000055267276563020e+00
1.000052120703842196e+00
1.000048523733843231e+00
1.000048225804009761e+00
1.000046355749238058e+00
1.000039782082307704e+00
1.000035518846380089e+00
1.000033632181356102e+00
1.000029954179247671e+00
1.000025563827967590e+00
1.000015744174757915e+00
1.000014517247114432e+00
1.000009150280554815e+00
1.000004239155977137e+00
1.000001977905110362e+00
9.999956822283899704e-01
9.999910861204517332e-01
9.999817598769371596e-01
9.999704368677835298e-01
9.999629278695719714e-01
9.999623892117787127e-01
9.999564186601329618e-01
9.999414477969016390e-01
9.999303979932435693e-01
9.999272617983133715e-01
9.999263448591366732e-01
9.999168656207464423e-01
9.999069856891247277e-01
9.999056223156145284e-01
9.998961690399734703e-01
9.998853891455168341e-01
9.998746841280278241e-01
9.998678774988372098e-01
9.998557771928822113e-01
9.998522456976715045e-01
9.998488989002670690e-01
9.998447699770250940e-01
9.998256048624041270e-01
9.998178620660383986e-01
9.998100396309150817e-01
9.998056940176033303e-01
9.998007452598097755e-01
9.997922494926755332e-01
9.997669334483961778e-01
9.997619703061350060e-01
9.997550953953688868e-01
9.997318728903409335e-01
9.997222642042079555e-01
9.997072905283130861e-01
9.996992673327335099e-01
9.996973760193910152e-01
9.996834744012652596e-01
9.996599920833606490e-01
9.996530117893338563e-01
9.996245232719808138e-01
9.996085595342197871e-01
9.996070306337289102e-01
9.995945664684596776e-01
9.995917109757066488e-01
9.995613214187285545e-01
9.995390665865506730e-01
9.995347408335611972e-01
9.995139537093329363e-01
9.995119263852005886e-01
9.995046835729234358e-01
9.994814965052171152e-01
9.994704247428181088e-01
9.994591812741162595e-01
9.994522238118483948e-01
9.994470102549706247e-01
9.994345159754711716e-01
9.994182838795477863e-01
9.994098015831366366e-01
9.994048049185032534e-01
9.993912883170572581e-01
9.993649481020523417e-01
9.993527827354141690e-01
9.993202571630804831e-01
9.993085186063480618e-01
9.992927207609686446e-01
9.992864215254638749e-01
9.992719777127975211e-01
9.992401423741882338e-01
9.992336253667889467e-01
9.991841220024177961e-01
9.991651541342971843e-01
9.991517369494651302e-01
9.991301445744694698e-01
9.991106182668343383e-01
9.990969539049824322e-01
9.990861748177833901e-01
9.990707871763904180e-01
9.990518403637211886e-01
9.990173822633707790e-01
9.989821704867186680e-01
9.989509603959885187e-01
9.989289033576765897e-01
9.989163168707633211e-01
9.989044291408896159e-01
9.988975831935916760e-01
9.988845956655691971e-01
9.988762396445214353e-01
9.988154128765643902e-01
9.988070641493776991e-01
9.987632106320097902e-01
9.987333447021577992e-01
9.987217733162964128e-01
9.986974946083896354e-01
9.986825985353601220e-01
9.986686229951432514e-01
9.986391188546829278e-01
9.985547894550638182e-01
9.985423175775640647e-01
9.985361487988690943e-01
9.985179520296444400e-01
9.984966292647389219e-01
9.984674578612523499e-01
9.984505108043709720e-01
9.984223477903436672e-01
9.984200650718467740e-01
9.983839437661872207e-01
9.983626791789692589e-01
9.983544672363636741e-01
9.983034535002996979e-01
9.983006739730512225e-01
9.982769595685060393e-01
9.982280199964599365e-01
9.981443172117832052e-01
9.981393039384722776e-01
9.981033868094605355e-01
9.980728379521811577e-01
9.980583039071125873e-01
9.980335012921910387e-01
9.979748471027348744e-01
9.979512268696111299e-01
9.979267908037040558e-01
9.979234616372242295e-01
9.978792245802499128e-01
9.978579701914964684e-01
9.977844005603901945e-01
9.977707395996492368e-01
9.977236757719089022e-01
9.977013274448387481e-01
9.976836726451674409e-01
9.976487137979349606e-01
9.975870723087084668e-01
9.975760690241427531e-01
9.975394489581370649e-01
9.975349515581339865e-01
9.975034845724322086e-01
9.974310067205098829e-01
9.974218934543207515e-01
9.973993973208659103e-01
9.973288684188835740e-01
9.972113429226489023e-01
9.971961281949029976e-01
9.971341269051107181e-01
9.970685370516183532e-01
9.970228966082673727e-01
9.969878286866228345e-01
9.969732367236721071e-01
9.969420403201543213e-01
9.969055511512808776e-01
9.968778031127203398e-01
9.967558914049192698e-01
9.967406465304129437e-01
9.966807249498998988e-01
9.966622046259818735e-01
9.966301805806653258e-01
9.965773818548576690e-01
9.965516255513702237e-01
9.964946206725288080e-01
9.964761212030860404e-01
9.964185278268073986e-01
9.963614815031557326e-01
9.963265055170258400e-01
9.963191681884000506e-01
9.962684089878235394e-01
9.961636294312199436e-01
9.961418759705537029e-01
9.960273855551066147e-01
9.959959643662849027e-01
9.959322241306376444e-01
9.958771478399824906e-01
9.957800623574299959e-01
9.957337509697722355e-01
9.957211516810474672e-01
9.956714464195418612e-01
9.956593483041588089e-01
9.955315805316354849e-01
9.954713964438428597e-01
9.953090197188789734e-01
9.952785109024712140e-01
9.952431877645374625e-01
9.951871883121843343e-01
9.951429215462321842e-01
9.950275270019048879e-01
9.949991442765343530e-01
9.949857597559154110e-01
9.948953078217880330e-01
9.948712512446977740e-01
9.948428478011991372e-01
9.948196026726204844e-01
9.947404467113803994e-01
9.946835563803223534e-01
9.946578986422011104e-01
9.945870332499664457e-01
9.945241107793937330e-01
9.945157192365633447e-01
9.944535020501633626e-01
9.944342144232782843e-01
9.943410640369744202e-01
9.942897210252262807e-01
9.941523552225978166e-01
9.941305621892055910e-01
9.940981998309394996e-01
9.940723004048627187e-01
9.939999063934468193e-01
9.938944631619888170e-01
9.938436088710426164e-01
9.937269689924541627e-01
9.936993423117249646e-01
9.936736665837389015e-01
9.935318839263288515e-01
9.934355863672700293e-01
9.933907509291005633e-01
9.933259786266243063e-01
9.932465725210951613e-01
9.931710056855108659e-01
9.931407658590863941e-01
9.930303334791735770e-01
9.929937463091143002e-01
9.929031873292086807e-01
9.927191853929764331e-01
9.926540907605557740e-01
9.926142850731310974e-01
9.924477484641137659e-01
9.923802642068488833e-01
9.923490255073647015e-01
9.922157750756214201e-01
9.921297649807695462e-01
9.920319262365753232e-01
9.920249235651906750e-01
9.919704523763448467e-01
9.918772986530750568e-01
9.917966592604735565e-01
9.917536975601356497e-01
9.915430119363060069e-01
9.913712674578774031e-01
9.913608103752358236e-01
9.913429728114198092e-01
9.912431143478990236e-01
9.909429435745394921e-01
9.908866573785100051e-01
9.906712331341422928e-01
9.906372593925231174e-01
9.904583034626611715e-01
9.904509484534522734e-01
9.902987540915118014e-01
9.901979702463507005e-01
9.901724225956064496e-01
9.899114969064171099e-01
9.899042882156200429e-01
9.898657348322004168e-01
9.898003379220529085e-01
9.897198092575502093e-01
9.896415167674043056e-01
9.896406799895910433e-01
9.894288359905616392e-01
9.890773677448047030e-01
9.889974249007392748e-01
9.889367681102356755e-01
9.887984582808418965e-01
9.887329826596938931e-01
9.886726671837560154e-01
9.884663210507806941e-01
9.884305682038704299e-01
9.883898474199678263e-01
9.882207847604688178e-01
9.880497244175930893e-01
9.879612693748153207e-01
9.879513873652390199e-01
9.879279308104179647e-01
9.878540944438621851e-01
9.877404411947869889e-01
9.876936772407236553e-01
9.875675462019969375e-01
9.874708910683035468e-01
9.872826465042202626e-01
9.872533781984855761e-01
9.870284364912325081e-01
9.868759280764959341e-01
9.868654582132899700e-01
9.867904013972207400e-01
9.866745674658931042e-01
9.866424458890662441e-01
9.864559785094512145e-01
9.863846733490130303e-01
9.863222068581284363e-01
9.863080732556239738e-01
9.859981627476790411e-01
9.859957930819881478e-01
9.859281178439899263e-01
9.857071215040759116e-01
9.856103797971166314e-01
9.854303017824687094e-01
9.854159184958256601e-01
9.851991966108012422e-01
9.850648822200115395e-01
9.850013769745544767e-01
9.849829463761290427e-01
9.848929237326263797e-01
9.847986502141164999e-01
9.845558575847200844e-01
9.845038220831572318e-01
9.844289403060274557e-01
9.842764303168990425e-01
9.839897391714996777e-01
9.839237409558863057e-01
9.837335565229654577e-01
9.832981062576278131e-01
9.832377960813504236e-01
9.830978071137489449e-01
9.830322164728653167e-01
9.826591654444073454e-01
9.824714142316061105e-01
9.824216665133327364e-01
9.823687182401346085e-01
9.821289118116413031e-01
9.819562764181969383e-01
9.819480239251461295e-01
9.818542438576962628e-01
9.816737145107224949e-01
9.816289022144703003e-01
9.814809114586571237e-01
9.814701178940472559e-01
9.812963870595836635e-01
9.811840710772373741e-01
9.810415206961085044e-01
9.807452817152870761e-01
9.807078741197408078e-01
9.805932295400859866e-01
9.805325026399706045e-01
9.804814916648412204e-01
9.802035957794024146e-01
9.800652620730545550e-01
9.799545479619256039e-01
9.797360949647495598e-01
9.796812055512399420e-01
9.795641600286186801e-01
9.793482029302198466e-01
9.791755860836905967e-01
9.791355586660965837e-01
9.790462418742053030e-01
9.788514858976578026e-01
9.785693274405986575e-01
9.784168049804331524e-01
9.779389987516547977e-01
9.776088734913931377e-01
9.774735196336495902e-01
9.772692383513781333e-01
9.772320918564934011e-01
9.770319793601039970e-01
9.766468345203989099e-01
9.766173903442155746e-01
9.761968990101285160e-01
9.758614469823615467e-01
9.758010624836366276e-01
9.756487629474976941e-01
9.753726764365020507e-01
9.751306698374090365e-01
9.751064106906799367e-01
9.750424111992760379e-01
9.748871006192665334e-01
9.745798863746546470e-01
9.745075339277649018e-01
9.736239217464034423e-01
9.735641548588747085e-01
9.734623212792623548e-01
9.730423708643668457e-01
9.725350076181509262e-01
9.723574748657733968e-01
9.722900158555700667e-01
9.719563778309744384e-01
9.717857663973532567e-01
9.716466633315713475e-01
9.715336961051312947e-01
9.714315622428397745e-01
9.709464407136186859e-01
9.709013120296906552e-01
9.708602861015572794e-01
9.707258364199942147e-01
9.703917269931540135e-01
9.699119926478481091e-01
9.697889101530361433e-01
9.696690904201157313e-01
9.693621452364030722e-01
9.693309724053407184e-01
9.690637493183436035e-01
9.685668160023885864e-01
9.683210965679132087e-01
9.682050752905336788e-01
9.681208497210205266e-01
9.676294020478809488e-01
9.676154106993111181e-01
9.674967755479011444e-01
9.663721043248714171e-01
9.663268333139538591e-01
9.661094890806979363e-01
9.651666375917459240e-01
9.649203649304883834e-01
9.646141818795689327e-01
9.645742446598858377e-01
9.640011279976216096e-01
9.639500893007993954e-01
9.630907881539609861e-01
9.629238960883017562e-01
9.626977578369452226e-01
9.626329243219484688e-01
9.624569977586754366e-01
9.621443799972501099e-01
9.617591472487254656e-01
9.613338733906459099e-01
9.613044207508552041e-01
9.610248429266335934e-01
9.607833794208059386e-01
9.603798097246711851e-01
9.598371079408731799e-01
9.597870600764057958e-01
9.594673718694385345e-01
9.593166731963438387e-01
9.592870196826884799e-01
9.589689318879648372e-01
9.585200216155218556e-01
9.580638118367931222e-01
9.580044616044750549e-01
9.579117646733883440e-01
9.571017595906627928e-01
9.558824792439415408e-01
9.557971177333187685e-01
9.557339907021695780e-01
9.556369112594932380e-01
9.549866780861050453e-01
9.543968658499397684e-01
9.542530199818702874e-01
9.527573872514415454e-01
9.525443852235674358e-01
9.523218234667911730e-01
9.518850068613194937e-01
9.512956370146052887e-01
9.508789392951093600e-01
9.506740103178562551e-01
9.503826558369852240e-01
9.496552704746247242e-01
9.495332544759470528e-01
9.476843457980910213e-01
9.474749091902191500e-01
9.472925525878590491e-01
9.471213870500675425e-01
9.465897101007070269e-01
9.455448638559100782e-01
9.450646194964716917e-01
9.438576091856026862e-01
9.437686973765486709e-01
9.434559930224050150e-01
9.418717955334285907e-01
9.418018163065593473e-01
9.413206423805382528e-01
9.412109773057791839e-01
9.407035909178117494e-01
9.406719297915216993e-01
9.401774612640272366e-01
9.394268244084160724e-01
9.391849030852120750e-01
9.385904508163425142e-01
9.381234287299241581e-01
9.377314460750501013e-01
9.361891142773723917e-01
9.361394533399308715e-01
9.359389503703126056e-01
9.350778449236178957e-01
9.350262779605034158e-01
9.340933841622914846e-01
9.339499270123268193e-01
9.335839345639661557e-01
9.323557052579123372e-01
9.311669935042977686e-01
9.305576123442622638e-01
9.292912837207837340e-01
9.291286709421088252e-01
9.271570431566833470e-01
9.239011538602671658e-01
9.236745852563070791e-01
9.231165470538336137e-01
9.212710718707266544e-01
9.207011115144110303e-01
9.196571519732980038e-01
9.194445230252049628e-01
9.192111815794630214e-01
9.184338050467679704e-01
9.181543608450154492e-01
9.160968225782999408e-01
9.150490371196490225e-01
9.148018930434161922e-01
9.146987389686281889e-01
9.143601459372996398e-01
9.108393047269258691e-01
9.105282152168007181e-01
9.104445954640358885e-01
9.091596856619386102e-01
9.089673655606163027e-01
9.072842916837233762e-01
9.067699069491161890e-01
9.047410970159102117e-01
9.039900892116241593e-01
9.038499967590662987e-01
9.033633738661873691e-01
9.022345855307007945e-01
9.003167872124758775e-01
8.977104070841807060e-01
8.959241221994312943e-01
8.953491090191875168e-01
8.934417325316792446e-01
8.928722840352508738e-01
8.894341618902372737e-01
8.891555932315419186e-01
8.886719685097169696e-01
8.876583539887386021e-01
8.866959621978259820e-01
8.856176341209206493e-01
8.840114347793747163e-01
8.837114410964084232e-01
8.832748054409448324e-01
8.829274557029382908e-01
8.801876960978807229e-01
8.795000317277552604e-01
8.790717133426687591e-01
8.785315689460542199e-01
8.757663679946244839e-01
8.751715346338091450e-01
8.724503657091894349e-01
8.706903902533974504e-01
8.681919642421663807e-01
8.662801040248778728e-01
8.633374557811739347e-01
8.599760466083710142e-01
8.588020729257177521e-01
8.560934801622368528e-01
8.544452423030853838e-01
8.540732456475846890e-01
8.513640648581267678e-01
8.486892702115272913e-01
8.485396039619830244e-01
8.463837209615902024e-01
8.440251971306044210e-01
8.418770859278633667e-01
8.399458251911245954e-01
8.383024210312924884e-01
8.365298594779690955e-01
8.331554721580489709e-01
8.298451176146989239e-01
8.293882090123328998e-01
8.262723638535685033e-01
8.246813519846881713e-01
8.186535012411733092e-01
8.183139336774853945e-01
8.165252311668466101e-01
8.154508787312276796e-01
8.125683914549458597e-01
8.074380405741631295e-01
8.068531255651242295e-01
8.065052151160839733e-01
8.062069145459312969e-01
8.040080179413784389e-01
7.969224363329553418e-01
7.936547569476178898e-01
7.898131882677541515e-01
7.868072568152335577e-01
7.639447837792384677e-01
7.535569321332403758e-01
7.522650814501889993e-01
7.216840484458748595e-01
6.647498961460465150e-01
