1.282568929773550970e+00
1.256914380331632719e+00
1.254235865236350556e+00
1.218886531223462022e+00
1.213409526795006910e+00
1.206090958379664402e+00
1.202373363873430412e+00
1.197658991093886183e+00
1.196772596458986815e+00
1.192941000424782239e+00
1.186384685451876697e+00
1.175203662486257628e+00
1.173856501588470547e+00
1.170398293579750559e+00
1.165868781019186118e+00
1.165136588321204592e+00
1.163295238822722011e+00
1.162095814122963588e+00
1.158250006403789722e+00
1.155920051113630498e+00
1.155309956801253701e+00
1.152755922596889748e+00
1.152290063764749739e+00
1.150050590593509892e+00
1.146040328655222984e+00
1.145719889984602613e+00
1.144825819620719054e+00
1.144785575505517405e+00
1.142276665939154112e+00
1.142078046490780041e+00
1.139435055808662112e+00
1.135649735355903189e+00
1.133909755088447602e+00
1.133293238825805238e+00
1.132312890634308733e+00
1.131937628340675905e+00
1.131259707295707795e+00
1.130569791885657871e+00
1.129967778925147437e+00
1.128193198656235019e+00
1.126337649318613687e+00
1.124382421240316843e+00
1.124268020215530628e+00
1.121620080779127893e+00
1.120738481751414106e+00
1.120203809382021021e+00
1.117920513070471245e+00
1.116075568676040186e+00
1.115470489705283397e+00
1.114320787366864574e+00
1.113508224641436284e+00
1.113132106899328289e+00
1.112501092934040869e+00
1.112126530161558380e+00
1.111395916052328126e+00
1.110723936614210983e+00
1.110550563695390514e+00
1.110232487132679857e+00
1.110000635907196997e+00
1.108385007218581464e+00
1.107810176130107571e+00
1.106787376225897512e+00
1.106342650411900053e+00
1.105073431091624814e+00
1.104968670210576320e+00
1.104261613301050327e+00
1.103554661213260957e+00
1.102138651035323047e+00
1.101769503899456382e+00
1.100709391955172256e+00
1.100124011266055968e+00
1.100020455463829983e+00
1.099015898101730393e+00
1.098646800237783827e+00
1.098183233570125150e+00
1.098071838105403319e+00
1.097674856445366220e+00
1.096562993924515617e+00
1.095604750909354497e+00
1.094965310834408179e+00
1.094558377366118718e+00
1.092870808372034430e+00
1.092392088954897034e+00
1.091725407697645256e+00
1.091590701572887179e+00
1.090376433508390752e+00
1.090244930142985957e+00
1.089981488879261606e+00
1.089748714184394673e+00
1.089036829475735990e+00
1.088660005842325695e+00
1.088187057685499948e+00
1.087815590251790088e+00
1.087222006913005856e+00
1.086465781890091353e+00
1.086195372689570116e+00
1.085762736278196749e+00
1.085338154372738950e+00
1.084375260072686142e+00
1.083942240437178350e+00
1.082989982925068873e+00
1.082583618862806851e+00
1.082179402617399866e+00
1.081859287723516694e+00
1.081679398019151472e+00
1.081480328905196853e+00
1.081330165602393034e+00
1.080703592874898034e+00
1.080290620017043457e+00
1.079978875801453020e+00
1.079964845651014249e+00
1.079478631665024668e+00
1.079001592876214666e+00
1.078332537754201681e+00
1.077984480400795864e+00
1.076803284784456194e+00
1.075944672578942551e+00
1.075659981664254472e+00
1.075522288436869367e+00
1.073429370187501064e+00
1.073368631429352904e+00
1.073281422033771415e+00
1.072791877064222188e+00
1.072483701662572342e+00
1.072204063132596863e+00
1.072046395599121738e+00
1.071581237324245039e+00
1.071088717068166218e+00
1.071043301052540864e+00
1.070343110757891125e+00
1.069641747300674295e+00
1.069409505833659457e+00
1.068917014161581802e+00
1.068793462665345029e+00
1.068461364723528151e+00
1.068134389089401060e+00
1.067415574451107574e+00
1.067177252909224938e+00
1.066733431304034641e+00
1.065882439218175159e+00
1.065681136941727614e+00
1.065073573994045342e+00
1.064694091126349385e+00
1.064624486890634492e+00
1.064358756352599134e+00
1.063912536955461841e+00
1.063734517190489504e+00
1.063414491183260147e+00
1.063272668303478774e+00
1.063190016624141476e+00
1.062599653269097333e+00
1.062330541013864815e+00
1.062092629712503511e+00
1.061678709398038656e+00
1.061084591932555332e+00
1.060825544316484681e+00
1.060691142171520385e+00
1.060432025129359079e+00
1.060206056135513331e+00
1.059883229027856144e+00
1.059575623795525612e+00
1.059164797710630879e+00
1.058992309508838048e+00
1.058462278029099313e+00
1.058047947629147778e+00
1.057928475858453954e+00
1.057419085608486409e+00
1.057210681109263861e+00
1.056976427094091564e+00
1.056656569798464229e+00
1.056598273049512260e+00
1.056345460885471654e+00
1.056225058918425663e+00
1.055872714130266621e+00
1.055385332434951362e+00
1.054926098096354847e+00
1.054779433718201487e+00
1.054195895883270229e+00
1.054072316760072292e+00
1.053942457442477609e+00
1.053676961201077900e+00
1.053200649866983696e+00
1.052678173203125622e+00
1.052343263779161209e+00
1.052010368276419028e+00
1.051732743033580331e+00
1.051567200982338690e+00
1.051312030597847835e+00
1.051183501911125751e+00
1.051056811128397772e+00
1.050130309225631997e+00
1.049939177705410120e+00
1.049456601100454023e+00
1.049075580601656732e+00
1.048975696479107267e+00
1.048950414662163988e+00
1.048653734429505269e+00
1.048211173039482080e+00
1.048075358721310746e+00
1.047920924601979831e+00
1.047720520168970770e+00
1.047523605268913194e+00
1.047086679241622242e+00
1.046383892742848598e+00
1.046076672534786756e+00
1.045792800994204574e+00
1.045362121147026535e+00
1.045153854828648754e+00
1.045070765317243078e+00
1.044852338070964448e+00
1.044744923902305445e+00
1.044364032396648989e+00
1.044126941428280553e+00
1.043701674757929521e+00
1.043422599642328086e+00
1.043193976571227255e+00
1.042990159874374267e+00
1.042855602425662109e+00
1.042567406876619085e+00
1.042408787054227348e+00
1.042324138065973349e+00
1.042254748268870879e+00
1.041877692841797876e+00
1.041620443143630448e+00
1.041413602185491616e+00
1.041178403314838352e+00
1.040856254846852513e+00
1.040469666703323970e+00
1.040386736162968839e+00
1.040265358542539431e+00
1.040000302931186615e+00
1.039968516395370246e+00
1.039715105295411890e+00
1.039532384309794111e+00
1.039425058944231095e+00
1.039311416347529882e+00
1.039127790259277484e+00
1.038758090780492749e+00
1.038695524749872146e+00
1.038543855986850284e+00
1.038269192202689872e+00
1.037879806731556664e+00
1.037417511317762386e+00
1.037186966628318885e+00
1.037113758781966544e+00
1.036915490098439641e+00
1.036705427844667016e+00
1.036516156078843176e+00
1.036270319350237834e+00
1.036084424214845257e+00
1.035969505320375239e+00
1.035889455220346367e+00
1.035740081976954219e+00
1.035570512430439072e+00
1.035426045604873169e+00
1.035204164619671685e+00
1.034861843928384983e+00
1.034679825315388602e+00
1.034453812845919529e+00
1.034251260083250523e+00
1.034150238852528103e+00
1.033999829033212636e+00
1.033950577442091623e+00
1.033588245244832615e+00
1.033521349573344628e+00
1.033278445934495915e+00
1.033012298501035264e+00
1.032697236055081014e+00
1.032267692426469319e+00
1.032207424739413071e+00
1.031981460867000600e+00
1.031821174391442941e+00
1.031811532981302681e+00
1.031699197305643523e+00
1.031479005957419925e+00
1.031243759082039135e+00
1.031206282831305110e+00
1.030993465061678327e+00
1.030635344138973286e+00
1.030549955158032382e+00
1.030519009812529641e+00
1.030405735866317229e+00
1.030254971763026939e+00
1.030158134503324607e+00
1.030136655231165710e+00
1.030052520997432275e+00
1.029745172086790506e+00
1.029468876707776204e+00
1.029263038906881089e+00
1.028964675114540928e+00
1.028883782656513368e+00
1.028871670345785416e+00
1.028721455676207208e+00
1.028698413013626967e+00
1.028335892444855348e+00
1.028270227069132847e+00
1.028147553969815942e+00
1.027971938296172505e+00
1.027737690947250870e+00
1.027631246998268022e+00
1.027328866887337488e+00
1.027290643259670899e+00
1.027156990840786932e+00
1.026994859080570421e+00
1.026907835945040537e+00
1.026754760078971263e+00
1.026655509788004350e+00
1.026583243018977409e+00
1.026434154307447111e+00
1.026292051342360123e+00
1.026177028013633752e+00
1.026053598973466707e+00
1.026014674749858413e+00
1.025884519173845710e+00
1.025766596814620124e+00
1.025511960751777085e+00
1.025250038978002154e+00
1.025195825455401888e+00
1.025157660903668777e+00
1.025010479881456771e+00
1.024893257118807410e+00
1.024826641598552746e+00
1.024535678405728678e+00
1.024469825794242617e+00
1.024254156989998110e+00
1.024189049332753010e+00
1.024005178545818184e+00
1.023918507944092005e+00
1.023693276776071137e+00
1.023517485687281514e+00
1.023460207400154642e+00
1.023430330021004586e+00
1.023210519621215120e+00
1.023094447930671391e+00
1.023036131240274260e+00
1.022967276095277933e+00
1.022861612334415193e+00
1.022748585489056339e+00
1.022658544583336715e+00
1.022495139689568733e+00
1.022435118643320706e+00
1.022304391128542767e+00
1.022176520819253920e+00
1.021795002451741929e+00
1.021661387350097927e+00
1.021426247877969651e+00
1.021324295866924636e+00
1.021244578440807294e+00
1.021024230960388079e+00
1.020901595602695444e+00
1.020853792895373813e+00
1.020704947484157410e+00
1.020576244297909829e+00
1.020457931093266435e+00
1.020409741604846099e+00
1.020304925562669052e+00
1.020184888869343443e+00
1.020024596646617931e+00
1.019907957220819839e+00
1.019742983091738164e+00
1.019552326635795536e+00
1.019285822548154474e+00
1.019165106504587914e+00
1.019107561392102124e+00
1.018953155931471288e+00
1.018866991929352261e+00
1.018747704254552078e+00
1.018624601656645146e+00
1.018528934367080030e+00
1.018424908439121257e+00
1.018200732326274283e+00
1.018178944298201660e+00
1.018070515606014359e+00
1.017964885168498368e+00
1.017766496728207182e+00
1.017636669802193472e+00
1.017520410237445327e+00
1.017467149208269417e+00
1.017440845556719875e+00
1.017314631541746284e+00
1.017108897325494032e+00
1.017043848490919000e+00
1.016976601204163666e+00
1.016912277938811338e+00
1.016765101478041222e+00
1.016619055822702844e+00
1.016590519488321132e+00
1.016519373159703754e+00
1.016474386933387430e+00
1.016412804184191110e+00
1.016249623653155298e+00
1.016222985415039526e+00
1.016196237509765288e+00
1.016150005367510989e+00
1.016066163150596502e+00
1.015862015357959391e+00
1.015790331653229961e+00
1.015696167174395148e+00
1.015609455784451498e+00
1.015551222291567912e+00
1.015492233083790108e+00
1.015343397284857785e+00
1.015299627456998977e+00
1.015103996780075013e+00
1.015022213474532586e+00
1.014920395895463789e+00
1.014828765314856218e+00
1.014691300912288208e+00
1.014559338357484686e+00
1.014547611773419566e+00
1.014307420277024141e+00
1.014272242506901289e+00
1.014228803856438210e+00
1.014131085469098803e+00
1.014067472568828565e+00
1.014019277772617356e+00
1.013987597529919293e+00
1.013827914701048716e+00
1.013753891747549263e+00
1.013671057964991240e+00
1.013595031147780823e+00
1.013577306650491172e+00
1.013463950521154899e+00
1.013274746020608852e+00
1.013261077825103884e+00
1.013212626834137042e+00
1.013043369400882021e+00
1.012972942514616337e+00
1.012876377351793256e+00
1.012712281828120453e+00
1.012620985316626365e+00
1.012592593474916480e+00
1.012547374101845366e+00
1.012486518770054911e+00
1.012372361396885800e+00
1.012355773134873793e+00
1.012302298388770616e+00
1.012090630703334604e+00
1.012055824456974173e+00
1.011985768442175582e+00
1.011876029263963916e+00
1.011850123354085973e+00
1.011720962020813852e+00
1.011661950644324737e+00
1.011574740296492303e+00
1.011539550208170324e+00
1.011526589025784961e+00
1.011454049000091393e+00
1.011376515063621806e+00
1.011332007615120876e+00
1.011296866570241981e+00
1.011147617442373248e+00
1.010948136002966180e+00
1.010920871978002955e+00
1.010868012300402352e+00
1.010779752699990430e+00
1.010700480016522240e+00
1.010639841539663797e+00
1.010556347318730452e+00
1.010528611192758497e+00
1.010400472252521498e+00
1.010391389683713559e+00
1.010256285069551119e+00
1.010240065874756565e+00
1.010139009122806630e+00
1.010051498020641647e+00
1.010036029055805251e+00
1.010002775117269547e+00
1.009852927697474145e+00
1.009820955916625795e+00
1.009768527472168165e+00
1.009630493336908019e+00
1.009571792127611056e+00
1.009555668009759710e+00
1.009463468883702308e+00
1.009409606395660575e+00
1.009303592423971718e+00
1.009294385341491962e+00
1.009271069112341657e+00
1.009196198975931935e+00
1.009156982754428444e+00
1.009086042369702563e+00
1.009069082230950931e+00
1.008953603698546475e+00
1.008925817497671851e+00
1.008901539835226568e+00
1.008853554414473885e+00
1.008812924203508876e+00
1.008741361548298299e+00
1.008694985577098580e+00
1.008680698612357096e+00
1.008676285371153059e+00
1.008522628568703672e+00
1.008452769459136755e+00
1.008337003820324762e+00
1.008301578115372799e+00
1.008286058501110416e+00
1.008234199951103527e+00
1.008211046162570623e+00
1.008170998407702523e+00
1.008141121549190444e+00
1.008119554970936305e+00
1.008099450720061352e+00
1.008005737165305282e+00
1.007889323392684666e+00
1.007842936505348508e+00
1.007732215617848537e+00
1.007601135938176906e+00
1.007570250446203408e+00
1.007567793440548032e+00
1.007508612305150653e+00
1.007472540099340730e+00
1.007364886789478442e+00
1.007298228215904201e+00
1.007287172824560928e+00
1.007202884471204873e+00
1.007162111409215743e+00
1.007151384758876889e+00
1.007069958185509151e+00
1.007045963972747149e+00
1.006986436775558769e+00
1.006958390543090109e+00
1.006937797670677703e+00
1.006874589521224550e+00
1.006780106049778745e+00
1.006733884663743694e+00
1.006698814196846481e+00
1.006666705174237286e+00
1.006609399062687649e+00
1.006569386139290145e+00
1.006502665259153328e+00
1.006462407439194573e+00
1.006428247683287980e+00
1.006407415049561660e+00
1.006385094594697494e+00
1.006351251331842223e+00
1.006315782796795455e+00
1.006297391345571723e+00
1.006237942942455055e+00
1.006195132929279756e+00
1.006173099334347398e+00
1.006096282187002533e+00
1.006075168061981051e+00
1.006055324247313143e+00
1.006041644393440793e+00
1.006023481804459552e+00
1.005971643141555516e+00
1.005900636440750784e+00
1.005891153249720782e+00
1.005852427994820442e+00
1.005818151334194610e+00
1.005793891484044300e+00
1.005750446234487061e+00
1.005624998010065330e+00
1.005576425086639247e+00
1.005555698389079655e+00
1.005533360267125254e+00
1.005510327099391032e+00
1.005492160254463530e+00
1.005444308821803912e+00
1.005408974337335559e+00
1.005366140972163480e+00
1.005325323275903626e+00
1.005280226017940093e+00
1.005243136794001568e+00
1.005222447176730594e+00
1.005206417186798040e+00
1.005187174134145156e+00
1.005167228613944808e+00
1.005154444996145813e+00
1.005142432494445570e+00
1.005094520001575731e+00
1.005064641920532464e+00
1.005010369391792224e+00
1.004968988297856081e+00
1.004915816922195670e+00
1.004851652556074448e+00
1.004830427193976305e+00
1.004820897192169271e+00
1.004787890854476506e+00
1.004766180732662662e+00
1.004752986514442670e+00
1.004721901833684372e+00
1.004682272415926558e+00
1.004640686590997589e+00
1.004629150862761389e+00
1.004619211524823363e+00
1.004594314484236195e+00
1.004542158705841404e+00
1.004535112252725515e+00
1.004514436272139655e+00
1.004469336115875855e+00
1.004446348801067979e+00
1.004417795864561924e+00
1.004374248330150765e+00
1.004347738756035113e+00
1.004321162240298104e+00
1.004313580699522257e+00
1.004276175093085754e+00
1.004256121596569518e+00
1.004230422399088773e+00
1.004182974069251388e+00
1.004127257579195742e+00
1.004105156982030511e+00
1.004089491732748085e+00
1.004041226667864883e+00
1.004029943033578176e+00
1.004020769026955140e+00
1.003990770534610943e+00
1.003958327192651101e+00
1.003924291031109917e+00
1.003862081580245258e+00
1.003840954043736078e+00
1.003798458593533338e+00
1.003777803533230317e+00
1.003771012653761785e+00
1.003747927274514895e+00
1.003742847837461705e+00
1.003712739873148463e+00
1.003665888067578837e+00
1.003637231253217132e+00
1.003607598051995620e+00
1.003598434375268633e+00
1.003552898774954905e+00
1.003531723051663826e+00
1.003527709504090648e+00
1.003477343802390287e+00
1.003461838002111861e+00
1.003437868329794203e+00
1.003428432195979436e+00
1.003406723349823171e+00
1.003329575580411914e+00
1.003304309126094029e+00
1.003259763973012753e+00
1.003226777900875222e+00
1.003206821032446516e+00
1.003189853697677769e+00
1.003151562153820731e+00
1.003149960437395460e+00
1.003122746588992253e+00
1.003110993497949410e+00
1.003080491098662819e+00
1.003064323445815864e+00
1.003034674531860126e+00
1.003005662576735402e+00
1.002977622012833248e+00
1.002939955849267539e+00
1.002929092581929416e+00
1.002865960242018684e+00
1.002827831201609232e+00
1.002814701504882944e+00
1.002800004685957536e+00
1.002789975440246950e+00
1.002762138762063326e+00
1.002708957602133077e+00
1.002681217966250538e+00
1.002663740898534828e+00
1.002626189154480763e+00
1.002613391239557616e+00
1.002588737337919200e+00
1.002561333569268021e+00
1.002539619031661333e+00
1.002504181622557722e+00
1.002491525598036448e+00
1.002468172897448717e+00
1.002463808646312016e+00
1.002435759113235791e+00
1.002407114144402867e+00
1.002374677029885808e+00
1.002366256226799646e+00
1.002361444266380852e+00
1.002341094407390720e+00
1.002259180376619430e+00
1.002252632278103572e+00
1.002245075529629714e+00
1.002223832775690715e+00
1.002193759896112812e+00
1.002181756263752055e+00
1.002164460766048260e+00
1.002155294413255238e+00
1.002146600688883504e+00
1.002141506883953426e+00
1.002081727840893555e+00
1.002075281453920219e+00
1.002061787018985184e+00
1.002041592896886213e+00
1.002039496874900903e+00
1.002031288145481369e+00
1.002008670309622040e+00
1.001996175692932090e+00
1.001987959512536053e+00
1.001974677430218508e+00
1.001950177085360494e+00
1.001890717980691292e+00
1.001881863859714006e+00
1.001871634704843972e+00
1.001853147181367421e+00
1.001812813620318376e+00
1.001794021458397355e+00
1.001778110348274131e+00
1.001775320877565933e+00
1.001762523258365567e+00
1.001752442474122207e+00
1.001739724593065706e+00
1.001717646983462995e+00
1.001699350926763099e+00
1.001683061131297903e+00
1.001679447829594061e+00
1.001658384934309476e+00
1.001633288459794269e+00
1.001625528149370448e+00
1.001610560671770900e+00
1.001579342514031357e+00
1.001559468827536215e+00
1.001548654578749087e+00
1.001536841058174643e+00
1.001525928636173512e+00
1.001515059433603527e+00
1.001495590065998975e+00
1.001492256484254328e+00
1.001478795882641659e+00
1.001472186414771093e+00
1.001458520933875995e+00
1.001430378084386286e+00
1.001420873099328590e+00
1.001403661858890626e+00
1.001399016850039292e+00
1.001386001360976552e+00
1.001375678850069395e+00
1.001353303907814629e+00
1.001350006959604633e+00
1.001337445786937286e+00
1.001330374346633967e+00
1.001299935942275621e+00
1.001293585113704365e+00
1.001283181331044991e+00
1.001264404400732166e+00
1.001259883183034383e+00
1.001245352681768175e+00
1.001228683035086275e+00
1.001221236343796894e+00
1.001217095738851981e+00
1.001212534530442788e+00
1.001195334463088615e+00
1.001189653823853165e+00
1.001180900762190795e+00
1.001174506770490469e+00
1.001159433301373136e+00
1.001153583333407315e+00
1.001136084150002326e+00
1.001093212086786366e+00
1.001087924247793248e+00
1.001081065917931001e+00
1.001071079836757471e+00
1.001051532166404190e+00
1.001036739573465173e+00
1.001032921666875630e+00
1.001028295242804456e+00
1.001018354713089753e+00
1.001001560622912567e+00
1.000971363317957552e+00
1.000960184134118913e+00
1.000952559796626007e+00
1.000937906460305227e+00
1.000927120406609694e+00
1.000914948901392432e+00
1.000907478088577607e+00
1.000901241894674554e+00
1.000872808233592259e+00
1.000860716093362246e+00
1.000851567921802632e+00
1.000840835126428630e+00
1.000834784248213927e+00
1.000824408989382297e+00
1.000814420696379603e+00
1.000806593911744313e+00
1.000802894976412949e+00
1.000791699815310576e+00
1.000778431650882982e+00
1.000758011967290750e+00
1.000750717597842065e+00
1.000736530502115418e+00
1.000720496237691881e+00
1.000716347276783491e+00
1.000708163821802721e+00
1.000688624291587558e+00
1.000685401852279499e+00
1.000669963367224913e+00
1.000665275758856554e+00
1.000659224121933200e+00
1.000644833676300527e+00
1.000640580040234484e+00
1.000637157801820942e+00
1.000628610479134872e+00
1.000615215955843462e+00
1.000602501799920052e+00
1.000596012253353706e+00
1.000591262499531675e+00
1.000588964858101448e+00
1.000580663237359280e+00
1.000574135073412529e+00
1.000562808583381091e+00
1.000549150086849748e+00
1.000544411194323802e+00
1.000540823890270214e+00
1.000538452334537975e+00
1.000525638367802062e+00
1.000513093227253902e+00
1.000500993602480904e+00
1.000491421317081686e+00
1.000485283736830322e+00
1.000481172437220678e+00
1.000463347277604331e+00
1.000457643832414645e+00
1.000450016249102125e+00
1.000434793762566610e+00
1.000421033210042721e+00
1.000412986922183389e+00
1.000406373897423151e+00
1.000388783893538580e+00
1.000387874484022444e+00
1.000383304830977593e+00
1.000378545038655309e+00
1.000367669414632177e+00
1.000362871418745137e+00
1.000353479596301165e+00
1.000346837909941167e+00
1.000337020542480859e+00
1.000328085224607477e+00
1.000321651356368413e+00
1.000314584730108036e+00
1.000309931419813170e+00
1.000302296309693029e+00
1.000300040763248743e+00
1.000297641603194121e+00
1.000287278400680435e+00
1.000282860285990560e+00
1.000274316780410899e+00
1.000268415889641327e+00
1.000254433981980773e+00
1.000249544355235054e+00
1.000241402135404245e+00
1.000236851987197806e+00
1.000232686633715451e+00
1.000228773697852569e+00
1.000218986432946489e+00
1.000214269045815785e+00
1.000209088483678732e+00
1.000203268334166173e+00
1.000198595619073094e+00
1.000195990487042996e+00
1.000188883553316144e+00
1.000177075349171663e+00
1.000168994335621564e+00
1.000165398268442640e+00
1.000161908371696606e+00
1.000160778165836595e+00
1.000153817122338307e+00
1.000144297874815624e+00
1.000144160120949532e+00
1.000138788727479300e+00
1.000125883536997051e+00
1.000122651445484845e+00
1.000115522224876541e+00
1.000113317154497583e+00
1.000106734483247939e+00
1.000103532483792801e+00
1.000097097023439074e+00
1.000096307182025690e+00
1.000092794258538698e+00
1.000089795046154473e+00
1.000079558239750144e+00
1.000077996690832416e+00
1.000074242087870768e+00
1.000069916499207734e+00
1.000067767221672677e+00
1.000064672246295361e+00
1.000062291249605329e+00
1.000057427963243040e+00
1.000055006845252947e+00
1.000050663602228163e+00
1.000046838890330081e+00
1.000039252438016613e+00
1.000037021427866657e+00
1.000030890323579280e+00
1.000018779833192983e+00
1.000016637938271336e+00
1.000015303762852970e+00
1.000010792265011661e+00
1.000008452491018662e+00
1.000005650763877707e+00
9.999982230224513380e-01
9.999948326881000771e-01
9.999912617652995106e-01
9.999910682194905753e-01
9.999874036645732822e-01
9.999863738735239593e-01
9.999775951735354607e-01
9.999690402531996591e-01
9.999666332883468955e-01
9.999627136180322395e-01
9.999602213995003597e-01
9.999492727867906883e-01
9.999342613004120750e-01
9.999304965676163448e-01
9.999255844098841051e-01
9.999234989039538224e-01
9.999141055772370335e-01
9.999121478499863880e-01
9.999092797898391227e-01
9.999017935765136533e-01
9.998999981481190291e-01
9.998835721483313455e-01
9.998800642079334056e-01
9.998682982379969442e-01
9.998655012051808066e-01
9.998600743227753496e-01
9.998538188657062342e-01
9.998501426857446805e-01
9.998473469164264049e-01
9.998376137568090183e-01
9.998249865091863864e-01
9.998135733267378145e-01
9.998096494009773849e-01
9.997979903735367824e-01
9.997942932880823363e-01
9.997857122657586304e-01
9.997766488101315074e-01
9.997749889293764403e-01
9.997592512913465734e-01
9.997545440210314771e-01
9.997460226525590743e-01
9.997269137616113799e-01
9.997196605274928372e-01
9.997114972337091121e-01
9.996990911534677782e-01
9.996978877323000612e-01
9.996866865209097508e-01
9.996733022686193904e-01
9.996523926166265284e-01
9.996486269072778486e-01
9.996297697421077100e-01
9.996232802528980388e-01
9.996208590364523694e-01
9.996102696211826011e-01
9.996055187683966503e-01
9.995940769322101405e-01
9.995885133175919091e-01
9.995767897083384090e-01
9.995713373298537041e-01
9.995702895417181155e-01
9.995482850974880540e-01
9.995435484651689073e-01
9.995423577562786432e-01
9.995221925216006831e-01
9.995126644362196666e-01
9.995067317958888919e-01
9.995013532107652754e-01
9.994938980490098990e-01
9.994883698150920370e-01
9.994831548529214960e-01
9.994770147102467472e-01
9.994673764345545219e-01
9.994378991177970128e-01
9.994134597713092427e-01
9.993887439746155232e-01
9.993712565218195731e-01
9.993578303834431686e-01
9.993462544641219525e-01
9.993336426522931859e-01
9.993194388368071834e-01
9.993117244330476101e-01
9.992933936358266989e-01
9.992813599982570683e-01
9.992713007141393877e-01
9.992353611980475669e-01
9.992310035772284937e-01
9.992296095559913827e-01
9.991814873647021367e-01
9.991755893417227918e-01
9.991660564568766167e-01
9.991492996753035261e-01
9.991459363023103002e-01
9.991271880114002135e-01
9.990956082417306039e-01
9.990884358027936063e-01
9.990807724479254803e-01
9.990735476963994444e-01
9.990466593184944566e-01
9.990394303712111235e-01
9.990115264359333835e-01
9.990031403120929188e-01
9.989964214367738071e-01
9.989622669769611107e-01
9.989403484395508181e-01
9.989339046749731166e-01
9.989256668987850363e-01
9.989123428953038397e-01
9.988664204829749149e-01
9.988438385782545392e-01
9.988110104225722541e-01
9.987865963416990844e-01
9.987791942057951955e-01
9.987686248908894671e-01
9.987571977339979590e-01
9.987483198976175869e-01
9.986901847055593695e-01
9.986619521279219702e-01
9.986586242624329035e-01
9.986492228690376782e-01
9.986193736558601763e-01
9.985916621648035507e-01
9.985787065373391558e-01
9.985735135984774580e-01
9.985371238580156295e-01
9.985096550381197256e-01
9.984580135024676562e-01
9.984331186458872409e-01
9.984212225840599642e-01
9.984130264609237804e-01
9.983520917097604697e-01
9.983491417688511449e-01
9.983129368474435994e-01
9.982838757114657069e-01
9.982828904012953641e-01
9.982749288579551017e-01
9.982448813175665014e-01
9.982351862875371573e-01
9.982096823448947109e-01
9.981797949990758312e-01
9.981090181101008874e-01
9.980960269381280447e-01
9.980453976201452138e-01
9.980300214188501107e-01
9.980246051803477458e-01
9.979718409130060586e-01
9.979314979337758906e-01
9.979196985845896206e-01
9.979025107469498002e-01
9.978559302347962401e-01
9.978368794280487730e-01
9.978349730419266983e-01
9.978045464941478482e-01
9.977924092848212689e-01
9.977638197321615499e-01
9.977300466719842831e-01
9.977123486299577237e-01
9.976964171081615929e-01
9.976472307633992287e-01
9.976180863593174797e-01
9.976141963469297158e-01
9.975753393260859969e-01
9.975568948175830286e-01
9.975057678103009806e-01
9.974870878221353543e-01
9.974382760501429024e-01
9.974098548675014442e-01
9.973782411845084628e-01
9.973674052701102521e-01
9.973505033433878175e-01
9.972857472177976135e-01
9.972595663191539117e-01
9.972532989713004392e-01
9.972105794030288184e-01
9.971940615574033107e-01
9.971827665813545183e-01
9.971686487213784478e-01
9.971408598372371035e-01
9.971077064887450270e-01
9.970715303996501300e-01
9.970218136858579605e-01
9.970054278152521432e-01
9.969782177649928467e-01
9.969503718436915074e-01
9.969219945770865232e-01
9.968461152719498841e-01
9.967715541796280387e-01
9.967586132878895055e-01
9.967132085572301126e-01
9.967020370852182065e-01
9.966726896153154103e-01
9.966360554833584295e-01
9.966175191736872385e-01
9.965579178867972621e-01
9.964997934291706105e-01
9.964822553853988074e-01
9.964207828526288058e-01
9.963973209081580240e-01
9.963655225818084382e-01
9.963322287779606823e-01
9.962688006668973806e-01
9.962104752214645531e-01
9.961979221532457629e-01
9.960630457022315865e-01
9.960502456835610419e-01
9.960478991599333032e-01
9.960019328862366184e-01
9.959510009266323571e-01
9.959337066362714541e-01
9.958899722241000285e-01
9.958475738649651410e-01
9.958209737096161973e-01
9.958125985276704561e-01
9.957493862616204616e-01
9.957373063906389543e-01
9.956982521152616394e-01
9.956940930971704962e-01
9.956440923558486089e-01
9.956275494901154488e-01
9.955291007826965188e-01
9.954974483735413715e-01
9.954425084659965783e-01
9.954316322782058579e-01
9.953556054009514709e-01
9.953240021063475274e-01
9.952295231427279454e-01
9.951566962028368657e-01
9.950812217316686858e-01
9.950496508163859666e-01
9.950096746058821884e-01
9.949267760070141797e-01
9.948980354014139715e-01
9.948731252673370662e-01
9.948129583584046642e-01
9.947634553066847518e-01
9.947101198717404058e-01
9.947080464425531732e-01
9.946851017421589614e-01
9.946774381040952573e-01
9.946572537176415763e-01
9.945991824769871981e-01
9.945207076039929150e-01
9.944639436563939006e-01
9.943868983142687412e-01
9.943752774348727508e-01
9.943113391913985799e-01
9.942337343177288789e-01
9.942100412660976883e-01
9.942027607745484996e-01
9.941704587816326821e-01
9.941165824634262682e-01
9.939968578778761721e-01
9.939927614988647298e-01
9.939103071830874825e-01
9.938392640378775900e-01
9.937383376060314744e-01
9.937262136597680984e-01
9.936464958377208001e-01
9.935937188845618273e-01
9.935892461502469075e-01
9.935216924393659443e-01
9.934724777726171574e-01
9.933889162921369920e-01
9.932981337760360407e-01
9.932837405695664756e-01
9.932446576228750601e-01
9.931995260033222861e-01
9.930742697553762710e-01
9.929897105720183470e-01
9.929362061197021250e-01
9.929257029365743392e-01
9.928862717954970440e-01
9.928624043211478067e-01
9.928355221186707658e-01
9.927698098562348639e-01
9.926561391636646858e-01
9.925728162111396857e-01
9.925065578573017966e-01
9.924767793229964941e-01
9.924367799287090453e-01
9.923761116404771210e-01
9.922881210146190512e-01
9.922822507285351534e-01
9.922376580687077841e-01
9.922095759080429289e-01
9.921716065177486055e-01
9.921037314504125293e-01
9.919764495841270069e-01
9.918670687553629017e-01
9.918552208916118218e-01
9.916972161142102449e-01
9.916327552649043531e-01
9.915210292643724665e-01
9.914747197159669012e-01
9.914458281524053396e-01
9.912636851020832918e-01
9.911635012846281567e-01
9.911145022145716466e-01
9.910550318959633342e-01
9.909735404146468030e-01
9.907243658498641192e-01
9.905964649517969844e-01
9.905326416636307529e-01
9.903899257560221381e-01
9.903307290320823020e-01
9.902361913570021379e-01
9.900751645018783798e-01
9.900543838843949285e-01
9.898933833660543691e-01
9.898650743055956713e-01
9.898542676676757024e-01
9.897935957803704055e-01
9.896497318818018307e-01
9.896183489275649503e-01
9.895569725949477924e-01
9.894435249600016524e-01
9.892673822005675355e-01
9.891033936692165129e-01
9.890737617102343116e-01
9.889274180220120058e-01
9.888025699097224841e-01
9.887680656580012384e-01
9.887478153071220799e-01
9.887365963221818044e-01
9.885974519086283552e-01
9.885216084300636474e-01
9.884816965032044989e-01
9.883679222503765072e-01
9.882163209001713078e-01
9.881508958181883795e-01
9.881379597534266646e-01
9.878856341198709590e-01
9.878539469856013611e-01
9.876442008414572093e-01
9.875592991741305449e-01
9.875062567182398832e-01
9.871454725129359398e-01
9.871004716942547441e-01
9.870362654767492749e-01
9.869478688220427731e-01
9.868015408695781643e-01
9.867336908278229179e-01
9.866610220062180803e-01
9.864758302281738667e-01
9.862291059624563871e-01
9.859862124050660093e-01
9.859538964038090381e-01
9.858912960030551398e-01
9.858868039264376826e-01
9.857892960170963059e-01
9.857651827837368153e-01
9.856330104657201607e-01
9.853803036797590398e-01
9.852888754246372782e-01
9.852068367930899573e-01
9.850698954426216902e-01
9.850379214742124301e-01
9.848752884163136656e-01
9.847268243970012103e-01
9.845040875612220965e-01
9.843783678932722658e-01
9.843134768853990524e-01
9.843057423592422861e-01
9.842152999194819785e-01
9.841077721324326122e-01
9.840565702872656750e-01
9.840301574383436556e-01
9.836260603220816634e-01
9.835023254035357709e-01
9.828524439130217338e-01
9.827134284292785571e-01
9.824464028603763222e-01
9.822272633219170102e-01
9.821067523289963574e-01
9.819071979581904808e-01
9.817669892951820243e-01
9.814775149520508224e-01
9.812189902291249544e-01
9.811038994600886909e-01
9.810337783224043484e-01
9.809106972952588155e-01
9.808793773987117826e-01
9.804164695028119159e-01
9.800286737453329788e-01
9.799717180133732386e-01
9.799167754799811281e-01
9.797335519835206341e-01
9.795817481763964274e-01
9.791712822007665462e-01
9.789962030305395801e-01
9.788967272159357913e-01
9.787843602838615098e-01
9.787431383644372707e-01
9.781334277651541065e-01
9.780558965418755246e-01
9.779801587658625284e-01
9.779725658389517573e-01
9.777177272618897685e-01
9.775600074395279782e-01
9.771730205337566533e-01
9.767026169689273507e-01
9.766319410383238475e-01
9.764803575853937545e-01
9.762266973914424106e-01
9.757807534666482763e-01
9.757423522665104043e-01
9.757308486666188552e-01
9.753061127349902382e-01
9.751632155430924875e-01
9.751010940826673190e-01
9.748877942058636892e-01
9.748040936590793848e-01
9.743177973930935432e-01
9.742180720711718367e-01
9.741619863051247385e-01
9.736174280471304732e-01
9.734883949323456243e-01
9.733345720894284181e-01
9.733326377403698215e-01
9.732499039222088921e-01
9.730045898607190269e-01
9.727859580486740709e-01
9.725983728756774083e-01
9.724624580430371035e-01
9.722535190194860899e-01
9.720466882339553472e-01
9.720261021951656089e-01
9.719390018407333409e-01
9.714409595889307303e-01
9.711294683525742988e-01
9.709501274922329728e-01
9.709041831863198801e-01
9.707634490642210734e-01
9.702003036972621786e-01
9.700688800309998916e-01
9.697107643699327539e-01
9.691253119188675269e-01
9.690751431057672560e-01
9.684863942650504542e-01
9.683213104106377367e-01
9.681855951830928841e-01
9.676828188253085994e-01
9.672682344440375335e-01
9.665621838485231043e-01
9.664445161696727515e-01
9.664107783197023460e-01
9.662176901748179558e-01
9.652491929861606312e-01
9.650054417296554110e-01
9.645063955533728084e-01
9.640848183854859865e-01
9.639847877475891114e-01
9.632739684745537101e-01
9.627339439154943834e-01
9.624033194986555406e-01
9.623949125430881768e-01
9.619146901597221966e-01
9.610889498503280004e-01
9.606859762162373029e-01
9.601694236884842359e-01
9.598549625955363762e-01
9.596079644486529281e-01
9.595597231519610304e-01
9.593431274579115042e-01
9.589398487596056952e-01
9.585253548040767457e-01
9.579305031366232015e-01
9.577868109740397262e-01
9.567291739258283467e-01
9.556377306842419594e-01
9.554164454312904509e-01
9.553778337057902137e-01
9.549161886027691670e-01
9.543381766450745873e-01
9.539304741740439741e-01
9.537957787519342201e-01
9.523384616271067804e-01
9.513525328339695886e-01
9.500991994158201059e-01
9.499980473773597112e-01
9.497987990434055838e-01
9.485385907295877939e-01
9.475694088466004583e-01
9.473247501135458881e-01
9.465644587519858044e-01
9.458222193709149295e-01
9.452963544488709458e-01
9.448066938368878676e-01
9.444479685060260810e-01
9.440850389797786901e-01
9.433978426895822667e-01
9.426655034524227261e-01
9.416218981227352236e-01
9.400577810518742083e-01
9.386229172996747305e-01
9.375480947776265728e-01
9.374878769302821269e-01
9.364518504547041378e-01
9.355857932484009654e-01
9.344194771020698509e-01
9.321214092294249909e-01
9.320251435438454690e-01
9.302490019876465954e-01
9.289876435307388158e-01
9.251569342732768320e-01
9.248896457071539290e-01
9.240318693358551272e-01
9.232094843662099759e-01
9.227219573790744755e-01
9.211963180624684888e-01
9.190883725072205301e-01
9.185937222210904807e-01
9.181737296207646004e-01
9.152290153351324564e-01
9.074207490406283050e-01
9.014966478245175496e-01
8.993358283378937168e-01
8.992446002507770153e-01
8.975625520349330699e-01
8.928860648927927635e-01
8.842786641338822307e-01
8.830236067268861788e-01
8.616631133020877797e-01
8.551166988931844237e-01
8.535131212318594063e-01
8.274283207516706096e-01
