1.884489768954577649e+00
1.676383168280962233e+00
1.625771078611638609e+00
1.623159285792735718e+00
1.600769883087952428e+00
1.581662945917789775e+00
1.565318288149418313e+00
1.539516276908423631e+00
1.511253012437705046e+00
1.508238447003655613e+00
1.496752617503042782e+00
1.494219189629645950e+00
1.491514391201803846e+00
1.466666104463094866e+00
1.455499037190522316e+00
1.453466568442540519e+00
1.447003652984112376e+00
1.442856090285557169e+00
1.441647729180655091e+00
1.438108916881995825e+00
1.433798948900408821e+00
1.429282975240637521e+00
1.423025528126338424e+00
1.412584634405332773e+00
1.410596276908327562e+00
1.400072468189483166e+00
1.386328936556665559e+00
1.384333437552836887e+00
1.381824199144634946e+00
1.379587826888470037e+00
1.376817651938532672e+00
1.375581996997571554e+00
1.374407960700312792e+00
1.366357469296292759e+00
1.363031479065284213e+00
1.354532878745503544e+00
1.354502810458120932e+00
1.345135121676068302e+00
1.344143005626606824e+00
1.338655656572648622e+00
1.333514431609042372e+00
1.331218515537023972e+00
1.330591111519264125e+00
1.327806692271206179e+00
1.327420034768959756e+00
1.323532249687735529e+00
1.319488111081103421e+00
1.316494462478985827e+00
1.313737918657648995e+00
1.312244955919985578e+00
1.311988420538800604e+00
1.308806716832300321e+00
1.301297177294696406e+00
1.296495727706387990e+00
1.295283869467377613e+00
1.293662253692105857e+00
1.291364770138099249e+00
1.288242911513198141e+00
1.287738255438743762e+00
1.286793848391951878e+00
1.285466688010253433e+00
1.283135751954533221e+00
1.282156370671312384e+00
1.280517176224620135e+00
1.278486518898912072e+00
1.275865844156381934e+00
1.270880012235768186e+00
1.269948515165178149e+00
1.267710810242255182e+00
1.266509016611471417e+00
1.262554753940090979e+00
1.260258673515310734e+00
1.256937392994393221e+00
1.254666349015789661e+00
1.253986069077191345e+00
1.251082115430650843e+00
1.247751065347527666e+00
1.245241697201745934e+00
1.241782275694267135e+00
1.240827197810274729e+00
1.239139105316935607e+00
1.238827002347648198e+00
1.236419242440184751e+00
1.234359552061540022e+00
1.229770942430155056e+00
1.229086380965835223e+00
1.228532292165011919e+00
1.228266380243951517e+00
1.222209666033033049e+00
1.220133341963158591e+00
1.218417224652126984e+00
1.216189510041539190e+00
1.216014514100862032e+00
1.215374225816704401e+00
1.214491611426094408e+00
1.212430666987935224e+00
1.212097050371010898e+00
1.209415808063071918e+00
1.209201969042972502e+00
1.208787182904597968e+00
1.208613136289738987e+00
1.207991632978667740e+00
1.206908470132136868e+00
1.205170564469870920e+00
1.202773271231776464e+00
1.201962083023932371e+00
1.201484926257324393e+00
1.200946830863722115e+00
1.199639282847253519e+00
1.199061723350077546e+00
1.197867975931904416e+00
1.196939704047119024e+00
1.196093220613986263e+00
1.191002676921159464e+00
1.189991131136592495e+00
1.189372183519973314e+00
1.187748341790904050e+00
1.186486511433762825e+00
1.185362499650826740e+00
1.185264973698271440e+00
1.183099413628092345e+00
1.181038035866374569e+00
1.180859139716337491e+00
1.179605432488308292e+00
1.177823636144141206e+00
1.177209843666232381e+00
1.175463747192226016e+00
1.175020951133980640e+00
1.174426356558509799e+00
1.171340423053255142e+00
1.170751451557203726e+00
1.168536158733083807e+00
1.167864538854173739e+00
1.167004283677752996e+00
1.166429476555443268e+00
1.165052037961721965e+00
1.162776718061121040e+00
1.162668511945616379e+00
1.161768070869592995e+00
1.160754269417966222e+00
1.160700600835154805e+00
1.157938183453020908e+00
1.157503849410034036e+00
1.154915690005952067e+00
1.154229005674942687e+00
1.153895303370292336e+00
1.153447576401654739e+00
1.151938981096070513e+00
1.151243112644036337e+00
1.150276955595286088e+00
1.147262348245060570e+00
1.146933146775584778e+00
1.146008331990981732e+00
1.145469063139305188e+00
1.144748877921281993e+00
1.144164479779152366e+00
1.141949837925271272e+00
1.140992000513311622e+00
1.140370740459830889e+00
1.138964170965325984e+00
1.138860962512193709e+00
1.138104962218492000e+00
1.137097633200619740e+00
1.136542183848542109e+00
1.136276439387841508e+00
1.135836854228896353e+00
1.134804498201995804e+00
1.133006310790269699e+00
1.132762798755141631e+00
1.131907827587059989e+00
1.130156810150033664e+00
1.129222375734463268e+00
1.129134018582690135e+00
1.128994779059454778e+00
1.127827020799893498e+00
1.127463102732023437e+00
1.126737576753020331e+00
1.126000227404331699e+00
1.125433911498433748e+00
1.124923498954677470e+00
1.124369693820624461e+00
1.123605720550662657e+00
1.121615250502845829e+00
1.119792105784385816e+00
1.119347263589903330e+00
1.119137445131084707e+00
1.117872700143444309e+00
1.117390904357691284e+00
1.116996548244139076e+00
1.116427235844679844e+00
1.114227831560570703e+00
1.112685600769737659e+00
1.111704744198969141e+00
1.111546916061558754e+00
1.111042343789738318e+00
1.110804906861496466e+00
1.110285906434472780e+00
1.109715223109577265e+00
1.109660857359980213e+00
1.108815077427537155e+00
1.108306555906161783e+00
1.108153557687252100e+00
1.107920165121772493e+00
1.107058905132869198e+00
1.106361921258109948e+00
1.105923016219884980e+00
1.105467611078942980e+00
1.105155089247816358e+00
1.104274031165483061e+00
1.104192765226845729e+00
1.104006734095488440e+00
1.103360954010258022e+00
1.103021215976490055e+00
1.102228830164344142e+00
1.101358970513605984e+00
1.100499314832731335e+00
1.100429045107945480e+00
1.100043658859802598e+00
1.099169216674580341e+00
1.098461763017386961e+00
1.098318184477135917e+00
1.098124726061647571e+00
1.097424725647348165e+00
1.096293778618166126e+00
1.095497251288365392e+00
1.095344474386154232e+00
1.094166196973835881e+00
1.093099380501846962e+00
1.092983951773508045e+00
1.092593260569682423e+00
1.092293664498907635e+00
1.091880562687030043e+00
1.091299437854222676e+00
1.090409369488534619e+00
1.090104629291451133e+00
1.088512206842320751e+00
1.088036371233005006e+00
1.087716679369177930e+00
1.087456744122351049e+00
1.086440693375834377e+00
1.086092021689040621e+00
1.085819227741905202e+00
1.084860292763394352e+00
1.083331772204525256e+00
1.082670776268973123e+00
1.082110097572527074e+00
1.081805022248100157e+00
1.081640767941866033e+00
1.081535335977626744e+00
1.081225743195779021e+00
1.080719529462565109e+00
1.080107660643234269e+00
1.079109250064146375e+00
1.078627503345203520e+00
1.078083424143828406e+00
1.077580530371108569e+00
1.077078461520897701e+00
1.077024675123844144e+00
1.076710168940750556e+00
1.076114761499977757e+00
1.075664362684563669e+00
1.075204339334349779e+00
1.074964377346158795e+00
1.074235598732028452e+00
1.073818816299476397e+00
1.073353066279260526e+00
1.073014583542940104e+00
1.072767395848574612e+00
1.072052915634806869e+00
1.071863602534230964e+00
1.071548178509320381e+00
1.070668548202177606e+00
1.070507840775424935e+00
1.069878136563405802e+00
1.069487815166083822e+00
1.068346142069215743e+00
1.068070500856560967e+00
1.067556668949321441e+00
1.067171826270147061e+00
1.066787684620702725e+00
1.066631395388625281e+00
1.066534581629319245e+00
1.065895326104150609e+00
1.065492255808831557e+00
1.065096529830488858e+00
1.064730701467149210e+00
1.064409594086747735e+00
1.064265064131085792e+00
1.064084438431514457e+00
1.063911765243379826e+00
1.062614428462455685e+00
1.062334319241646341e+00
1.062149092343357637e+00
1.061868240108418959e+00
1.061466902642185239e+00
1.060987501196601235e+00
1.060563794440215313e+00
1.060480340467734761e+00
1.060152244110320829e+00
1.060008447957170308e+00
1.059603873065327662e+00
1.059410981889708170e+00
1.059244888994051559e+00
1.059032280746305066e+00
1.058679947731807180e+00
1.058077015759799622e+00
1.057513165232470742e+00
1.057162429225616984e+00
1.056893583714105356e+00
1.056160924083178410e+00
1.055724355346030485e+00
1.055655853614078543e+00
1.055390577448968026e+00
1.054799532752588309e+00
1.054552250415394354e+00
1.053671669893103680e+00
1.053447813062706295e+00
1.053279312261329093e+00
1.053077309233764414e+00
1.052568974189171502e+00
1.052452196548560481e+00
1.052271037820851074e+00
1.052251269421446089e+00
1.051889040336796644e+00
1.051373262152160981e+00
1.050928186640313955e+00
1.050691130729709322e+00
1.049865887996388469e+00
1.049546076343799816e+00
1.049507109213114742e+00
1.049065105874481763e+00
1.048365527318798840e+00
1.048021945611759431e+00
1.047971100798238853e+00
1.047476160866606776e+00
1.046868637073631314e+00
1.046772640107795027e+00
1.046586297981552782e+00
1.046299654349821973e+00
1.046004205187210045e+00
1.045724996633495163e+00
1.045610248717199653e+00
1.045276670051341172e+00
1.044970356024768954e+00
1.044648379178349185e+00
1.044566524016773856e+00
1.044434383825680657e+00
1.044237756118190585e+00
1.043889566791008860e+00
1.043744891087364568e+00
1.043638719226736011e+00
1.042977549036124385e+00
1.042796011761973896e+00
1.042530291186677838e+00
1.042395807041941014e+00
1.041980165297994310e+00
1.041921173222826624e+00
1.041841387264718310e+00
1.041620333960264988e+00
1.041404923696394036e+00
1.041263498265305287e+00
1.041013785449041551e+00
1.040855192289410258e+00
1.040448395486504474e+00
1.040338083762350152e+00
1.040105028618411698e+00
1.039954923897959072e+00
1.039809481432461880e+00
1.039583407738237542e+00
1.038408068090376224e+00
1.038318557024029865e+00
1.038265700690097271e+00
1.038107947554340438e+00
1.037915979121308618e+00
1.037810588951556312e+00
1.037710324894190794e+00
1.037447335073831356e+00
1.037255477201479037e+00
1.036994474542991762e+00
1.036638355486119822e+00
1.036549982129654657e+00
1.036400538666797599e+00
1.035866502300538450e+00
1.035734410443195808e+00
1.035501810387144506e+00
1.035287067570282549e+00
1.034760234608435692e+00
1.034360566177471297e+00
1.034225739245426379e+00
1.034159886676140117e+00
1.034090857634572869e+00
1.033789626658820016e+00
1.033763265627028138e+00
1.033511359409217123e+00
1.033035550189228768e+00
1.032734215114107457e+00
1.032646174301905972e+00
1.032070663559365054e+00
1.031656750909599074e+00
1.031603761724311230e+00
1.031499830007570395e+00
1.031333494864003830e+00
1.031167079983980495e+00
1.031007065685195512e+00
1.030649175508462800e+00
1.030612888780424674e+00
1.030536714357957795e+00
1.030400673133547551e+00
1.030140631188930733e+00
1.029922328130954190e+00
1.029783501045637539e+00
1.029696978688451336e+00
1.029220281507823520e+00
1.029141260680983772e+00
1.028743019961769978e+00
1.028517919441078288e+00
1.028227905766901706e+00
1.028104084126098883e+00
1.028063218644668986e+00
1.027694028857094599e+00
1.027651813504091738e+00
1.027537212709127568e+00
1.027172565671220950e+00
1.027104462239942118e+00
1.026999426279066707e+00
1.026862072595297048e+00
1.026600104703272898e+00
1.026478495306845096e+00
1.026370962287197264e+00
1.026305821662072182e+00
1.026179022793471063e+00
1.026108873127604015e+00
1.026100324433298239e+00
1.025809288902572058e+00
1.025513378775480433e+00
1.025292287653687406e+00
1.025167408216713261e+00
1.024975156799076581e+00
1.024907004146822675e+00
1.024871926645178899e+00
1.024712464020602676e+00
1.024445503825957227e+00
1.024225928939232366e+00
1.024153364930953991e+00
1.024039907596235421e+00
1.023986042256828766e+00
1.023899457645680577e+00
1.023792825783424343e+00
1.023493258323632693e+00
1.023204349596152696e+00
1.023051714710169424e+00
1.022808192818884132e+00
1.022755708118749718e+00
1.022673984824560289e+00
1.022623093623122870e+00
1.022449672650483921e+00
1.022284998316845828e+00
1.022182475804522150e+00
1.022097122399385327e+00
1.022065108237164566e+00
1.021903765729778701e+00
1.021858450920662076e+00
1.021762120483502567e+00
1.021632516555557535e+00
1.021313730310392742e+00
1.021208044736755971e+00
1.021092843091566005e+00
1.020981493325347822e+00
1.020859975569047284e+00
1.020764118510500529e+00
1.020484696652180556e+00
1.020224552518422811e+00
1.020120246237167017e+00
1.020049516519375254e+00
1.019937903045605054e+00
1.019895059755443700e+00
1.019602620011329286e+00
1.019526570169219104e+00
1.019327696898936875e+00
1.019271282393054312e+00
1.019200954157734706e+00
1.019089143838527001e+00
1.018947344417662215e+00
1.018760122212426733e+00
1.018736160108628441e+00
1.018578559791869065e+00
1.018417280522934121e+00
1.018225920250259042e+00
1.018060257166495175e+00
1.017819766793405467e+00
1.017623581849989023e+00
1.017554731944430468e+00
1.017384963892361105e+00
1.017318033569251323e+00
1.017179697596648502e+00
1.017038778665182441e+00
1.016985952861394038e+00
1.016982536859136754e+00
1.016865081860959252e+00
1.016733682340061007e+00
1.016706469019944326e+00
1.016534717707186175e+00
1.016475198183091511e+00
1.016247451599236129e+00
1.016066920959761477e+00
1.016033569651168866e+00
1.015882436966912827e+00
1.015855462500153461e+00
1.015725951147238737e+00
1.015716232005957398e+00
1.015616350660340839e+00
1.015395950142449433e+00
1.015109764400812686e+00
1.015027234964634317e+00
1.014976860710072648e+00
1.014751002989962014e+00
1.014713514273738237e+00
1.014635960233957412e+00
1.014468580076479443e+00
1.014331431271366935e+00
1.014316049930171548e+00
1.014185306559224342e+00
1.014121524809654895e+00
1.013977359581792692e+00
1.013824187160593526e+00
1.013741694848518282e+00
1.013682219893692560e+00
1.013624694060838216e+00
1.013546912695840074e+00
1.013279841337085596e+00
1.013228430395037183e+00
1.013154961741582261e+00
1.013120196967032483e+00
1.013099262988685467e+00
1.012881029927678700e+00
1.012727209111724092e+00
1.012662819401911829e+00
1.012562963327864107e+00
1.012532909794109148e+00
1.012360731039811501e+00
1.012343844256860859e+00
1.012278626615115584e+00
1.012142448148626084e+00
1.012074006826107153e+00
1.011997021149559695e+00
1.011918739818931767e+00
1.011749249026433928e+00
1.011628580270637290e+00
1.011524802945276136e+00
1.011413520764016472e+00
1.011309808056410908e+00
1.011295561367232976e+00
1.011249440266832389e+00
1.011176577704832713e+00
1.011101696087209678e+00
1.011089669500531141e+00
1.010890315636284509e+00
1.010870116489904991e+00
1.010721041797226549e+00
1.010690389166106318e+00
1.010577675292262612e+00
1.010544926110441555e+00
1.010434038547160185e+00
1.010371821917108948e+00
1.010355770465299008e+00
1.010304410070851810e+00
1.010203996060052622e+00
1.010009125779739447e+00
1.009857108625838107e+00
1.009799371170021276e+00
1.009752036744161696e+00
1.009695793361037097e+00
1.009657503794125333e+00
1.009548744984885005e+00
1.009489923887912033e+00
1.009459459136800019e+00
1.009369532793059188e+00
1.009294318481682495e+00
1.009188675324717233e+00
1.009170788929849349e+00
1.009138369192717821e+00
1.009082009916727474e+00
1.009044914960538275e+00
1.008984000264554259e+00
1.008764652108529836e+00
1.008729960815050619e+00
1.008693904006059849e+00
1.008616037297892065e+00
1.008531661139396407e+00
1.008468223919632534e+00
1.008453941443480995e+00
1.008304092320765566e+00
1.008234412469203756e+00
1.008144895055771650e+00
1.008080434541276604e+00
1.007977620189448587e+00
1.007931497727690306e+00
1.007882903850191969e+00
1.007827067620099770e+00
1.007773641002800202e+00
1.007671115596068034e+00
1.007622108941602868e+00
1.007537425427813327e+00
1.007490586339005789e+00
1.007432636370703349e+00
1.007315021571714597e+00
1.007283540520606202e+00
1.007221652898480535e+00
1.007191438493957092e+00
1.007081195501545512e+00
1.007042609240931696e+00
1.006970391076077664e+00
1.006876980307161773e+00
1.006828945737201719e+00
1.006751380029187848e+00
1.006735857174244630e+00
1.006594824343386207e+00
1.006531556101554203e+00
1.006457168931654600e+00
1.006364287291875881e+00
1.006309856995466490e+00
1.006279554615797878e+00
1.006199068811480357e+00
1.006024628564424983e+00
1.005990055230890468e+00
1.005954582131492581e+00
1.005878891520003204e+00
1.005801954746668558e+00
1.005746676990481037e+00
1.005710971693739131e+00
1.005613195198827636e+00
1.005535907160590048e+00
1.005517770397881927e+00
1.005464841007126964e+00
1.005412998553423254e+00
1.005341551750663864e+00
1.005309207290297824e+00
1.005270425962026204e+00
1.005136740229144454e+00
1.005116050325791655e+00
1.005051938422566904e+00
1.005013883102323646e+00
1.004973683236524362e+00
1.004909568256215024e+00
1.004886942152090290e+00
1.004806365904913346e+00
1.004758744284656391e+00
1.004750040203275185e+00
1.004682551003793334e+00
1.004616803549920334e+00
1.004541730770567298e+00
1.004499720143486652e+00
1.004468620054524530e+00
1.004430601429961101e+00
1.004371067796359318e+00
1.004348298086965130e+00
1.004310824634567778e+00
1.004282769874831560e+00
1.004243333689546214e+00
1.004170588483214388e+00
1.004112341967805744e+00
1.004097527536976120e+00
1.004026809987213831e+00
1.003958212729110677e+00
1.003934444391549441e+00
1.003911168537007237e+00
1.003835472823397357e+00
1.003789689730630208e+00
1.003750703037534553e+00
1.003681199705808158e+00
1.003605179873370723e+00
1.003566526078727650e+00
1.003515765003787807e+00
1.003495123893137775e+00
1.003461512556107937e+00
1.003426053428686737e+00
1.003392997611295412e+00
1.003355625757927472e+00
1.003290070389131206e+00
1.003251014112782391e+00
1.003206900222120002e+00
1.003159371858890481e+00
1.003126009173761046e+00
1.003111379726654651e+00
1.003064935535076474e+00
1.003035023888847466e+00
1.003001921825486420e+00
1.002957541608914704e+00
1.002926753206628829e+00
1.002913160153323213e+00
1.002846332462175027e+00
1.002827962358506353e+00
1.002758676329258636e+00
1.002739163783965992e+00
1.002699880503416185e+00
1.002660517363588966e+00
1.002623589826874273e+00
1.002579810807811889e+00
1.002569328814785221e+00
1.002527210146775483e+00
1.002501876236654876e+00
1.002420339782184477e+00
1.002374485729897069e+00
1.002342985898555083e+00
1.002294251251720558e+00
1.002280873896803426e+00
1.002212004615760543e+00
1.002179726681569294e+00
1.002174547382932657e+00
1.002149543927473019e+00
1.002083568090968990e+00
1.002065945422044413e+00
1.002046876316079915e+00
1.002001879189670985e+00
1.001986267222584992e+00
1.001916337417900316e+00
1.001907628192759692e+00
1.001878288546023121e+00
1.001812568747260990e+00
1.001799541931344573e+00
1.001760723478000159e+00
1.001704522218843874e+00
1.001689322627911549e+00
1.001682000050729604e+00
1.001631267245343571e+00
1.001585557505727975e+00
1.001565958133653789e+00
1.001545704162586370e+00
1.001512521958187296e+00
1.001450891317813507e+00
1.001427798272367831e+00
1.001407987871820726e+00
1.001374730435492078e+00
1.001366701554294414e+00
1.001292138618758543e+00
1.001258004583311934e+00
1.001219592365819144e+00
1.001186054815245141e+00
1.001167727928103490e+00
1.001142338480905059e+00
1.001086845124144364e+00
1.001076937296826452e+00
1.001047550800230113e+00
1.001019441710048419e+00
1.000995002930997080e+00
1.000973286013280283e+00
1.000918066302253662e+00
1.000906908211962154e+00
1.000885526529928349e+00
1.000846146241195944e+00
1.000841288982758703e+00
1.000823005570131263e+00
1.000801907973101645e+00
1.000786945168755881e+00
1.000750534350085985e+00
1.000713897770432848e+00
1.000682232351586265e+00
1.000671858862051788e+00
1.000624120232430192e+00
1.000600288357028189e+00
1.000580454290394217e+00
1.000553698050893114e+00
1.000529499175518922e+00
1.000499970178464704e+00
1.000478676865457439e+00
1.000450140355613193e+00
1.000417277283706108e+00
1.000404171008526966e+00
1.000370990523831827e+00
1.000341790454143398e+00
1.000317999069271657e+00
1.000301119320688770e+00
1.000286638304743736e+00
1.000274103032563700e+00
1.000242194791112649e+00
1.000235538262408630e+00
1.000226685517796588e+00
1.000208628276666456e+00
1.000198344329235489e+00
1.000193626130949420e+00
1.000164503627125612e+00
1.000147890792366878e+00
1.000130550354211945e+00
1.000103576255658266e+00
1.000087972295655714e+00
1.000046932267815825e+00
1.000004827624261017e+00
1.000002150811251100e+00
9.999894729516835001e-01
9.999863051382088530e-01
9.999242779975762163e-01
9.998906657679516030e-01
9.998650911088265980e-01
9.998366984884509145e-01
9.998191821009129177e-01
9.998104335200703741e-01
9.997898011446174626e-01
9.997838128591911566e-01
9.997518776409791696e-01
9.997312207214021917e-01
9.997150404927697132e-01
9.996957905334139527e-01
9.996625869213804361e-01
9.996483147083559118e-01
9.996179633887524174e-01
9.995719144109538323e-01
9.995364453612495259e-01
9.995153214266931929e-01
9.994905763872449223e-01
9.994619623546500131e-01
9.994536069704903491e-01
9.994175646388850920e-01
9.993785628114134623e-01
9.993595907609219564e-01
9.992994657581889539e-01
9.992238015122486550e-01
9.992048160895156128e-01
9.991815381575733790e-01
9.991519620588940054e-01
9.991349335418048261e-01
9.990871514069447068e-01
9.990781874050870259e-01
9.990577904950511678e-01
9.990126178151661485e-01
9.989997661980204446e-01
9.989461396582095531e-01
9.988943043452924719e-01
9.988741330407688856e-01
9.988327796757727750e-01
9.988248981537605209e-01
9.988120242414555428e-01
9.987661587435143762e-01
9.987262369936895645e-01
9.987198453677821330e-01
9.986942204702944359e-01
9.986288613120279933e-01
9.986075126942624003e-01
9.985659272509430640e-01
9.985533902744302415e-01
9.984953420325232143e-01
9.984720924979744172e-01
9.984487666269601380e-01
9.984290616750570724e-01
9.983746354879586837e-01
9.982668230094751127e-01
9.982380825642361843e-01
9.981941548103347994e-01
9.981888269740355479e-01
9.981651331380524406e-01
9.981585944348140282e-01
9.980787076784266576e-01
9.980622405934240771e-01
9.980518190675787826e-01
9.980043091489619878e-01
9.979608268807443894e-01
9.979260369905157413e-01
9.978963125187708672e-01
9.978885738193794541e-01
9.978438782792026229e-01
9.978207390236165653e-01
9.977848606150565569e-01
9.977614373427000638e-01
9.977393335796324036e-01
9.976805898328220401e-01
9.976599861654442680e-01
9.976500230241895917e-01
9.975808263997819614e-01
9.974516082496538427e-01
9.974302568679328518e-01
9.973977279846231170e-01
9.973520879255740601e-01
9.972847653370995324e-01
9.972752825007789035e-01
9.972318621288959184e-01
9.971644112831185014e-01
9.970836577783969146e-01
9.970336103948446160e-01
9.970053402082313943e-01
9.969414100444595750e-01
9.968921901748115655e-01
9.968519522303184166e-01
9.968019408371090462e-01
9.967630577491939370e-01
9.967281670690406603e-01
9.967004907620981013e-01
9.966271227791662080e-01
9.966026434644787990e-01
9.965150824758788328e-01
9.965040236509181693e-01
9.964841208968476804e-01
9.964015071174502358e-01
9.963752008204812549e-01
9.962582257159433574e-01
9.962377366323803551e-01
9.961930624400050505e-01
9.961468867739665667e-01
9.960775409853701579e-01
9.960142821987746364e-01
9.960077083147185206e-01
9.959692337773157211e-01
9.959126361271968264e-01
9.958431343845146611e-01
9.957986889442554945e-01
9.957232556378339261e-01
9.956800790969319026e-01
9.956081619751819822e-01
9.955725698219120012e-01
9.955086526999757934e-01
9.954838622927666414e-01
9.953935816452416097e-01
9.953652538092131463e-01
9.953071919870922768e-01
9.952326024932872661e-01
9.951970486531352966e-01
9.951479350230849619e-01
9.950715599639079478e-01
9.949870058068210898e-01
9.949320099836086451e-01
9.948664491392420484e-01
9.948252851046951450e-01
9.948152317081333518e-01
9.946848817609595939e-01
9.946583801924000490e-01
9.946227854135650803e-01
9.945775185073016944e-01
9.944987560489367828e-01
9.944319008735942322e-01
9.943687144973127889e-01
9.942933447884166887e-01
9.941668772179316216e-01
9.941625444832340452e-01
9.941008792678802664e-01
9.940044791856393891e-01
9.939524216157885617e-01
9.938780985916995103e-01
9.938339814497366698e-01
9.937798401559722050e-01
9.936772451103801362e-01
9.936512560089892920e-01
9.935993339874917840e-01
9.934884941841828354e-01
9.934714162036587526e-01
9.934501315488462048e-01
9.933863891860398310e-01
9.932678082729804458e-01
9.932185818380510067e-01
9.931749913686502840e-01
9.931138697145611705e-01
9.930774630011715010e-01
9.929986772402900064e-01
9.928889073521223185e-01
9.928357934730563938e-01
9.927896777397284822e-01
9.926871593472318400e-01
9.926494386353211796e-01
9.925674217528236420e-01
9.925134218040559952e-01
9.924413349174602272e-01
9.923829247625040040e-01
9.922842942840380820e-01
9.922371605690561980e-01
9.921637682438477768e-01
9.920196615021735775e-01
9.919122575304287759e-01
9.918627954787311296e-01
9.917445942824287819e-01
9.916531478130033994e-01
9.916146304613001616e-01
9.915170518580068704e-01
9.914641098950589537e-01
9.913542339620690091e-01
9.912970864872187038e-01
9.911742572592917577e-01
9.911463928608297280e-01
9.909736461220988168e-01
9.909272291485728967e-01
9.908486062041252929e-01
9.907767462398145986e-01
9.905852708485708424e-01
9.905461626083886806e-01
9.905200671939656809e-01
9.904681016504834901e-01
9.904182778483887617e-01
9.903933553337593843e-01
9.903041730569365209e-01
9.902457841578933273e-01
9.901917095469705554e-01
9.901090205715111781e-01
9.900219008473659654e-01
9.899814350080083925e-01
9.899483628381537947e-01
9.898540610610344626e-01
9.898058989596836277e-01
9.897067784423889680e-01
9.895964183782400836e-01
9.895349610269446039e-01
9.895233874086164505e-01
9.894604752227984523e-01
9.893353026397222472e-01
9.892281572229950637e-01
9.891285118488205574e-01
9.891012507045759961e-01
9.890803230633751220e-01
9.890462873881752381e-01
9.889044105969160281e-01
9.888947575718526339e-01
9.887991770753635778e-01
9.887394890853985485e-01
9.886499248818916286e-01
9.885700656405675968e-01
9.884826710969535357e-01
9.883079415659237199e-01
9.881817477366077185e-01
9.881365952614976633e-01
9.881217953422489764e-01
9.880605740048633567e-01
9.880061115716445297e-01
9.878582104863088409e-01
9.878247168212342944e-01
9.877043588711003075e-01
9.876207817603926964e-01
9.875432204503643563e-01
9.874973629690512178e-01
9.874712539431969027e-01
9.871968706327780563e-01
9.871457886654813052e-01
9.870816548390192180e-01
9.869777404192182635e-01
9.869439891240995300e-01
9.868648917326001690e-01
9.867389699605707554e-01
9.865437578721820699e-01
9.864215371925343367e-01
9.863399559250488613e-01
9.861900498243505453e-01
9.860099529582877498e-01
9.859373983010413234e-01
9.858120422944021133e-01
9.857230985067341189e-01
9.856748569943879490e-01
9.855522985815603487e-01
9.854520080279813854e-01
9.853663709490825262e-01
9.853231334492201787e-01
9.851218601952208553e-01
9.848847161392976224e-01
9.847177635726356293e-01
9.846437473681958208e-01
9.844455766124218243e-01
9.843208449355581591e-01
9.842612044509347902e-01
9.841657677649117142e-01
9.841277169826350146e-01
9.840572661934181564e-01
9.839867748676682790e-01
9.839175255929447639e-01
9.838178109377002656e-01
9.838017237026394080e-01
9.837698882777355935e-01
9.835757487942684563e-01
9.833638762032816949e-01
9.833051485354211696e-01
9.832756460290124068e-01
9.831417625549746520e-01
9.830849860120102202e-01
9.830240849113179857e-01
9.829026500607394023e-01
9.828418083860492871e-01
9.827077611413174152e-01
9.826179543135480365e-01
9.825443982664646692e-01
9.822795337717736830e-01
9.821508494259563182e-01
9.820809593320318776e-01
9.819893520852958080e-01
9.819448184828273307e-01
9.818489512986720014e-01
9.818090695182639660e-01
9.816747007166628514e-01
9.815375626506188667e-01
9.813904919607989719e-01
9.813520821137774464e-01
9.813016666485487871e-01
9.810072839880109585e-01
9.808813799306705938e-01
9.807279192368233423e-01
9.806125410681177934e-01
9.805171155160520291e-01
9.804363390829738956e-01
9.803458256878369026e-01
9.802140169043535023e-01
9.801482375443907324e-01
9.800136963066254925e-01
9.799143766906962538e-01
9.796651757007356354e-01
9.794940841586636804e-01
9.794065391069106674e-01
9.793520885688011823e-01
9.791232912149945289e-01
9.790185091967557041e-01
9.788566792378202708e-01
9.786889967876197804e-01
9.786195886913816588e-01
9.784537143223165367e-01
9.782507874937059755e-01
9.781945099969060475e-01
9.780086356134017889e-01
9.779138972848976374e-01
9.778399354255684628e-01
9.777255687392244488e-01
9.776475399137536382e-01
9.775347509192667816e-01
9.774133735157812808e-01
9.772146593876235299e-01
9.769958733398269590e-01
9.768302590308767241e-01
9.766451263331986654e-01
9.765520744640076023e-01
9.764397312648188665e-01
9.761010259170409542e-01
9.759289174557307378e-01
9.758793446503696289e-01
9.757566107531407962e-01
9.756583634795141791e-01
9.755181240167685175e-01
9.752030270008770207e-01
9.750856218386633190e-01
9.750163953720943910e-01
9.748986405838937497e-01
9.747006483099797114e-01
9.745283523628042177e-01
9.743456901818502436e-01
9.740862373267019647e-01
9.740018878193924534e-01
9.739151431246038104e-01
9.738169296029025590e-01
9.736988524605191264e-01
9.735637486876749236e-01
9.733374649475331486e-01
9.729959013160476289e-01
9.728822420423228756e-01
9.726543921305179641e-01
9.726239134742428183e-01
9.725867744546337068e-01
9.724154558024398209e-01
9.723887282841950919e-01
9.723031185678848720e-01
9.722538984202057089e-01
9.721342032188550197e-01
9.717479320920510144e-01
9.716549539346804876e-01
9.716224784747442555e-01
9.714972544132411958e-01
9.711755505738547400e-01
9.707639121260575044e-01
9.706301997895590006e-01
9.703094930374460692e-01
9.702163832998115245e-01
9.699940265446452825e-01
9.697326733374387331e-01
9.695588171435188807e-01
9.693319306619527786e-01
9.691303437743039595e-01
9.690531389431841225e-01
9.690253411793667837e-01
9.688198200070622379e-01
9.685401469073958713e-01
9.682994914579502455e-01
9.677938231455445184e-01
9.677086907041643205e-01
9.675970904266587569e-01
9.674607302953348587e-01
9.669272215210830135e-01
9.668243454096606682e-01
9.663413137114196250e-01
9.662077901421868287e-01
9.660720541429961283e-01
9.659312268107385080e-01
9.655928138559487506e-01
9.655182604898399079e-01
9.652870929525197985e-01
9.651868022774364730e-01
9.650980696143868220e-01
9.649938049760614645e-01
9.647905380690314781e-01
9.647568783276634363e-01
9.644780353106338078e-01
9.642435737442467403e-01
9.638803846848016388e-01
9.634177150098879316e-01
9.633650417622329210e-01
9.631717233895171759e-01
9.630003920598250167e-01
9.628048898504426578e-01
9.626084139183218591e-01
9.625309643952333349e-01
9.622299850029828461e-01
9.617740712453728413e-01
9.615448092787192147e-01
9.612164415790721561e-01
9.604101578486224922e-01
9.602327429555990168e-01
9.601001028975598706e-01
9.599080565214643812e-01
9.596809529391530091e-01
9.595460589815943964e-01
9.589467635708386339e-01
9.587541991540016184e-01
9.587187816172414445e-01
9.582584639398613602e-01
9.579514700968440044e-01
9.576271292303196736e-01
9.571001102995735366e-01
9.569827773063326326e-01
9.568808119721620153e-01
9.567116625325543522e-01
9.559567553564982667e-01
9.555431534785926440e-01
9.554439069074781576e-01
9.549315875873951587e-01
9.546837506717891220e-01
9.545387149673533189e-01
9.532777079354204375e-01
9.530827379344569694e-01
9.527162724059327070e-01
9.522787608621497979e-01
9.520986873022622143e-01
9.519852446545800095e-01
9.516554706357301940e-01
9.513360993910496832e-01
9.511289215559850518e-01
9.498659112842214869e-01
9.497780434560094687e-01
9.494921596504822814e-01
9.493807902267744625e-01
9.489550189634184951e-01
9.487426881679599244e-01
9.468386746422297051e-01
9.467427269205516138e-01
9.466053854534538514e-01
9.464647799830487873e-01
9.454437135350661769e-01
9.450361717323131350e-01
9.449156601388777332e-01
9.444441448302915987e-01
9.435355907029757683e-01
9.433744168238105132e-01
9.431064653368258499e-01
9.425059147140010252e-01
9.422269971768055807e-01
9.418902612712668487e-01
9.418428845596661381e-01
9.415923530255574381e-01
9.405873354841413070e-01
9.403716741424893444e-01
9.398503505972691796e-01
9.396367130688244584e-01
9.394927559671569783e-01
9.391589386308165643e-01
9.384270608407726533e-01
9.377847017139844255e-01
9.369954498670153287e-01
9.367818648515066071e-01
9.359452186196980383e-01
9.356073735238811251e-01
9.341280659273701881e-01
9.339808153285157344e-01
9.330971997426720232e-01
9.326750865508685040e-01
9.324448378351929412e-01
9.318167952103969531e-01
9.316381826320289106e-01
9.312895654110456833e-01
9.308938395795097742e-01
9.302048038836276955e-01
9.289961945520714970e-01
9.287605761194754894e-01
9.277963599543695983e-01
9.273667581142970295e-01
9.260495605984012668e-01
9.254561134729979432e-01
9.251604473098247183e-01
9.249529908346586504e-01
9.245585273403791327e-01
9.245078034324675231e-01
9.239419502326577938e-01
9.236224925835583299e-01
9.231597646879634578e-01
9.212657308538162448e-01
9.206713109699806719e-01
9.204168734905771032e-01
9.193639177346651925e-01
9.192367605385156626e-01
9.182957926573678265e-01
9.181028090117202556e-01
9.179016872402524507e-01
9.173080729704150560e-01
9.164466450920081275e-01
9.159616320804796485e-01
9.153199433372734006e-01
9.129575088359900281e-01
9.128839547331676352e-01
9.123319582101326874e-01
9.121995648983035609e-01
9.119538889856080299e-01
9.101631948381337933e-01
9.092724565878620435e-01
9.086135566580216816e-01
9.079832048543136080e-01
9.079381700651294462e-01
9.062417600173915400e-01
9.055085899551984507e-01
9.054972756039245674e-01
9.041959443301146315e-01
9.040129731707154948e-01
9.035261368879985433e-01
9.030464667870695683e-01
9.017599330123236001e-01
9.014921785044720526e-01
9.011123156452960359e-01
8.998988859139461782e-01
8.994405291230999078e-01
8.984701504504595260e-01
8.970369628054948308e-01
8.965891753997972113e-01
8.947785478882535060e-01
8.939182656437688612e-01
8.931083846274340265e-01
8.923985663040160388e-01
8.914391117079356608e-01
8.913018920923220234e-01
8.901050227224887035e-01
8.884188095702277854e-01
8.874539188645822474e-01
8.852215193538612859e-01
8.811661540710251650e-01
8.804513446544435240e-01
8.799059426891724378e-01
8.797261414351166264e-01
8.786867809187992595e-01
8.781922170363581914e-01
8.751452754900792552e-01
8.730564588204097198e-01
8.728750082039949953e-01
8.712878478452856790e-01
8.703332340886789087e-01
8.700706851001220876e-01
8.700138211861870863e-01
8.648099784075653496e-01
8.602932975956137929e-01
8.588107144672199045e-01
8.572237902297251688e-01
8.568351075328456412e-01
8.553361919912820799e-01
8.537919406492565644e-01
8.520854595324161007e-01
8.486909779699751688e-01
8.465400937119487157e-01
8.427635737712461106e-01
8.425036561910805855e-01
8.395169449153050412e-01
8.386036038926256708e-01
8.375945033418014107e-01
8.373418453728022071e-01
8.355772345438894355e-01
8.334120183107245339e-01
8.308047052732668858e-01
8.296034789101921492e-01
8.290955417611214351e-01
8.271443486484473251e-01
8.270238054811437367e-01
8.259983561719913547e-01
8.245972696051392381e-01
8.237838963871875197e-01
8.224802599080535126e-01
8.181743641338694584e-01
8.162451644825698960e-01
8.127654377489641480e-01
8.106731554835236997e-01
8.021457641346250167e-01
7.998243621986610430e-01
7.943405207118999778e-01
7.938817349751633445e-01
7.914107325150067096e-01
7.909128980309935164e-01
7.857431031499010343e-01
7.848495606894186905e-01
7.814485910599093810e-01
7.710225477399645921e-01
7.670988392757396301e-01
7.644597140404536528e-01
7.627707597135635620e-01
7.603528233776464251e-01
7.566186221580470939e-01
7.558059544612195646e-01
7.484132508289347285e-01
7.475040286851114546e-01
7.465141285653678072e-01
7.433271545438714378e-01
7.382077456891668055e-01
7.285290571904905477e-01
7.221776610254342366e-01
7.221128165279750988e-01
7.203532651435549106e-01
7.188518835057750023e-01
7.045865553563687156e-01
7.041212481813502455e-01
7.033876844161426334e-01
6.950764694739854921e-01
6.826609972989728936e-01
6.441623413506123441e-01
6.229594040127077736e-01
6.187750786853819518e-01
5.855378571712346325e-01
5.827172409910269524e-01
4.673637107453696982e-01
