3.975740096190500061e+00
3.355007703898968519e+00
3.004399921664015150e+00
2.935248317902326320e+00
2.895924244162271677e+00
2.883976616081408206e+00
2.877419828596125662e+00
2.866407102093132320e+00
2.796457786597612127e+00
2.675081907916249335e+00
2.633972054401442442e+00
2.629080169130515010e+00
2.582746379237523371e+00
2.568210147228538354e+00
2.540243734011381704e+00
2.523599243000747450e+00
2.425880114822295486e+00
2.421038339825189123e+00
2.414481836519317692e+00
2.377762393624347048e+00
2.341685878189294190e+00
2.296632311741988453e+00
2.286888430842542785e+00
2.257127968632381076e+00
2.244381387358300284e+00
2.226398523221654102e+00
2.214359543113880502e+00
2.206737737291451396e+00
2.193653124394707721e+00
2.165664334465006391e+00
2.163484011093258719e+00
2.138745379858676632e+00
2.133877190900713483e+00
2.114363766579682835e+00
2.104995986169953426e+00
2.075815791889280337e+00
2.067557072656364348e+00
2.028659067889298395e+00
2.021539267136686302e+00
2.013231235742635850e+00
2.008314493224609976e+00
2.008256497538247753e+00
1.992716417009257945e+00
1.984995498701463967e+00
1.970961681445813740e+00
1.956238414826941829e+00
1.935006434754128701e+00
1.924526876704430123e+00
1.922813758066069800e+00
1.922182362544834433e+00
1.909438324471401272e+00
1.900975934016956748e+00
1.895521022400171285e+00
1.883088413934183025e+00
1.873801191702380242e+00
1.866322804376898237e+00
1.862133438517353357e+00
1.852367402057986112e+00
1.849765828735738804e+00
1.839686915147482393e+00
1.838138733402811420e+00
1.828048042670540330e+00
1.827264901198847769e+00
1.816708723722161967e+00
1.806265300390594852e+00
1.797031135572486837e+00
1.789587261918956784e+00
1.789116151253920206e+00
1.785041675783417547e+00
1.782267233647155891e+00
1.770765363417415639e+00
1.763118299885853224e+00
1.756140465786341087e+00
1.748695803799238391e+00
1.742959200376425377e+00
1.734561354971796421e+00
1.730118105128543027e+00
1.723033690221082992e+00
1.718830919858532091e+00
1.716628206248726363e+00
1.711142067911106679e+00
1.704293536306667356e+00
1.702847051378990173e+00
1.698898581949740860e+00
1.690240822274394317e+00
1.689760088862819698e+00
1.684430657742859383e+00
1.683165106009206768e+00
1.676646089621031566e+00
1.674487334075740019e+00
1.666289078346963715e+00
1.663904922456135749e+00
1.644806865137338425e+00
1.642943463700138107e+00
1.642539728809480737e+00
1.636349691159030506e+00
1.634313380157901729e+00
1.630902479704941399e+00
1.627657799496778690e+00
1.624428935756067505e+00
1.623482474201060732e+00
1.615792641457389323e+00
1.612472946424331921e+00
1.608526473936659817e+00
1.606906333326901137e+00
1.606422919969495267e+00
1.600815184668259006e+00
1.598826853907642231e+00
1.589252627668628071e+00
1.586183622014889716e+00
1.583723792869659475e+00
1.581368980074371988e+00
1.579604003823118052e+00
1.578544656952465486e+00
1.573585912507354134e+00
1.571490565917751381e+00
1.570819460908070786e+00
1.566066213341582136e+00
1.563786491536518497e+00
1.561370638072547390e+00
1.556907296952619424e+00
1.551591782250104190e+00
1.548710624862434493e+00
1.546401414473788982e+00
1.540240442425863776e+00
1.538531198877668871e+00
1.535587416785997528e+00
1.534526818546915639e+00
1.528690671704175497e+00
1.528171394900201152e+00
1.527470378210498581e+00
1.526588634730683403e+00
1.517966229412103907e+00
1.515347879069392611e+00
1.506431927086149480e+00
1.503324433778176594e+00
1.502818753465662960e+00
1.501151463001699993e+00
1.498326520266952455e+00
1.492276305717526341e+00
1.491384140806827574e+00
1.490535769045543857e+00
1.488924098680106889e+00
1.487025180038912264e+00
1.482802542786319844e+00
1.482061817953925109e+00
1.477995691268870093e+00
1.475886308289338311e+00
1.474324039193491531e+00
1.470172417338501569e+00
1.469444646771281615e+00
1.464764499517838603e+00
1.461925540711509486e+00
1.458241287345462878e+00
1.456972317160482033e+00
1.454256682484496910e+00
1.454100604229303206e+00
1.448812068841771605e+00
1.447901631855792459e+00
1.446370313299148114e+00
1.445320959817625317e+00
1.444782552994826608e+00
1.443265764342547497e+00
1.440455218191687425e+00
1.439720205633197914e+00
1.439175238321465322e+00
1.436802002697538549e+00
1.436604353581014015e+00
1.435538878931961193e+00
1.434607516398477278e+00
1.432903560318939951e+00
1.431015723081184632e+00
1.429877242848798025e+00
1.429040887579050123e+00
1.423321884930676795e+00
1.421472061280116828e+00
1.419651141905372116e+00
1.417246259544601594e+00
1.415839440996325749e+00
1.414672957947285648e+00
1.413579425980373561e+00
1.412399380895303924e+00
1.409141771772471019e+00
1.407997516222570411e+00
1.406888321281243304e+00
1.406149777753001207e+00
1.404628302833665465e+00
1.403443606510796027e+00
1.402087829228856775e+00
1.400287003939264530e+00
1.398774058646983010e+00
1.397841063044953147e+00
1.395651351008717178e+00
1.390627610637178879e+00
1.388929456904429482e+00
1.388265416895458015e+00
1.387346324705344802e+00
1.384868501310784206e+00
1.383034562660288680e+00
1.380629421525567224e+00
1.379146120369550532e+00
1.378418835101787865e+00
1.375858120341935553e+00
1.373426624204951318e+00
1.372028294022194617e+00
1.370752386778362419e+00
1.369474404795374856e+00
1.367201943843201928e+00
1.366705972763697874e+00
1.366237005695641216e+00
1.364223774781552212e+00
1.363739067688738649e+00
1.362751690439974572e+00
1.361087674319911844e+00
1.359634913432917092e+00
1.357182413051335468e+00
1.356239855066976530e+00
1.354904484885376847e+00
1.351217903064698689e+00
1.350336563804101386e+00
1.350186671028855256e+00
1.348321370610786607e+00
1.345981527304474623e+00
1.345496580026271927e+00
1.344506164628869849e+00
1.343750265401486343e+00
1.341697551912362174e+00
1.340831393638398206e+00
1.340446251345436268e+00
1.338393540891986255e+00
1.337828480708343815e+00
1.336050070006875368e+00
1.334540442846139374e+00
1.332941267164525545e+00
1.331183692303435029e+00
1.330853627797587757e+00
1.330249457068666263e+00
1.329431476889787911e+00
1.322091241269468975e+00
1.321577998966486422e+00
1.319810971003244182e+00
1.318399028392464922e+00
1.317357600890164848e+00
1.315820480119270774e+00
1.314155275822033397e+00
1.313412136581879830e+00
1.313269427118881838e+00
1.312217091222414034e+00
1.311213922947185972e+00
1.310947077589631027e+00
1.309979363278614528e+00
1.307799983185139459e+00
1.306380741791272726e+00
1.305476490581066962e+00
1.304735293269706498e+00
1.301948829750141146e+00
1.301307320210669749e+00
1.300662591004649871e+00
1.300082141357699728e+00
1.298741777079719162e+00
1.297619545472552538e+00
1.296294834617166103e+00
1.294686087358113191e+00
1.294335148122166990e+00
1.291928789397441601e+00
1.291616336027698209e+00
1.291379223318720015e+00
1.288783177578771255e+00
1.287405582664823189e+00
1.286833384805634362e+00
1.286086715521496782e+00
1.285055570341290698e+00
1.284293827891720863e+00
1.283143364643186901e+00
1.282311667770131169e+00
1.281358702173398312e+00
1.280830720682873736e+00
1.277252237353574182e+00
1.276113754835687786e+00
1.274305535126979638e+00
1.272793482495258921e+00
1.271757839323507611e+00
1.270918809810378969e+00
1.269391455932501023e+00
1.268598654885650268e+00
1.267882698818618481e+00
1.267059641992967167e+00
1.266258607138058379e+00
1.265699978020640382e+00
1.265499169685806891e+00
1.263687662177094273e+00
1.263176310481340936e+00
1.262515213045713791e+00
1.261046030755225811e+00
1.260642841251360613e+00
1.259806966026473685e+00
1.258607337325917674e+00
1.258019676710984802e+00
1.257329659709636616e+00
1.256435382754189867e+00
1.256034558642340926e+00
1.255873067991546632e+00
1.254946397521508494e+00
1.254503812576284183e+00
1.251438526161068765e+00
1.250794867664692056e+00
1.249173412972064412e+00
1.248968667579652081e+00
1.248441629535705477e+00
1.248408120690696954e+00
1.248072176009760170e+00
1.247377695245472040e+00
1.247027805880609908e+00
1.246212329877830038e+00
1.244948110362103177e+00
1.244358422345865245e+00
1.243596107929439976e+00
1.242382474069491094e+00
1.241520954913989838e+00
1.240856181451875040e+00
1.240199627128509396e+00
1.239285474973958356e+00
1.238381886715842262e+00
1.236483474878411259e+00
1.236172828689817704e+00
1.235958614029240010e+00
1.235288409788781072e+00
1.234503663657833705e+00
1.232878470054278308e+00
1.232022873178788114e+00
1.231611870680043186e+00
1.231084645973117508e+00
1.230540110808588716e+00
1.229318077860591440e+00
1.228099439766725531e+00
1.227693532713893809e+00
1.226840021708061723e+00
1.226242039767935443e+00
1.224285196494041994e+00
1.223727539055571301e+00
1.222568885006046768e+00
1.222369120800071096e+00
1.219744221726644096e+00
1.219376884346992096e+00
1.218648300882420710e+00
1.218372871145240621e+00
1.217760494902147883e+00
1.216447354373000334e+00
1.216123295638125157e+00
1.215564819288576182e+00
1.213707093942249626e+00
1.212056369844400017e+00
1.211958376064965703e+00
1.210667607148232960e+00
1.210302701656206903e+00
1.208502289916135730e+00
1.208155194995442550e+00
1.207681949644313857e+00
1.206862587990980673e+00
1.205715195079429369e+00
1.205438354553696856e+00
1.204393940322014300e+00
1.204306374675223834e+00
1.204193446816066215e+00
1.203193107910851767e+00
1.202603712068945452e+00
1.201508780242199981e+00
1.200607375338858196e+00
1.200545341649528863e+00
1.200025841372834634e+00
1.199155096206025117e+00
1.198429011994164295e+00
1.197673518608900922e+00
1.197122425203709595e+00
1.196835637033095701e+00
1.196377049060416420e+00
1.194865966950810821e+00
1.194646604468476481e+00
1.194309617437898652e+00
1.193200054753767558e+00
1.191751387248962013e+00
1.189827478758312074e+00
1.188287507054462955e+00
1.188116188045122312e+00
1.187281658141677854e+00
1.186796174938568704e+00
1.186301266666990761e+00
1.185923805340227899e+00
1.185145380008803206e+00
1.184724511274587222e+00
1.183476563492129596e+00
1.182425227635359954e+00
1.181102121141707428e+00
1.180611054395779735e+00
1.179802031701955745e+00
1.178826517535685348e+00
1.177486434410033755e+00
1.176726431403625428e+00
1.176048632891401935e+00
1.175569853782767904e+00
1.175137840238772213e+00
1.174813469070592031e+00
1.174475230542529225e+00
1.173554569115972557e+00
1.172845466040745466e+00
1.172454445269645706e+00
1.171258657210924259e+00
1.170845846511130439e+00
1.170206103325057478e+00
1.169860101709936373e+00
1.169199957792179889e+00
1.168614734148017753e+00
1.168045736917249000e+00
1.166909296202290003e+00
1.166710564918867155e+00
1.166067261743641836e+00
1.165291947532143269e+00
1.165149674001059177e+00
1.164776960171975073e+00
1.164112139046895367e+00
1.163931257324585911e+00
1.162903511717547023e+00
1.162358184717203313e+00
1.161917967117146233e+00
1.161603956949691874e+00
1.161204911434834619e+00
1.160570456953497587e+00
1.159917111246528076e+00
1.158896799169927050e+00
1.157733032534159934e+00
1.157681241504832759e+00
1.156751032630640275e+00
1.156633487145828143e+00
1.155992312350652584e+00
1.155635563969130697e+00
1.154731707883441594e+00
1.153852463811185336e+00
1.153491484953117485e+00
1.152474671319914767e+00
1.152323138439363293e+00
1.151965400313112786e+00
1.151369440031407620e+00
1.150744733320750779e+00
1.150356478276680861e+00
1.149717432362478142e+00
1.149328017406983315e+00
1.148467808173390114e+00
1.147950892260159561e+00
1.147340485834389856e+00
1.146234130643607019e+00
1.144806986780792624e+00
1.144532784015634297e+00
1.143883547464964012e+00
1.143349371314998919e+00
1.142434714411975749e+00
1.141721362087242619e+00
1.140945540567053884e+00
1.140449749596165407e+00
1.139074314142265676e+00
1.138581854455503972e+00
1.138269316165033018e+00
1.138170079434301263e+00
1.137294306546696498e+00
1.135770631944913012e+00
1.135487138497300208e+00
1.135027741608755747e+00
1.134818528610103350e+00
1.133702876909316037e+00
1.132882973062665721e+00
1.132436996504303517e+00
1.132250194882335581e+00
1.131686195904990866e+00
1.131359751407295056e+00
1.130524826245575376e+00
1.130375179560539234e+00
1.129746829364300265e+00
1.128906493421037327e+00
1.128165304716674422e+00
1.127780851032425202e+00
1.127189349465014923e+00
1.127079348571791373e+00
1.126281417966204845e+00
1.126079574125851357e+00
1.124191216562399287e+00
1.123975962297225406e+00
1.123614333930205600e+00
1.123452328382900323e+00
1.122970564205924227e+00
1.122102245038040458e+00
1.121971833845802458e+00
1.121322006108220970e+00
1.120552672699688168e+00
1.120054721054623892e+00
1.119838400226543129e+00
1.119035879131185629e+00
1.118621740995280112e+00
1.117912311666302561e+00
1.117355309479623582e+00
1.115584811021255618e+00
1.115461232967927430e+00
1.114713018242194043e+00
1.114005825497960789e+00
1.113226167912883646e+00
1.113055257030357348e+00
1.112126629770304298e+00
1.110949880448429017e+00
1.110406168968210761e+00
1.109330215772630801e+00
1.108811615344885038e+00
1.108747705754995039e+00
1.107991730143896403e+00
1.107726238502770633e+00
1.107569988208116252e+00
1.106863268518693877e+00
1.106330312987831022e+00
1.105953835249588790e+00
1.105456946304754995e+00
1.104397540150134027e+00
1.103835085526555071e+00
1.103316779937098868e+00
1.102711913252919729e+00
1.102193389264660706e+00
1.101663400922048952e+00
1.101543012256502641e+00
1.101179200806410075e+00
1.100684416228655982e+00
1.100326746030886538e+00
1.099975012405674857e+00
1.099366811150447099e+00
1.098949125619498535e+00
1.098507332722298724e+00
1.098320407309943514e+00
1.097655988018297446e+00
1.097434874925005577e+00
1.096661156950437865e+00
1.096434802653736051e+00
1.095569406547891811e+00
1.095309068049865164e+00
1.095051055510744220e+00
1.094510484001339545e+00
1.093513982116950833e+00
1.092158442225400261e+00
1.091485239702292498e+00
1.091461441580775960e+00
1.090917811377164259e+00
1.090725239174098915e+00
1.090658114121379807e+00
1.090354718606470374e+00
1.089380197473613698e+00
1.088701565122064174e+00
1.088306594897529456e+00
1.087407391933481016e+00
1.087127498407548742e+00
1.086712891720593044e+00
1.086006665672786697e+00
1.085395238206908086e+00
1.084911512189156158e+00
1.084274015047355766e+00
1.084124852202913436e+00
1.083543017795529639e+00
1.083276863967823189e+00
1.083086312216084091e+00
1.082345251588885837e+00
1.081731334268544842e+00
1.081673608742097503e+00
1.080740478944253180e+00
1.080471846217605947e+00
1.080039817895329879e+00
1.079260319129729639e+00
1.078526740009424056e+00
1.078451598648046073e+00
1.078173111978738108e+00
1.077349411806330259e+00
1.076903766653100503e+00
1.076534429080573174e+00
1.076168814533828177e+00
1.075895411003954250e+00
1.075601036931716603e+00
1.075280093744202414e+00
1.074608326007627346e+00
1.074212147282197272e+00
1.073493894498731560e+00
1.072928307408597126e+00
1.072654074242386457e+00
1.072237766664693170e+00
1.072141681282544612e+00
1.072026196906668671e+00
1.071504148327216743e+00
1.071350688924750161e+00
1.071070942782691438e+00
1.070565136792114513e+00
1.070260681788768098e+00
1.070113716427046890e+00
1.069682966484760689e+00
1.069338405836931072e+00
1.069017358465361056e+00
1.067542375129820753e+00
1.067447192399777700e+00
1.066956886166267049e+00
1.066853245516152349e+00
1.066592478620811191e+00
1.066124922751521042e+00
1.065961393024826398e+00
1.065794355201823418e+00
1.065280103435313208e+00
1.065016165407283610e+00
1.064336103636811304e+00
1.064049674904959719e+00
1.063764301223706132e+00
1.063034931517399029e+00
1.062727454499512447e+00
1.062652534051504727e+00
1.062492453483552923e+00
1.062007445402519235e+00
1.061773767366212651e+00
1.061402890165382917e+00
1.060968704569172028e+00
1.060680156335848112e+00
1.060584066838129225e+00
1.060046872345680402e+00
1.059668706395633597e+00
1.059240723302951714e+00
1.058899540288432917e+00
1.058461759130737478e+00
1.058223194568926884e+00
1.058173325960960032e+00
1.057925623438190854e+00
1.057255865480087875e+00
1.056753566171358294e+00
1.056437927744781291e+00
1.056204949280882266e+00
1.056079308933974614e+00
1.055269199135621117e+00
1.055064116374421879e+00
1.054564205896207252e+00
1.054246813215706347e+00
1.053557878522678237e+00
1.052885463683540301e+00
1.052444775056611048e+00
1.052127439876391124e+00
1.051317012688528951e+00
1.050969100385929167e+00
1.050861988560915172e+00
1.050560477225177314e+00
1.050360466856892216e+00
1.050021347283078610e+00
1.049779853914583283e+00
1.049720995578421245e+00
1.049352395185100706e+00
1.048302019775763982e+00
1.047897644134174078e+00
1.047413414906282814e+00
1.047345728080192995e+00
1.047050721487799319e+00
1.046854206883858440e+00
1.045868064691420907e+00
1.045794405452510123e+00
1.045489445475360046e+00
1.045187578263491401e+00
1.044918323921799619e+00
1.044560494532342121e+00
1.044464176591185733e+00
1.044239233112098875e+00
1.043793300326933737e+00
1.043291356147763471e+00
1.043146271984952023e+00
1.042731084177416445e+00
1.042493672296979312e+00
1.041934687901490131e+00
1.041504983580910038e+00
1.041333796097168696e+00
1.041057392467862330e+00
1.040612456966408139e+00
1.040249962802746175e+00
1.040157918296314099e+00
1.039657582217828447e+00
1.039322248545390126e+00
1.039069571984654772e+00
1.038859818652924538e+00
1.038650252436334576e+00
1.038420491145470193e+00
1.038348026651953360e+00
1.037845690315498670e+00
1.037560154127440182e+00
1.037407931068564437e+00
1.037120850833517904e+00
1.036868763586828557e+00
1.036611312878704450e+00
1.036023359336714300e+00
1.035963925575465128e+00
1.035805022959201294e+00
1.035425107232882391e+00
1.034848755881497606e+00
1.034655222702536959e+00
1.034512071786813925e+00
1.034002096205950849e+00
1.033898477723492082e+00
1.033445109442787224e+00
1.032984842793737812e+00
1.032700697778663246e+00
1.032568721628565500e+00
1.032246821339981135e+00
1.031819703097810015e+00
1.031589637541974858e+00
1.031122404849920793e+00
1.031074049076869281e+00
1.030555804030994116e+00
1.029920830229533957e+00
1.029872801707288232e+00
1.029416424483720727e+00
1.029267779082025269e+00
1.029192857020668539e+00
1.028672210772597406e+00
1.028563510743018217e+00
1.028268635952484855e+00
1.028026175630147865e+00
1.027443023641994246e+00
1.027299396537316278e+00
1.026948620430804260e+00
1.026456188264921909e+00
1.026256326092990001e+00
1.025854721951379611e+00
1.025767138443333781e+00
1.025597155318756171e+00
1.025209576043144333e+00
1.025057415874916167e+00
1.024913646039576909e+00
1.024498451045530611e+00
1.024262422610053180e+00
1.024126116079621784e+00
1.023787813091987520e+00
1.023280053208669882e+00
1.022757049930850703e+00
1.022598819746612042e+00
1.022478594212478331e+00
1.022269844092616120e+00
1.021777328508729266e+00
1.021645633692488619e+00
1.021266020381176309e+00
1.020805986683672950e+00
1.020561496286620962e+00
1.020271971802715782e+00
1.020000118202753603e+00
1.019806424675677281e+00
1.019734856857164029e+00
1.019624524950830891e+00
1.019158811104324602e+00
1.018576134295280156e+00
1.018290059394803215e+00
1.018204892131118200e+00
1.017808040823289017e+00
1.017646608344640935e+00
1.017537581337855324e+00
1.017331482483302851e+00
1.017174547001272966e+00
1.017048443125697421e+00
1.016649845931538287e+00
1.016422846039196637e+00
1.016335220061054478e+00
1.015692457542086480e+00
1.015385891562451404e+00
1.015331194650869184e+00
1.015124950198547538e+00
1.014648162778595486e+00
1.014108718207125337e+00
1.013780787806356276e+00
1.013639212953613811e+00
1.013361406355159033e+00
1.013046964497442692e+00
1.012968451384225643e+00
1.012707343991963826e+00
1.012402420293785354e+00
1.012322722050894575e+00
1.012144265271555321e+00
1.011901857666619442e+00
1.011679359573633530e+00
1.011641601971484894e+00
1.011450273099242292e+00
1.011395129807271420e+00
1.011325307722313216e+00
1.011003945432001672e+00
1.010915541140839924e+00
1.010697889849345943e+00
1.010581480861770576e+00
1.010304808491601980e+00
1.010071685436182864e+00
1.009908006301154737e+00
1.009834809043046899e+00
1.009575084552702284e+00
1.009341533167303906e+00
1.009208573889340155e+00
1.008844536970621153e+00
1.008610449250146868e+00
1.008489371902947074e+00
1.008079732505855697e+00
1.007877247653568453e+00
1.007808856987481239e+00
1.007388098212024907e+00
1.007097070833390839e+00
1.006947523155828028e+00
1.006847515363850532e+00
1.006738254096163132e+00
1.006573248118247887e+00
1.006440554594770775e+00
1.006225153819387819e+00
1.006141466078300795e+00
1.005880109690484581e+00
1.005811711614720050e+00
1.005557487160479768e+00
1.005531474179762075e+00
1.005259351980948512e+00
1.005204820561839796e+00
1.005083932030857552e+00
1.004980155735901937e+00
1.004848369087429694e+00
1.004678790036269476e+00
1.004548060323764425e+00
1.004272574864278234e+00
1.004064644459875089e+00
1.004029153771397453e+00
1.003874386243275740e+00
1.003811028312398212e+00
1.003687852604205677e+00
1.003469480346929288e+00
1.003376754475867161e+00
1.003109314814734088e+00
1.002951337599138126e+00
1.002595615268215612e+00
1.002403707506497765e+00
1.002347657423122040e+00
1.002228950184166578e+00
1.002134179503423095e+00
1.001904867255429377e+00
1.001769611892156409e+00
1.001659574246642315e+00
1.001481695549584661e+00
1.001258855795804648e+00
1.001070260581646165e+00
1.001001731552516594e+00
1.000907859639809772e+00
1.000777248865161173e+00
1.000605027962982119e+00
1.000554458726308660e+00
1.000409593154960586e+00
1.000258229916769936e+00
1.000103443735999242e+00
9.998691584840314617e-01
9.998025765501521445e-01
9.995530863414291423e-01
9.993369775091517360e-01
9.992278180397049514e-01
9.991465443234950339e-01
9.991011828347949875e-01
9.989801101882721523e-01
9.988968069195536259e-01
9.987415872229592484e-01
9.986013166897849125e-01
9.985461176374491599e-01
9.983971275695883163e-01
9.983818347203466947e-01
9.978737286465383383e-01
9.978073260494537688e-01
9.976410708776484171e-01
9.974892299397278839e-01
9.971757911832261900e-01
9.967299495739347925e-01
9.966037252746686725e-01
9.964278743661487692e-01
9.963335319857140604e-01
9.962320896455014729e-01
9.960573345697643077e-01
9.959438729172799265e-01
9.957162469604932120e-01
9.955774769933460888e-01
9.952689882291522183e-01
9.950317417918965734e-01
9.946655571092436476e-01
9.945189656938748790e-01
9.944983658215006406e-01
9.943123891217658938e-01
9.942345857454256697e-01
9.941568007180139332e-01
9.940148136603624840e-01
9.936934172179949787e-01
9.934894309128963208e-01
9.933900862511019225e-01
9.932935499208306318e-01
9.927991898085509748e-01
9.925947543597636313e-01
9.924959041387038106e-01
9.922946884014853808e-01
9.919076868148050119e-01
9.918310070855140825e-01
9.916440470840799382e-01
9.911139909855660735e-01
9.908965126541235957e-01
9.906572109585664032e-01
9.901083556951846276e-01
9.898856386350682879e-01
9.898005145812207584e-01
9.894328703728092478e-01
9.891550509923247025e-01
9.890692184197639181e-01
9.887455346588999161e-01
9.884422264863537144e-01
9.883629585546203078e-01
9.878796150968179868e-01
9.876449435860892301e-01
9.872686895534582563e-01
9.867374138992626165e-01
9.865959688294461127e-01
9.862607920273317452e-01
9.861795213457882348e-01
9.858843674488991793e-01
9.856521771044625124e-01
9.854614804783452531e-01
9.851147350383749890e-01
9.849078304545416662e-01
9.845044936389654167e-01
9.842560308429464389e-01
9.839156192725849737e-01
9.837242609693154227e-01
9.834835396782108941e-01
9.833230185473584850e-01
9.832336121742466517e-01
9.828677527451036289e-01
9.828035056662776103e-01
9.826265713420287984e-01
9.824034864705526449e-01
9.821117770398757330e-01
9.815226126289808839e-01
9.813719850293819436e-01
9.807910511021381561e-01
9.799319126512414657e-01
9.796387796216351473e-01
9.794117376546340736e-01
9.793649382480360543e-01
9.788629162826175678e-01
9.785853013892780172e-01
9.780498151812599961e-01
9.777526989887584952e-01
9.772724080109600475e-01
9.771139449874999272e-01
9.769943554180168244e-01
9.769386213461693780e-01
9.764949892363536943e-01
9.762622978453479039e-01
9.758825365593127854e-01
9.752268549935323438e-01
9.743129578562168547e-01
9.740677586658722520e-01
9.739770703812118402e-01
9.733239024983614263e-01
9.731608970402133574e-01
9.727680785572757616e-01
9.725457421686166670e-01
9.721712833018131272e-01
9.717735862956553561e-01
9.717189316740452165e-01
9.708725925413909108e-01
9.706598129970345212e-01
9.703658048050962659e-01
9.700997055200406560e-01
9.690954094284682796e-01
9.686870343104706516e-01
9.684339230827155864e-01
9.683258544878730056e-01
9.674859893963101420e-01
9.669985623179228051e-01
9.668238740758353655e-01
9.666170922698925638e-01
9.659646441219098545e-01
9.659158363126155722e-01
9.653725776049191243e-01
9.643218172424093959e-01
9.637493802267000920e-01
9.631565637496972698e-01
9.624398585807312223e-01
9.619656391912034810e-01
9.618510515672528127e-01
9.616012821097821295e-01
9.613870446562212679e-01
9.604948262260000202e-01
9.603725293011767805e-01
9.601746310817190766e-01
9.594591684163826795e-01
9.589151597940930305e-01
9.588467814254075794e-01
9.584614685212918817e-01
9.575008569457896801e-01
9.573665630915643154e-01
9.566449255092561721e-01
9.560732049023430434e-01
9.559072755209242489e-01
9.554506809802835177e-01
9.552280570656412895e-01
9.550406535937433494e-01
9.546086324084686048e-01
9.543734106936774264e-01
9.540373993804184272e-01
9.538946990060739317e-01
9.535036110593820835e-01
9.533875604841888229e-01
9.532873825891210462e-01
9.516103179719320737e-01
9.513204144344792335e-01
9.505416564737677598e-01
9.502265355361128041e-01
9.498671786936103700e-01
9.497077519788361677e-01
9.493177172340769854e-01
9.489846760620240795e-01
9.483053697309405949e-01
9.478753701039041024e-01
9.471056180105127398e-01
9.468350357925798821e-01
9.464936940825089406e-01
9.463384226524675924e-01
9.459694830745338789e-01
9.452116774782451936e-01
9.449353087695817610e-01
9.440769313891664849e-01
9.439364178605229583e-01
9.436926227610418216e-01
9.429573563568514061e-01
9.425756163837702983e-01
9.423149433807616049e-01
9.419906411831922011e-01
9.412724186980226948e-01
9.404166754901506220e-01
9.398690748570688314e-01
9.397783302542749295e-01
9.392561280939026869e-01
9.380497084899531712e-01
9.374130810615505238e-01
9.366223610631223551e-01
9.363461805646493552e-01
9.354481849629212586e-01
9.351524108851608785e-01
9.350346072507749184e-01
9.348398548310742351e-01
9.345663433263182718e-01
9.342727720567197691e-01
9.333681004943062964e-01
9.319571470138747760e-01
9.317556685866666966e-01
9.312976279956436398e-01
9.310351132032217425e-01
9.306680319826613479e-01
9.291889419453175369e-01
9.288090480867885468e-01
9.280510583623868825e-01
9.275781825448572437e-01
9.273578845728813747e-01
9.264395756858627706e-01
9.260597864557297276e-01
9.257980356685946433e-01
9.254503279655779124e-01
9.248416465762313576e-01
9.247401336064966504e-01
9.235239835316353396e-01
9.232808573150522724e-01
9.229199922836348602e-01
9.224196103129704838e-01
9.220138305134377710e-01
9.209769334041432165e-01
9.208222773870865518e-01
9.194175015769129322e-01
9.186113397458863794e-01
9.174934081144676679e-01
9.173952942889698203e-01
9.170302515798701704e-01
9.165702430807398660e-01
9.162526010835619905e-01
9.148327698981890688e-01
9.136875535774074963e-01
9.134893013406183426e-01
9.123918973089164552e-01
9.114569490341671854e-01
9.107510533850291523e-01
9.099396198067554176e-01
9.092521526455088487e-01
9.084750071042979602e-01
9.080746795971026408e-01
9.078190940624349947e-01
9.071913222364358376e-01
9.058695600134704096e-01
9.056242969404904031e-01
9.050733534460537744e-01
9.048154688592880968e-01
9.038937126016152179e-01
9.026792004728112495e-01
9.025861386254225849e-01
9.017754938184829872e-01
9.015949391641143729e-01
9.007398508703414741e-01
9.002457275304448503e-01
8.997502300552725485e-01
8.990727968440606066e-01
8.981101725622835374e-01
8.957094437132858689e-01
8.948435777206387165e-01
8.939390206688803131e-01
8.937385939241390131e-01
8.919405623990713794e-01
8.910452431314770383e-01
8.901801150352108838e-01
8.896673632944147592e-01
8.885802806980128699e-01
8.879699923461702449e-01
8.876240974547465745e-01
8.862314805939559559e-01
8.862141572456215810e-01
8.840869860360979215e-01
8.839536511773259386e-01
8.826421248783676843e-01
8.820013584546370078e-01
8.810473210270847177e-01
8.806204788114776472e-01
8.804522930795287694e-01
8.793769691974668845e-01
8.787093031492817508e-01
8.779777116414225757e-01
8.763144103724730405e-01
8.761275989957900689e-01
8.748736500994164222e-01
8.741959994705684744e-01
8.736809253394455244e-01
8.722942744402657489e-01
8.721629519846113565e-01
8.715942455188314675e-01
8.711897139548335778e-01
8.699619667543182500e-01
8.696240843637056406e-01
8.683407982310579198e-01
8.671623290401603290e-01
8.658167282778298501e-01
8.640987970366040827e-01
8.639810206945826021e-01
8.617203767029588679e-01
8.614481803990757802e-01
8.606810436876314307e-01
8.603218550956862609e-01
8.580819220194411123e-01
8.578121156906762801e-01
8.565759003951106676e-01
8.554010971228935833e-01
8.542544252719785902e-01
8.537765752161441402e-01
8.535783054531601577e-01
8.518034494582906735e-01
8.513356551956068330e-01
8.506583869118758967e-01
8.503604893113232421e-01
8.498081869886570106e-01
8.484067564297048669e-01
8.467635386370155892e-01
8.464444981371180843e-01
8.452764754585861962e-01
8.449863102086009325e-01
8.447710829344846628e-01
8.434608887216505924e-01
8.413793813893285511e-01
8.400895023988276256e-01
8.397031015889639960e-01
8.393494495933783162e-01
8.384627323973977697e-01
8.373828458060845747e-01
8.369617209041227968e-01
8.365780833893093904e-01
8.352513558603443800e-01
8.345330707677093285e-01
8.338133821270115043e-01
8.326323060946004828e-01
8.317597645958456631e-01
8.314610745132052783e-01
8.288850254956340313e-01
8.280738810479865153e-01
8.275542381394203062e-01
8.272374570888086920e-01
8.266939649949403002e-01
8.248382652162576933e-01
8.233915365714767898e-01
8.229991242485167335e-01
8.225323570138336482e-01
8.215626390472274831e-01
8.210612277811101256e-01
8.200092957074722744e-01
8.170176933589092805e-01
8.167302391205364387e-01
8.165668102642065218e-01
8.161733656647012225e-01
8.156769641284155048e-01
8.145626902763675181e-01
8.140004865972335635e-01
8.122776551289428992e-01
8.119314947703365482e-01
8.114818677482015241e-01
8.111395795691064281e-01
8.084428387648122660e-01
8.072665205687316048e-01
8.069963433119142771e-01
8.051570060021377984e-01
8.048640957870225598e-01
8.036976648715448146e-01
8.033038144730576535e-01
8.030396706541380603e-01
8.015783446807288604e-01
8.012964033293773491e-01
7.993368467406808398e-01
7.986852968967694810e-01
7.971110633547316970e-01
7.957761146102974026e-01
7.953046815144110271e-01
7.942438231622201972e-01
7.918554183956292292e-01
7.916669044485596940e-01
7.893082295531586023e-01
7.880147842396969526e-01
7.857241949287427918e-01
7.848999291767074782e-01
7.833533817367411833e-01
7.830724888610929302e-01
7.825598915377921516e-01
7.824703175346122697e-01
7.795031661078526408e-01
7.791359927392997875e-01
7.787597081283833544e-01
7.768045150731514026e-01
7.764765290315919222e-01
7.726139269598115700e-01
7.717360402907188499e-01
7.709584525759827223e-01
7.700898865113922076e-01
7.699357873516700090e-01
7.692262195307953965e-01
7.687147004597323363e-01
7.683699605031496516e-01
7.659826169959227382e-01
7.628868823956674872e-01
7.615765312782857288e-01
7.614281096632947721e-01
7.596606913407510930e-01
7.567507866516969273e-01
7.548658346400715091e-01
7.542874969724984169e-01
7.523284307768632884e-01
7.519664930020201199e-01
7.485693289615559243e-01
7.474341974503789787e-01
7.461153697001136065e-01
7.453588002963336123e-01
7.446665499409299560e-01
7.436217176354293912e-01
7.429413826995899806e-01
7.400819448781637000e-01
7.386410129664264801e-01
7.371162008426707102e-01
7.353732776244996661e-01
7.349523094772608678e-01
7.342010633033430045e-01
7.328118343071884366e-01
7.319658749651891672e-01
7.315359034545025896e-01
7.309984476634047157e-01
7.298878784357537564e-01
7.281311420517041499e-01
7.268170000491460669e-01
7.240650361784530809e-01
7.218586327099518751e-01
7.215125175342763653e-01
7.196871642691532456e-01
7.170152397002415023e-01
7.163294736043234190e-01
7.128645206651040844e-01
7.108528452162643507e-01
7.099407120643198565e-01
7.077567234281085806e-01
7.069494629708836797e-01
7.060621212533246815e-01
7.046082717863308975e-01
7.015898789638294053e-01
6.995164371923843216e-01
6.986347986469804150e-01
6.981447133671681016e-01
6.957140160529130535e-01
6.942206954609752012e-01
6.938433222406495959e-01
6.925985526494918831e-01
6.915439675068006942e-01
6.899443560000015907e-01
6.891092795355406864e-01
6.873905817198772139e-01
6.839432965310492385e-01
6.834157882539390050e-01
6.813231473086192036e-01
6.806811849286613647e-01
6.779509894730687547e-01
6.767717397132000379e-01
6.751622503175013223e-01
6.720701917921396706e-01
6.703470525015774450e-01
6.692057024035998891e-01
6.665837943879993066e-01
6.653793545489639083e-01
6.652623864967734946e-01
6.604224730264158794e-01
6.601826583996210918e-01
6.583165322396123953e-01
6.567554644673365694e-01
6.562008309159860220e-01
6.534976947857928931e-01
6.493261684657122279e-01
6.477906941737046065e-01
6.409963833309348935e-01
6.394201753814611200e-01
6.383633035939861866e-01
6.361827073773341779e-01
6.359114580991132026e-01
6.355102491041612067e-01
6.271305021722214379e-01
6.262310279958228643e-01
6.250657498380024490e-01
6.246494600305952938e-01
6.217887001006590086e-01
6.206367336660020273e-01
6.181633038986046325e-01
6.180903412061875546e-01
6.176844962830722041e-01
6.143006383254707714e-01
6.135049779299964756e-01
6.133569140709274059e-01
6.114901101601376565e-01
6.079775057399927629e-01
6.046541290965425919e-01
6.031018199266293678e-01
6.026700541496146091e-01
5.997880029759491416e-01
5.993241003043409121e-01
5.963283032911870229e-01
5.944243080010083169e-01
5.933919866668505572e-01
5.931295866137873407e-01
5.914575355077563712e-01
5.832330439930679677e-01
5.803227436795207472e-01
5.780854077990010831e-01
5.751902274584790309e-01
5.706511989543894270e-01
5.645710489578108504e-01
5.622526253769929427e-01
5.530313940672737516e-01
5.506729009456268198e-01
5.501626169512036091e-01
5.495261856003635925e-01
5.450871389771397846e-01
5.433099860997694375e-01
5.421388025677498224e-01
5.385886643267187024e-01
5.346820597548381793e-01
5.320535481735743089e-01
5.314686246220694521e-01
5.308294303317501184e-01
5.251142578101004599e-01
5.249702590591230900e-01
5.216239227852271787e-01
5.194448391092908457e-01
5.189855637024487489e-01
5.129776107909514993e-01
5.111864099180094545e-01
5.104893861931397714e-01
5.098984289887259491e-01
5.067550441573285269e-01
5.058189980758271975e-01
5.043622723364781235e-01
5.018393757247812115e-01
4.855261187012666069e-01
4.854986828736014282e-01
4.798846515627448461e-01
4.792894824081959104e-01
4.705765798953264745e-01
4.662017482307354022e-01
4.596868943964744214e-01
4.556605807951786824e-01
4.556011791365462971e-01
4.523649968071715710e-01
4.475878645129501288e-01
4.442240856863631238e-01
4.436735388932691593e-01
4.397506946861498567e-01
4.303103858120446712e-01
4.165497781465888893e-01
4.113312189270811325e-01
4.097158356996079553e-01
4.044286391539270165e-01
4.024558017447133484e-01
3.996349276062279854e-01
3.991198644346456992e-01
3.870207649458424770e-01
3.760631251482683401e-01
3.687937824479624593e-01
3.672175210104595133e-01
3.613307134293995415e-01
3.483589019983422963e-01
3.430676392676423880e-01
3.309973343295866122e-01
3.257057769678362025e-01
3.161486205789837967e-01
3.136806897641425396e-01
2.997120891606902537e-01
2.986076409463387371e-01
2.928995974296143556e-01
2.788719951756579718e-01
2.657726290856232687e-01
2.447318495590742604e-01
2.056720520870012614e-01
