7.381762949097306773e+03
3.138903988316419600e+03
3.021667629624811525e+03
1.345048304001598808e+03
1.109216625552348660e+03
8.188514602661917934e+02
5.813992419258195241e+02
4.954426218746365862e+02
4.196210982970090981e+02
4.140590564397930393e+02
2.612834741732195880e+02
2.487568364042529652e+02
2.387086877987078140e+02
2.158583453510423453e+02
1.547159517989761071e+02
1.452560832798017998e+02
1.298169042003140987e+02
1.232643589901336583e+02
1.158189781893428005e+02
1.007355777648289603e+02
9.451819240440219971e+01
8.321070545617757830e+01
7.678364134715997125e+01
7.212817772944192996e+01
6.813435333596216026e+01
6.442229110707742734e+01
5.982489714788729884e+01
5.306123978651975648e+01
4.751375140274613074e+01
4.512496512337850874e+01
4.249878210152248670e+01
4.033049870085753952e+01
4.028295975090310321e+01
3.835928561204881504e+01
3.337841772592012290e+01
3.245542562226208361e+01
3.146716428671234667e+01
3.059094806101563080e+01
2.765895582577624623e+01
2.740501621631131712e+01
2.579360811727557490e+01
2.500924726105390761e+01
2.362304015959194103e+01
2.290158648154970322e+01
2.230261156890193419e+01
1.911494860666469719e+01
1.899200866734660664e+01
1.843791787678283356e+01
1.774792746607657890e+01
1.726327075189503546e+01
1.704837873360093781e+01
1.672001175904552284e+01
1.550279954257045212e+01
1.477899816182988246e+01
1.406802033423279319e+01
1.391383262020554490e+01
1.371034782693045173e+01
1.256845158871695922e+01
1.250512671876640525e+01
1.237555969845067594e+01
1.200653681576886989e+01
1.153335928419233625e+01
1.133433761934153594e+01
1.097822745648310772e+01
1.077646278323275553e+01
1.029091229678396324e+01
9.744843263513153886e+00
9.174383175728198836e+00
9.054264579382316214e+00
8.912574031732305002e+00
8.685639990908155639e+00
8.559913701661285401e+00
8.361511648053173928e+00
8.162245804647149328e+00
8.098125255060100613e+00
7.620560721259188597e+00
7.509436564251192436e+00
7.402006498896697373e+00
7.130229610329181789e+00
6.991443279560104251e+00
6.715889222092205735e+00
6.653846339972655954e+00
6.619349629586188222e+00
6.474094594647450407e+00
6.402942004883830585e+00
6.236004286859930801e+00
6.099381246196664108e+00
5.984319974637513084e+00
5.901062576483270483e+00
5.678191357217610147e+00
5.538074106145019826e+00
5.488262860969745915e+00
5.201567544758840533e+00
5.168673240788033141e+00
5.116444252860396169e+00
5.084973990634478191e+00
4.962075057493245289e+00
4.882573813529559104e+00
4.815916929864189733e+00
4.771747750118784381e+00
4.732992789279964363e+00
4.601289054172405635e+00
4.473941586455847386e+00
4.385354024622627911e+00
4.302813171486177701e+00
4.175993741151104111e+00
4.125641543224825014e+00
4.111372862133812589e+00
4.079777607002099238e+00
3.999784364887490007e+00
3.962739580224786451e+00
3.904739596813625369e+00
3.842608464189244177e+00
3.787353936384668884e+00
3.755716602937785975e+00
3.705376126435262929e+00
3.629949877597130836e+00
3.596023293609578175e+00
3.555230378079806908e+00
3.449070000847325179e+00
3.412830941399227935e+00
3.326053383980496658e+00
3.273341251029574295e+00
3.267141843843158089e+00
3.242217115446869080e+00
3.224091419850392715e+00
3.193778976832902572e+00
3.175542427286777603e+00
3.132291623917810686e+00
3.076555778452237710e+00
3.035337839200470178e+00
2.992459649220031270e+00
2.928051082742168632e+00
2.887952607039668163e+00
2.880825966528234527e+00
2.835937717982812245e+00
2.812770219891099099e+00
2.783078826032493680e+00
2.745532046604440168e+00
2.739702189803860044e+00
2.713079584960661705e+00
2.693947319065209900e+00
2.650401301490306949e+00
2.627552832152307172e+00
2.608230969041754221e+00
2.581870471375635745e+00
2.573527554320389044e+00
2.534483398960321487e+00
2.503078593352227266e+00
2.463312365102000356e+00
2.438787005582140566e+00
2.411197641040623729e+00
2.394024300014765849e+00
2.362944623938162181e+00
2.359495405570918081e+00
2.339954887235215608e+00
2.311827672773016484e+00
2.304373573229650418e+00
2.299045275878049743e+00
2.269721994432748247e+00
2.261640928517327787e+00
2.249706249883912434e+00
2.216975591907035081e+00
2.204391683806054214e+00
2.186371578726992393e+00
2.174706272818067276e+00
2.145437713612473818e+00
2.122620056005294575e+00
2.104144038826029295e+00
2.098058225248038422e+00
2.083284953666748596e+00
2.065251460705304076e+00
2.058726796204428666e+00
2.036170011665064283e+00
2.033562615682598995e+00
2.022829676771829899e+00
2.010232426470924150e+00
1.997683160239130284e+00
1.986490513391357071e+00
1.972516373019884250e+00
1.944050111088831745e+00
1.932756227508428459e+00
1.923340374132544994e+00
1.912205243284243794e+00
1.894205302234688970e+00
1.881871812705250946e+00
1.871764748032414216e+00
1.861632412531428749e+00
1.839995728616098392e+00
1.837459196948906248e+00
1.826664299508345746e+00
1.815311391548616538e+00
1.811866416990707274e+00
1.805930203091400399e+00
1.794240226701397267e+00
1.788783527336054169e+00
1.780564835923958311e+00
1.760613509266200083e+00
1.756896192758548025e+00
1.749085422617372654e+00
1.737720478982308858e+00
1.724200942726793917e+00
1.714972600846956796e+00
1.713312051083290655e+00
1.699413621282091613e+00
1.690258839298538041e+00
1.684947648583260182e+00
1.682187681310544303e+00
1.663670260701436199e+00
1.662051921279630973e+00
1.655037842576363438e+00
1.648920258302334796e+00
1.642225325284016435e+00
1.634536269973451361e+00
1.631680891090314001e+00
1.628437083874606062e+00
1.615923519222663307e+00
1.610916962793150109e+00
1.601778694943682080e+00
1.593154064493178756e+00
1.587699844345717759e+00
1.578106988240354003e+00
1.575456627060262571e+00
1.562660809445147292e+00
1.554039379723867409e+00
1.552829745783451232e+00
1.546625362446040208e+00
1.539868971362690298e+00
1.536662446471947829e+00
1.525509152716008954e+00
1.520644232515609540e+00
1.517505554802978329e+00
1.507661545165736472e+00
1.504311791002120868e+00
1.500939668459991161e+00
1.495797022689257405e+00
1.489643242007785862e+00
1.482922162658158127e+00
1.478739431145071226e+00
1.475787669505720379e+00
1.469192528484766891e+00
1.468722253191449445e+00
1.458295377907411261e+00
1.452861626005870654e+00
1.451015728964529350e+00
1.447652586389368334e+00
1.446026085509204862e+00
1.440845282782805326e+00
1.431737327135701454e+00
1.430726657032270532e+00
1.421561359862594909e+00
1.419618595123537164e+00
1.414964094413283302e+00
1.413219793880127861e+00
1.409736730890697842e+00
1.401421362221310307e+00
1.399202061283000509e+00
1.396429265047239410e+00
1.394965820499646236e+00
1.390595559906697032e+00
1.389308352959728543e+00
1.386953073257452207e+00
1.378035515384553822e+00
1.374996833697011311e+00
1.372951916753038404e+00
1.366715901823757573e+00
1.365367386929841942e+00
1.359182206126035686e+00
1.356839808613837572e+00
1.356599174821278453e+00
1.352472919926697603e+00
1.348566053995119862e+00
1.346260248649927549e+00
1.345285241968494638e+00
1.340350614886886671e+00
1.337696872470178766e+00
1.334949460637881780e+00
1.330077357969920993e+00
1.326308145906284874e+00
1.323643349282554116e+00
1.321015295892465913e+00
1.316625265964502800e+00
1.313335186816022349e+00
1.310257563709504858e+00
1.307538451005850533e+00
1.304746357440622839e+00
1.302719113235791815e+00
1.296090562446166716e+00
1.294991880281819885e+00
1.293439527396417432e+00
1.290418044999451785e+00
1.288615376422741043e+00
1.286936805384512494e+00
1.283768468839965093e+00
1.281968400936287278e+00
1.281570026156763076e+00
1.277169957646821397e+00
1.275629884939474490e+00
1.272128605368476606e+00
1.270732936776973299e+00
1.267686754655769299e+00
1.265582030280552939e+00
1.261816156846865544e+00
1.260870801597758994e+00
1.257105943956813965e+00
1.255731346182004327e+00
1.255034001920196873e+00
1.254350809936740196e+00
1.252850795435847875e+00
1.249447653028432192e+00
1.248448305410327475e+00
1.245454619922182538e+00
1.243914000797663677e+00
1.240893178486949022e+00
1.238514909380485252e+00
1.235829111206099062e+00
1.234397695059996414e+00
1.233457335612910599e+00
1.231313273727127733e+00
1.230595704072040331e+00
1.228696809046883498e+00
1.226821551453719739e+00
1.226398773669237441e+00
1.222407209256830996e+00
1.220950830361845929e+00
1.219383238960776827e+00
1.218192581171423372e+00
1.216692893647247642e+00
1.215626413757939561e+00
1.213284433477829882e+00
1.209857789580988330e+00
1.208155068208351501e+00
1.207711383490555068e+00
1.206702125593537289e+00
1.203983518997620017e+00
1.203258383483726934e+00
1.200654229515800919e+00
1.200036663123838387e+00
1.197288227804553351e+00
1.196842443322030825e+00
1.194475830116971560e+00
1.193789277218775036e+00
1.192417546763974157e+00
1.191342309989456005e+00
1.190853777183148665e+00
1.188420813018420397e+00
1.186928589574629767e+00
1.185073647432853150e+00
1.183842830450493988e+00
1.181423707819124092e+00
1.180080336593229529e+00
1.179444147004745203e+00
1.177938485234493848e+00
1.177291955900803933e+00
1.175279854332381690e+00
1.174903601843681145e+00
1.174472102327234646e+00
1.173263702651016427e+00
1.172053445745389721e+00
1.169916439646654593e+00
1.169710390287984181e+00
1.166892155627766270e+00
1.166273115548784656e+00
1.165506601612266602e+00
1.163198529341479048e+00
1.162478822711428661e+00
1.162304562645041894e+00
1.160854729377389427e+00
1.158970934123924046e+00
1.158030555759190117e+00
1.157596284192829339e+00
1.154564384410417421e+00
1.154010399910802454e+00
1.153128340413605457e+00
1.152516952780773041e+00
1.151217375091384332e+00
1.150658391891810073e+00
1.149998562369103805e+00
1.149036142681866712e+00
1.147800540798712410e+00
1.147053051560249504e+00
1.146282563579829938e+00
1.146132354655019059e+00
1.144215031540338767e+00
1.143728625266075660e+00
1.143262102917797174e+00
1.140434003913734395e+00
1.139411488968186559e+00
1.138656275770970172e+00
1.138067112989277430e+00
1.136808137702483901e+00
1.135952673891342801e+00
1.134881017221984090e+00
1.133454091765466965e+00
1.132833943066809068e+00
1.131451436256257104e+00
1.130861602890977258e+00
1.130533210458912752e+00
1.129493700906133657e+00
1.129167122983252280e+00
1.128243542654054909e+00
1.127203341430629280e+00
1.126053681099116854e+00
1.124607194890567374e+00
1.124224798128895308e+00
1.123997683312494056e+00
1.123035951798811771e+00
1.122045018351688128e+00
1.121265222245968474e+00
1.121013088354047005e+00
1.119973401835259619e+00
1.119703912074391017e+00
1.118656212645025239e+00
1.117548655724516227e+00
1.117323399701322106e+00
1.115926856083357954e+00
1.115693924260385161e+00
1.115263343661645701e+00
1.114525958619061230e+00
1.113912737754117366e+00
1.113027327183508719e+00
1.110899853665566539e+00
1.110373259408005575e+00
1.109700428633354941e+00
1.109497861872823288e+00
1.108445687227409993e+00
1.107583141757165102e+00
1.107229468329112398e+00
1.106470021599341491e+00
1.105462462666062740e+00
1.105327235171056133e+00
1.104166091445943021e+00
1.103074537982728920e+00
1.102120074926973281e+00
1.101959878860336639e+00
1.100523974573248243e+00
1.100446857272030288e+00
1.099629892932069142e+00
1.098612757571718168e+00
1.098258247454506176e+00
1.097709560940429485e+00
1.097381490238596324e+00
1.096715077831474039e+00
1.095919799057884170e+00
1.094757476512425054e+00
1.094374859941177558e+00
1.094142277586628964e+00
1.093421807183069250e+00
1.092919437683082640e+00
1.092163808370111511e+00
1.091471428109718422e+00
1.091442184364628920e+00
1.090608208943324220e+00
1.089846343354833769e+00
1.089595018877171917e+00
1.088814645069889231e+00
1.088366866667218380e+00
1.087624181227028419e+00
1.087317663197389983e+00
1.087096458197318372e+00
1.086490640258324758e+00
1.085635452166415105e+00
1.085066772533029411e+00
1.084416188288783278e+00
1.083894010944037589e+00
1.083230373224973730e+00
1.083028200548097120e+00
1.082602607559071117e+00
1.082418869422908436e+00
1.081324205193020305e+00
1.081021989818381046e+00
1.080467432524967020e+00
1.080032304896575202e+00
1.079554218714252167e+00
1.079347796498795420e+00
1.078450117960261911e+00
1.078060399271899339e+00
1.077900730468875246e+00
1.077412717021017707e+00
1.076764682158569908e+00
1.076544209058025059e+00
1.076302072482799410e+00
1.075648254042652185e+00
1.075122333016980347e+00
1.074633355806302593e+00
1.074170183996075112e+00
1.073557992709268438e+00
1.073393057652056504e+00
1.073309232587345008e+00
1.073152203595892917e+00
1.072672241121355619e+00
1.072198190440844634e+00
1.071840284686965683e+00
1.071293962062439986e+00
1.071014882639875543e+00
1.070563176931639271e+00
1.070049355142364211e+00
1.069948178419928286e+00
1.069677796528737623e+00
1.069004300058157053e+00
1.068776284195129600e+00
1.068396832296779619e+00
1.068173187216013176e+00
1.067503574634532715e+00
1.067271154807074129e+00
1.066755039898980906e+00
1.066637801794400708e+00
1.066176624080556579e+00
1.065953448353274879e+00
1.065230170921796615e+00
1.065070562239583740e+00
1.064727014223791901e+00
1.064149547934313045e+00
1.063947434001428327e+00
1.063252900187633188e+00
1.062951723294927264e+00
1.062653720760867060e+00
1.062471485153724249e+00
1.061997888724902417e+00
1.061764397549006755e+00
1.061424148073900842e+00
1.061249205839696508e+00
1.061109849914613878e+00
1.060777895953130878e+00
1.060412831315749260e+00
1.059797221397367428e+00
1.059721441436650924e+00
1.059301017023665414e+00
1.059261776321471560e+00
1.058975540258611847e+00
1.058509595775514178e+00
1.057953185809850760e+00
1.057576288734371595e+00
1.057319893161253077e+00
1.057069883850113357e+00
1.057001289122459831e+00
1.056872439464990654e+00
1.056487562037758732e+00
1.056152301085665712e+00
1.055755437771722649e+00
1.055543217389862232e+00
1.055345215295058203e+00
1.055105393194174068e+00
1.054481810382023710e+00
1.054210433632224664e+00
1.054085366116758182e+00
1.053708835620177364e+00
1.053682766491839784e+00
1.052818435029860611e+00
1.052664221049646853e+00
1.052467699548093494e+00
1.052293665639905340e+00
1.051781798910709664e+00
1.051385800330910003e+00
1.051234628955312944e+00
1.051050336864864265e+00
1.050870259479748103e+00
1.050568506559652393e+00
1.050249415002388220e+00
1.049783598085115344e+00
1.049630892422260597e+00
1.049181357442546592e+00
1.048950400832357577e+00
1.048762439558206472e+00
1.048404675368580286e+00
1.048146707786428156e+00
1.047952777532959567e+00
1.047592477418286760e+00
1.047539122199650174e+00
1.047248771333023631e+00
1.047076234206642864e+00
1.046836576978803945e+00
1.046744618218788503e+00
1.045929676507602268e+00
1.045819221330720250e+00
1.045321168761922381e+00
1.045228876802231310e+00
1.045044043226841746e+00
1.044660769566625014e+00
1.044509264737719878e+00
1.044128943201132698e+00
1.043963819068903565e+00
1.043822278319157970e+00
1.043648343278793522e+00
1.043329385015798083e+00
1.043219805746888662e+00
1.043142562458166278e+00
1.042859456410713204e+00
1.042580329517812210e+00
1.042507540832218194e+00
1.042156153267169927e+00
1.042079521958843236e+00
1.041920921553009638e+00
1.041434410920848874e+00
1.041288836613494917e+00
1.041105719986157085e+00
1.040733609960877493e+00
1.040634268550272967e+00
1.040295155904343183e+00
1.040006761306891070e+00
1.039959545785102524e+00
1.039554069507722778e+00
1.039472259287575362e+00
1.039219041971843893e+00
1.039079082916628538e+00
1.038982009644077165e+00
1.038820821308960252e+00
1.038620381243307911e+00
1.038316164337914183e+00
1.037868033270810342e+00
1.037679200415667191e+00
1.037528271485214537e+00
1.037500001060268184e+00
1.037227336071052664e+00
1.037028787664304952e+00
1.036920851064503157e+00
1.036835535465364000e+00
1.036560140318746326e+00
1.036428049619643854e+00
1.036257698277228023e+00
1.035944333597890177e+00
1.035724708969251173e+00
1.035598659494668228e+00
1.035309576105678087e+00
1.035097526311074878e+00
1.035004803336449175e+00
1.034863674335771089e+00
1.034665112780925655e+00
1.034445171168701272e+00
1.034273755211462698e+00
1.034198280956813765e+00
1.034068862264647670e+00
1.033929412779795110e+00
1.033627491874332449e+00
1.033454289854899733e+00
1.033303851005147989e+00
1.033193321667543518e+00
1.033010756797011043e+00
1.032798281272655050e+00
1.032585057761782998e+00
1.032250441330971213e+00
1.032125423164109490e+00
1.031983982449260040e+00
1.031963490208693823e+00
1.031542364778704313e+00
1.031370258935783379e+00
1.031301304425320975e+00
1.031199205599598878e+00
1.031076574537339141e+00
1.030989103788656491e+00
1.030742631406944998e+00
1.030498266024730381e+00
1.030346160604676875e+00
1.030158843014196135e+00
1.030017273718932147e+00
1.029797106211848057e+00
1.029734824483120370e+00
1.029567910791142404e+00
1.029333678243059103e+00
1.029073168131320326e+00
1.028882876745015995e+00
1.028729647783923395e+00
1.028725912335677561e+00
1.028546319389863406e+00
1.028462382329423441e+00
1.028370230731162405e+00
1.028207826783497980e+00
1.028122932843879900e+00
1.027947193495980738e+00
1.027701314648440833e+00
1.027630497776951701e+00
1.027557725130890498e+00
1.027401506874749071e+00
1.027339857783523547e+00
1.027143809737740332e+00
1.026913565831419239e+00
1.026768208076738631e+00
1.026708264620717515e+00
1.026539078324691490e+00
1.026349673166350840e+00
1.026208864815032040e+00
1.026141100315448806e+00
1.025909791505622781e+00
1.025863393113394029e+00
1.025610297226801970e+00
1.025374271014817928e+00
1.025335164024773205e+00
1.025237967360087987e+00
1.025130543118004223e+00
1.024998756929244692e+00
1.024809820179658271e+00
1.024675688399811380e+00
1.024514880851070897e+00
1.024493979411049249e+00
1.024410221937930299e+00
1.024258404435394176e+00
1.024234656116628450e+00
1.024111602259249354e+00
1.023911418201494339e+00
1.023762832354753849e+00
1.023660410426062262e+00
1.023372294307603791e+00
1.023307865895284108e+00
1.023264712385464348e+00
1.023082744905179364e+00
1.022991676412125406e+00
1.022855308099238636e+00
1.022808268022981082e+00
1.022694781850043588e+00
1.022654086480300206e+00
1.022578357076393774e+00
1.022403800447020839e+00
1.022307018958485747e+00
1.022229681229408271e+00
1.022198391040606502e+00
1.021985148098548457e+00
1.021939924414915435e+00
1.021909402824402902e+00
1.021778922639923648e+00
1.021695805361697351e+00
1.021582221323663608e+00
1.021457956992518845e+00
1.021423054061353364e+00
1.021320996304109219e+00
1.021277371317967697e+00
1.021186513218305336e+00
1.021108524804714479e+00
1.021057023666676056e+00
1.020922048795540160e+00
1.020871491813351239e+00
1.020767329668029078e+00
1.020715178691792069e+00
1.020535126913799884e+00
1.020466211015002012e+00
1.020387660218482928e+00
1.020136784029437527e+00
1.020080593081068132e+00
1.019929329905212567e+00
1.019823534647894991e+00
1.019741479114947724e+00
1.019702525310185237e+00
1.019527026941899228e+00
1.019477020908769571e+00
1.019345033973002135e+00
1.019303266460187540e+00
1.019245797317326785e+00
1.019181228275008122e+00
1.019148188969172253e+00
1.019061928601278533e+00
1.018842708232911676e+00
1.018763490874188049e+00
1.018667743254705105e+00
1.018583268258622887e+00
1.018510623809646409e+00
1.018401285387170230e+00
1.018378616406349302e+00
1.018286789766864153e+00
1.018248901372563520e+00
1.018090215018852662e+00
1.017966901255474621e+00
1.017897404123000227e+00
1.017865292901934060e+00
1.017796633370217307e+00
1.017699451079910444e+00
1.017643906358632666e+00
1.017579160786819426e+00
1.017461527753515282e+00
1.017204793888290215e+00
1.017095845407641530e+00
1.017057956663361074e+00
1.016899610397179909e+00
1.016816853473495597e+00
1.016771441869003922e+00
1.016666343935943795e+00
1.016600119575238770e+00
1.016551006422540260e+00
1.016395208392235183e+00
1.016318101076621128e+00
1.016242728491796088e+00
1.016191859947762843e+00
1.016146423717615876e+00
1.016021454050313189e+00
1.015913473022458380e+00
1.015843148958292641e+00
1.015821558217707921e+00
1.015707999308691489e+00
1.015651685650606595e+00
1.015481714344860675e+00
1.015298067750679323e+00
1.015266528931930035e+00
1.015148458973369028e+00
1.015101920636365840e+00
1.015026970444712129e+00
1.014959174250755103e+00
1.014903923007866693e+00
1.014866757054264435e+00
1.014757415921796024e+00
1.014745703083531847e+00
1.014711439707873142e+00
1.014650553941928379e+00
1.014527742279756062e+00
1.014475978712224391e+00
1.014367541880034640e+00
1.014348782986584929e+00
1.014208487933881075e+00
1.014114046520998569e+00
1.014071683691240233e+00
1.013919731821880221e+00
1.013855389286159037e+00
1.013773612330460372e+00
1.013717922296009100e+00
1.013623527398860968e+00
1.013586438412323210e+00
1.013516757148341441e+00
1.013503569001250382e+00
1.013400519513790288e+00
1.013358011003600900e+00
1.013302410021565292e+00
1.013187276888291244e+00
1.013094418425340537e+00
1.013065244927500830e+00
1.013024055623387820e+00
1.013012063012977970e+00
1.012936907335123760e+00
1.012881391010256316e+00
1.012746431646082357e+00
1.012665739694945666e+00
1.012621602599872439e+00
1.012568905296374444e+00
1.012507835593772887e+00
1.012385391315833605e+00
1.012347618728728804e+00
1.012219624720796407e+00
1.012182693990184346e+00
1.012166026894636639e+00
1.012126862505116298e+00
1.012103740632686266e+00
1.011997625256844557e+00
1.011911798075773028e+00
1.011880167129566077e+00
1.011817492832482346e+00
1.011731175181491915e+00
1.011674926988295864e+00
1.011652369725558387e+00
1.011618529030094749e+00
1.011544638844260158e+00
1.011465125790783182e+00
1.011433988883066126e+00
1.011387231204819326e+00
1.011319604970464914e+00
1.011236727619363007e+00
1.011132662659408377e+00
1.011030185846434115e+00
1.010975705620523746e+00
1.010890015801045649e+00
1.010881012558951797e+00
1.010812140100912693e+00
1.010789561070519982e+00
1.010727391357113758e+00
1.010684761400550968e+00
1.010672709915171552e+00
1.010616276274423742e+00
1.010593780622386584e+00
1.010536468255192499e+00
1.010508440884892334e+00
1.010453249465619763e+00
1.010441107552832785e+00
1.010292582011538709e+00
1.010262566186226563e+00
1.010222957564249846e+00
1.010077646425980857e+00
1.010020452653740408e+00
1.009987624485715108e+00
1.009955737906229833e+00
1.009877555980824182e+00
1.009837523156947192e+00
1.009777475655442291e+00
1.009719678423494305e+00
1.009645574242344468e+00
1.009588183767556879e+00
1.009542383628265760e+00
1.009501731218982012e+00
1.009455694221406796e+00
1.009380944673293534e+00
1.009323526097129164e+00
1.009304171066869094e+00
1.009268709097000283e+00
1.009240576546288848e+00
1.009214739651057791e+00
1.009187205246464103e+00
1.009158608918279354e+00
1.009099183741976491e+00
1.009028864804970560e+00
1.009007300623468995e+00
1.008965315174482180e+00
1.008906628220494817e+00
1.008872464186387763e+00
1.008811474566980948e+00
1.008767434502786164e+00
1.008748660676958231e+00
1.008723661138549277e+00
1.008663349125083597e+00
1.008608935824081065e+00
1.008510485329948692e+00
1.008491790292461276e+00
1.008441371199195968e+00
1.008418122518499160e+00
1.008374048954873592e+00
1.008323018447085273e+00
1.008303831246877280e+00
1.008244562163247871e+00
1.008175683640842868e+00
1.008136360536363796e+00
1.008065236606319859e+00
1.008024537627245421e+00
1.008019599193823668e+00
1.007958727925548414e+00
1.007946801036091689e+00
1.007874657444312705e+00
1.007844653996128326e+00
1.007816274080633789e+00
1.007711485139751506e+00
1.007655214334115090e+00
1.007643007763718845e+00
1.007613269964351410e+00
1.007554659373497419e+00
1.007550915488512722e+00
1.007483493418726894e+00
1.007443186757444042e+00
1.007417242195414397e+00
1.007396548169259942e+00
1.007346091446233549e+00
1.007322609225650201e+00
1.007313986203566047e+00
1.007283624061991567e+00
1.007246197160051260e+00
1.007202376796812793e+00
1.007171563334105846e+00
1.007133188862767481e+00
1.007093664161630375e+00
1.007022955561456268e+00
1.007002373466166389e+00
1.006976877271317239e+00
1.006905605723395603e+00
1.006866902373980244e+00
1.006845432292703180e+00
1.006811567355797576e+00
1.006767102528497881e+00
1.006707211833910653e+00
1.006662787420545158e+00
1.006609410688745765e+00
1.006588774137569864e+00
1.006556621719633338e+00
1.006503381450925882e+00
1.006496334355650113e+00
1.006465701316725747e+00
1.006457443397553941e+00
1.006421177942466993e+00
1.006406366947260711e+00
1.006366208669694284e+00
1.006324259581851788e+00
1.006297138496685450e+00
1.006238003891722688e+00
1.006192843499483125e+00
1.006120181708257899e+00
1.006095601623753444e+00
1.006065559373307883e+00
1.006051669103841695e+00
1.006005794792599328e+00
1.005975215316848859e+00
1.005955000986814785e+00
1.005925300677072309e+00
1.005864459315464865e+00
1.005825527021126931e+00
1.005786812032615662e+00
1.005757264884764579e+00
1.005720098547941088e+00
1.005719328216865716e+00
1.005710094402455512e+00
1.005680979578724488e+00
1.005626410799222326e+00
1.005591664459409174e+00
1.005556858807727716e+00
1.005542621697446570e+00
1.005520351861169059e+00
1.005471090111365484e+00
1.005461172823778337e+00
1.005447027528097781e+00
1.005440229467350344e+00
1.005370276266026153e+00
1.005342357159489275e+00
1.005339532285802306e+00
1.005320606905512504e+00
1.005313786649145946e+00
1.005293293383408892e+00
1.005264391716439665e+00
1.005235347843774107e+00
1.005209411234837980e+00
1.005153905497078171e+00
1.005122246205232939e+00
1.005114031356922677e+00
1.005085046281135375e+00
1.005041936384104773e+00
1.005028127627636492e+00
1.005008289112426123e+00
1.004984935253604883e+00
1.004959771018261172e+00
1.004926488209408886e+00
1.004878778135816386e+00
1.004863455467067013e+00
1.004862231867861722e+00
1.004814231534058022e+00
1.004802547875663032e+00
1.004788269029955217e+00
1.004753493148812016e+00
1.004715865666616414e+00
1.004691729471678840e+00
1.004684087697998107e+00
1.004669656030392932e+00
1.004622402758010846e+00
1.004598321778983561e+00
1.004535384816128474e+00
1.004509637913703957e+00
1.004490879090159217e+00
1.004452003865215826e+00
1.004443100570606484e+00
1.004429863342218399e+00
1.004387890169643915e+00
1.004372666724238083e+00
1.004356611230648788e+00
1.004348251910394563e+00
1.004318295562219410e+00
1.004295985090680077e+00
1.004275346653605405e+00
1.004273235914544760e+00
1.004248137885525693e+00
1.004227231754098781e+00
1.004174669305957446e+00
1.004142046603795801e+00
1.004125392873013389e+00
1.004119383575442725e+00
1.004079706433333108e+00
1.004077700949677521e+00
1.004070135595910962e+00
1.004041373773975510e+00
1.004015730779289850e+00
1.004000000311232155e+00
1.003981928707461391e+00
1.003969729579904602e+00
1.003953691706160445e+00
1.003927100141432716e+00
1.003888708122080420e+00
1.003876287032462900e+00
1.003861656478664877e+00
1.003826572737418044e+00
1.003812562981572176e+00
1.003787508619774727e+00
1.003783315791974884e+00
1.003774508039569024e+00
1.003731855928839289e+00
1.003726564587466452e+00
1.003704881869685872e+00
1.003689431743299609e+00
1.003675224482852402e+00
1.003650225621056435e+00
1.003597907791726307e+00
1.003568644347318628e+00
1.003554889898713887e+00
1.003550267681806663e+00
1.003541675551322454e+00
1.003511544398622668e+00
1.003507792291435718e+00
1.003500505339327775e+00
1.003477239405437205e+00
1.003454983843106385e+00
1.003433723604995942e+00
1.003397546404886764e+00
1.003363608386018679e+00
1.003340607858648648e+00
1.003333914875414568e+00
1.003323901800166285e+00
1.003301065229167399e+00
1.003271922464271215e+00
1.003267958028412732e+00
1.003252214798281861e+00
1.003246026301960692e+00
1.003226667878432288e+00
1.003199350402020018e+00
1.003177551224371022e+00
1.003169808572170529e+00
1.003142010377327642e+00
1.003129547775765351e+00
1.003108831960117575e+00
1.003084973254279255e+00
1.003061023786290473e+00
1.003041216921346068e+00
1.003022517233897348e+00
1.003012172894778731e+00
1.002991310354035770e+00
1.002962401960054484e+00
1.002958296871764743e+00
1.002953209824945180e+00
1.002930303359012676e+00
1.002908923487497050e+00
1.002862258525185846e+00
1.002858632113093673e+00
1.002848849483662486e+00
1.002827250218970567e+00
1.002804893308717915e+00
1.002793971977653520e+00
1.002771792558492026e+00
1.002767566966421997e+00
1.002747763775120315e+00
1.002720807199555253e+00
1.002707399751108897e+00
1.002670446383219005e+00
1.002649400354063136e+00
1.002644178275691633e+00
1.002635458069848884e+00
1.002577248882822847e+00
1.002575349616889655e+00
1.002569452025267260e+00
1.002555184873265226e+00
1.002543877079970169e+00
1.002499929577000959e+00
1.002493954979766677e+00
1.002462349650758755e+00
1.002444898536494433e+00
1.002431549167841496e+00
1.002412904486126299e+00
1.002399709877187739e+00
1.002389728662218760e+00
1.002369154791925787e+00
1.002349771338781004e+00
1.002343299867580084e+00
1.002335396077641994e+00
1.002328491397998400e+00
1.002309001848641579e+00
1.002304840628627680e+00
1.002256528718938444e+00
1.002247140317402030e+00
1.002220757304372656e+00
1.002214304143584034e+00
1.002208302483308389e+00
1.002184899352189129e+00
1.002180259630779835e+00
1.002169286595211428e+00
1.002157110250498251e+00
1.002149677826139618e+00
1.002119353784257427e+00
1.002100047187669540e+00
1.002090977316869802e+00
1.002080909499234451e+00
1.002072966438887436e+00
1.002069140493622168e+00
1.002056687891645037e+00
1.002042345226075382e+00
1.002006065527762058e+00
1.002003655707751184e+00
1.002000872312413637e+00
1.001990295397812147e+00
1.001986888107082363e+00
1.001972397234421885e+00
1.001963568988487152e+00
1.001953986466599611e+00
1.001942003217799693e+00
1.001922084501563726e+00
1.001904056912374275e+00
1.001894894797813462e+00
1.001882837912176250e+00
1.001869779783636005e+00
1.001852155503446973e+00
1.001842453018569223e+00
1.001836616330216589e+00
1.001815172909606311e+00
1.001805452496643767e+00
1.001802950131866377e+00
1.001796800499938245e+00
1.001792067322303970e+00
1.001787655392303522e+00
1.001766580270956331e+00
1.001763550487730470e+00
1.001746410161899359e+00
1.001740498483292052e+00
1.001683576135195874e+00
1.001652131616646901e+00
1.001639377670076270e+00
1.001627331930691422e+00
1.001626259305869349e+00
1.001610801523657779e+00
1.001605434025629071e+00
1.001592981455889042e+00
1.001578872545965337e+00
1.001555241225084103e+00
1.001545858306780445e+00
1.001542993907054369e+00
1.001530420114290276e+00
1.001514168037886066e+00
1.001508966337162576e+00
1.001500304976848499e+00
1.001498048874368996e+00
1.001494498624815765e+00
1.001487665289094275e+00
1.001457134016963790e+00
1.001433686409417323e+00
1.001424079330693440e+00
1.001410312161314264e+00
1.001396019852544894e+00
1.001381677015163563e+00
1.001374654514581186e+00
1.001356123853880176e+00
1.001332051727789274e+00
1.001328305329466373e+00
1.001325279490551390e+00
1.001306392246481325e+00
1.001296065469728047e+00
1.001291365777582820e+00
1.001285640216230011e+00
1.001268601372232503e+00
1.001261164647303081e+00
1.001244490786994845e+00
1.001227246837617768e+00
1.001223210944150788e+00
1.001197550241931911e+00
1.001196968316127922e+00
1.001193679136935799e+00
1.001187795499659527e+00
1.001170468799143176e+00
1.001163587193517390e+00
1.001158260207528627e+00
1.001158123821771495e+00
1.001152819469223409e+00
1.001150911076354122e+00
1.001123692174582080e+00
1.001116137362289438e+00
1.001106790021724979e+00
1.001091150985404576e+00
1.001087121605491514e+00
1.001064481170376164e+00
1.001035118732431339e+00
1.001010253228099334e+00
1.001004276602024623e+00
1.000996344965871865e+00
1.000989674999572365e+00
1.000979859203857014e+00
1.000969406643906323e+00
1.000961705131181656e+00
1.000954069683847925e+00
1.000950319251488807e+00
1.000919067996568046e+00
1.000911688199076055e+00
1.000901946096265371e+00
1.000876211728568332e+00
1.000868619682053096e+00
1.000864873161406488e+00
1.000861615221967149e+00
1.000837199121269450e+00
1.000816870627634136e+00
1.000816261878207047e+00
1.000811793482618395e+00
1.000805616587812308e+00
1.000794215378607133e+00
1.000792402036380535e+00
1.000788271327383461e+00
1.000787861701788906e+00
1.000782056832633105e+00
1.000773329119944322e+00
1.000769958821181138e+00
1.000753447739907154e+00
1.000749640668229468e+00
1.000747025771295595e+00
1.000746111938829896e+00
1.000743318329229359e+00
1.000738989258253220e+00
1.000730309502580795e+00
1.000726571886025429e+00
1.000719351560036108e+00
1.000710101718230716e+00
1.000683605973515800e+00
1.000672076179597081e+00
1.000668585548873724e+00
1.000660520514678575e+00
1.000657889227163810e+00
1.000645008410863124e+00
1.000625902562689573e+00
1.000623347152153952e+00
1.000621756795910366e+00
1.000619711290924529e+00
1.000612342435284852e+00
1.000608148408741904e+00
1.000596293322864927e+00
1.000590075028444437e+00
1.000583736755909836e+00
1.000581093821669487e+00
1.000573878392719607e+00
1.000572071905040827e+00
1.000567518665767208e+00
1.000560312034008748e+00
1.000553708270880637e+00
1.000549313165421284e+00
1.000544343910426015e+00
1.000541296487494236e+00
1.000529298071517248e+00
1.000527691789476759e+00
1.000525681817679535e+00
1.000518623284712749e+00
1.000512253284282949e+00
1.000503832423589090e+00
1.000501917333008972e+00
1.000491790056249775e+00
1.000482560539164734e+00
1.000459248941889534e+00
1.000456727260988998e+00
1.000439179713041860e+00
1.000423827748721850e+00
1.000412978236284056e+00
1.000408163485555502e+00
1.000406706741389762e+00
1.000403725791414233e+00
1.000398507903277112e+00
1.000393089324961293e+00
1.000387790227958762e+00
1.000386993856739126e+00
1.000373837192080950e+00
1.000371217620192654e+00
1.000349333781303196e+00
1.000347628736036665e+00
1.000335730375585097e+00
1.000331780838268125e+00
1.000323604752998197e+00
1.000312712651217240e+00
1.000312632627240239e+00
1.000311138341425821e+00
1.000290421326148094e+00
1.000285924880318866e+00
1.000285468451127091e+00
1.000283230205048612e+00
1.000282583951116910e+00
1.000274729182205391e+00
1.000269825747065466e+00
1.000267065967703539e+00
1.000266220610417811e+00
1.000250937870449608e+00
1.000243921484220921e+00
1.000243205363258614e+00
1.000235070971388085e+00
1.000234052421820508e+00
1.000227860052386841e+00
1.000205785791462576e+00
1.000188082489521291e+00
1.000186580043900708e+00
1.000166545587605649e+00
1.000164296324637325e+00
1.000162138318882343e+00
1.000160009023630892e+00
1.000153704769584095e+00
1.000132207843996701e+00
1.000122952259087317e+00
1.000122664187195642e+00
1.000122589366760684e+00
1.000122279607733811e+00
1.000114696579479601e+00
1.000114091108007530e+00
1.000113968886229721e+00
1.000109103109841913e+00
1.000108566857354608e+00
1.000102841257412667e+00
1.000096039865812303e+00
1.000090458509909741e+00
1.000088273598468191e+00
1.000086476599460816e+00
1.000085302041786584e+00
1.000078429329292140e+00
1.000074360093537562e+00
1.000072740468709087e+00
1.000069974269668593e+00
1.000066042495486807e+00
1.000062240766161237e+00
1.000060534153836223e+00
1.000056559145022561e+00
1.000053556636214314e+00
1.000051095374999255e+00
1.000041942663484118e+00
1.000040536958868076e+00
1.000033139286540695e+00
1.000028686257208976e+00
1.000017507228973201e+00
1.000010464661719167e+00
9.999990008126219410e-01
9.999871924293447512e-01
9.999729933288712402e-01
9.999716562416512966e-01
9.999634000756507657e-01
9.999583822219160201e-01
9.999393011321475733e-01
9.999247899973068288e-01
9.999224591362995129e-01
9.999184393424483952e-01
9.998675459511781050e-01
9.998508764354118172e-01
9.998502481163341615e-01
9.998213665683953755e-01
9.997747789063889945e-01
9.997515288360186991e-01
9.997355064118134127e-01
9.997293685918462458e-01
9.996803436488701511e-01
9.996589355280025568e-01
9.995713317619547844e-01
9.995060744924716412e-01
9.994703233854971280e-01
9.993466425392847352e-01
9.992436362623652313e-01
9.989979131721286043e-01
9.983509348121920590e-01
9.979436453531956852e-01
