1.003561755612751540e+03
4.246503583696991200e+02
4.044892115692298376e+02
1.801526861280856338e+02
1.511592449723153777e+02
1.128407336932779401e+02
7.846065445149653783e+01
6.789585680832129810e+01
5.755812641069528723e+01
5.704466635798110730e+01
3.577599549691498737e+01
3.465380630354085412e+01
3.353716645334407787e+01
2.967473640335310492e+01
2.186986180380704070e+01
2.067811739236368496e+01
1.822195185196909861e+01
1.742517683505510817e+01
1.640152889281015192e+01
1.438823400307026645e+01
1.375755582289285073e+01
1.203142698464259830e+01
1.129246133972126032e+01
1.060098711931411408e+01
1.005717053046334364e+01
9.512376404182269596e+00
8.907345681391877434e+00
7.972929613218757261e+00
7.218900444402954975e+00
6.969501687828455694e+00
6.597988255798120427e+00
6.346694120662618843e+00
6.250645019293719074e+00
6.026650575945068589e+00
5.418283947072599638e+00
5.290590349325626107e+00
5.072189304252840536e+00
4.973914332020188844e+00
4.591090694824994323e+00
4.482974472559189572e+00
4.363807017899377527e+00
4.222013839499879850e+00
4.029080178561178727e+00
3.972017357811773230e+00
3.881457509367045589e+00
3.455192792912131772e+00
3.401230307839402833e+00
3.327649573237910996e+00
3.242185124959479303e+00
3.189430236344005465e+00
3.174041099193189108e+00
3.110316107980246159e+00
2.937122370819762018e+00
2.881152004688481316e+00
2.775869405798701894e+00
2.750962527187075679e+00
2.708737585804556147e+00
2.563142174280050423e+00
2.534649672944397469e+00
2.518340481443903656e+00
2.474471469227106812e+00
2.438141531024675679e+00
2.380115904453569353e+00
2.340444478436880971e+00
2.324579686894431507e+00
2.253710530058467221e+00
2.190829334712313781e+00
2.103297510865384190e+00
2.084775330301459562e+00
2.047433549235225581e+00
2.039879672913645692e+00
2.027621275936773326e+00
1.996171104956220965e+00
1.985012743492442722e+00
1.938431778385508508e+00
1.904993887971338618e+00
1.876785133531431393e+00
1.869677386993436663e+00
1.816057155495678810e+00
1.799557724855035179e+00
1.770275278038019984e+00
1.764067320065426880e+00
1.755994038112035138e+00
1.737473941150107226e+00
1.730806831030869075e+00
1.712395841983529898e+00
1.682987924387551182e+00
1.667655631892457135e+00
1.665181347522666444e+00
1.629064276323862082e+00
1.609096478373028161e+00
1.603933767907866237e+00
1.570398115240997816e+00
1.565119365706864052e+00
1.553888094715420776e+00
1.548094126343493082e+00
1.542825254519463396e+00
1.522303466453345910e+00
1.518008403072789392e+00
1.508184333193008708e+00
1.501218896546928194e+00
1.487459221071920856e+00
1.464894308289803826e+00
1.459609435462334348e+00
1.439446920233503624e+00
1.429289171615148124e+00
1.425130256923948124e+00
1.422867589422556645e+00
1.419785862009315114e+00
1.400093633543890936e+00
1.393609169805681613e+00
1.391661179983515462e+00
1.388721441901907383e+00
1.376837932087981997e+00
1.372498966747105253e+00
1.368828645707706348e+00
1.359810463703204686e+00
1.348014845135290463e+00
1.346376158317412086e+00
1.325340926632194716e+00
1.319116361673406956e+00
1.315759952304947022e+00
1.310875538923807371e+00
1.306028262391058847e+00
1.304536653034069849e+00
1.302388238209557736e+00
1.297991178166600923e+00
1.292113683669656732e+00
1.288486898557636096e+00
1.278407231749263406e+00
1.275300956258208274e+00
1.269244522343401238e+00
1.263313481981930941e+00
1.256689204354290768e+00
1.255482853599088733e+00
1.246358194600346581e+00
1.242824222970425385e+00
1.240998980129297102e+00
1.239048211522879805e+00
1.231687326683027717e+00
1.231115735427174007e+00
1.224624333691396671e+00
1.222144502123792220e+00
1.220972620998097558e+00
1.220295793567887976e+00
1.216453219827806853e+00
1.210965776705741126e+00
1.207552248669464312e+00
1.202727172837456004e+00
1.196753735433345067e+00
1.194476620128906763e+00
1.192175723589167236e+00
1.190143642780549849e+00
1.184968223376170915e+00
1.182370358716717140e+00
1.179022754345644408e+00
1.177974408884406632e+00
1.176657746999544063e+00
1.173342244718567962e+00
1.171130104393013127e+00
1.169300874866532114e+00
1.167739136067837524e+00
1.164596435987701684e+00
1.162222658929092933e+00
1.161254588442643731e+00
1.159428108001806512e+00
1.155627731158864746e+00
1.152947540782490510e+00
1.151196200635061340e+00
1.149101102924893203e+00
1.146752171368672579e+00
1.145185208848559233e+00
1.140319192814731597e+00
1.139921483630937482e+00
1.139297705675098138e+00
1.137276760655303365e+00
1.136454372198690610e+00
1.135222202482117693e+00
1.131255935155575987e+00
1.130816455980989899e+00
1.128665777852384755e+00
1.126595846642532539e+00
1.125075753244834775e+00
1.122409893408583326e+00
1.120831708965471574e+00
1.119391421322196045e+00
1.118277660490269110e+00
1.116060398384995489e+00
1.114414586148354980e+00
1.113086060565680491e+00
1.112454787581356630e+00
1.111039166805445344e+00
1.108826665766700525e+00
1.108483437498703594e+00
1.107777283285410030e+00
1.107012989557532912e+00
1.105512198631015020e+00
1.102618742785319572e+00
1.101804016401947361e+00
1.100578033093876140e+00
1.099310146241059050e+00
1.098921190365563572e+00
1.097424298455082603e+00
1.096649336795478602e+00
1.094867686017797936e+00
1.093781907362166628e+00
1.092892429658023579e+00
1.092355348357493261e+00
1.090787688374967646e+00
1.089158432965353196e+00
1.087968559554049142e+00
1.087685775968245006e+00
1.087318471533434083e+00
1.086196628970734546e+00
1.085315205842204866e+00
1.084057109641748617e+00
1.083383175674709875e+00
1.082402903088158341e+00
1.080826896551041028e+00
1.079510733252672328e+00
1.078692631351904963e+00
1.078110428087271755e+00
1.077272543021144058e+00
1.076087095763273105e+00
1.075297755814208056e+00
1.074496717493113707e+00
1.073580923642518448e+00
1.072724326320529276e+00
1.072673100119227119e+00
1.071559859841562323e+00
1.071378181676628349e+00
1.069335059249763242e+00
1.068905822859942845e+00
1.068067232877643935e+00
1.067592644927793488e+00
1.067010164884026224e+00
1.066461437054342820e+00
1.066051673954584889e+00
1.064684304718037877e+00
1.063626462921941407e+00
1.063299502746300806e+00
1.063005337409727469e+00
1.061934020070453233e+00
1.061476226588009553e+00
1.060985902636715439e+00
1.060746684832418518e+00
1.060240680440990957e+00
1.059384631661295151e+00
1.059025366157717363e+00
1.058071515250003758e+00
1.057567893780219981e+00
1.057216404978702728e+00
1.056931812375435875e+00
1.056214470766432045e+00
1.055425674378160483e+00
1.054935464134955536e+00
1.054356742445138106e+00
1.053910589478862514e+00
1.053204365129699838e+00
1.052830585006941044e+00
1.052604480141135390e+00
1.051560774205821946e+00
1.051108521044348931e+00
1.050748620770770358e+00
1.050505987299586996e+00
1.049880432313777368e+00
1.049721138051311842e+00
1.049383629412421692e+00
1.049055214034022576e+00
1.048651593775703939e+00
1.047762527881004102e+00
1.047688682738182164e+00
1.046980493559410919e+00
1.046075242081951018e+00
1.045941005419518399e+00
1.045569775134158830e+00
1.045465837372046236e+00
1.045038354887252607e+00
1.044240960833227039e+00
1.043931617443127013e+00
1.043265954367455395e+00
1.043117209078705532e+00
1.042591310347419808e+00
1.042388907253735564e+00
1.041798478035028230e+00
1.041705879454559946e+00
1.041152886380452447e+00
1.040259549606269429e+00
1.040076945159327915e+00
1.039807551611433567e+00
1.039317543024876889e+00
1.039222490741782856e+00
1.038947204441099670e+00
1.038701603524733397e+00
1.037997051991083275e+00
1.037694289660888280e+00
1.037534801950362073e+00
1.037256640073170866e+00
1.037038180746700178e+00
1.036697980117627260e+00
1.036407375010504728e+00
1.035858597141974258e+00
1.035662342186880691e+00
1.035289758405970151e+00
1.034921928568282468e+00
1.034859392122115640e+00
1.034692435058075954e+00
1.034434795510085658e+00
1.034172959376783218e+00
1.033936360794953213e+00
1.033670909834330631e+00
1.033455085260866380e+00
1.033227658237489965e+00
1.032778512623527600e+00
1.032505067654440278e+00
1.032098330873304937e+00
1.031820281455828603e+00
1.031626537291309154e+00
1.031468907196010143e+00
1.031325830422654466e+00
1.030997434078495978e+00
1.030867219133047685e+00
1.030622489366662009e+00
1.030438387843807924e+00
1.029880651302771621e+00
1.029850483519463955e+00
1.029732657794770967e+00
1.029522230215826228e+00
1.029259787682706317e+00
1.028753619156400179e+00
1.028492594021811035e+00
1.028272399902424139e+00
1.028039712367422753e+00
1.027958007869820500e+00
1.027818076673590042e+00
1.027481002382329534e+00
1.027461336334496655e+00
1.027379000472052439e+00
1.027219851353210256e+00
1.027071414274245864e+00
1.026770345866200307e+00
1.026315896879306244e+00
1.026174499669706197e+00
1.026020446975430600e+00
1.025865395245281864e+00
1.025769912639996617e+00
1.025287992171270757e+00
1.025052637445766912e+00
1.024961637794764568e+00
1.024928559948646623e+00
1.024650273185781835e+00
1.024305997927041911e+00
1.024172191618325289e+00
1.024069544171083868e+00
1.023903837388549842e+00
1.023694643136160431e+00
1.023636835713899629e+00
1.023501850753600895e+00
1.023363881029514033e+00
1.023197242021314679e+00
1.023008950022218144e+00
1.022890477313563196e+00
1.022843996751636730e+00
1.022526577957980853e+00
1.022491672032162846e+00
1.022327423339830954e+00
1.022095028187181676e+00
1.021964934937674707e+00
1.021838423718073763e+00
1.021680795621789928e+00
1.021273115519519825e+00
1.021162335920968722e+00
1.020948781712662345e+00
1.020881573113660012e+00
1.020799204187558429e+00
1.020654159610584255e+00
1.020574397375097808e+00
1.020448926977814530e+00
1.020120303586286914e+00
1.020065524131234858e+00
1.019905409653867556e+00
1.019684552540616185e+00
1.019663595124051580e+00
1.019560291481929726e+00
1.019452668018129948e+00
1.019360481529965501e+00
1.019248328895903999e+00
1.019158833252311824e+00
1.019023130505237296e+00
1.018909761136070458e+00
1.018666165774255283e+00
1.018505454009054345e+00
1.018412409039211930e+00
1.018220190477008957e+00
1.018159091578078490e+00
1.018082626708496141e+00
1.017973293822159730e+00
1.017865940755453780e+00
1.017734478173468293e+00
1.017605505480337458e+00
1.017418502845236050e+00
1.017282136615945243e+00
1.017247688507481929e+00
1.017064020336487573e+00
1.016963448749451659e+00
1.016903667734856853e+00
1.016852192653072029e+00
1.016687141861278620e+00
1.016546572987718555e+00
1.016450508593236490e+00
1.016340733297618870e+00
1.016233945029632268e+00
1.015970564972828560e+00
1.015956142820297003e+00
1.015884502175999016e+00
1.015817615326984669e+00
1.015690291319781169e+00
1.015578459723289084e+00
1.015420801832233044e+00
1.015331546197705714e+00
1.015223747782868946e+00
1.015172595470388739e+00
1.015003572323475156e+00
1.014992556475183605e+00
1.014904736581965672e+00
1.014850209802393710e+00
1.014751825841419874e+00
1.014625523782637373e+00
1.014475086816143179e+00
1.014397226149439613e+00
1.014314095171479302e+00
1.014244808832267530e+00
1.014143981089163704e+00
1.014040049479622674e+00
1.013891101204353440e+00
1.013846919931692847e+00
1.013721742591753516e+00
1.013695594298504421e+00
1.013516343955357168e+00
1.013492109388625551e+00
1.013425655098876721e+00
1.013262360796215678e+00
1.013249842140662604e+00
1.013237245339355885e+00
1.012961673761604953e+00
1.012932658194423352e+00
1.012814084018606620e+00
1.012791546213103411e+00
1.012649409136295642e+00
1.012518214027907426e+00
1.012496431102650973e+00
1.012386017896494073e+00
1.012328023322797366e+00
1.012268696871124529e+00
1.012196342248087522e+00
1.012115024095559646e+00
1.012035374524286269e+00
1.011981021583948426e+00
1.011916555144426022e+00
1.011798699010076463e+00
1.011736100618546352e+00
1.011682807165056541e+00
1.011606475366109370e+00
1.011574098158178003e+00
1.011489967133986756e+00
1.011430105023894521e+00
1.011401489740020088e+00
1.011298645901978599e+00
1.011246956118615703e+00
1.011206794813835907e+00
1.011068804806383170e+00
1.011034589837868980e+00
1.010918679794909236e+00
1.010881769604226488e+00
1.010814219866490227e+00
1.010793971315850470e+00
1.010743589021253275e+00
1.010649612629375804e+00
1.010616531716295174e+00
1.010554828375032077e+00
1.010412494486016444e+00
1.010365641139282289e+00
1.010345034192909885e+00
1.010274078712383394e+00
1.010258345534759794e+00
1.010137101196374676e+00
1.010118185312216754e+00
1.010017493573790892e+00
1.009948389194434304e+00
1.009897501817342613e+00
1.009850823561529554e+00
1.009787467713021636e+00
1.009737828428459938e+00
1.009702555277591784e+00
1.009683188984930924e+00
1.009644739270953329e+00
1.009611525561963097e+00
1.009470097147984635e+00
1.009459376170096956e+00
1.009332859529965765e+00
1.009306598003133715e+00
1.009298266406460698e+00
1.009285521583240142e+00
1.009225466632297508e+00
1.009184335704288449e+00
1.009135210365400770e+00
1.009062315738031845e+00
1.009027661238977691e+00
1.008942903123632107e+00
1.008919327413750011e+00
1.008847020782051906e+00
1.008818911447940225e+00
1.008785186051125438e+00
1.008765698086254270e+00
1.008662945186626470e+00
1.008620983716441488e+00
1.008598501679667025e+00
1.008535116343715510e+00
1.008497042777179331e+00
1.008445029720319353e+00
1.008298917686931695e+00
1.008268226886777530e+00
1.008257403126888496e+00
1.008238168490757092e+00
1.008217327866665292e+00
1.008163736417592160e+00
1.008133242716157785e+00
1.008044430664834623e+00
1.008015815042827557e+00
1.007991764204109630e+00
1.007960202365663749e+00
1.007890276584815670e+00
1.007865730651310354e+00
1.007827960348500529e+00
1.007807157333872050e+00
1.007767581542384328e+00
1.007752481893800178e+00
1.007703593920062035e+00
1.007663381651648482e+00
1.007626105763941959e+00
1.007612948583026302e+00
1.007543508092426876e+00
1.007511162126518034e+00
1.007458089315766303e+00
1.007438889130575665e+00
1.007377532391169783e+00
1.007358100252280675e+00
1.007294581236468645e+00
1.007265922809256198e+00
1.007252919184841167e+00
1.007195819669961745e+00
1.007162251728549895e+00
1.007132499103326140e+00
1.007118221123332269e+00
1.007071252789329296e+00
1.007042377666728994e+00
1.007032364318546369e+00
1.006953642174340136e+00
1.006928709197571381e+00
1.006860203166038970e+00
1.006808078114971083e+00
1.006788366632078269e+00
1.006763758108745854e+00
1.006707937641802442e+00
1.006700651888508657e+00
1.006658310929589906e+00
1.006630109246944516e+00
1.006596162979070730e+00
1.006503253576635837e+00
1.006479596368408780e+00
1.006435333467777582e+00
1.006406794396006665e+00
1.006371178858042059e+00
1.006346694462552982e+00
1.006316675772857439e+00
1.006293958905719599e+00
1.006270302568228248e+00
1.006216880864837071e+00
1.006210056596364755e+00
1.006138841811905271e+00
1.006125091130727567e+00
1.006106809655862300e+00
1.006101446776287434e+00
1.006054401902253259e+00
1.006019475242376338e+00
1.006001942285603468e+00
1.005977841823388008e+00
1.005902812940559388e+00
1.005871562829559585e+00
1.005818041875893520e+00
1.005805583125545910e+00
1.005784879467192638e+00
1.005751257426795275e+00
1.005740182733494636e+00
1.005728464532136934e+00
1.005694881181680822e+00
1.005675375895175083e+00
1.005659928875364706e+00
1.005572044797406805e+00
1.005535172008607647e+00
1.005509191802902880e+00
1.005466889478691783e+00
1.005432319684020470e+00
1.005411771399104648e+00
1.005368428500892142e+00
1.005343075695310784e+00
1.005330328722376709e+00
1.005298124567976181e+00
1.005223120167940021e+00
1.005210979735742027e+00
1.005180902337507787e+00
1.005170280534037008e+00
1.005158950658959105e+00
1.005128008324901678e+00
1.005124063644867949e+00
1.005091132236060503e+00
1.005068575837807288e+00
1.005037100081991097e+00
1.005017063513513387e+00
1.004983958341717498e+00
1.004970191453257389e+00
1.004937975932556515e+00
1.004907996244148727e+00
1.004880443714330829e+00
1.004849099965114290e+00
1.004828945378031690e+00
1.004779807839004446e+00
1.004764223278878932e+00
1.004719076865778993e+00
1.004700245202189368e+00
1.004676604257248140e+00
1.004658930602131628e+00
1.004632461390046583e+00
1.004619410399369972e+00
1.004586580016323172e+00
1.004576978070724547e+00
1.004555545153877238e+00
1.004525163797493903e+00
1.004495261111896909e+00
1.004485972045327857e+00
1.004459536798145480e+00
1.004431572208707824e+00
1.004398962819256891e+00
1.004387287382278782e+00
1.004364435268470190e+00
1.004325678677423728e+00
1.004313117124112642e+00
1.004301039430009590e+00
1.004280103812539071e+00
1.004243441669093517e+00
1.004225631754997572e+00
1.004207177620847657e+00
1.004187014695538949e+00
1.004167068316568434e+00
1.004146457751334376e+00
1.004139941712351769e+00
1.004097980983885030e+00
1.004082567288107741e+00
1.004044173599028422e+00
1.004037635552478935e+00
1.004034269473333296e+00
1.003945898267914805e+00
1.003928795942034435e+00
1.003922208068159572e+00
1.003898733521159325e+00
1.003875204348029682e+00
1.003873205809975522e+00
1.003851724640508314e+00
1.003819418660678364e+00
1.003807881601254559e+00
1.003785864953125495e+00
1.003762701442276306e+00
1.003751468432089622e+00
1.003739952503928556e+00
1.003716302856072051e+00
1.003701231456488596e+00
1.003679869456360452e+00
1.003662223020360678e+00
1.003651744498260223e+00
1.003620076105108394e+00
1.003592709536629268e+00
1.003586586700548455e+00
1.003582934181719288e+00
1.003577204502625664e+00
1.003539899998867835e+00
1.003516197417144262e+00
1.003502354100706206e+00
1.003488544743517119e+00
1.003481385685314864e+00
1.003462350014117321e+00
1.003444354959654117e+00
1.003428949731445030e+00
1.003421648541808819e+00
1.003395044465171138e+00
1.003380692641938410e+00
1.003369866101978980e+00
1.003342302253773521e+00
1.003322882622118106e+00
1.003312149023528166e+00
1.003297591088136764e+00
1.003285262997883009e+00
1.003261779159533074e+00
1.003247114535052331e+00
1.003232095856131156e+00
1.003213639197779727e+00
1.003199833048041612e+00
1.003170061412718139e+00
1.003161255113515171e+00
1.003156685556836791e+00
1.003136239526369433e+00
1.003136102341305014e+00
1.003115643687638059e+00
1.003112914846846948e+00
1.003080520044839608e+00
1.003074729789017905e+00
1.003072710075531893e+00
1.003057205902800009e+00
1.003047464112425402e+00
1.003036896841183134e+00
1.003027020221273435e+00
1.003014664791749944e+00
1.002992997682659704e+00
1.002972576944324512e+00
1.002961291047968384e+00
1.002937875451896943e+00
1.002925997265483593e+00
1.002906243637623040e+00
1.002905207154072942e+00
1.002879641039772896e+00
1.002863989054284310e+00
1.002829553778618488e+00
1.002817522111671522e+00
1.002806031536291664e+00
1.002794871964417300e+00
1.002779729361228167e+00
1.002773056905786664e+00
1.002768551215761805e+00
1.002756704742545191e+00
1.002748607937638425e+00
1.002721750961296454e+00
1.002702147808970823e+00
1.002689810401668602e+00
1.002672114057690189e+00
1.002663701516834260e+00
1.002649426487109752e+00
1.002646627942501478e+00
1.002628428455204279e+00
1.002622859521924203e+00
1.002604107945995970e+00
1.002597993255137654e+00
1.002594670557314327e+00
1.002582854553014435e+00
1.002572609467316633e+00
1.002551546796131676e+00
1.002546273240979779e+00
1.002522995383111626e+00
1.002516049892579808e+00
1.002501737558661787e+00
1.002494002400994733e+00
1.002486400999219596e+00
1.002474649993593259e+00
1.002441447800696217e+00
1.002437227768566252e+00
1.002432898635025715e+00
1.002400106598520635e+00
1.002389806180409293e+00
1.002381481620008064e+00
1.002372002960308262e+00
1.002367220247053270e+00
1.002352972127207975e+00
1.002349010788634587e+00
1.002328830020017048e+00
1.002316455666222073e+00
1.002306049319135361e+00
1.002302775978925586e+00
1.002289204292118985e+00
1.002277414519630483e+00
1.002265284546663082e+00
1.002249572279305445e+00
1.002238353890422262e+00
1.002213786693866293e+00
1.002206244722501527e+00
1.002197923938325852e+00
1.002184005502450237e+00
1.002173876407835174e+00
1.002164389836985636e+00
1.002146285394790226e+00
1.002135042631655537e+00
1.002131428020085702e+00
1.002123111966311653e+00
1.002117897181335593e+00
1.002098944797371605e+00
1.002091533719596361e+00
1.002076519722426395e+00
1.002066908537533774e+00
1.002055424050974031e+00
1.002044341689840579e+00
1.002032336343241070e+00
1.002022129966905872e+00
1.002013537729570025e+00
1.002004003052381353e+00
1.001991818994989014e+00
1.001984061215202226e+00
1.001976735699767307e+00
1.001959833386003362e+00
1.001953518105545227e+00
1.001943775611708887e+00
1.001925231403032246e+00
1.001918664279734639e+00
1.001911157931121732e+00
1.001906017212300659e+00
1.001897370962027800e+00
1.001891700948277508e+00
1.001880213829873023e+00
1.001866970148581171e+00
1.001854133557823712e+00
1.001847246094118571e+00
1.001840440184874614e+00
1.001839878707787346e+00
1.001822431417987325e+00
1.001800026204244798e+00
1.001797344429404601e+00
1.001789970397821694e+00
1.001784077310935883e+00
1.001778234267338030e+00
1.001767620570136019e+00
1.001762689320875754e+00
1.001751401624392690e+00
1.001739053935536417e+00
1.001733024523125737e+00
1.001730470793816385e+00
1.001717282881625204e+00
1.001713769066630677e+00
1.001709846126544790e+00
1.001698719445122787e+00
1.001686482263127509e+00
1.001679070436185093e+00
1.001671637004519555e+00
1.001669648001870083e+00
1.001658113530752070e+00
1.001650972721205068e+00
1.001646605254174149e+00
1.001632365538102087e+00
1.001624121516654586e+00
1.001620711609308323e+00
1.001608734056898653e+00
1.001599534633941246e+00
1.001593853381158139e+00
1.001590742994063143e+00
1.001582093239151927e+00
1.001576155888849629e+00
1.001572370609383533e+00
1.001558717937239829e+00
1.001554760835443592e+00
1.001538880119327457e+00
1.001533344447633755e+00
1.001513418909344422e+00
1.001506660720194120e+00
1.001500841108638573e+00
1.001474871545256606e+00
1.001471138550875439e+00
1.001465416079972082e+00
1.001459218204647783e+00
1.001454280383149653e+00
1.001449105428450004e+00
1.001447818814554580e+00
1.001442199692841761e+00
1.001432937446162130e+00
1.001417600094245630e+00
1.001411066050176490e+00
1.001406512064684007e+00
1.001399870952169202e+00
1.001392703628668057e+00
1.001392059589834460e+00
1.001389698013388951e+00
1.001382058670839736e+00
1.001379464526029661e+00
1.001371979942129675e+00
1.001364338498521134e+00
1.001347182910352407e+00
1.001343226065557923e+00
1.001336032128660625e+00
1.001329450201818183e+00
1.001322782633086383e+00
1.001318437084916635e+00
1.001313256815417718e+00
1.001303232549490607e+00
1.001300693062891378e+00
1.001293347635576980e+00
1.001285566304319641e+00
1.001281237835925264e+00
1.001264058881799368e+00
1.001254407360444798e+00
1.001251113885230470e+00
1.001244436212931355e+00
1.001241101660429456e+00
1.001234142307990460e+00
1.001227430451901768e+00
1.001224745208453504e+00
1.001213984631725396e+00
1.001203238528089567e+00
1.001196682998816812e+00
1.001192579672345540e+00
1.001184740199875023e+00
1.001179625423312736e+00
1.001177834681981293e+00
1.001166783251180803e+00
1.001162707537474050e+00
1.001151087815967289e+00
1.001143822078401024e+00
1.001140775841939501e+00
1.001136348432886569e+00
1.001132459378755613e+00
1.001124653722033520e+00
1.001118789139467280e+00
1.001105116585240040e+00
1.001096196680859141e+00
1.001094658969044371e+00
1.001088141434010481e+00
1.001075312505405712e+00
1.001072480737204451e+00
1.001070791445767716e+00
1.001059736458818072e+00
1.001054815284563748e+00
1.001045342261246640e+00
1.001043719982310787e+00
1.001036042417420946e+00
1.001032288332250664e+00
1.001013151293709047e+00
1.001011673175805639e+00
1.001009274275356908e+00
1.001006934323092956e+00
1.000999796452956447e+00
1.000992180593779368e+00
1.000988461451729927e+00
1.000983589682766572e+00
1.000979165453060871e+00
1.000972537832099052e+00
1.000970963841959938e+00
1.000968059604029792e+00
1.000959183561428434e+00
1.000950767081157267e+00
1.000940767122331154e+00
1.000930891682024093e+00
1.000929720253042055e+00
1.000924353411727141e+00
1.000921769903066361e+00
1.000916908368873370e+00
1.000915653554857565e+00
1.000911646931669896e+00
1.000903412829118766e+00
1.000898250402686651e+00
1.000892058621115632e+00
1.000890547867380409e+00
1.000887044450117447e+00
1.000884364460944198e+00
1.000877930865086807e+00
1.000873066868809502e+00
1.000863721480579560e+00
1.000861626089119660e+00
1.000854969409103790e+00
1.000844357765363624e+00
1.000843067418067722e+00
1.000838639967192467e+00
1.000837254913490071e+00
1.000828343763799033e+00
1.000825425172248151e+00
1.000816498752451933e+00
1.000813702610751976e+00
1.000808900507253574e+00
1.000802264182920398e+00
1.000796654984019929e+00
1.000791559111352091e+00
1.000789003232359198e+00
1.000787352043544631e+00
1.000782534280214353e+00
1.000777455766284296e+00
1.000769549466139496e+00
1.000765758145578443e+00
1.000759904031884862e+00
1.000751383372024739e+00
1.000749490660182595e+00
1.000744810401454687e+00
1.000741841344131577e+00
1.000737375433508713e+00
1.000733877970501284e+00
1.000731135246440751e+00
1.000727301515968115e+00
1.000724944430595009e+00
1.000721966450266454e+00
1.000718649370512692e+00
1.000714999218295542e+00
1.000708505528984160e+00
1.000702175148808326e+00
1.000693960383361780e+00
1.000692949930919617e+00
1.000687078417758391e+00
1.000685206359989587e+00
1.000682048623053655e+00
1.000680372701563847e+00
1.000677693623589937e+00
1.000674052081001131e+00
1.000671952514674556e+00
1.000670302497696174e+00
1.000667249827358551e+00
1.000663783393747730e+00
1.000661163730148795e+00
1.000659460134023071e+00
1.000653619884324774e+00
1.000653534334560169e+00
1.000650898523979482e+00
1.000649343601541119e+00
1.000642255721879259e+00
1.000635799905564172e+00
1.000633149650151932e+00
1.000628892749368282e+00
1.000622724063484403e+00
1.000620303133985090e+00
1.000612486376109000e+00
1.000607127472705749e+00
1.000606846507587244e+00
1.000606177168563038e+00
1.000600521403329779e+00
1.000598612490309236e+00
1.000597046370941934e+00
1.000592810422681778e+00
1.000587373392646695e+00
1.000585548238307698e+00
1.000580940762237692e+00
1.000579907511216504e+00
1.000578377982912048e+00
1.000574041836983508e+00
1.000570591137462495e+00
1.000569399310807794e+00
1.000566850436200417e+00
1.000565282712512660e+00
1.000556215375156377e+00
1.000553905753679862e+00
1.000552473836205047e+00
1.000549586849922790e+00
1.000548067610564251e+00
1.000545658836025531e+00
1.000542445478228570e+00
1.000538541390367353e+00
1.000536759830426670e+00
1.000536113315277253e+00
1.000528873751278969e+00
1.000522833800430167e+00
1.000521467937044440e+00
1.000517173366607171e+00
1.000512929767489068e+00
1.000505997014753179e+00
1.000504867646162754e+00
1.000501093836438926e+00
1.000496635408917534e+00
1.000494131773881801e+00
1.000490399029094979e+00
1.000484512601975906e+00
1.000477955464995850e+00
1.000474953862012795e+00
1.000472571991811055e+00
1.000467060266104102e+00
1.000464344091204882e+00
1.000459028999994615e+00
1.000458013897463250e+00
1.000457767121542663e+00
1.000449064089193651e+00
1.000444749087094243e+00
1.000441770200497960e+00
1.000440368468362928e+00
1.000435847341758278e+00
1.000434617231912737e+00
1.000434286523525840e+00
1.000432535678463131e+00
1.000426470606089024e+00
1.000424820378943647e+00
1.000418627468119936e+00
1.000413849022697033e+00
1.000413253626326604e+00
1.000412220929825624e+00
1.000409306435716461e+00
1.000407707501189680e+00
1.000405319288272477e+00
1.000403902135756917e+00
1.000401772432779612e+00
1.000401197531199937e+00
1.000392808647068810e+00
1.000389036378366958e+00
1.000386779495070488e+00
1.000385635747331525e+00
1.000382181492689204e+00
1.000378277663980242e+00
1.000377366512608779e+00
1.000374047949680323e+00
1.000373739690797015e+00
1.000368978757140592e+00
1.000367501898146383e+00
1.000366466991928105e+00
1.000361806623288663e+00
1.000361696371983244e+00
1.000359101568911502e+00
1.000355916037416470e+00
1.000352916244702239e+00
1.000349026496898830e+00
1.000348155822557317e+00
1.000345749042976795e+00
1.000344920126061687e+00
1.000342113496591079e+00
1.000340548729880208e+00
1.000338822091154212e+00
1.000336340096810828e+00
1.000332941844760626e+00
1.000328894225896548e+00
1.000323555465636449e+00
1.000321536070112760e+00
1.000317083721044886e+00
1.000315351493676896e+00
1.000313071309290480e+00
1.000312464485392239e+00
1.000311139620090994e+00
1.000305599018572744e+00
1.000304848967175531e+00
1.000301827479747274e+00
1.000299631414002910e+00
1.000297051743009424e+00
1.000293341726491869e+00
1.000292732980932131e+00
1.000291031434617395e+00
1.000286990786539487e+00
1.000286108797491025e+00
1.000282640845134408e+00
1.000281710207766128e+00
1.000276064761054240e+00
1.000275477491905374e+00
1.000275130077897368e+00
1.000274381401434987e+00
1.000269014503877285e+00
1.000265104664320948e+00
1.000263010862767921e+00
1.000261666814229677e+00
1.000260495921161619e+00
1.000258304969316780e+00
1.000249799252416638e+00
1.000248649272045265e+00
1.000247563372195447e+00
1.000247399850618724e+00
1.000246895083408027e+00
1.000243655430766543e+00
1.000243253955407807e+00
1.000243034778513174e+00
1.000238175259604345e+00
1.000236108775119259e+00
1.000235015356040202e+00
1.000234264775952120e+00
1.000231225647655764e+00
1.000227653758636537e+00
1.000226568807866201e+00
1.000223916314798789e+00
1.000218801655132106e+00
1.000214263179825869e+00
1.000210483741376999e+00
1.000209835897229560e+00
1.000208737317427099e+00
1.000208080430742941e+00
1.000207607709457491e+00
1.000207064299436288e+00
1.000206117145300277e+00
1.000202963978810589e+00
1.000201723442927904e+00
1.000200228623603582e+00
1.000200087804372195e+00
1.000198156807081684e+00
1.000198087947115733e+00
1.000196943132471539e+00
1.000195922195529219e+00
1.000195152882954019e+00
1.000191668319410088e+00
1.000188446276357279e+00
1.000187557757607149e+00
1.000186146141020860e+00
1.000185560089601466e+00
1.000182376297621412e+00
1.000181050628023760e+00
1.000177597765784077e+00
1.000176765525581990e+00
1.000176597819900648e+00
1.000172953351948779e+00
1.000170977127348815e+00
1.000169868882818447e+00
1.000168955132043846e+00
1.000166450445584498e+00
1.000165026543273106e+00
1.000162779841248684e+00
1.000161989800853801e+00
1.000161025164079343e+00
1.000160703302580556e+00
1.000159151627736609e+00
1.000157942791176202e+00
1.000156475152332636e+00
1.000154188024179547e+00
1.000152235207524498e+00
1.000150670463314295e+00
1.000148960144589871e+00
1.000148519683605963e+00
1.000146678739277650e+00
1.000146116306460220e+00
1.000145952408578509e+00
1.000141099081086837e+00
1.000139272821104264e+00
1.000138738937866645e+00
1.000137173764400478e+00
1.000137078613160480e+00
1.000134828099566775e+00
1.000133763174393842e+00
1.000130706835733463e+00
1.000128927461042982e+00
1.000127560328864185e+00
1.000126833365329482e+00
1.000126687660362945e+00
1.000124027790761483e+00
1.000123840209632409e+00
1.000123229557006610e+00
1.000122855821198531e+00
1.000121451642193904e+00
1.000119741194329670e+00
1.000118068337767951e+00
1.000116419807835833e+00
1.000114920328568635e+00
1.000113608892513772e+00
1.000110087113361246e+00
1.000109468462799134e+00
1.000108874396586911e+00
1.000105894487831160e+00
1.000103535827539636e+00
1.000100082139919078e+00
1.000096658422421125e+00
1.000095621120993039e+00
1.000095087252874437e+00
1.000094933920622653e+00
1.000093921262113383e+00
1.000093216974689003e+00
1.000092713296879543e+00
1.000092193793141737e+00
1.000092113883139788e+00
1.000091495665924812e+00
1.000091216034355579e+00
1.000090735853138568e+00
1.000090232549492697e+00
1.000087803205544246e+00
1.000086612335191694e+00
1.000085624908852555e+00
1.000084835510088643e+00
1.000084149360438435e+00
1.000083604366692525e+00
1.000078239895575649e+00
1.000077512816520464e+00
1.000076055323980695e+00
1.000075797226936070e+00
1.000074473207122283e+00
1.000073582237606562e+00
1.000072398058508227e+00
1.000071323027220016e+00
1.000070043845219248e+00
1.000069487230268006e+00
1.000068656670147549e+00
1.000066607730504042e+00
1.000066577079580465e+00
1.000065562211924330e+00
1.000064848605134227e+00
1.000063689985325022e+00
1.000060200405888722e+00
1.000060072052613824e+00
1.000058728292201771e+00
1.000058527732800906e+00
1.000057585796188642e+00
1.000057305602161550e+00
1.000056339654339155e+00
1.000055383927222818e+00
1.000054799002161099e+00
1.000052932529700511e+00
1.000052820176366097e+00
1.000050094398539757e+00
1.000049798398408685e+00
1.000049054400560689e+00
1.000045803663123456e+00
1.000045788846336992e+00
1.000045253756911334e+00
1.000044053489014262e+00
1.000042800003172028e+00
1.000040338777408389e+00
1.000039663918292687e+00
1.000036968406363691e+00
1.000036554157432755e+00
1.000035653050635354e+00
1.000035342668693428e+00
1.000034503632938110e+00
1.000034250764878951e+00
1.000031039734818661e+00
1.000030681794962462e+00
1.000029050162806854e+00
1.000026017441249415e+00
1.000025662590430464e+00
1.000025609911675106e+00
1.000025124522911479e+00
1.000024164519995429e+00
1.000023732807658217e+00
1.000021768307770564e+00
1.000021431639031899e+00
1.000019900976307108e+00
1.000018995866267302e+00
1.000017021041550658e+00
1.000016584782120077e+00
1.000016210839053565e+00
1.000015896417865813e+00
1.000014766032923275e+00
1.000013829501742224e+00
1.000013664618908171e+00
1.000013425014106172e+00
1.000011149168996250e+00
1.000010946914017707e+00
1.000010042219957151e+00
1.000009700685723146e+00
1.000009474548634092e+00
1.000008588698432233e+00
1.000008271947500083e+00
1.000007271058150682e+00
1.000006490992146890e+00
1.000005953035305595e+00
1.000004461670365830e+00
1.000003318820986475e+00
1.000002826515959065e+00
1.000001186399763764e+00
9.999980722651097276e-01
9.999974697174870419e-01
9.999970372686817210e-01
9.999950977351724779e-01
9.999939716086382324e-01
9.999921770554661693e-01
9.999900821734821754e-01
9.999900239482724107e-01
9.999895728047913934e-01
9.999884975642412410e-01
9.999795719890642864e-01
9.999793349699676037e-01
9.999771806548095610e-01
9.999722710977212436e-01
9.999701518017902746e-01
9.999697166773579005e-01
9.999658222373560834e-01
9.999651249635186367e-01
9.999630653441451411e-01
9.999562082539041885e-01
9.999520672056190218e-01
9.999516387465811063e-01
9.999477761428506861e-01
9.999470812739436054e-01
9.999423555494444393e-01
9.999326926358053091e-01
9.999293147372563251e-01
9.999244025132184577e-01
9.999239519711425883e-01
9.999040558363880837e-01
9.999023028446190064e-01
9.998866219076592010e-01
9.998849627934701667e-01
9.998627527392944803e-01
9.998604776543266182e-01
9.998551123524901385e-01
9.998230238101337708e-01
9.998211617434382692e-01
9.998202855628095520e-01
9.998189244035089462e-01
9.998144207593088195e-01
9.998067233560187228e-01
9.998031759915614325e-01
9.997712852591569277e-01
9.997578914420166551e-01
9.997519645934151988e-01
9.997485608806191415e-01
9.997328763282646857e-01
9.997274979654102722e-01
9.997048457251619391e-01
9.996952228572293375e-01
9.996879930677220472e-01
9.996856793753031711e-01
9.996442054767611385e-01
9.996340018808452799e-01
9.995859626869892933e-01
9.995840809042386699e-01
9.995784754398703287e-01
9.995668555958431289e-01
9.995653256965494338e-01
9.995534908281454856e-01
9.995361133163495060e-01
9.994759288060000024e-01
9.994309434150341342e-01
9.994132435945615178e-01
9.994089917669692902e-01
9.993407533678650978e-01
9.992974431814617420e-01
9.992872747291197122e-01
9.992568516113048416e-01
9.992492472400055226e-01
9.992013492858854429e-01
9.990964724566666622e-01
9.990746852441725334e-01
9.990235547812418293e-01
9.990156183685103830e-01
9.986787056518561245e-01
9.984919349460643634e-01
9.984857507556632594e-01
9.983665522699575190e-01
9.982784618205613469e-01
9.980720440488883849e-01
9.978370870164406936e-01
9.972039825643711497e-01
