5.366469761469368823e+05
2.293390184529238322e+05
2.196183376178579638e+05
9.781689629767769657e+04
8.059015096662874566e+04
5.890555921285650402e+04
4.247415805735178583e+04
3.588629025265752716e+04
3.017573432648726521e+04
3.005606444739879953e+04
1.903534249662231014e+04
1.800627416169700882e+04
1.716183779560859330e+04
1.540977778177201617e+04
1.106392880531172887e+04
1.053950445536926782e+04
9.412138103403582136e+03
8.849599027357189698e+03
8.230899909296371334e+03
7.294833353512241047e+03
6.763544388199198693e+03
5.963278851728483460e+03
5.460228343792667147e+03
5.134403485525040196e+03
4.863675240861962266e+03
4.674395561915810504e+03
4.230172899160284942e+03
3.770547550529634918e+03
3.360208129640170228e+03
3.201833063910558849e+03
3.031717544108698803e+03
2.878505928949960435e+03
2.812922729162093219e+03
2.678484444005308887e+03
2.346612782918713947e+03
2.263962927141845739e+03
2.211704864091752825e+03
2.142851883913863730e+03
1.930267851250108379e+03
1.900695178958712404e+03
1.789164622937255444e+03
1.745127644083760742e+03
1.647516765556381415e+03
1.581185026550890598e+03
1.551079188450487209e+03
1.327610066233367434e+03
1.304369380497568500e+03
1.257769175051534830e+03
1.200121927385473327e+03
1.179410441122241991e+03
1.165075562214840147e+03
1.137741387480136382e+03
1.042194004703179871e+03
9.924486648579298844e+02
9.499850677572994755e+02
9.314526273137582848e+02
9.175402501290870987e+02
8.395654294389119059e+02
8.239558077641827367e+02
8.099546456975098181e+02
7.939397099007226188e+02
7.737313583598831883e+02
7.591931503952696403e+02
7.218903215547725267e+02
7.072446267163671791e+02
6.699278135395887830e+02
6.304567556357582134e+02
5.920853915797013087e+02
5.786292834217341579e+02
5.756366213440458068e+02
5.535810834950362960e+02
5.506767552920997559e+02
5.355137692494181465e+02
5.256014489150762756e+02
5.052582272074060370e+02
4.816750274350329164e+02
4.744345964623482246e+02
4.612693571479231878e+02
4.425203930249248856e+02
4.301859967604880239e+02
4.142091159331623089e+02
4.072718796419919158e+02
4.008482258542790646e+02
3.985636356475453681e+02
3.848023720610432861e+02
3.819472084996916692e+02
3.742386296245863377e+02
3.586345547870646442e+02
3.515706370524140993e+02
3.394847988140512598e+02
3.279240462422286555e+02
3.229781268166738073e+02
3.060774061309771241e+02
3.032887303314116139e+02
2.953286610235241483e+02
2.914197226584644227e+02
2.890717399586662850e+02
2.801651161846165223e+02
2.777747927821318967e+02
2.723733897546099456e+02
2.683504795399143177e+02
2.620878034463775634e+02
2.527451589882831513e+02
2.421681590908405042e+02
2.399959275251939630e+02
2.291489803282234448e+02
2.262638287258866399e+02
2.239470934030372575e+02
2.228257187871711267e+02
2.206251430816796812e+02
2.139674073448475156e+02
2.111053769637493929e+02
2.044834255063072703e+02
2.019065724616279454e+02
1.973558162459275991e+02
1.937067881980963477e+02
1.925393588597156906e+02
1.872630554428176879e+02
1.856563502644145558e+02
1.792566671307133390e+02
1.759123948900455332e+02
1.686911865461379705e+02
1.658291232905743868e+02
1.643651263216087557e+02
1.616944871761182583e+02
1.606691991436285036e+02
1.580404286275720267e+02
1.563536720498543104e+02
1.522399822046175188e+02
1.502293575851654168e+02
1.474056880199794648e+02
1.451470789615913759e+02
1.395722422765246051e+02
1.362106555213129297e+02
1.345132645515839442e+02
1.321742756786875646e+02
1.307265971505285052e+02
1.292985440498394212e+02
1.270925829870190853e+02
1.260909645737649214e+02
1.243646121520453249e+02
1.212945399850135146e+02
1.198558860456497115e+02
1.174760537593217009e+02
1.156203988928788391e+02
1.151002905558088969e+02
1.147415030948749290e+02
1.105422106567386180e+02
1.098588006992997208e+02
1.073146609126776241e+02
1.046565962136819365e+02
1.016229379165486364e+02
1.008774599550669819e+02
9.887051872489865900e+01
9.830417493569265730e+01
9.790961905298124179e+01
9.602309042573612885e+01
9.362526313722264604e+01
9.356642121136394508e+01
9.256056622792895894e+01
9.138786024762147520e+01
8.973146484032875492e+01
8.938989370538698154e+01
8.642565694689999134e+01
8.574406390712580617e+01
8.411745261962973075e+01
8.283908904936143358e+01
8.192814197355747297e+01
7.959375488624532125e+01
7.891720509665955774e+01
7.792902062356505155e+01
7.726586029412996481e+01
7.662912951417615659e+01
7.544359397620206664e+01
7.454788467160716436e+01
7.447292034724502230e+01
7.332234764253395554e+01
7.329245841666043759e+01
7.176661795925730303e+01
7.086604751921241530e+01
6.838228896087620967e+01
6.781405790141619150e+01
6.669927879524496461e+01
6.625465458255068540e+01
6.508780565840487498e+01
6.452929072029867541e+01
6.426179619988432989e+01
6.235901530964722639e+01
6.192816531452734807e+01
6.099577785897128734e+01
6.013337278616033643e+01
5.961112920423284578e+01
5.932962619371753021e+01
5.848268291886959958e+01
5.802165965623220956e+01
5.744437585405964342e+01
5.679180569425489722e+01
5.579309908401384632e+01
5.505998619470366862e+01
5.438196606930497268e+01
5.348025489610538585e+01
5.261916200441082481e+01
5.214924503742062001e+01
5.168362233442686460e+01
5.105551302112930756e+01
5.024353725317696728e+01
4.986868347033222193e+01
4.912566254720782410e+01
4.901652262404822835e+01
4.862596771939230678e+01
4.775364376676244405e+01
4.754967331544883535e+01
4.710484036278490549e+01
4.659219591604401245e+01
4.583761995234397801e+01
4.517064380369411225e+01
4.487316120121516150e+01
4.440046131347131109e+01
4.415243298269744798e+01
4.344421493064288597e+01
4.323131726457717150e+01
4.284247064721603948e+01
4.208613654111582036e+01
4.144179729321884054e+01
4.096359974383596381e+01
4.053270333978342421e+01
4.009431528723690974e+01
3.916757099897590422e+01
3.879784607829587628e+01
3.854835229793780371e+01
3.815287260137478142e+01
3.791534266596047331e+01
3.746711040373953949e+01
3.719103510034991444e+01
3.682513834725497759e+01
3.614726491745901882e+01
3.593621757799570560e+01
3.542181806348437334e+01
3.529551643321914867e+01
3.502255084504898264e+01
3.483578087095030185e+01
3.424200896688801521e+01
3.364071484525126721e+01
3.341248786210704935e+01
3.301972489191766158e+01
3.275390370130084250e+01
3.254674441871674162e+01
3.228704341196144156e+01
3.208471451567320543e+01
3.175491344068186805e+01
3.127393546568598381e+01
3.118575175974525848e+01
3.097348773574461944e+01
3.058053109287495985e+01
3.007866509341106465e+01
2.970861458323699722e+01
2.959347548947421558e+01
2.936761403509620649e+01
2.887285928452339689e+01
2.864621826863040610e+01
2.858824529123068103e+01
2.847485910812514120e+01
2.791222389364425993e+01
2.784401461699494007e+01
2.747774315566494252e+01
2.721398484484160107e+01
2.698089709301338601e+01
2.678787844528464390e+01
2.651826101353433529e+01
2.642464064940344670e+01
2.610750060572481956e+01
2.587535170538114571e+01
2.570119740526169494e+01
2.539691962561855476e+01
2.503555069132616140e+01
2.482543581477476380e+01
2.463670538289652256e+01
2.429570674809922792e+01
2.404373873618441237e+01
2.386008014083469675e+01
2.372923232246556324e+01
2.359096915349149270e+01
2.342102798228216187e+01
2.305502217681518928e+01
2.295166301346142035e+01
2.276116785886699034e+01
2.260941960846238885e+01
2.232879177688649719e+01
2.219885103990602104e+01
2.180330516933049978e+01
2.174233527730902793e+01
2.152252246202482766e+01
2.132060612223642693e+01
2.126509159379068592e+01
2.117797338780222560e+01
2.096902927197414357e+01
2.060240402832652151e+01
2.057206646165906960e+01
2.034573250817199863e+01
2.019861933753090355e+01
2.015762074628767664e+01
1.983165986440247153e+01
1.977825722585558310e+01
1.967061753596566476e+01
1.939897957779290394e+01
1.926964015869019775e+01
1.917242036743152411e+01
1.908795294302165502e+01
1.903069236125700670e+01
1.875986795137214358e+01
1.846381838838042100e+01
1.833616590191047990e+01
1.826479173125888522e+01
1.820260944335438325e+01
1.792215509249196614e+01
1.787976724804210349e+01
1.776517501954353762e+01
1.763970799345761264e+01
1.743577569066922806e+01
1.733327276036092357e+01
1.719384065252910077e+01
1.716373994921966428e+01
1.698045711571603889e+01
1.683362445220689096e+01
1.664770674521709282e+01
1.651359192526721031e+01
1.642184403549107685e+01
1.640577452441286965e+01
1.631163231186064522e+01
1.606009231863486519e+01
1.597546787518782985e+01
1.597107951460339414e+01
1.572866313042865727e+01
1.566942620808854691e+01
1.555038147992956254e+01
1.540407457732059093e+01
1.515217369508980738e+01
1.513598682143768315e+01
1.503221597558260392e+01
1.491640867879840471e+01
1.483911291882171923e+01
1.478483597697777974e+01
1.466043438707088242e+01
1.455164834786671335e+01
1.450824019697797951e+01
1.444640563347050133e+01
1.433925908442515684e+01
1.422421776243269242e+01
1.402244255588881749e+01
1.393177828512318683e+01
1.390659333982155843e+01
1.377769712823470272e+01
1.372873383176846929e+01
1.361414766033260371e+01
1.348786230234530059e+01
1.344316659773386924e+01
1.334713806248033485e+01
1.329028894505855085e+01
1.317231741994999084e+01
1.304524147645541632e+01
1.298188113735539417e+01
1.283528490239169884e+01
1.277818742117063167e+01
1.271911003779779570e+01
1.268220933974870235e+01
1.254906317106823721e+01
1.252255505692214932e+01
1.236672563028260186e+01
1.224881303318600878e+01
1.210877932061097617e+01
1.202668925564361047e+01
1.199542899460962175e+01
1.191501691716007727e+01
1.188304921649972101e+01
1.181563059340093247e+01
1.170335171327713653e+01
1.165721997688427791e+01
1.159835736738775225e+01
1.151067244097494147e+01
1.142691654964202108e+01
1.136138104702548546e+01
1.133337832706627601e+01
1.123377898236425843e+01
1.118067526849201698e+01
1.116517823346408456e+01
1.112709004081481545e+01
1.097963009374975840e+01
1.084619371203140403e+01
1.083503887131794308e+01
1.080777614390118124e+01
1.075590491969003715e+01
1.062342919173754296e+01
1.058383775285474293e+01
1.045371292153405740e+01
1.042814618653059711e+01
1.037696174741567212e+01
1.028323993313079754e+01
1.021717133716988712e+01
1.012947987982589204e+01
1.012199841832757841e+01
9.992198798670951732e+00
9.949057509955325784e+00
9.886380017072966098e+00
9.867578931505070372e+00
9.821862217779933957e+00
9.764178855427671166e+00
9.755307917934679551e+00
9.733872099977594061e+00
9.666185908593496023e+00
9.604270646561571922e+00
9.512194328187455028e+00
9.472982259519636017e+00
9.417036138456843730e+00
9.329906847303217177e+00
9.203589755998285327e+00
9.160519762785224174e+00
9.149831616793434819e+00
9.097408037785566393e+00
9.021294672512869539e+00
8.996393880226483120e+00
8.921384219033122065e+00
8.909321437677094835e+00
8.876903827111034317e+00
8.753946858715417889e+00
8.750321369056702991e+00
8.653776407579199414e+00
8.632056255166775216e+00
8.571133928555804360e+00
8.495417479225455537e+00
8.449870881858368321e+00
8.404090496454269754e+00
8.351436442505697499e+00
8.280604705761410500e+00
8.222089081754752726e+00
8.198791825553225721e+00
8.161369681473599869e+00
8.094700625868284760e+00
7.999866537835942815e+00
7.984085806505520466e+00
7.927421673675854485e+00
7.886296524576221323e+00
7.838129508466455064e+00
7.801622740403906242e+00
7.780045351912125540e+00
7.722827809231923801e+00
7.673293809559553758e+00
7.649216418568855147e+00
7.640208767262537393e+00
7.604644982770940587e+00
7.514902819153052249e+00
7.481036137357975235e+00
7.461244270646939292e+00
7.405075954272308358e+00
7.355380001971519199e+00
7.331497532469775535e+00
7.308123394035601628e+00
7.287804382472547360e+00
7.212735608748245930e+00
7.181556230465899304e+00
7.090479049851082571e+00
7.083902392052658037e+00
7.068135720267022748e+00
7.020445128701322091e+00
7.003000433654116286e+00
6.958607295500208956e+00
6.918553921037748466e+00
6.859213789681440687e+00
6.816636235070146377e+00
6.794912390121649715e+00
6.769378031496685821e+00
6.740184143218558077e+00
6.701793464052032689e+00
6.663308494173501906e+00
6.622586293586500972e+00
6.602016314462902713e+00
6.565917712379384596e+00
6.495691734783219040e+00
6.485351593681657256e+00
6.460271854334127539e+00
6.430070652042398471e+00
6.408203196188950734e+00
6.371570118936331184e+00
6.337904358313881659e+00
6.320000513351089033e+00
6.296426018856265294e+00
6.287693162205567177e+00
6.270514015723265722e+00
6.218496403348681589e+00
6.178375311195560826e+00
6.152181165409480457e+00
6.119387847731486474e+00
6.085378656932681984e+00
6.062835520872698503e+00
6.044021468957093468e+00
6.022515548991788314e+00
5.981347098663866824e+00
5.971077488461963512e+00
5.948872262419723000e+00
5.935611899721431328e+00
5.914590158300022438e+00
5.853609800851512723e+00
5.839571873890639253e+00
5.825241040287381544e+00
5.779969107413736928e+00
5.735195203705802491e+00
5.725154605417065667e+00
5.702847463144385287e+00
5.679051994191449459e+00
5.644995369937434226e+00
5.622246063810966810e+00
5.603341775282680182e+00
5.568452612254568557e+00
5.550829551969120423e+00
5.515929182283302978e+00
5.482275103491846657e+00
5.462508009017823518e+00
5.447423900585063983e+00
5.401095034464229450e+00
5.376859407838940008e+00
5.368122364854529316e+00
5.319022990597091827e+00
5.300056328991774812e+00
5.273575449941198201e+00
5.256492013295470223e+00
5.234552315404558342e+00
5.217940030040517208e+00
5.207430660698142866e+00
5.183969736706038667e+00
5.159341053350367190e+00
5.140748383272112143e+00
5.110708966563235478e+00
5.073079830795625078e+00
5.066306621981670588e+00
5.050413504846780199e+00
5.022904192215472463e+00
5.008605085552240155e+00
4.991067280244024573e+00
4.982634281893572492e+00
4.960170354206786314e+00
4.934394058340646261e+00
4.925121796051726619e+00
4.893418836589476406e+00
4.870886103759320740e+00
4.861260267445312699e+00
4.846300189226630195e+00
4.839521846914496273e+00
4.783839396316181158e+00
4.761162162926951602e+00
4.751630146388595932e+00
4.717029060474481561e+00
4.703041054540974208e+00
4.660104764531580734e+00
4.646016089523987702e+00
4.636227679741834251e+00
4.623893353168939235e+00
4.603316669788234172e+00
4.574968545183351054e+00
4.544802575266245093e+00
4.540334181089381360e+00
4.512019273826151533e+00
4.491673569447423908e+00
4.480203914860344305e+00
4.458578489196082906e+00
4.438407971390164519e+00
4.427733261173962376e+00
4.415636220779719068e+00
4.396033152361122021e+00
4.372228716430441864e+00
4.350355441119005739e+00
4.335978743654556489e+00
4.324539203072778726e+00
4.303511869148889168e+00
4.274628002221368739e+00
4.251303120673192382e+00
4.227235473939496835e+00
4.215913667364992179e+00
4.212800900568906215e+00
4.193843737768851554e+00
4.161194792644010043e+00
4.155215365436883523e+00
4.138797320262233903e+00
4.112107250808999304e+00
4.076457053872817760e+00
4.072131799783496930e+00
4.061881734972059732e+00
4.050419242678652942e+00
4.027554087735378374e+00
4.002852236667305164e+00
3.982866792831434744e+00
3.969021532069717750e+00
3.947623898069720472e+00
3.936709248326486055e+00
3.930763864929515794e+00
3.910986443643257093e+00
3.899253738721649487e+00
3.879000966396819461e+00
3.869280389395984177e+00
3.851215855979469804e+00
3.821555402327140083e+00
3.800629269516675901e+00
3.788038821898852326e+00
3.778720029210238529e+00
3.763846638757162744e+00
3.758787812244355209e+00
3.736272013507590195e+00
3.720214141875330505e+00
3.705417254714393760e+00
3.689702400496073675e+00
3.676393990842512505e+00
3.642196985437986090e+00
3.628460984782933441e+00
3.610901078430767353e+00
3.608129319069449448e+00
3.584567315882331240e+00
3.572680028529936269e+00
3.560488371224337811e+00
3.555088290274004414e+00
3.541493661337612675e+00
3.529000628548600638e+00
3.515876379378064076e+00
3.505525006771449181e+00
3.500548676614984256e+00
3.492808511839372354e+00
3.478880553893182626e+00
3.474521430778750197e+00
3.466291739795098525e+00
3.443373574536431114e+00
3.415739703216188694e+00
3.409929224496413003e+00
3.401786339100555612e+00
3.384304360036884063e+00
3.366280672110836480e+00
3.360419367162043258e+00
3.342729002668766825e+00
3.334724602962336526e+00
3.301168842593746877e+00
3.290427845992264899e+00
3.289023522070802841e+00
3.273082590903978684e+00
3.263488541045664881e+00
3.254250952058715285e+00
3.241883521430171555e+00
3.225111801426402192e+00
3.203946122024658560e+00
3.200816308512636876e+00
3.186910374293946635e+00
3.178948170089985759e+00
3.173661212739221860e+00
3.146490328549127469e+00
3.143377923861470080e+00
3.129038543848863263e+00
3.118339764870095898e+00
3.113176197861450945e+00
3.102866420703714656e+00
3.094145168738231533e+00
3.089564705311791393e+00
3.061526073045778951e+00
3.055051591765187258e+00
3.045168629316916231e+00
3.033067286429246945e+00
3.027426513164213517e+00
3.004278419710862735e+00
3.002238431057811852e+00
2.996124207201138478e+00
2.988218746571384088e+00
2.978817627560955472e+00
2.972712854602010513e+00
2.966212336476728328e+00
2.954694814204484210e+00
2.946676580566822246e+00
2.927901740495741922e+00
2.922535710188764124e+00
2.910922101211390611e+00
2.895470964117424550e+00
2.889832430394135176e+00
2.879125914361567062e+00
2.870697912708233268e+00
2.859639312679834955e+00
2.854832819798459820e+00
2.838590854661732887e+00
2.828139730769706262e+00
2.807715728965778368e+00
2.801174002403132857e+00
2.792574741956615370e+00
2.783729772308657591e+00
2.772420931798788235e+00
2.767226643188400725e+00
2.754220591662880580e+00
2.748294740208564679e+00
2.735870747399814285e+00
2.732920696771593327e+00
2.718426843620485922e+00
2.709194101493998641e+00
2.699595309129592113e+00
2.691668663131768113e+00
2.687561960231499736e+00
2.671604628214049093e+00
2.666189941705536359e+00
2.656405004310589124e+00
2.652987349832952813e+00
2.639568607302714032e+00
2.629908854691330955e+00
2.619177450075560021e+00
2.615824080156472498e+00
2.608957927823425393e+00
2.595466260216391152e+00
2.586581109791744826e+00
2.580817471374039052e+00
2.575129691672647159e+00
2.566121165216183275e+00
2.555855404115848106e+00
2.552871296284954461e+00
2.550497169004287912e+00
2.543795029563501231e+00
2.533473112713121811e+00
2.529610763488660208e+00
2.521954027044730484e+00
2.513919328812899145e+00
2.509703837292681872e+00
2.497292727132877754e+00
2.491202103916206667e+00
2.483895509331731866e+00
2.476659272283657565e+00
2.475057312859335834e+00
2.470006577643421686e+00
2.462023270025741617e+00
2.452890482285809082e+00
2.450765944132200946e+00
2.446495442476150028e+00
2.435470282743061876e+00
2.433553869100704592e+00
2.427143879084209921e+00
2.421449695807130542e+00
2.410109762741516004e+00
2.404933503395239036e+00
2.404306912207010427e+00
2.399083985433608124e+00
2.387579804115242066e+00
2.382544318358407409e+00
2.374205616486921855e+00
2.364007321980836185e+00
2.359019426422723775e+00
2.352452774261275081e+00
2.347345181074541820e+00
2.333781250927712936e+00
2.329036196102940437e+00
2.320729104876253945e+00
2.319778345659003982e+00
2.310676030652421886e+00
2.299961928850626336e+00
2.291624343090758575e+00
2.289020832691631036e+00
2.280188554549171798e+00
2.278052440816875190e+00
2.270724585618126401e+00
2.263156221577915961e+00
2.259615156255124102e+00
2.256818768126421570e+00
2.245627172393580118e+00
2.239216660861808261e+00
2.229626315234846778e+00
2.225384585501273271e+00
2.214083635501472358e+00
2.212938757503128517e+00
2.205215704847522495e+00
2.203367998692884022e+00
2.192489969661553406e+00
2.186847708027419124e+00
2.179871063656404040e+00
2.175472572809984850e+00
2.172556498379477841e+00
2.159573947256326232e+00
2.155757688384099868e+00
2.149904033343999821e+00
2.143860391210036465e+00
2.134998014247629694e+00
2.132789697562015530e+00
2.131471999915449889e+00
2.122217162914387334e+00
2.114058463486771178e+00
2.111120236295465524e+00
2.109047089230545069e+00
2.104274672883931441e+00
2.099473966538405456e+00
2.087234425079092404e+00
2.077396775838855181e+00
2.075513120063680716e+00
2.069476959663555604e+00
2.064409420679838014e+00
2.058701689494555787e+00
2.051325900993777207e+00
2.047275273439015830e+00
2.043685129855250082e+00
2.035576365462393511e+00
2.032162028441541590e+00
2.026308095670438902e+00
2.018888944358114390e+00
2.014985678169468386e+00
2.006068645051477528e+00
2.002382796480280280e+00
1.999117942757663080e+00
1.993270801083148136e+00
1.987079236175135488e+00
1.977034707686300630e+00
1.965165672009314690e+00
1.958344779692278381e+00
1.955538058741375318e+00
1.950940110493237789e+00
1.947235885293863156e+00
1.942221161380430106e+00
1.937835352200201866e+00
1.937237368996203468e+00
1.930804395407744289e+00
1.928623886269235088e+00
1.925243080165323750e+00
1.922987467806740680e+00
1.918512435856237541e+00
1.906737247823932835e+00
1.902321281638791772e+00
1.899504334230592617e+00
1.894966367711706345e+00
1.889328300995003485e+00
1.886915782775185901e+00
1.883278777692509509e+00
1.878340828401716456e+00
1.874273456873071231e+00
1.869458130594046530e+00
1.864371013911829911e+00
1.861696042061730116e+00
1.855787230044400271e+00
1.853632340147674640e+00
1.846532732010828681e+00
1.844210819234952670e+00
1.836416264200552595e+00
1.829538815202722546e+00
1.829496401430340091e+00
1.825420180668757775e+00
1.822014850651807905e+00
1.817273239328995649e+00
1.815213781894486900e+00
1.807540465827317311e+00
1.803969369116681598e+00
1.790819276421983020e+00
1.787628577617679682e+00
1.785035843244015874e+00
1.779523998361301818e+00
1.774937230082148876e+00
1.772061677540154978e+00
1.766490522782906192e+00
1.765132726619027093e+00
1.754954172374597166e+00
1.751716521420634276e+00
1.747954107335778939e+00
1.746047166549245411e+00
1.743470842893987793e+00
1.740449738212333397e+00
1.736028681771492499e+00
1.735116417426727731e+00
1.729250239271704626e+00
1.724601912833611195e+00
1.721094741259459937e+00
1.719901693379158880e+00
1.718185366910795597e+00
1.716879833234336905e+00
1.715883656910301314e+00
1.712268677465603295e+00
1.706531585865492806e+00
1.705775484297381794e+00
1.700365837600054109e+00
1.695403370402657428e+00
1.689855436089750862e+00
1.686132127314512452e+00
1.680428963376387141e+00
1.678510776725188114e+00
1.675249754380246703e+00
1.673511703077979362e+00
1.669662990605587538e+00
1.665814824517850123e+00
1.663989374427466306e+00
1.662233831216631597e+00
1.660059673400576807e+00
1.657165586095616927e+00
1.655522704045120586e+00
1.652108779802485605e+00
1.651065563232550604e+00
1.648800567412400886e+00
1.645633962266205730e+00
1.644046206482214778e+00
1.641720938354600312e+00
1.640126981621199631e+00
1.632709123850594413e+00
1.630221127902159894e+00
1.622257278442440720e+00
1.619024228633997087e+00
1.614214537410840755e+00
1.614130307007457743e+00
1.609704062450502349e+00
1.608595588297049073e+00
1.604729326981137350e+00
1.602527294273848435e+00
1.601855622784527089e+00
1.595452851560949625e+00
1.590250050590162667e+00
1.588314506977193341e+00
1.584623514550899559e+00
1.579835949587125032e+00
1.579049388317957270e+00
1.575230052427955219e+00
1.572428458456595290e+00
1.569804828927569895e+00
1.566983930181284901e+00
1.564453835920070368e+00
1.561873556770622340e+00
1.557438951136142169e+00
1.554824805617073702e+00
1.553256916511455366e+00
1.550822639433971029e+00
1.550369799353069622e+00
1.546755579568144912e+00
1.543551760292893871e+00
1.538667844200785062e+00
1.537383310991259355e+00
1.533887169054611421e+00
1.531740897164066695e+00
1.526654309130049958e+00
1.525989107062202477e+00
1.523847963721276511e+00
1.519905635213607553e+00
1.519080476982547667e+00
1.517000777241171106e+00
1.515381593803818427e+00
1.512694238430002835e+00
1.508980797937549578e+00
1.508807133640447828e+00
1.505308323941264570e+00
1.504502080165412981e+00
1.500438352735079528e+00
1.497363864763571639e+00
1.492829271249450418e+00
1.491265403060536787e+00
1.486656987016702791e+00
1.486091684415482561e+00
1.482690797439195185e+00
1.480021595260582190e+00
1.477364644329826948e+00
1.474927994012054544e+00
1.472704411134180491e+00
1.471477881341054950e+00
1.468458587234955148e+00
1.466239263918289959e+00
1.465236114950926094e+00
1.462689725326525636e+00
1.459311934937841615e+00
1.455622460958283515e+00
1.452930020595480043e+00
1.450914917008213401e+00
1.449245664891005925e+00
1.444092086035600797e+00
1.441585169157079349e+00
1.437316101312032357e+00
1.433417429714599622e+00
1.431582814135909487e+00
1.429846861865975649e+00
1.425752594505862225e+00
1.424742686802359604e+00
1.421762469307614074e+00
1.420404411421888780e+00
1.417287524961992951e+00
1.415104625340910083e+00
1.410595999301611281e+00
1.406439442049338240e+00
1.405289541917310592e+00
1.404200956624164887e+00
1.401879170099927574e+00
1.400684057183696263e+00
1.398907155730637841e+00
1.396596586764055958e+00
1.394361106131152273e+00
1.392641835766893488e+00
1.391094523377577330e+00
1.388948301197318713e+00
1.386460643687465577e+00
1.384894928937786318e+00
1.380130290323932307e+00
1.378416589732924136e+00
1.377109984849317348e+00
1.375620789282720358e+00
1.374134569921357629e+00
1.370671312006219500e+00
1.369477122868138386e+00
1.367772297965325956e+00
1.365952118747866928e+00
1.363121809939771056e+00
1.361847306683132475e+00
1.360065039791502395e+00
1.359729922699172144e+00
1.358134501773336611e+00
1.356221218386213900e+00
1.354351878746661297e+00
1.353976114333228509e+00
1.352100151857504429e+00
1.349068670669664849e+00
1.346763116893534340e+00
1.345114397684981533e+00
1.344002977473640170e+00
1.340980804151776340e+00
1.340008326227720925e+00
1.338749573641653701e+00
1.337091899563785935e+00
1.334810492141841110e+00
1.334084482093317536e+00
1.331873663454089973e+00
1.331078367177878086e+00
1.329666649761630293e+00
1.326620929873050914e+00
1.325994629575744543e+00
1.324276923624051916e+00
1.322278073155479516e+00
1.318978781720125060e+00
1.316250089764199327e+00
1.314370798418246888e+00
1.312844696854192028e+00
1.312088401821128958e+00
1.311578324595928047e+00
1.310336847729551168e+00
1.309550682930687993e+00
1.308264106648109326e+00
1.306588766894500653e+00
1.305721527939598170e+00
1.303143197535429731e+00
1.301273435747863250e+00
1.299870257186353406e+00
1.297726461894489036e+00
1.296392728439102582e+00
1.295650606326653298e+00
1.295215848695694172e+00
1.294219673992261344e+00
1.291253984130287247e+00
1.289439144305001506e+00
1.288433192833126295e+00
1.287151981521339472e+00
1.286781408624960044e+00
1.285824113889762810e+00
1.284290520465612762e+00
1.281823117446937443e+00
1.279557394210968368e+00
1.277599595610871219e+00
1.277154515818532898e+00
1.275371959623327944e+00
1.273766305622820338e+00
1.273350500869165236e+00
1.271060553770833046e+00
1.269134282625170140e+00
1.267536903739391541e+00
1.267033077343624248e+00
1.264720873297011439e+00
1.263352605684922025e+00
1.262776043375609225e+00
1.262268376495676137e+00
1.260806350768312045e+00
1.259265374102667812e+00
1.257429392783818933e+00
1.257121678505069173e+00
1.255905076325338765e+00
1.253655138433764415e+00
1.252594724964595008e+00
1.251027535214763065e+00
1.250115988884984208e+00
1.248276167749671428e+00
1.247937257772666841e+00
1.245534395618920431e+00
1.243714901596044031e+00
1.242879625313682457e+00
1.241522854744882887e+00
1.240752637384251011e+00
1.239904784315805308e+00
1.238569140341302832e+00
1.237587506597720655e+00
1.236641076203313983e+00
1.236380474977733845e+00
1.235431409295124183e+00
1.233144144821965993e+00
1.232196776869586508e+00
1.231183662628437370e+00
1.229653955705340307e+00
1.227441135384886417e+00
1.227067801413515458e+00
1.225877841122321454e+00
1.224729580033190324e+00
1.223166917663916831e+00
1.222070883893108917e+00
1.221888876864088092e+00
1.221128988991453390e+00
1.219069823717510159e+00
1.217771959457737641e+00
1.215975410481026531e+00
1.215703714807167213e+00
1.214217522147336581e+00
1.211894961819443672e+00
1.210121995785587989e+00
1.209396609887198437e+00
1.206139854169441250e+00
1.203485763057954294e+00
1.201728351581958121e+00
1.200893231038494102e+00
1.200032475356989536e+00
1.198614714739084430e+00
1.197012361040603601e+00
1.196397241953617741e+00
1.195599625164642132e+00
1.193666168945168637e+00
1.193250580883088219e+00
1.192353831175963386e+00
1.190899727558816457e+00
1.189675519589754149e+00
1.188803899617520976e+00
1.188126152316588025e+00
1.186753091496096424e+00
1.186195726956498886e+00
1.185754318786714556e+00
1.184280010894278590e+00
1.182789138802466500e+00
1.181592669037682342e+00
1.179603961347580610e+00
1.178860606713902470e+00
1.178069006743826197e+00
1.177641007823646779e+00
1.176559928057076654e+00
1.176207241714856577e+00
1.173318036374234152e+00
1.172991150591253362e+00
1.172084746410162248e+00
1.170820220577405202e+00
1.170611935749772625e+00
1.170057604467446888e+00
1.169019775217105428e+00
1.166585680974703276e+00
1.166195227400503409e+00
1.165191891098274812e+00
1.164367962069032369e+00
1.163348482095914571e+00
1.162873796368327106e+00
1.162564284293743588e+00
1.161051212556593715e+00
1.160705520126486201e+00
1.158475482592002281e+00
1.157957067943050644e+00
1.156662725562686678e+00
1.155804839422459374e+00
1.155288516928454801e+00
1.153694157534012721e+00
1.153393130172704950e+00
1.153038692420335076e+00
1.150813899760197323e+00
1.150622381286039886e+00
1.150195055506098019e+00
1.149791530895893032e+00
1.148954220880366028e+00
1.148494962909506478e+00
1.147613143765823240e+00
1.147381643357558545e+00
1.147013012668617327e+00
1.146212381318140183e+00
1.144119253577695616e+00
1.142867132033431599e+00
1.142682360471619418e+00
1.141769350086982771e+00
1.141342782485403440e+00
1.140635073631147689e+00
1.138605299297848372e+00
1.138102563180593441e+00
1.136240887236242170e+00
1.134336697761337609e+00
1.133560861352663096e+00
1.133325575703074239e+00
1.129944711648876110e+00
1.129633510499479465e+00
1.128329850870154027e+00
1.127869810165369469e+00
1.127591714419019064e+00
1.127267983097856030e+00
1.124785366258488351e+00
1.123251075917876651e+00
1.122162392144459675e+00
1.121111500629923041e+00
1.120396360823310067e+00
1.117406916616157320e+00
1.117002250498937643e+00
1.115955238303865560e+00
1.115662795177600586e+00
1.115563028747780461e+00
1.114969058679406544e+00
1.113959060989376360e+00
1.112975641273503014e+00
1.112572320075700727e+00
1.112246134071295911e+00
1.111607725015331116e+00
1.110177460165413299e+00
1.109187150214577811e+00
1.109075863450276644e+00
1.108856550589900403e+00
1.107599487737020105e+00
1.107226259691952430e+00
1.106583415460195896e+00
1.106283768889723129e+00
1.105933321058892194e+00
1.104646867695407764e+00
1.103591479834856059e+00
1.101794918182383398e+00
1.100046235989714960e+00
1.099569361486796293e+00
1.099242600618677290e+00
1.099017706077196177e+00
1.097742621736635060e+00
1.096583040806979437e+00
1.095871812863708161e+00
1.095065791524250098e+00
1.094389978175640321e+00
1.093481534980619951e+00
1.091360564468039751e+00
1.089882104606584967e+00
1.089106290036274904e+00
1.088621956159577131e+00
1.088344392909198044e+00
1.087692393592881501e+00
1.087538735882445540e+00
1.086358701986414710e+00
1.086015578691017280e+00
1.084859571739825501e+00
1.084539890783189575e+00
1.083389945972708768e+00
1.083336002202603510e+00
1.082221682443959221e+00
1.081547220196638071e+00
1.080020706213753456e+00
1.079907500449278857e+00
1.078830897933208632e+00
1.078306954839718168e+00
1.078222953833137154e+00
1.077587994654992221e+00
1.076224009055003039e+00
1.076124261145472882e+00
1.075664121837689002e+00
1.074002253733370660e+00
1.073637526996062963e+00
1.073434757831409181e+00
1.072536173063376452e+00
1.071963992574345603e+00
1.071221451449847040e+00
1.070637506452009058e+00
1.069815361320884728e+00
1.069205010857025906e+00
1.068185946359654581e+00
1.068041154696841133e+00
1.066145752737506447e+00
1.065486519971783341e+00
1.064757985584648514e+00
1.064202573821741993e+00
1.064108136427062368e+00
1.062683117251203679e+00
1.061418761837812141e+00
1.060571617757816387e+00
1.059912024058564661e+00
1.059499879010283641e+00
1.059315782403534856e+00
1.058714211310215925e+00
1.058635862752490331e+00
1.058480083770428237e+00
1.057598122531992146e+00
1.056716324053345701e+00
1.055371739675354803e+00
1.054996105970926967e+00
1.054557335810287988e+00
1.053080694292728214e+00
1.053014155544729213e+00
1.052152299342054897e+00
1.051978338298993343e+00
1.051788358864402584e+00
1.051392725386406601e+00
1.051217916479350700e+00
1.050938120717735291e+00
1.050809750108565366e+00
1.049866742467001401e+00
1.049797934890295048e+00
1.049249184997389506e+00
1.048548091067331267e+00
1.048241447788666791e+00
1.047721943023912194e+00
1.047681196585531049e+00
1.047467516613332039e+00
1.047367533207518075e+00
1.046940659840199794e+00
1.046512814144958892e+00
1.046326504729279128e+00
1.045789561700144921e+00
1.045576057712928719e+00
1.045416622341313939e+00
1.045028334154676664e+00
1.044487870733660673e+00
1.043559665017733007e+00
1.042881777549962141e+00
1.042471803806603647e+00
1.042349426901711951e+00
1.042231616353251233e+00
1.042132330827985287e+00
1.041551738992888998e+00
1.039432112062419478e+00
1.038258232557399463e+00
1.037477533451976353e+00
1.036358586029622719e+00
1.036069470286153038e+00
1.036056153364286248e+00
1.035760194499767639e+00
1.035521194619103413e+00
1.035247288764644003e+00
1.034936498854508669e+00
1.033965584385934999e+00
1.033534236895892855e+00
1.033375025736610553e+00
1.033359634720294240e+00
1.033153536571338682e+00
1.032802440701373392e+00
1.032576814006188615e+00
1.032224891038687531e+00
1.031800291425338356e+00
1.031675010061148035e+00
1.031523217298935258e+00
1.030870442793880626e+00
1.030801453714731197e+00
1.030401725915673028e+00
1.029972611509604841e+00
1.029460151102505883e+00
1.029067111745910923e+00
1.028986888144248546e+00
1.028368448569775717e+00
1.028280805603327019e+00
1.027075113648042048e+00
1.025937856840275275e+00
1.025623619639658424e+00
1.025102256505612486e+00
1.025038314223889246e+00
1.024455342734570618e+00
1.023675199173902595e+00
1.023661272178840065e+00
1.023271322519148097e+00
1.021929201363018125e+00
1.021366234582881782e+00
1.021322291121994130e+00
1.021094391577468841e+00
1.020208600805468047e+00
1.019843480156444882e+00
1.019415143345763664e+00
1.018992705678077870e+00
1.018634471387795726e+00
1.017931118877868801e+00
1.017390205211203602e+00
1.016625164571998807e+00
1.015713217771140986e+00
1.015440226104732613e+00
1.014743234897421909e+00
1.014633509385062915e+00
1.014629410820254485e+00
1.014202972976308237e+00
1.013208989274678729e+00
1.013164111062288653e+00
1.012803445962645155e+00
1.012473058038699358e+00
1.012091253155949611e+00
1.011834161264840937e+00
1.011560194495655374e+00
1.011402630744680620e+00
1.011364358473019642e+00
1.010871373092563141e+00
1.010658802634707643e+00
1.010548343329147114e+00
1.010275614809225120e+00
1.010061570621122229e+00
1.009896733245885914e+00
1.009849445267000378e+00
1.009653242471264756e+00
1.009494630644897972e+00
1.009311531522782079e+00
1.008805470049988662e+00
1.008090776440568659e+00
1.007970354884890618e+00
1.007956864875469316e+00
1.007570496302963470e+00
1.007416132246996332e+00
1.007091616168336534e+00
1.006960192310286883e+00
1.006865329624131000e+00
1.006512928221137804e+00
1.005873191502399511e+00
1.005443715666795468e+00
1.005181896983252221e+00
1.005043273022408812e+00
1.004596229086079484e+00
1.004480574098453038e+00
1.003957007469917784e+00
1.003572500306824544e+00
1.003404245860977539e+00
1.003384506079204819e+00
1.002855621965072386e+00
1.002387569273912593e+00
1.002291929297804085e+00
1.002002147308116875e+00
1.001662292026120893e+00
1.001554566943938074e+00
1.001430876766677525e+00
1.001197529625023508e+00
1.001000865824984043e+00
1.000955855780724990e+00
1.000865429456984090e+00
1.000543149683522870e+00
1.000378718144518508e+00
1.000301987120346681e+00
