9.713530720006972041e-01
9.493030056373185088e-01
9.253032078299143759e-01
8.968196250332342023e-01
8.610722617371850962e-01
8.138925908111690477e-01
7.629867738126341337e-01
7.133136594757842897e-01
6.593422967679889446e-01
5.985964206393188380e-01
5.401994669847755004e-01
4.821188783151545976e-01
4.255503743299708375e-01
3.803772203852053835e-01
3.398358442563371717e-01
3.096540073287838424e-01
2.844929478129346045e-01
2.621328435359502884e-01
2.407766194714581753e-01
2.222399633549463349e-01
2.035031672512317702e-01
1.852877436410432233e-01
1.667977935241591325e-01
1.510203542023187961e-01
1.357314116496834422e-01
1.208975742379646973e-01
1.062143390613593946e-01
9.442898618050987736e-02
8.366038495511904372e-02
7.389898537960890024e-02
6.494127799529243739e-02
5.721271790126896545e-02
5.196720813468778261e-02
4.723088692517950216e-02
4.271314665658330900e-02
3.924975379958237781e-02
3.621548555559540167e-02
3.345058950527054348e-02
3.051594734486626909e-02
2.776079076527164860e-02
2.498384183953181181e-02
2.201781015215401385e-02
1.915092241643831517e-02
1.687662940861044472e-02
1.518445181709906708e-02
1.363965197620773881e-02
1.225546749049370721e-02
1.110620080934562534e-02
1.001568715356381672e-02
9.210853500355151158e-03
8.413562026537348137e-03
7.750818441675740716e-03
7.096397973655622221e-03
6.455744882278804941e-03
5.848271240034315713e-03
5.295818781292840199e-03
4.680641606343284751e-03
4.144710393776269639e-03
3.666550867619496404e-03
3.271789985768912019e-03
2.934265192050611662e-03
2.519628180805701459e-03
2.137503198704398220e-03
1.832526583059521357e-03
1.592541873338589866e-03
1.396247243093807870e-03
1.222124819245223957e-03
1.076447566563526036e-03
9.425707257980512135e-04
8.236736578393782666e-04
7.214564265055112323e-04
6.442059736295543829e-04
5.792728457818718726e-04
5.178318107230877937e-04
4.604901225280389615e-04
4.082357129329763912e-04
3.622047887196461029e-04
3.263566005970557895e-04
2.919891522084452689e-04
2.572631972866199629e-04
2.277975610671006447e-04
2.087435132478067802e-04
1.843176654091362155e-04
1.609453108474535291e-04
1.430321962141964972e-04
1.271178105409502448e-04
1.132663852537376531e-04
1.023803437736825814e-04
9.376803427238308223e-05
8.388176986080839550e-05
7.442776989556200017e-05
6.650905326974466362e-05
6.040481982634755571e-05
5.356936528109032303e-05
4.695327161255289972e-05
4.189854738060597492e-05
3.781690167578320374e-05
3.326950172289918457e-05
2.897077708524354683e-05
2.526236638006092302e-05
2.210523260667377621e-05
1.956075921100449810e-05
1.729539457416069448e-05
1.544983083150068499e-05
1.419723368439768535e-05
1.296909117620256647e-05
1.204250774465078519e-05
1.092598115397598504e-05
9.761371627919245825e-06
8.694269349855917911e-06
7.788317866485949416e-06
7.076859174679311408e-06
6.443526044896636300e-06
5.825635169272346250e-06
5.286980673446944595e-06
4.811475340143952745e-06
4.405397923494202622e-06
3.932686280874012480e-06
3.481066173547682203e-06
3.136217184494888115e-06
2.808624224146824144e-06
2.517092741943617824e-06
2.260560640838554101e-06
2.074978565126860652e-06
1.929510310320859294e-06
1.797996189557840890e-06
1.674420654925888086e-06
1.558863547423662613e-06
1.459525572397691046e-06
1.381355976315036743e-06
1.288360500089140997e-06
1.202530312376747525e-06
1.117460950377165673e-06
1.026923704015974488e-06
9.375476761923483326e-07
8.532515823036171222e-07
7.680101377258572876e-07
6.953824014334529623e-07
6.270812833367347417e-07
5.656912943252431956e-07
5.065906190829952602e-07
4.591231400294279424e-07
4.152906383939688343e-07
3.730271570605321072e-07
3.362720607557551294e-07
3.058786628215531907e-07
2.730475661035840676e-07
2.402561856396888508e-07
2.093366225222042251e-07
1.815476823377494809e-07
1.574840328672087355e-07
1.366958327059799863e-07
1.199285622503516130e-07
1.072271856914280258e-07
9.594800587368483718e-08
8.571176582128351757e-08
7.731865513177778430e-08
7.011767056258696218e-08
6.233451150907068735e-08
5.684400574643378980e-08
5.161579710563607478e-08
4.670334267677949811e-08
4.233137462752905449e-08
3.754923232002370720e-08
3.341869479925018228e-08
2.987423180284304405e-08
2.719113604129537951e-08
2.440404270825539162e-08
2.161265597282543198e-08
1.910903538078484645e-08
1.738135465001318194e-08
1.557103336122721076e-08
1.357134183619074924e-08
1.186000711601879157e-08
1.066426417315772302e-08
9.823334437565929810e-09
8.880625858276960381e-09
8.068816113724986306e-09
7.351298423218804228e-09
6.656538044336150881e-09
5.999375239074981612e-09
5.411795632434706498e-09
4.998890477118263177e-09
4.684136282524356594e-09
4.210315609070677141e-09
3.736455290502566865e-09
3.253310804208417080e-09
2.882120657982763340e-09
2.570285919405941058e-09
2.212841326161677139e-09
1.881026494055827786e-09
1.624498284018383563e-09
1.415629748992951366e-09
1.269256205443036456e-09
1.124697010382480014e-09
9.652588775803194941e-10
8.443981517819707190e-10
7.537235556943561630e-10
6.479167704231376831e-10
5.555875237175500127e-10
4.881298711685694134e-10
4.367304878713301665e-10
3.935531728217197177e-10
3.537567629576770461e-10
3.141573818676180454e-10
2.803642703620154380e-10
2.566115571404403726e-10
2.350019666538790108e-10
2.190377498771883981e-10
2.015535303169440488e-10
1.817891473361655856e-10
1.672128901982650708e-10
1.541158282766824820e-10
1.394571817789047981e-10
1.269052664969275108e-10
1.165298902985238592e-10
1.053312524389561086e-10
9.348388911381946992e-11
8.335139513513723256e-11
7.570592173818239612e-11
6.967799727280817192e-11
6.313789227848414308e-11
5.779971822840466066e-11
5.239803562999141527e-11
4.682690892063266067e-11
4.235402079701825518e-11
3.838778913191842096e-11
3.410949259476661262e-11
3.060220174495573227e-11
2.733900078879151952e-11
2.402762004970736970e-11
2.131016367893611981e-11
1.893795332652647619e-11
1.696449350075028002e-11
1.454314833122510898e-11
1.218318114647527481e-11
1.042993781245703410e-11
8.965234604700414641e-12
7.586134498384709610e-12
6.506951677573386365e-12
5.758906158963417918e-12
5.059121698043006313e-12
4.542606525364112325e-12
4.053238335032964169e-12
3.558693187270229459e-12
3.224265293702373968e-12
2.847278278765472535e-12
2.484230386656715244e-12
2.203671868421355759e-12
1.934922695106458407e-12
1.661464458421025807e-12
1.409331938207760775e-12
1.160846589305220405e-12
9.687740752386311564e-13
8.262167250957794926e-13
7.074418881449631257e-13
