6.135252056524569814e-02
2.227885356966665190e-02
1.160482658941574922e-02
4.539349593373905381e-03
2.041811470050514284e-03
9.380746877195386560e-04
4.632570484916337362e-04
2.425126906232815836e-04
1.258397943783543687e-04
5.534639055590119961e-05
2.145741007353979310e-05
8.235474792443962371e-06
3.589058056681736976e-06
1.752522488643859811e-06
8.758264409171358606e-07
3.986191451383454950e-07
1.810804514059796614e-07
8.109911123633112198e-08
3.329473374178298137e-08
1.323403998741365861e-08
5.090941373388495647e-09
1.650219859799741550e-09
6.730667140701821763e-10
2.549135586381230558e-10
1.024049093663778225e-10
4.154561543232622178e-11
1.611152361106098206e-11
6.845267076821845811e-12
2.994060237223414313e-12
1.284841274583989882e-12
5.241741483192687069e-13
2.510676283698734347e-13
1.102508694528727001e-13
