9.859070489408294780e-01
9.743807593093302133e-01
9.620640636616843988e-01
9.481102743710529968e-01
9.306552476991386547e-01
9.081575391002149056e-01
8.837638964816915133e-01
8.576337002520263431e-01
8.266437318741998164e-01
7.863207437338408656e-01
7.464613791664214126e-01
7.038208458565743397e-01
6.552659353080612092e-01
6.128557050170324594e-01
5.681797289631549397e-01
5.283875090120305762e-01
4.942140290411488057e-01
4.634453910499143903e-01
4.319501835770099829e-01
4.051200722220730244e-01
3.778337289716467984e-01
3.526503204059285301e-01
3.285567258374474942e-01
3.100194115673062245e-01
2.904473814010074539e-01
2.730256521377794066e-01
2.559457817297383642e-01
2.412037876008018000e-01
2.267206773608106962e-01
2.130622466229995793e-01
1.994655520701740792e-01
1.844813360431849236e-01
1.705897985651332605e-01
1.597421902893094159e-01
1.500687815507305012e-01
1.402778145468484006e-01
1.312625077179563615e-01
1.222188044846603677e-01
1.133183578065074665e-01
1.055479752582118291e-01
9.816182795854964949e-02
9.121245706349083437e-02
8.455143173220167063e-02
7.854559148484831221e-02
7.390310651221720928e-02
6.854660399534209803e-02
6.391866759131303866e-02
5.996035115290683504e-02
5.648519242974513882e-02
5.343550714192135676e-02
4.998115076830116771e-02
4.670268515763383727e-02
4.338582856089061995e-02
4.046482598354342319e-02
3.728477469260600696e-02
3.447027571503682997e-02
3.179986897368649451e-02
2.984454673507679762e-02
2.743271799369987468e-02
2.508657799803206204e-02
2.262462501035604479e-02
2.043080506077130792e-02
1.904045520231785471e-02
1.783816049250536162e-02
1.632136905928593604e-02
1.494330433442198416e-02
1.367573442862028872e-02
1.254871663496379304e-02
1.155794479453483084e-02
1.064903238208879735e-02
9.812738710111073778e-03
9.075431741497637719e-03
8.417277036471998083e-03
7.747341537758763337e-03
7.189158021540798839e-03
6.717377243800255228e-03
6.360173837905055451e-03
5.928003276753246453e-03
5.536161498394155320e-03
5.142631248156466668e-03
4.812866848726119612e-03
4.485455502080307189e-03
4.201320140613516198e-03
3.965091224546374131e-03
3.680544526836755648e-03
3.368540510744062657e-03
3.142999715012372280e-03
2.940076433025136816e-03
2.680867420004015914e-03
2.439945045611780199e-03
2.233700060244009789e-03
2.080015567527312200e-03
1.922038979012055931e-03
1.768591636278698045e-03
1.643293661899216523e-03
1.547485333509865911e-03
1.425417227992706749e-03
1.310358225115958826e-03
1.206534363879282166e-03
1.119297676477629339e-03
1.043537290856543474e-03
9.671512945516564730e-04
8.844188584266034431e-04
8.132085028477475420e-04
7.576974046663364571e-04
7.026887180334279951e-04
6.411788768893824557e-04
5.893216845764777173e-04
5.467582351287216674e-04
5.087844875055893635e-04
4.755247295191241557e-04
4.407910225044422677e-04
4.077795905173149920e-04
3.811031868946066566e-04
3.556093006272270001e-04
3.374474629629502535e-04
3.186045611425210138e-04
3.003576918209616945e-04
2.841807705616605740e-04
2.687772383245237359e-04
2.532066324997646009e-04
2.377656496542869611e-04
2.241652310965896924e-04
2.084627518338494064e-04
1.926533860027622111e-04
1.786875511057368026e-04
1.661796676435208409e-04
1.547973895527885748e-04
1.445188693127125276e-04
1.340184792453922213e-04
1.227508096128891832e-04
1.117803539531191510e-04
1.032873989828683931e-04
9.464119969923271314e-05
8.576315520920286986e-05
7.711302637568557639e-05
7.112639076727629431e-05
6.509639640752540443e-05
5.874980616541187458e-05
5.362376224642262227e-05
4.987948004089113999e-05
4.644056108519531634e-05
4.399191827771002183e-05
4.097036143451501680e-05
3.800279436074946709e-05
3.536842247172984502e-05
3.338420918017184552e-05
3.136642263172983547e-05
2.957163807249613087e-05
2.790266608292261803e-05
2.598797735977729817e-05
2.393595560314933532e-05
2.203054232388102832e-05
2.052151907432327722e-05
1.930279047729213250e-05
1.766210829721748479e-05
1.585284268529630887e-05
1.415594667744562836e-05
1.276133376972862378e-05
1.152558194880151464e-05
1.046562121119269765e-05
9.585969619022114557e-06
8.839478924730222889e-06
8.327637219874214360e-06
7.893553984335182006e-06
7.419522879842816790e-06
7.130679891951827207e-06
6.636472259480765911e-06
6.141462189109002490e-06
5.704702454143038875e-06
5.306505852783030697e-06
4.961128919091534832e-06
4.711273621164080472e-06
4.374192581352021454e-06
4.104188417555207480e-06
3.859343005261071313e-06
3.602600271551216706e-06
3.372172174542709413e-06
3.148958679389337821e-06
2.960628765700573885e-06
2.803349030717691117e-06
2.611982025369971769e-06
2.443334093801605591e-06
2.299938104205454132e-06
2.189639352739979620e-06
2.043363482422558565e-06
1.893343201391536166e-06
1.725312759406750130e-06
1.598012902253999551e-06
1.476108129323748159e-06
1.342020399628309149e-06
1.231748200620837176e-06
1.167996927505940455e-06
1.092792129756278529e-06
1.026827518738698002e-06
9.606059226253293268e-07
8.846310681385045087e-07
8.165259944865879168e-07
7.683811460483905988e-07
7.136279704320263620e-07
6.617272553029528003e-07
6.273864845653203894e-07
5.848483326755322644e-07
5.433828346557652275e-07
4.994183746458600671e-07
4.666345872503131714e-07
4.344172989647840138e-07
4.038210860266372747e-07
3.757544554886113001e-07
3.497595601831445856e-07
3.320976752259174506e-07
3.109841847919403690e-07
2.909494491974469876e-07
2.746717618343548155e-07
2.579228928786391659e-07
2.375499522731811925e-07
2.216711287333544963e-07
2.057243825372003446e-07
1.925635385539382869e-07
1.764111844221120496e-07
1.641437399844217940e-07
1.559658543577264799e-07
1.451134180261446427e-07
1.356316616394362570e-07
1.266351535391036694e-07
1.163926376734170628e-07
1.061865424887991320e-07
9.746005927895664556e-08
8.954438145520174280e-08
8.126931029282589165e-08
7.453943771167635466e-08
6.832739433661907258e-08
6.283454467425932911e-08
5.743913347819386162e-08
5.321459168595164848e-08
4.925167924624666903e-08
4.620016356010882054e-08
4.353361573915923595e-08
4.098986029230115731e-08
3.818479079564848763e-08
3.558912190090102408e-08
3.326477617043081291e-08
3.115739825827341522e-08
2.908842407477632829e-08
2.738370915056669283e-08
2.573355852401042000e-08
2.346216158238967596e-08
2.142680932430469488e-08
1.984767107098795638e-08
1.791101267723545994e-08
1.606771257218623030e-08
1.453527641123466737e-08
1.315534698210579283e-08
1.223337188412777768e-08
1.122235381373154537e-08
1.036554309075708706e-08
9.703388237231611724e-09
8.925560962240367068e-09
8.233566996576036823e-09
7.579702478116190950e-09
6.998601485778427522e-09
6.573384879603733466e-09
6.030246261914121396e-09
5.603827610019769179e-09
5.338121258200867275e-09
5.019815357811273637e-09
4.735561623001718411e-09
4.472750344894505183e-09
4.214610871290110314e-09
3.948055727015308924e-09
3.734605456741856160e-09
3.479268880896871505e-09
3.234546559019212094e-09
3.040386525082837394e-09
2.816695960846628246e-09
2.591149494582538504e-09
2.378427937221228129e-09
2.179070969329671839e-09
1.953805984081612488e-09
1.764611833438601029e-09
1.588623728921528028e-09
1.442053737139575643e-09
1.315407393259120012e-09
1.187741919657270480e-09
1.092523463742671919e-09
9.902201940089659293e-10
8.910553916110152661e-10
8.274546709678573491e-10
7.599734176040323203e-10
6.988003773854078600e-10
6.525514017015666827e-10
6.183291217489678183e-10
5.817259907990882560e-10
5.461493928335435769e-10
5.184828528722400560e-10
4.849472676261554276e-10
4.535215331463101826e-10
4.232741974593969726e-10
3.967123583995560468e-10
3.737380822913909769e-10
3.542931982269426069e-10
3.351540344532479456e-10
3.151754262750066122e-10
2.961341398120935951e-10
2.751391768594066211e-10
2.567015123235162796e-10
2.382258638098042982e-10
2.227753791311435990e-10
2.070979275463232614e-10
1.872557727002682010e-10
1.710619429504231810e-10
1.579861209438255364e-10
1.471874267937214007e-10
1.382827893227767452e-10
1.312935163864928842e-10
1.212155722707704639e-10
1.126779709958851809e-10
1.065888000313403830e-10
1.006863560605279268e-10
9.496688207713277548e-11
9.064866663617099681e-11
8.457958575490337345e-11
7.917410102484096266e-11
7.473430532641161581e-11
7.067670997069319371e-11
6.725875556730688945e-11
6.225131366566827959e-11
5.775975753601141300e-11
5.342960831618243805e-11
4.906628284418017334e-11
4.475138016747440126e-11
4.072782022882147321e-11
3.785809177543017927e-11
3.341701110890479582e-11
3.052092898955417088e-11
2.783745045242801193e-11
2.526285990629282013e-11
2.319273193144420768e-11
2.160670494515209763e-11
2.009899764508212544e-11
1.840985393068696668e-11
1.675665118971716713e-11
1.581519506721596496e-11
1.478495878024986992e-11
1.381179161982311577e-11
1.293425748836672052e-11
1.223203381001391363e-11
1.171142844190601329e-11
1.102238885073005514e-11
1.039168076843907889e-11
9.616060680077402327e-12
9.081433888983866932e-12
8.651592992103364720e-12
7.936960560353703863e-12
7.355806662330526554e-12
6.732261389240836562e-12
6.092296207952360957e-12
5.495813760968918914e-12
5.068377036162979432e-12
4.752034664656776677e-12
4.275270245793858843e-12
3.951212814087276485e-12
3.706267707309517196e-12
3.383540197986280956e-12
3.150094539020825026e-12
2.944703718897577513e-12
2.793922127065031649e-12
2.577875064214883436e-12
2.393363887923951909e-12
2.249675251122866427e-12
2.088153725093988673e-12
1.971263733014121950e-12
1.864799105610140233e-12
1.732002208096145102e-12
1.645100272090710754e-12
1.532621316940933524e-12
1.457065738925121259e-12
1.338249443369622287e-12
1.230011063963488828e-12
1.118765904070712046e-12
1.023917050488031974e-12
9.407955366942988594e-13
