5.010485766344906222e-02
2.075291462485937335e-02
1.069815770069278485e-02
5.116414682179067260e-03
2.619883044298842740e-03
1.154135319043909924e-03
5.199946541696422522e-04
2.959587316483648601e-04
1.273505372643243165e-04
6.505704449003205775e-05
2.613107682734067697e-05
1.048287818738947571e-05
4.679765002631803104e-06
1.719932327512120878e-06
8.332421493346126653e-07
3.178733261835171740e-07
1.252071157328529169e-07
5.132239813020734963e-08
2.253346987593616446e-08
8.837152397083257526e-09
3.013774835126725472e-09
1.146767159656203808e-09
4.678436615008720493e-10
2.020042238030641249e-10
1.157738103674800344e-10
5.438561421673040051e-11
2.373891181907494214e-11
9.809129654565863737e-12
3.729398733913404156e-12
1.534488986035622006e-12
6.249228383511602161e-13
2.742093504035835900e-13
1.348904595256450249e-13
