6.059307924816672436e-02
2.358327958143825731e-02
7.011902658523366458e-03
2.696805532201869415e-03
1.304703819158901674e-03
4.140503706524729694e-04
1.885237028066709983e-04
8.865056979810179507e-05
2.491007382964163634e-05
1.080614758998879187e-05
3.419102927475881467e-06
1.584656352805390377e-06
5.940742617048724135e-07
2.160098409164472860e-07
9.554202007163835671e-08
3.536506178008687336e-08
1.546789028300259618e-08
6.689013071704047555e-09
2.085265361496995269e-09
8.824956860355826802e-10
3.230674299042231140e-10
1.275749334717622769e-10
4.462623953453689973e-11
1.517416308809989558e-11
5.312357625140906296e-12
1.724863783207024455e-12
5.673838734626159339e-13
2.168852225725284739e-13
6.768415893247784596e-14
