1.817046793287124540e-01
1.258988090862350473e-01
7.989178474646013717e-02
5.396189405407349204e-02
3.683934706647606916e-02
2.906478653044760121e-02
2.311620889198508569e-02
1.707697727474276686e-02
1.443628180975089700e-02
1.100685908387490780e-02
8.388913775141247642e-03
7.208636446332431121e-03
5.373847159186867853e-03
4.270887147355931397e-03
3.304479449019250090e-03
2.475034882170977849e-03
1.746190432615864034e-03
1.230636425380187901e-03
9.369736189868126683e-04
6.248131845304501610e-04
4.383812041569295917e-04
3.379105395911405634e-04
2.663719609233836170e-04
2.121001309355444219e-04
1.837129792043375881e-04
1.369105835779819882e-04
9.211752497976357170e-05
7.342555925656905631e-05
5.239064585719693188e-05
3.728487912116462276e-05
2.586706166930134704e-05
1.657221712340435562e-05
1.175810750665904673e-05
8.848895270747617631e-06
6.031192301946193273e-06
4.613386421086276586e-06
3.771321493155177852e-06
2.567253553691803082e-06
1.906371035629726366e-06
1.117182013224760138e-06
7.915083679670250413e-07
5.320380851345115120e-07
3.566229724804989286e-07
2.792189743238679893e-07
2.021416449225166227e-07
1.448773697243488501e-07
8.679871183005461428e-08
5.848689566822825180e-08
3.759718528858150976e-08
2.458925324764287425e-08
1.588424660517502159e-08
1.032468847608524377e-08
7.010595357777985020e-09
3.897150788872493612e-09
3.094527332970575525e-09
2.056889562476737595e-09
1.427571775699318353e-09
8.784846460111268267e-10
5.351738099949673693e-10
3.495365994581025206e-10
2.641991223720406363e-10
1.809912361742615995e-10
1.130703770152459288e-10
1.024952401619413492e-10
6.005428603761462419e-11
4.439130533569752410e-11
3.479966438541239089e-11
2.371253452143338453e-11
1.687693388209127629e-11
1.142997202968410285e-11
8.601373883749782776e-12
5.086454429538625042e-12
3.504342909663364687e-12
2.304995042526031328e-12
1.328820795762148385e-12
7.979536334538171826e-13
4.645999988617600562e-13
3.079620405187830210e-13
2.115541051980153500e-13
1.354611906899894320e-13
