1.104432101566443503e-01
4.939024774535814843e-02
2.289276955525884963e-02
1.522031161844940479e-02
8.787652314480557877e-03
4.019693763794526288e-03
2.112954276818631173e-03
1.270127076124274437e-03
6.906245957274618607e-04
3.997984705195356970e-04
2.276978182108976747e-04
1.293216586480166921e-04
6.873458887094012492e-05
3.497657709127467484e-05
2.454533703229700188e-05
1.132624420813204009e-05
6.440980244440765188e-06
3.958957813576004304e-06
1.922756798720209058e-06
1.082170772773805523e-06
5.852552217974116558e-07
3.392574167584783314e-07
1.874728752818325815e-07
9.343572749326580469e-08
4.863995980845751930e-08
2.556852065383504995e-08
1.398291620693934055e-08
7.642134570909927051e-09
4.146119590345998672e-09
2.133724951799988312e-09
1.101137337938989883e-09
5.165448639315110711e-10
2.861266443084434234e-10
1.316845504209061573e-10
6.453026037445886388e-11
3.105385520463323367e-11
1.712879461237614263e-11
7.640684581357392653e-12
3.503540158503307967e-12
1.802270163951710302e-12
1.029133307052422314e-12
4.274294351296330802e-13
1.712523407741571288e-13
