3.395089914215607824e-02
8.063251164257677350e-03
2.837964619712205708e-03
1.192776644543350108e-03
4.171578379725449548e-04
1.513238972199004815e-04
3.561517323091878981e-05
1.302780903123809276e-05
2.511310625311865564e-06
6.964626257013175224e-07
1.554565505557108104e-07
4.511502092052887484e-08
1.153197655815066579e-08
3.135893866176152568e-09
7.847066363505993851e-10
1.961718243150629357e-10
4.449418400305258528e-11
1.023060468186307788e-11
1.884005273670008550e-12
5.453710091906974595e-13
1.335233796460521148e-13
