9.926627228436221140e-01
9.580293238779018505e-01
9.462933672489296510e-01
8.799405914687462582e-01
8.576948284439137593e-01
8.272811645623648902e-01
7.773802009256687295e-01
6.900218505098160149e-01
6.199235558245572708e-01
5.792646901911745472e-01
5.294822462657021722e-01
4.591247474098535397e-01
4.439597210701614061e-01
3.969397618545995599e-01
3.227320324079696601e-01
2.711869811013296605e-01
2.517440641761675701e-01
2.289727970313697181e-01
2.057987335097580806e-01
2.015069549757989853e-01
1.707730250008711592e-01
1.680786184164999308e-01
1.492881362466781936e-01
1.309894798712346042e-01
1.178569842702928416e-01
1.136841967902109674e-01
9.463217308682574103e-02
9.101875126413323802e-02
8.168951805101887231e-02
8.168176552894333697e-02
7.903357369083564843e-02
7.360256325820174750e-02
7.017236956742187171e-02
6.331900382145483341e-02
6.143630521296974956e-02
5.201983121971357621e-02
4.389385975474369844e-02
4.118988989190576488e-02
4.096988054639963406e-02
3.339736716980766518e-02
2.615294313521189518e-02
2.525539821201017165e-02
2.370752474622645281e-02
2.253177834415647299e-02
1.900976417324553441e-02
1.765633921457342506e-02
1.594890536291883668e-02
1.577990752897158455e-02
1.561088587996470843e-02
1.461476144465957694e-02
1.326744077051803319e-02
1.017933203210224027e-02
8.474798136496554044e-03
8.426123755156051179e-03
7.614594238426727717e-03
7.402428510752879186e-03
6.520808406644545627e-03
6.471779634233567995e-03
5.007674808182070031e-03
4.971334952491103347e-03
4.484827045308360620e-03
4.361182335119391344e-03
4.246432637907931844e-03
3.515013459647048279e-03
2.935194165624344879e-03
2.896608360724753622e-03
2.252265821846484353e-03
2.229266521892250483e-03
2.066884721408948807e-03
1.846373234800531343e-03
1.650104780661674955e-03
1.287428406796288028e-03
1.281331396352453165e-03
1.253056101166943534e-03
1.244860924525741314e-03
1.048477758776182643e-03
1.000176059182640966e-03
9.672931799385705914e-04
8.880937703102109726e-04
8.077984894084427880e-04
7.346382808139254126e-04
6.695733998398586181e-04
5.592469915983741633e-04
5.506500926741605224e-04
5.273619957427631540e-04
3.804767282045196683e-04
3.792963743919319482e-04
3.265225364783346722e-04
3.050812304839777846e-04
2.826967558286738779e-04
2.742999663351032829e-04
2.714347184778574261e-04
2.515772259361006733e-04
2.104307420289120052e-04
2.017548276999862476e-04
1.807250175604909457e-04
1.553603530921061752e-04
1.302441756759466175e-04
1.236843165229486020e-04
1.068727346105576356e-04
9.873965205651670941e-05
9.795181883425720570e-05
7.480217713020605771e-05
7.232404349346489999e-05
6.989104715873603504e-05
5.931083262519731104e-05
5.702100848932982599e-05
5.280111962371094583e-05
4.578963489245745989e-05
4.560803880744814149e-05
3.566991650853459277e-05
3.533422188233317616e-05
3.287435844382627386e-05
3.218717229742145618e-05
2.721996209711445141e-05
2.704002771101614500e-05
2.629669634778682301e-05
2.119771103199327342e-05
1.848624405361316690e-05
1.707742347715543785e-05
1.613619019197630995e-05
1.452794953975160758e-05
1.366670522276610365e-05
1.334675972459858364e-05
1.038186369739438573e-05
9.447661628835822803e-06
9.201705956247836264e-06
8.635521192530525912e-06
7.431261652583295392e-06
6.739986178131611447e-06
6.072885333758161368e-06
5.916308870044259794e-06
5.732063016521688677e-06
4.133921527419510202e-06
3.780877656379166602e-06
3.768326411723441707e-06
3.610115320816059123e-06
3.563752230624431645e-06
3.009023102108399951e-06
2.991926737312392951e-06
2.586982608040541941e-06
2.598126053934163959e-06
2.505241858549374739e-06
2.073258625252877305e-06
1.677335581093824590e-06
1.573275819475958286e-06
1.087035311647305552e-06
1.034166519417728460e-06
1.019444588500020591e-06
9.471164911021815051e-07
8.941620338544564206e-07
7.935781471652573369e-07
7.560691970438365147e-07
6.786684250570964586e-07
6.711753890764970357e-07
6.567869876178277601e-07
6.432878840275717023e-07
4.501873096141481361e-07
4.240158277052912059e-07
4.177438028433121513e-07
3.940215015096796520e-07
3.305601996557137715e-07
3.018402437239400974e-07
3.016461566844841848e-07
2.739391278761030514e-07
2.681334807315818044e-07
2.151833481122398796e-07
2.100784782187206594e-07
2.075645670506662919e-07
2.006503921775115625e-07
1.923486413313657133e-07
1.893403064091055828e-07
1.324873551435449575e-07
1.195625255335897757e-07
1.119344487389787662e-07
1.109473882065250278e-07
6.686179541213087274e-08
6.533357414503603322e-08
6.560965051681902300e-08
6.525863041021699434e-08
6.366188012236990296e-08
5.294648542161572724e-08
4.507873359119497735e-08
3.884356748163271230e-08
3.316561364894336685e-08
2.955826079385362731e-08
2.838066808088346850e-08
2.718654957798085167e-08
2.647625741015532050e-08
2.577474415279767490e-08
2.514195136263161502e-08
1.942942365635448586e-08
1.284722051183737640e-08
1.280894460048510135e-08
1.267937321881171048e-08
1.220036659686734736e-08
1.133761878095372097e-08
9.863823907910682195e-09
9.640446091539019877e-09
9.338602145983556556e-09
8.592162760659395011e-09
8.377095752338381112e-09
7.704009486371574472e-09
7.599926896702001203e-09
7.223744275228501856e-09
5.085786403055594183e-09
5.029669735879603413e-09
4.737015197413073249e-09
4.469440683710101456e-09
3.714272456514113283e-09
3.648570908430054279e-09
3.054464656344079958e-09
2.866437419283714078e-09
2.724153587110835151e-09
2.627254342376552247e-09
2.305909361447346863e-09
1.798148088518055279e-09
1.309634730443920883e-09
1.282059428708512115e-09
1.246774725014279085e-09
1.237653126589521768e-09
1.004818721630360306e-09
9.599141947978525891e-10
9.429006714018159608e-10
8.817330868283069737e-10
8.512052677583490412e-10
6.790673118918461477e-10
6.249082885823501544e-10
6.132539076771519071e-10
5.553398962520237959e-10
5.368186879382350241e-10
5.016617411129018232e-10
4.153487945864776532e-10
3.928683571509684341e-10
3.828160413181397236e-10
3.586483948099547708e-10
2.952063023587275573e-10
2.884139712317963129e-10
2.560189652980647646e-10
2.303920529595173750e-10
2.184443287239487448e-10
2.109499310396324443e-10
1.196054965538999377e-10
1.198741757344702951e-10
1.187293936986228305e-10
1.108975601151520456e-10
1.073949396951729571e-10
8.322149076087281162e-11
7.622191249633427008e-11
7.448748479532529371e-11
6.972406389343647966e-11
5.643055927810261211e-11
5.475714175480909204e-11
4.831181124295035587e-11
4.383818083647897901e-11
2.957927817859124715e-11
2.874121335799904654e-11
2.835661190893901954e-11
2.489381104505428906e-11
2.464592495627941731e-11
2.315346002450994899e-11
2.222703691163627522e-11
2.018343144150223482e-11
1.842778520835009327e-11
1.655072793214971918e-11
1.555848757305050260e-11
1.331583437962716829e-11
1.301577606469482344e-11
1.316653272057030322e-11
1.178096978589549571e-11
8.619596624095835667e-12
8.271477492272673377e-12
7.093665688426776651e-12
6.799312719438318666e-12
6.762402758911020764e-12
5.754342378050089218e-12
5.710673152197556093e-12
5.091176706273613461e-12
3.631127569995846799e-12
3.580433746124035280e-12
3.505423082260446943e-12
3.449987463236456988e-12
3.354811383289362212e-12
3.238803684906715675e-12
2.893238457155539432e-12
2.545592688562519754e-12
2.086043860641315544e-12
1.970101119952772204e-12
1.957051989440366154e-12
1.593126148158671619e-12
1.294460568171337931e-12
1.249035582623260949e-12
1.222037078500155832e-12
1.155098191511686182e-12
1.120082211964072866e-12
8.853792601890825290e-13
8.644791471691447798e-13
7.900058846342599623e-13
7.155976416532670395e-13
6.877779776641538384e-13
6.146982867109040440e-13
5.330156315563602411e-13
5.005868203272113575e-13
4.956799729481783391e-13
3.789070675072028544e-13
3.697276831058758369e-13
3.187081141402503165e-13
3.168977107985505037e-13
3.051934567279421317e-13
2.835398782384462779e-13
2.846610874789504067e-13
2.730696152971380956e-13
1.635102759710362616e-13
