9.997179938490849960e-01
9.983825085803823551e-01
9.976224743900379277e-01
9.942292152038114672e-01
9.931104289264955920e-01
9.911576324006354799e-01
9.874141057502294760e-01
9.812088705790400489e-01
9.756617900173940594e-01
9.730184485902801939e-01
9.690192772572228108e-01
9.616745226938500091e-01
9.606184405184484687e-01
9.530062998701268606e-01
9.407081677378305029e-01
9.316259414647608539e-01
9.284179348260550579e-01
9.148773126876125206e-01
9.131390407627276717e-01
9.057892169563225293e-01
8.909852765242962658e-01
8.891111167013923122e-01
8.753243953851522763e-01
8.635227500878820406e-01
8.468302658157689233e-01
8.435169185759308075e-01
8.336757991872725260e-01
8.258068405240303056e-01
8.214597353024005733e-01
8.134183911028309844e-01
8.061860146163436491e-01
7.970753954137206332e-01
7.951763735309149705e-01
7.923460390987727697e-01
7.762884189332802665e-01
7.598735899520320247e-01
7.557555702211319337e-01
7.520429442834214440e-01
7.429151850587479844e-01
7.227986741087183420e-01
7.161722788937195938e-01
7.130513246616689838e-01
7.035509309217752305e-01
7.017670198636095646e-01
7.002310414657408888e-01
6.853301002471097192e-01
6.821750295393038677e-01
6.762130018419507671e-01
6.740226730265863608e-01
6.574857013391146587e-01
6.532663047735847162e-01
6.305085482269140451e-01
6.214685004090421128e-01
6.165015525438320987e-01
6.122376889568614811e-01
6.095437367103070381e-01
6.074756844540981637e-01
5.995730080759333891e-01
5.888607342511317233e-01
5.734283708501255461e-01
5.686328993428826362e-01
5.633057044140256098e-01
5.581341976372135028e-01
5.543832793924946545e-01
5.510697456081696810e-01
5.365743779590134155e-01
5.310797997746097288e-01
5.288712841513493190e-01
5.217204686195699992e-01
5.134558059352619663e-01
5.053678153860179378e-01
5.044837428369278731e-01
4.883863889697728222e-01
4.825091454819420700e-01
4.724028975225553761e-01
4.632080069118132415e-01
4.605840495724436434e-01
4.565207022392773761e-01
4.528844637875825141e-01
4.454814596700742979e-01
4.430624470491370537e-01
4.370179304319870006e-01
4.361220664656289547e-01
4.186476562019351144e-01
4.046765644876366141e-01
4.021263045665829927e-01
3.954643871032132441e-01
3.912175581070830299e-01
3.838801519629390091e-01
3.802367417102191505e-01
3.787342404626947157e-01
3.736070576183337377e-01
3.659765695021749421e-01
3.633590813230759831e-01
3.627352987420749408e-01
3.524015315434412265e-01
3.488258722850638427e-01
3.474934715891082604e-01
3.399839188245832866e-01
3.290307911365150106e-01
3.249224295842328414e-01
3.220187312936181323e-01
3.104550576494288228e-01
3.099020048995047572e-01
3.078825112412227338e-01
3.054807537589301347e-01
3.036427412734936104e-01
3.001568193729085010e-01
2.967119099713034225e-01
2.957530853035046925e-01
2.934703891598925973e-01
2.875356308888403767e-01
2.834522870249404081e-01
2.815710620495718852e-01
2.811696981508895465e-01
2.762366496901852986e-01
2.746433167153840560e-01
2.741504170499779458e-01
2.727206287930946105e-01
2.623264719042910920e-01
2.596763530650548768e-01
2.592371991659396802e-01
2.582632211831590308e-01
2.562009600196011871e-01
2.539528682197649823e-01
2.494074306254934204e-01
2.490578381841740685e-01
2.482773831720380686e-01
2.476424926364920454e-01
2.428785569961965096e-01
2.424696553718549696e-01
2.382389051706252647e-01
2.367610382254439483e-01
2.338795182591252853e-01
2.274065054726678303e-01
2.261300030396062311e-01
2.145060152609037374e-01
2.143248977228829899e-01
2.088041197328596443e-01
2.071930016499359539e-01
2.065683020692372640e-01
2.058110371575368469e-01
2.048916093442315345e-01
2.037683345571426330e-01
2.033542314995932243e-01
1.946133396324283282e-01
1.929467597353187458e-01
1.916093826188770277e-01
1.898374396600679415e-01
1.861590871579247297e-01
1.859463804119166896e-01
1.824767837970342754e-01
1.788425485070935239e-01
1.778610406694080825e-01
1.717425928677825397e-01
1.701649850051232815e-01
1.701119646327259871e-01
1.661766023021400973e-01
1.651731371570675233e-01
1.640079460139133860e-01
1.617845553884527665e-01
1.609071114721510320e-01
1.603539969610663640e-01
1.573513081094388144e-01
1.539240242290139393e-01
1.537317276461374060e-01
1.534657330442882328e-01
1.519648662319166288e-01
1.464113618894096747e-01
1.446448784998693171e-01
1.432101149072713131e-01
1.416191252367815512e-01
1.407991450133631584e-01
1.399794261524918981e-01
1.393027741143542664e-01
1.388560795186795649e-01
1.360145754130488160e-01
1.355216993053704744e-01
1.351098456926720093e-01
1.341753962152459900e-01
1.255566038761245229e-01
1.245948525734396212e-01
1.242216614335842906e-01
1.217839536363436309e-01
1.189019778636998814e-01
1.181332574337984748e-01
1.163008856971620014e-01
1.132489126555127346e-01
1.109991008098882986e-01
1.107518446252109823e-01
1.091702120496248624e-01
1.080933163999094337e-01
1.049244934724583717e-01
1.046749240829498301e-01
1.033405301477999388e-01
1.023444268248796252e-01
1.020511777376440499e-01
1.009025646869493170e-01
9.771440311454891725e-02
9.657735855470447883e-02
9.632098725851086229e-02
9.611360524896626900e-02
9.598593544262251642e-02
9.539890845109709472e-02
9.474046196643316764e-02
9.265097475496611446e-02
9.177628384531003047e-02
8.950977523107284117e-02
8.927951198732826665e-02
8.923343470951483614e-02
8.749523668158584733e-02
8.670533934497663686e-02
8.506664377237899144e-02
8.467008948105482491e-02
8.448796232477527590e-02
8.228797860719583301e-02
8.191722205340482010e-02
8.165300076832675280e-02
8.035654377991156838e-02
7.933102510221180792e-02
7.866344770808204878e-02
7.796101764117353838e-02
7.773554916115274493e-02
7.426762084746169057e-02
7.315936729327145172e-02
7.313496619198785187e-02
7.251128013656257809e-02
7.031657822068487773e-02
6.969693949964372859e-02
6.768848978906587266e-02
6.605568665707736709e-02
6.479841391327657851e-02
6.476239529816012197e-02
6.341836330168397484e-02
6.317564667802942624e-02
6.117135068872154441e-02
6.016916416046759475e-02
5.943394342719446333e-02
5.830453905653840141e-02
5.767885652932514678e-02
5.743298003748681380e-02
5.692645482340855101e-02
5.683155029472540531e-02
5.664554405380445995e-02
5.450081236882743652e-02
5.380174238295531292e-02
5.370377757109403433e-02
5.355429045965350715e-02
5.093335180251506306e-02
5.053429619615436991e-02
5.048991742093297819e-02
5.035467630440973452e-02
4.968062491435720762e-02
4.852916057189494287e-02
4.768343893218639218e-02
4.726029576008007604e-02
4.667365666323758377e-02
4.615681533181207469e-02
4.614672311824801615e-02
4.609228884427048895e-02
4.415041092785703530e-02
4.390480500240919598e-02
4.385624951854823206e-02
4.381294639435624055e-02
4.298285803781197456e-02
4.151507499966316378e-02
4.145891846214372345e-02
4.133104604562238410e-02
4.069738687604419758e-02
4.054756109000379888e-02
4.022655923819274532e-02
3.965036592102990504e-02
3.910925414253905302e-02
3.817213090676611909e-02
3.813046766306733143e-02
3.807981246768662315e-02
3.742472021276809641e-02
3.727775013288424366e-02
3.714011776224460104e-02
3.657915055040968783e-02
3.568213770335119939e-02
3.564950501771797092e-02
3.520684087342328128e-02
3.519253905931991194e-02
3.469178688548697764e-02
3.446722050083288885e-02
3.415854792765575521e-02
3.402950973009411656e-02
3.357487800891817420e-02
3.245541233318263719e-02
3.230474093716334538e-02
3.229174809844324867e-02
3.197954743266311767e-02
3.182157125892137034e-02
3.160876625550307351e-02
3.050130238681953918e-02
3.024445828459045721e-02
2.987723442415339895e-02
2.946607667774037501e-02
2.942072353263728082e-02
2.934066862366352044e-02
2.919924400442733270e-02
2.900413192806582455e-02
2.789652236097017388e-02
2.769314610381337985e-02
2.760152981229197985e-02
2.692620373914190665e-02
2.657494806555887185e-02
2.610460405318328070e-02
2.591648844583711517e-02
2.558902336400535951e-02
2.547451518523419223e-02
2.536960940114330043e-02
2.532724511691675229e-02
2.522117477203810257e-02
2.485162191690878236e-02
2.476635847194528020e-02
2.424259503723191420e-02
2.409343774110679973e-02
2.362441770968178034e-02
2.350802860957738882e-02
2.245107967032933943e-02
2.234029161672535999e-02
2.232483839464194028e-02
2.204151864995550561e-02
2.176561185844769555e-02
2.158965719968042665e-02
2.079148367012774792e-02
2.072239512192187993e-02
2.015577671714047225e-02
2.009510719719238142e-02
2.005619551276874302e-02
2.003415298995109284e-02
1.910957692223947540e-02
1.893750717559851762e-02
1.881671510527487337e-02
1.878229936172799014e-02
1.852332328386232727e-02
1.834415203129956956e-02
1.831088239504747792e-02
1.804865637683549656e-02
1.769257299533717742e-02
1.750894460493044799e-02
1.738824179773554648e-02
1.707850985487721282e-02
1.683707849549082383e-02
1.672736818069970113e-02
1.672160331895005542e-02
1.658834853932885517e-02
1.654886672912395107e-02
1.645422451116787879e-02
1.605254633023272398e-02
1.563410303650531949e-02
1.560622393074059810e-02
1.549114621937375605e-02
1.548726992385628110e-02
1.534571065997301399e-02
1.523217517924107048e-02
1.505110836927634962e-02
1.473948792580694750e-02
1.462885260560119888e-02
1.459049249630537705e-02
1.452363898477722348e-02
1.444823970840983761e-02
1.439247863503027858e-02
1.437326470049466245e-02
1.427176252771502132e-02
1.388171899000535670e-02
1.358038916772718978e-02
1.352838626127242025e-02
1.312579127621676944e-02
1.312442959917966591e-02
1.308601079399904395e-02
1.290054011000819033e-02
1.268632741367747493e-02
1.253028437687937584e-02
1.224022228264042000e-02
1.195293296702585988e-02
1.188583596416195945e-02
1.186092779214755789e-02
1.184394131664405318e-02
1.178541269748555748e-02
1.169389285103965975e-02
1.162328217702039528e-02
1.158483473317260294e-02
1.094250814292039090e-02
1.091097954872359208e-02
1.090147231728035883e-02
1.088714426774137732e-02
1.061708686600389487e-02
1.035014873917273343e-02
1.010807744642496300e-02
1.007592837729603605e-02
1.005355507728938544e-02
1.000096224897164925e-02
9.998700011380055874e-03
9.852129011776723094e-03
9.566941630210823444e-03
9.534824859405113817e-03
9.520097200977645918e-03
9.483119916587271284e-03
9.169806335725977364e-03
9.145722153151117015e-03
9.135527294756367808e-03
8.676561027551250513e-03
8.647351383667350663e-03
8.614689999266324227e-03
8.578412101399885553e-03
8.464517002294502657e-03
8.409965969489613738e-03
8.340296451581307585e-03
8.327224623446684293e-03
8.321719871424668527e-03
8.153155272221528777e-03
7.791885677677063901e-03
7.785147088420330160e-03
7.553191514051518264e-03
7.545524046452149920e-03
7.512867354328584164e-03
7.470797270866123309e-03
7.401873812924673543e-03
7.241350736778747951e-03
7.219447832184601975e-03
7.172696878133316169e-03
7.152220619644937723e-03
7.055641762883232797e-03
7.021816036138405805e-03
6.968233432451043617e-03
6.806790296767516873e-03
6.739828495814966999e-03
6.713219095915445161e-03
6.690542169836556988e-03
6.577954904420364561e-03
6.515137541539699206e-03
6.499145412399580206e-03
6.489998534871223995e-03
6.417024874499066382e-03
6.385716714177347084e-03
6.282603687539290577e-03
6.183022429962519405e-03
6.072338580903735746e-03
5.969015373542772493e-03
5.943636352723273737e-03
5.939424736487381069e-03
5.863942574720371580e-03
5.744835970204766572e-03
5.614099994446070628e-03
5.489307359595045274e-03
5.390787942454680452e-03
5.368536089992695728e-03
5.354879452681223125e-03
5.306297202874121766e-03
5.282711723660907938e-03
5.127738052711193657e-03
5.041101288582536429e-03
5.030758449411276180e-03
4.943442028304934066e-03
4.820155161606808243e-03
4.813698917531592306e-03
4.735556494585234019e-03
4.712602503840081399e-03
4.704239508496958766e-03
4.661651363298813071e-03
4.584985451363427292e-03
4.531962013295360095e-03
4.478404119818367966e-03
4.420719490346649606e-03
4.329833870959759988e-03
4.301132200150588857e-03
4.297643049064416888e-03
4.279106638920890555e-03
4.215307508182231273e-03
4.108277995749019286e-03
4.105208792282893752e-03
4.089400355466319553e-03
4.031337571480876798e-03
3.996287685689003250e-03
3.949696135289822684e-03
3.801020245795674619e-03
3.770188387435886163e-03
3.767957124231077412e-03
3.765045569909859606e-03
3.699126879926824176e-03
3.681644089773158067e-03
3.600541960272910305e-03
3.592057108492479386e-03
3.576244337777162267e-03
3.482754106464691895e-03
3.429830197421243013e-03
3.427540283178718943e-03
3.396676781882139711e-03
3.343564016998367815e-03
3.325177873786163557e-03
3.312747580053414156e-03
3.247775235140645290e-03
3.219250821990475575e-03
3.216428573076140270e-03
3.204160178105953331e-03
3.147880738910302772e-03
3.138654959375072710e-03
3.122620461135830906e-03
3.114581358581234097e-03
3.024894291888432455e-03
3.011669366128308031e-03
3.004986701172009632e-03
2.997348883605287836e-03
2.969952125089586788e-03
2.966387104739233362e-03
2.912342049386662784e-03
2.854954967454362540e-03
2.740112311066094600e-03
2.733993494392952459e-03
2.690925375739279795e-03
2.664515505735451893e-03
2.654176096885479084e-03
2.630058415604630793e-03
2.586214974489729236e-03
2.543734469685611770e-03
2.472656652720442959e-03
2.408902208855462097e-03
2.398550615987296488e-03
2.388381806209426226e-03
2.372734305486232272e-03
2.367954865630382284e-03
2.361458123873341579e-03
2.181044735520109266e-03
2.168834058076762276e-03
2.156214003105421349e-03
2.138707384447735040e-03
2.122377166004074580e-03
2.045835584383404269e-03
2.029312725534729214e-03
1.985497384177796042e-03
1.961331576156665098e-03
1.934709447030079571e-03
1.932983761503881751e-03
1.908709747591646978e-03
1.886146640586037560e-03
1.879906895861156507e-03
1.871816771481511375e-03
1.867761366375856637e-03
1.837877476985752675e-03
1.766743271475122203e-03
1.760733358207093114e-03
1.737772870731088201e-03
1.722604361317868395e-03
1.719416152594256328e-03
1.713833007414408173e-03
1.675472764510344686e-03
1.665639112145335995e-03
1.656078856855827891e-03
1.654055878319048330e-03
1.630759262984328613e-03
1.619401203408916360e-03
1.598683585430511409e-03
1.583397019850412389e-03
1.536265422838529798e-03
1.527407483472527144e-03
1.511726915815032879e-03
1.495247789105216829e-03
1.493539848384748195e-03
1.489452234339218870e-03
1.395024552328662107e-03
1.375759330930505925e-03
1.370068414064407871e-03
1.360315559836138130e-03
1.349277777481446049e-03
1.335138764625069243e-03
1.326661326180546361e-03
1.318382338157803079e-03
1.311550036577150682e-03
1.298383743083394905e-03
1.253850184730989983e-03
1.237319988013383526e-03
1.232446125485296739e-03
1.204718955718666121e-03
1.202006637638995895e-03
1.166284016585590827e-03
1.162110075281903160e-03
1.153906806077974233e-03
1.131071061022485445e-03
1.111754659117971094e-03
1.107259849103215451e-03
1.102526065255587766e-03
1.092675059993256006e-03
1.088104419028783788e-03
1.076880092400126290e-03
1.057636739677872157e-03
1.037378373936451940e-03
1.030158168307187183e-03
1.024352769410101461e-03
1.014687898097878845e-03
1.013240579717665252e-03
9.551140657052342936e-04
9.445054050664123757e-04
9.413195997606237922e-04
9.392376800323749136e-04
9.348327311290984768e-04
9.311557579485496517e-04
9.243901855177576003e-04
8.955527764364733636e-04
8.892631421235506128e-04
8.749401740860835970e-04
8.707405389698567562e-04
8.695432440058919544e-04
8.492484512598891949e-04
8.484358588814122030e-04
8.347485986059875436e-04
8.293342579329476090e-04
8.046066363583480969e-04
7.919713030257271615e-04
7.863749061623218854e-04
7.615521413145299318e-04
7.611557348752341374e-04
7.596792072414530316e-04
7.485110897146409793e-04
7.478318531280364395e-04
7.457837934659790899e-04
7.198290813296814427e-04
7.097288113191837838e-04
7.068809708996724077e-04
7.056146774573760286e-04
7.032964155754189766e-04
6.885531172906627024e-04
6.862946527418110681e-04
6.709501170599234052e-04
6.598558507574535164e-04
6.458101861425011780e-04
6.438012496505970137e-04
6.429908902072068539e-04
6.421024869608572437e-04
6.301233784060713541e-04
6.073605501832112039e-04
6.051552764159873372e-04
6.029012669791651005e-04
5.987530242720539219e-04
5.944776699378829946e-04
5.935106877709782998e-04
5.915525361127391265e-04
5.676487289761912840e-04
5.523431390401776532e-04
5.384192089907898935e-04
5.364469762613341365e-04
5.264738400313713528e-04
5.262643730824774838e-04
5.239168125432404040e-04
5.213119618964486652e-04
5.156014997349770042e-04
5.096652519465708856e-04
5.045652157298091299e-04
4.996834130043263829e-04
4.969856628108647052e-04
4.955759893855902175e-04
4.954826783818338859e-04
4.920519470923374666e-04
4.757362677245973608e-04
4.711489489257338981e-04
4.704153532637362039e-04
4.648646723535630699e-04
4.629096371991412795e-04
4.589295036643437488e-04
4.582649030341833483e-04
4.557400535883689282e-04
4.354075099607934967e-04
4.274279689074742981e-04
4.259556972016583279e-04
4.234682893746584908e-04
4.149640342025654556e-04
4.119192034408527170e-04
4.077540157190538521e-04
3.985792023253277496e-04
3.906263534272521286e-04
3.899482512197596632e-04
3.768710092616823809e-04
3.755321848788494075e-04
3.719630594457095339e-04
3.716265953261028770e-04
3.618863375857490797e-04
3.559826966965715491e-04
3.475939943533919879e-04
3.447175663254504834e-04
3.417290596659766210e-04
3.315132665503699606e-04
3.301330313623003759e-04
3.297277593868863091e-04
3.289848924080891507e-04
3.264201780899221041e-04
3.255517848487441421e-04
3.246463677214929530e-04
3.232001773386343328e-04
3.141495688278180768e-04
3.126885790079041616e-04
3.125659097032960909e-04
3.043736071875925578e-04
3.031370688005559995e-04
3.002594922836912279e-04
2.972723588674407104e-04
2.963614704401135451e-04
2.948352826388232805e-04
2.922964203869720268e-04
2.919576950186516498e-04
2.915234095422713730e-04
2.890215772860681609e-04
2.774642528072557594e-04
2.763896849011863153e-04
2.742934133669607758e-04
2.720539929412393409e-04
2.705427717196563038e-04
2.675913232411093550e-04
2.650189298222268121e-04
2.649031213702422336e-04
2.588120615989986627e-04
2.569210068027272340e-04
2.469690781532756668e-04
2.412254959649872278e-04
2.411488945355539770e-04
2.387209631991257829e-04
2.380406981880133356e-04
2.367060974903286287e-04
2.354482269786521004e-04
2.342322629418871387e-04
2.336427279307309618e-04
2.327221455330998252e-04
2.314422566357769717e-04
2.312123867341051432e-04
2.288313130316896044e-04
2.265550539724164902e-04
2.216498076471102468e-04
2.143197375108292415e-04
2.134776584742186488e-04
2.087230532056806522e-04
2.076440735521212547e-04
2.074727945293565001e-04
2.061679598428137303e-04
2.059292660044041180e-04
2.037092902983048690e-04
2.028397727203574681e-04
1.976074001044235309e-04
1.942992969164032929e-04
1.936765819112664809e-04
1.933761946130330589e-04
1.926911819600035311e-04
1.901053485279320839e-04
1.880571082859010712e-04
1.869744332884668079e-04
1.848970812454563009e-04
1.847524718146289200e-04
1.833900022817046011e-04
1.829199856163006804e-04
1.818321219751279315e-04
1.801318674403019210e-04
1.755901353536290933e-04
1.702182808528591735e-04
1.651404210123403953e-04
1.647868353280245422e-04
1.645717739850968188e-04
1.645186076030847341e-04
1.641894079401288033e-04
1.633445275172240758e-04
1.623389701731516304e-04
1.609720799816116959e-04
1.596628338250452822e-04
1.580637284568852611e-04
1.465460582764421056e-04
1.464860067852488288e-04
1.437301243839675976e-04
1.417585845222555697e-04
1.415373269690045350e-04
1.411595209943432023e-04
1.406095485474855738e-04
1.392170169569395880e-04
1.366662202260288150e-04
1.364083303502600585e-04
1.354454534989997072e-04
1.311255169404283185e-04
1.292185048263524419e-04
1.283879360386788748e-04
1.270506842908476438e-04
1.261445345199846066e-04
1.244148248497481206e-04
1.237302055790457397e-04
1.236686798138723594e-04
1.230947686833873118e-04
1.229647546798314417e-04
1.182931104169069957e-04
1.180669860630435456e-04
1.136701302957236336e-04
1.112158816591502533e-04
1.110375570137673597e-04
1.097185654314260277e-04
1.095183510467475019e-04
1.093858356319123907e-04
1.089755401562100633e-04
1.086858747141217663e-04
1.079490815982711962e-04
1.042332788880577651e-04
1.038553056032530316e-04
1.036775273597568734e-04
1.030061115916396114e-04
9.887253301996419661e-05
9.835841258130928206e-05
9.582090988649722937e-05
9.557214122919186026e-05
9.281780605744687971e-05
9.264371149413422584e-05
9.184466256973698739e-05
9.178381816550473175e-05
8.727050446321503929e-05
8.602114110237089862e-05
8.459172760329985270e-05
8.447130731969241092e-05
8.438880151443794249e-05
8.437614739310330368e-05
8.197958684404329903e-05
8.106314253018523819e-05
8.091841661686787618e-05
8.059691000962479620e-05
7.955604781977081629e-05
7.944774430117439103e-05
7.830032541997733431e-05
7.650966532936635724e-05
7.644687947241329102e-05
7.458022846186038580e-05
7.410047082042729445e-05
7.251232156675580746e-05
7.235975601674443625e-05
7.147397258022485046e-05
7.097046253880065654e-05
7.004214464749018438e-05
6.836922264720047637e-05
6.704640220572968086e-05
6.636005557689807254e-05
6.562135333841924727e-05
6.462571019814771260e-05
6.413088282531889542e-05
6.379407611745938761e-05
6.369623180679241084e-05
6.353077855687411821e-05
6.304989552014082929e-05
6.296969452037882954e-05
6.262027802645184346e-05
6.180158936360102676e-05
6.173032098018646106e-05
5.994869974357421678e-05
5.783305561859704898e-05
5.777458661446166331e-05
5.687370145369219859e-05
5.632885145344129519e-05
5.589202248511566370e-05
5.482565127628994864e-05
5.465898120239388880e-05
5.427164106822421054e-05
5.405474863100058963e-05
5.395575879456814775e-05
5.331757878053483584e-05
5.325060658769754517e-05
5.231776631707657477e-05
5.062566251854862519e-05
5.034101489880601633e-05
4.906395535276248347e-05
4.899556400704034522e-05
4.757332870086819374e-05
4.729261292850054358e-05
4.695689206916993944e-05
4.654008169051405882e-05
4.651509366540249204e-05
4.635651255917450770e-05
4.600688330965243839e-05
4.551689429452345387e-05
4.533789131981071346e-05
4.491163557072479050e-05
4.305297288329389176e-05
4.289128321303680320e-05
4.270003897396111738e-05
4.261392955166630545e-05
4.195929043919687212e-05
4.165143651179758556e-05
4.163255948305083449e-05
4.133656601997534786e-05
3.979113046462363440e-05
3.967797050330802743e-05
3.710136216991096668e-05
3.677518386167164850e-05
3.652923510769027636e-05
3.635496278466854336e-05
3.629550544870584981e-05
3.620820923474537742e-05
3.608010652166604042e-05
3.517435197228265122e-05
3.483639730940188683e-05
3.434816780794704621e-05
3.411977343378819584e-05
3.404018298758431976e-05
3.398218300999462438e-05
3.357886226219455010e-05
3.317755116396016582e-05
3.229004106428490451e-05
3.215725039542785936e-05
3.189995913573849757e-05
3.138908802646366188e-05
3.136745285477510908e-05
3.131789586422810921e-05
3.104147989483046089e-05
3.075076269921315488e-05
2.943351319874700867e-05
2.904263963558565158e-05
2.864436445973282883e-05
2.845246962665931229e-05
2.843387451857664467e-05
2.837919145569846690e-05
2.828999006672539430e-05
2.814517973559202624e-05
2.789090844965874907e-05
2.729862719400558873e-05
2.689562377798556921e-05
2.659564661999471290e-05
2.583688299077810505e-05
2.583113462271727462e-05
2.564735337738418200e-05
2.512765961860062412e-05
2.469240552361114097e-05
2.442132969117432668e-05
2.438321147590698338e-05
2.410060369502070029e-05
2.361389800121308557e-05
2.357362471656295440e-05
2.353627280962713580e-05
2.322069586035064887e-05
2.309375551521846882e-05
2.231582881090355373e-05
2.220976536178390228e-05
2.214757731416322072e-05
2.149137793089584233e-05
2.117500346924253211e-05
2.108811287631976708e-05
2.091094546066851750e-05
2.077933139181619533e-05
2.072607869753678996e-05
1.973708307597739640e-05
1.950212514754576606e-05
1.922384110791313858e-05
1.911864003702565289e-05
1.894862842453247956e-05
1.886397921505280216e-05
1.861535662492371811e-05
1.852502879676235119e-05
1.848935074186432289e-05
1.814630157876877538e-05
1.795312363478568666e-05
1.781765132175324058e-05
1.773861445575513189e-05
1.713293740595133230e-05
1.700400440291752625e-05
1.630177650951196593e-05
1.605115060659657666e-05
1.594384385885397882e-05
1.580500098106464422e-05
1.579765263416470247e-05
1.564107341674923725e-05
1.558896752028931943e-05
1.556997546688787746e-05
1.550235957072835399e-05
1.500242196593728736e-05
1.469758034774385213e-05
1.440375473777595638e-05
1.433189690899043410e-05
1.410032685843482451e-05
1.405287177892242445e-05
1.402524864633402199e-05
1.400126714103063063e-05
1.384517248747899867e-05
1.373736290642484873e-05
1.361744647429519276e-05
1.361439893504335590e-05
1.360320680459122323e-05
1.327821529534130884e-05
1.277169156293061788e-05
1.224845855770318731e-05
1.223318087475810117e-05
1.216282871535869889e-05
1.209490550309330849e-05
1.209294815135722571e-05
1.192424891521902302e-05
1.176218313059067527e-05
1.173699519170659621e-05
1.165090038190013272e-05
1.151552867256030291e-05
1.139577704648590910e-05
1.125655965734106334e-05
1.116267830620004435e-05
1.113021844505620282e-05
1.101246926400717470e-05
1.097252760965050444e-05
1.089418112632986444e-05
1.067565306998827233e-05
1.052275731461266256e-05
1.051186127489974383e-05
1.049621252494940841e-05
1.045201438444206366e-05
1.041254519108117029e-05
1.038790935700689829e-05
1.006816844372023592e-05
9.997318941180333287e-06
9.870657359471210577e-06
9.554749116501374948e-06
9.543819307313145380e-06
9.468520363884085899e-06
9.276245409218629461e-06
9.216802659784052669e-06
9.071430159774938488e-06
9.009273117347491955e-06
8.974058871020785941e-06
8.823769215814789729e-06
8.818571588630668971e-06
8.786044483832929777e-06
8.765424879177474690e-06
8.549395371988897501e-06
8.238097675570341257e-06
8.215038797800921464e-06
7.884806221749751952e-06
7.881904962904624282e-06
7.878146916448409444e-06
7.786775021295617516e-06
7.629348521152778582e-06
7.580655023629962238e-06
7.464529689099603321e-06
7.451082999760517386e-06
7.334573347851153792e-06
7.313394511647866949e-06
7.136303977095756331e-06
7.092899692905512565e-06
7.059065430854220080e-06
6.967717629370049750e-06
6.936511241602073568e-06
6.913115079728374745e-06
6.804549757168942203e-06
6.724569670369601393e-06
6.716853495018682565e-06
6.602195145187675121e-06
6.582607483621371110e-06
6.553742034731647836e-06
6.460601278825732827e-06
6.386563866850784433e-06
6.376268072090140036e-06
6.373245051737459360e-06
6.362238741512647711e-06
6.183091325248490577e-06
6.016090396739035592e-06
5.860386580534569968e-06
5.845128848946171153e-06
5.832285538950435231e-06
5.805333561030800035e-06
5.725105405494639771e-06
5.721713126269645492e-06
5.676853098049672265e-06
5.633843280263903744e-06
5.542773522550695068e-06
5.533386449973360826e-06
5.320411011056599743e-06
5.171472956871440308e-06
5.155313892603061625e-06
5.133347277103837684e-06
5.058629026129665698e-06
5.050770382566506983e-06
4.996695020023876260e-06
4.935036364717801511e-06
4.895913559925779646e-06
4.866190684412624239e-06
4.862557769305454745e-06
4.832803611603878792e-06
4.758909567444278898e-06
4.734070538759280101e-06
4.719560395744997771e-06
4.572801346639981762e-06
4.542105565505050871e-06
4.528712599479905161e-06
4.511834132203004452e-06
4.508399142513645400e-06
4.387506854346611395e-06
4.285032893617055292e-06
4.168788879342053721e-06
4.148782093541091568e-06
4.118501824155314806e-06
4.065169760069331395e-06
4.047127785425077624e-06
4.000606227666858140e-06
3.821723091801135820e-06
3.814249950447223208e-06
3.792370253201860533e-06
3.770382302596054017e-06
3.691005808145684798e-06
3.638629550878017439e-06
3.634722472249775510e-06
3.626435032612058111e-06
3.584811711626634752e-06
3.576437653362966613e-06
3.547159529653226031e-06
3.511570420418197351e-06
3.495561244168828974e-06
3.490818624241997212e-06
3.463116636499812255e-06
3.461476574333430030e-06
3.433062045881597468e-06
3.367106513226849118e-06
3.347378925950993555e-06
3.264177208205355019e-06
3.187391652738474630e-06
3.174961810062539246e-06
3.170216976955157878e-06
3.168733949256937337e-06
3.152374868122015924e-06
3.136568133772555549e-06
3.076555246363067096e-06
2.981386760999401247e-06
2.885043884701709475e-06
2.852487413285535422e-06
2.833228806718737025e-06
2.821829869664813354e-06
2.806846271861677078e-06
2.775448526344835783e-06
2.742361575826783615e-06
2.725261240246888489e-06
2.713362938863904741e-06
2.675534080713127210e-06
2.647765253743913817e-06
2.623272332008868382e-06
2.619561227493044263e-06
2.583980108744194679e-06
2.557311418880075044e-06
2.536537217973106169e-06
2.437621614645592013e-06
2.418325789133520822e-06
2.416849373971208978e-06
2.324450588046519315e-06
2.315508913357224010e-06
2.302280127613703300e-06
2.288329865245579406e-06
2.276256682428484226e-06
2.230524885503342159e-06
2.209451563384275059e-06
2.207392302319697823e-06
2.200665384248249431e-06
2.199509576962953936e-06
2.178185322545056460e-06
2.148450586018605032e-06
2.140139021268185501e-06
2.085817357489422592e-06
2.019467337923838816e-06
1.954214891598789383e-06
1.924230009535902127e-06
1.920142856670593520e-06
1.900483602389007794e-06
1.887288232091601107e-06
1.882828860133292784e-06
1.878881222296930986e-06
1.849096029016452241e-06
1.846579819410762898e-06
1.828384449741852588e-06
1.794794473305701092e-06
1.789223751587950164e-06
1.746798553587749694e-06
1.735669826693099725e-06
1.711035630614258424e-06
1.690611715658954360e-06
1.687435636729579362e-06
1.679202835465888624e-06
1.646020262411050070e-06
1.644160905008670256e-06
1.608756962370968990e-06
1.568287787197991346e-06
1.565018095725267877e-06
1.558441173224253605e-06
1.541320339092163484e-06
1.537306200037565407e-06
1.531238973646903492e-06
1.518105980922406394e-06
1.484700294998144639e-06
1.426437036315439624e-06
1.386222792320146953e-06
1.367708952638066233e-06
1.367052124797961554e-06
1.359201969604421632e-06
1.352710055832848039e-06
1.352078148148339900e-06
1.325708791702190617e-06
1.301717985314680239e-06
1.268571304046326246e-06
1.263635661766005287e-06
1.259311533977380697e-06
1.251634539294649139e-06
1.243467447346636382e-06
1.227213031443752540e-06
1.212428493961763716e-06
1.199735657543541668e-06
1.196261482256809083e-06
1.150902541672352170e-06
1.150190747349941300e-06
1.145306161143592070e-06
1.112259045830102782e-06
1.110244625384346033e-06
1.105643289821397984e-06
1.097790405520673613e-06
1.082347269258550289e-06
1.080574178775602244e-06
1.077982515822375275e-06
1.070356130781331408e-06
1.058636806927435025e-06
1.054427640676906500e-06
1.019428596061270452e-06
9.931564318804175907e-07
9.858352421525246842e-07
9.698198190818939148e-07
9.583214358656434641e-07
9.451698535281104133e-07
9.439578120852007620e-07
9.131835540371495448e-07
8.897117836372232039e-07
8.875129600449580487e-07
8.861808220796213905e-07
8.828778195463763310e-07
8.806190211041062279e-07
8.770505132265700803e-07
8.727640011740295856e-07
8.614456408668738348e-07
8.538486591068936442e-07
8.414041116779363592e-07
8.316067708652543227e-07
8.282478742533027534e-07
8.269775100423641721e-07
8.117373850568212779e-07
8.106133885444996572e-07
8.013826781490264672e-07
7.902827779747195327e-07
7.812385971228179434e-07
7.727994923477457717e-07
7.726031694801057695e-07
7.660610170796810266e-07
7.625916031627115810e-07
7.533910331479750017e-07
7.471856429310571627e-07
7.449563853342749194e-07
7.364149918029711543e-07
7.354319307739529313e-07
7.250230367558614622e-07
7.245772943453808852e-07
7.202481051624243005e-07
7.091011675710411464e-07
6.982552068438486137e-07
6.879176020810394719e-07
6.683455867580991482e-07
6.660861289771640358e-07
6.615265042916324303e-07
6.583882908593915804e-07
6.521632988058678180e-07
6.519412225696682887e-07
6.488845917649111462e-07
6.461956792785279896e-07
6.423582889461903030e-07
6.088358531601521549e-07
5.987591549140811615e-07
5.963742687677539025e-07
5.949788454946152980e-07
5.667441420349415333e-07
5.659639208555484333e-07
5.503742772782537389e-07
5.478841908965596109e-07
5.414070505610498168e-07
5.410236359007229385e-07
5.383165769585124218e-07
5.340571672465449793e-07
5.208780297337890758e-07
5.197890737939254076e-07
5.189872949901287824e-07
5.070142756071933262e-07
5.034022134283313284e-07
4.950396242337727062e-07
4.759134275740930129e-07
4.751531879399712914e-07
4.728050628776876957e-07
4.644802326130964053e-07
4.622886811033488974e-07
4.583633551075241924e-07
4.535336078792882468e-07
4.491764580894265277e-07
4.447879318780177963e-07
4.320190965786148531e-07
4.289721002199548722e-07
4.261275071161092920e-07
4.229037051293718963e-07
4.218962790266027516e-07
4.151761854570537051e-07
4.146323920525102153e-07
4.140423229527900659e-07
4.117518234024900585e-07
4.006308178060986578e-07
3.953062180775778447e-07
3.920493273735791836e-07
3.885172553654913643e-07
3.866336700179619561e-07
3.836793470175899284e-07
3.831974039674730843e-07
3.768566232484097030e-07
3.763929927153916906e-07
3.721610935188376568e-07
3.615333752752237116e-07
3.452169783880253297e-07
3.438866479001554167e-07
3.423322192758671147e-07
3.407241357489386581e-07
3.282703257502138273e-07
3.272822700500962603e-07
3.268212898915749440e-07
3.242394131405911491e-07
3.223261812814347621e-07
3.202672301274239893e-07
3.198098062932562405e-07
3.167369282808923673e-07
3.163078527360451035e-07
3.092474329578629683e-07
3.074343285310762350e-07
3.031987894939228213e-07
2.923591569628738226e-07
2.902062188309706034e-07
2.884535313277148398e-07
2.872201901863720784e-07
2.804610146583710593e-07
2.797576327153078870e-07
2.784600550056677698e-07
2.762853069245091587e-07
2.680800603389786762e-07
2.678351955110142708e-07
2.642397603504726589e-07
2.629222612956087519e-07
2.603553902812980962e-07
2.588216502725755605e-07
2.574074364527900283e-07
2.563305975595844433e-07
2.548933013622855056e-07
2.531118428212668729e-07
2.522364339840114811e-07
2.451352802643441740e-07
2.403903141214167448e-07
2.377194948069798343e-07
2.326158009979296291e-07
2.319492053385566971e-07
2.311934457062249667e-07
2.294414861769617915e-07
2.274374758422834511e-07
2.267333305692110131e-07
2.231675592065018071e-07
2.215670533615786668e-07
2.203679573985602438e-07
2.196622693226109953e-07
2.174718229546232240e-07
2.148057733766912697e-07
2.062403805512228911e-07
2.012494750985610782e-07
1.983777894898883411e-07
1.925290634246091791e-07
1.905615102010664893e-07
1.894870024306353772e-07
1.890340254513643049e-07
1.887929750822538116e-07
1.885984900103784397e-07
1.883252381061599664e-07
1.875766638410853279e-07
1.794259338275353108e-07
1.768446016819884996e-07
1.763918685029981872e-07
1.761706419357027826e-07
1.706915568347347781e-07
1.701879059692520603e-07
1.694471021045168194e-07
1.661752257269580725e-07
1.591224864808373933e-07
1.583672907675402528e-07
1.579299921075598529e-07
1.575161094739708819e-07
1.573115796301194107e-07
1.570044631358476532e-07
1.508454888812828785e-07
1.475258641178250656e-07
1.446899537495326478e-07
1.384050204354231569e-07
1.369808771264100106e-07
1.369516973421755626e-07
1.348000192168071410e-07
1.323923842261390847e-07
1.316821799436450636e-07
1.308141043249600901e-07
1.306060622767146904e-07
1.273798702811537913e-07
1.267517149944291379e-07
1.264429533074435827e-07
1.251011925547455524e-07
1.214710454715447711e-07
1.209548853574155509e-07
1.197407050722153575e-07
1.187452753199406501e-07
1.174668329199279823e-07
1.168594696408261594e-07
1.152638511856981775e-07
1.141611803357269781e-07
1.093379052604962700e-07
1.072336078413758885e-07
1.055695547086610181e-07
1.037800375724051942e-07
1.032173681226128253e-07
1.019279607083301226e-07
1.015202162760570516e-07
1.010249475630346314e-07
1.000000700789769397e-07
9.893010475408111981e-08
9.882569237048020252e-08
9.682243235715104229e-08
9.297065667899561504e-08
9.285983730801650687e-08
9.267788615309765944e-08
8.949999453505789359e-08
8.729372237649579346e-08
8.707613106319776716e-08
8.586164547902147146e-08
8.572130371630602907e-08
8.391258040389526329e-08
8.377509264309855223e-08
8.294409025561404298e-08
8.134859074436063377e-08
8.089310654798790817e-08
8.072002628660708326e-08
7.962356310658315018e-08
7.807092668373266562e-08
7.734703130627802563e-08
7.681864958609058279e-08
7.676621821179183754e-08
7.493949926753460579e-08
7.138492361853385754e-08
7.117909887114334614e-08
7.078328180200981705e-08
7.062018287342386496e-08
6.987008630470386084e-08
6.968491177630449150e-08
6.965026763194986200e-08
6.898933955151835430e-08
6.813678278965672204e-08
6.741536620130860578e-08
6.677770388903177770e-08
6.636401755168230604e-08
6.615107320561426480e-08
6.429106990293491347e-08
6.035272917387002376e-08
5.927364932603915694e-08
5.904103946335797353e-08
5.867932902248888476e-08
5.829549249756992208e-08
5.770862751691270306e-08
5.763703609701303937e-08
5.747462181020997503e-08
5.695271161011190701e-08
5.616947310854827156e-08
5.526462303451006894e-08
5.487822570617108925e-08
5.389604223917644366e-08
5.382443847849340523e-08
5.047704175660673973e-08
5.021656753526672470e-08
4.995590955679461466e-08
4.979965147631481706e-08
4.888948822189735878e-08
4.885892345627170711e-08
4.839886060322655434e-08
4.757780714666176193e-08
4.734783729331569007e-08
4.671422149258696625e-08
4.663440412026697453e-08
4.657208786252191051e-08
4.654531522514277554e-08
4.636646364509434860e-08
4.599574681522330205e-08
4.459419108851601517e-08
4.454701639181273213e-08
4.428932179562021141e-08
4.367704306484758356e-08
4.305289356976178499e-08
4.285847907817066845e-08
4.167878992045603399e-08
4.159834053158690814e-08
4.138903573728750277e-08
4.134773295832201348e-08
4.122833685558558274e-08
3.982297885630709602e-08
3.957323099583229076e-08
3.932609867438138355e-08
3.928447710336163667e-08
3.922718602752879995e-08
3.862779532404337709e-08
3.844562290073113454e-08
3.794850843797055473e-08
3.733176892705875916e-08
3.693909931696733154e-08
3.675804097608701631e-08
3.639013059564021113e-08
3.605944178378332662e-08
3.593511291100527584e-08
3.591960683021065472e-08
3.542783460562320843e-08
3.516986038686579969e-08
3.501457129235462457e-08
3.492509814108674583e-08
3.393986193338386354e-08
3.355750295257727112e-08
3.315695020555860513e-08
3.309321802685482947e-08
3.300241233464565004e-08
3.299049451318011067e-08
3.229199618772911743e-08
3.210004694191732424e-08
3.156733047907183602e-08
3.042854982638369272e-08
3.021258644827346758e-08
3.011081296201781913e-08
2.963258326877232639e-08
2.942988569379072683e-08
2.934022020999851329e-08
2.924181592471444669e-08
2.917236001272206466e-08
2.903121887959732449e-08
2.872245892974268157e-08
2.819174791201695499e-08
2.817184190615592110e-08
2.812672712750658932e-08
2.783493189265690651e-08
2.773599336888209953e-08
2.744240488298466337e-08
2.714819808879213077e-08
2.712732400895415009e-08
2.652756021624323631e-08
2.643805470871363386e-08
2.620669153155359883e-08
2.611464705227869406e-08
2.588413218481596611e-08
2.582702488015667487e-08
2.513728457672843161e-08
2.512404188314722632e-08
2.502106120452856157e-08
2.482308894608255970e-08
2.478423672731467160e-08
2.474899042700640050e-08
2.440181679303929854e-08
2.388222759519675224e-08
2.375606367459372310e-08
2.362997443853501512e-08
2.358979460164864922e-08
2.275120813764206298e-08
2.263167388726197513e-08
2.124849598838609505e-08
2.072705174345138979e-08
2.006148251873348695e-08
2.004934319838810948e-08
1.986351554286859005e-08
1.973592830956315829e-08
1.967879997971078770e-08
1.934932668978071624e-08
1.905187518715907719e-08
1.901834065104708048e-08
1.882835763423145989e-08
1.843770738033453410e-08
1.835352671078303029e-08
1.824500828547361318e-08
1.814527674357506259e-08
1.809324423465226383e-08
1.774575167814970398e-08
1.693567727157450895e-08
1.692309608857223970e-08
1.672831126492077001e-08
1.655164078413511548e-08
1.616381082775696289e-08
1.614115580551583102e-08
1.605685764053783919e-08
1.592023951571735960e-08
1.587409291029658403e-08
1.585575574542679027e-08
1.581300529565144609e-08
1.551422072523170036e-08
1.540755866920893426e-08
1.504638595056650057e-08
1.498289115196555329e-08
1.481016281144856404e-08
1.467268862016930214e-08
1.460744232682165404e-08
1.437937806789332599e-08
1.433570983778677201e-08
1.406742772424066700e-08
1.403270751381708770e-08
1.371730511135730825e-08
1.353340832733902626e-08
1.351626300361630743e-08
1.346661458956783170e-08
1.341022049312781469e-08
1.323750754608716621e-08
1.307291441204998320e-08
1.301007514880736305e-08
1.287315429239226117e-08
1.266627147832183408e-08
1.261783818476140307e-08
1.242381901061325945e-08
1.192370274091100078e-08
1.156147049786931131e-08
1.135340729569453975e-08
1.130873918210054290e-08
1.126433809097799009e-08
1.090063636731778897e-08
1.089557636747966327e-08
1.074358388265320182e-08
1.071697097869972200e-08
1.054268718999868996e-08
1.050112375358498897e-08
1.033983689510969290e-08
1.029177279547975324e-08
1.008579940018477134e-08
9.952742602842742354e-09
9.883338682318308318e-09
9.803458188826653378e-09
9.690319436032980418e-09
9.585029397499468321e-09
9.505054178298786416e-09
9.498278120809603751e-09
9.147646617659495540e-09
9.118932862606367927e-09
9.027949855190337887e-09
8.713511754668428884e-09
8.673868078406072674e-09
8.612611102003849209e-09
8.565048480187022394e-09
8.546916352317211827e-09
8.514156236472915613e-09
8.500581922626046874e-09
8.475785190226556939e-09
8.339153638886766866e-09
8.324282527121324638e-09
8.192994773281951375e-09
7.872875868918803199e-09
7.861108913157136498e-09
7.795824459592689737e-09
7.773753689228784835e-09
7.717817116402263252e-09
7.598538831345571873e-09
7.583292177476425778e-09
7.374257310253894342e-09
7.364240607138950412e-09
7.332749582442432868e-09
7.283130581571020663e-09
7.241370809698251002e-09
7.164906947754561238e-09
7.097370120566869339e-09
6.997668427404172952e-09
6.848450653947698032e-09
6.675000934601188036e-09
6.664351124789015999e-09
6.649070269258527125e-09
6.642501114548367522e-09
6.614677009538256481e-09
6.580420875605939348e-09
6.527716515138077290e-09
6.421219424030712347e-09
6.294559524444395272e-09
6.221111021089785880e-09
6.219497446907159170e-09
6.096593094661864458e-09
6.056846808449059392e-09
6.042695050587849450e-09
5.977543364218035991e-09
5.955242794674903073e-09
5.837551194903449015e-09
5.822249875782424136e-09
5.814676958390326098e-09
5.798913883766371397e-09
5.626772259066942477e-09
5.336428980052174781e-09
5.226467680007502994e-09
5.206865886725675364e-09
5.197586447797331501e-09
5.196159271897106298e-09
5.159906229276413603e-09
5.148336562755312572e-09
5.081633188847146284e-09
5.007755611281180935e-09
4.998871752586692484e-09
4.913293412985938159e-09
4.870919144143841787e-09
4.706650110641426814e-09
4.700861762306172745e-09
4.589817346231993538e-09
4.532125991668288741e-09
4.483654727410277930e-09
4.460573878278398452e-09
4.434301586001550916e-09
4.417611610379821015e-09
4.413838179198440366e-09
4.386692996248144903e-09
4.341473805207473642e-09
4.302275911402137659e-09
4.055070712864926607e-09
4.020491709913989767e-09
4.015227717904063476e-09
3.970229121813374350e-09
3.950232832060505157e-09
3.823144729104188080e-09
3.818037519836142858e-09
3.774461748511806489e-09
3.713292834694718675e-09
3.698985414492626241e-09
3.638845156570840518e-09
3.496022466791159745e-09
3.493540680154739896e-09
3.470274900437061310e-09
3.463783669164245471e-09
3.459152532957987833e-09
3.442077456014621914e-09
3.424140402439015913e-09
3.416595012685250233e-09
3.409177278033059101e-09
3.404356364189658156e-09
3.284267966006619460e-09
3.271521235805517694e-09
3.265725496712571521e-09
3.072558064305159135e-09
2.995049345975658075e-09
2.943428059403637190e-09
2.942402891222464527e-09
2.916188693243650006e-09
2.914192513173172837e-09
2.871012270834807605e-09
2.812819278041605139e-09
2.794389049086162304e-09
2.784390547011993575e-09
2.752817603625664635e-09
2.745364253194491113e-09
2.677110506774218608e-09
2.672094771680596472e-09
2.649408521188517794e-09
2.621580259578597675e-09
2.612639893788025962e-09
2.529861477713682057e-09
2.516158546211369359e-09
2.511014611295990248e-09
2.482328541807210718e-09
2.461103706749320290e-09
2.445152363664693988e-09
2.438200244454102437e-09
2.414786634262403146e-09
2.347895619482774777e-09
2.345256899247265301e-09
2.294403633502534690e-09
2.291163881829046149e-09
2.279501128931809258e-09
2.275134747971941368e-09
2.171705324349431029e-09
2.150573728448381037e-09
2.076869602452000283e-09
2.049428547152228472e-09
2.025195077568702353e-09
2.012884604906037991e-09
2.006006153337118937e-09
1.959099574579668850e-09
1.904772459349633822e-09
1.899380729968669971e-09
1.897595874324812244e-09
1.894496997600545393e-09
1.881365320230001628e-09
1.862925044491744301e-09
1.845548137096536584e-09
1.796050118008283020e-09
1.714783496579223141e-09
1.702652711267596990e-09
1.692240836453287099e-09
1.677988618422421988e-09
1.649307394280924078e-09
1.643924040790688766e-09
1.613379025895447792e-09
1.610472485137185970e-09
1.592992051085199058e-09
1.569505056507347538e-09
1.557913769223514487e-09
1.535183495403439791e-09
1.532104911601125398e-09
1.525161573473528776e-09
1.518339783105498653e-09
1.470369159461974372e-09
1.469192999589407701e-09
1.453541229762960049e-09
1.452484731554878396e-09
1.450684253465350039e-09
1.407816367574073408e-09
1.377530520234211164e-09
1.352833525881472258e-09
1.335376301053412704e-09
1.308294730942793595e-09
1.286052698143967956e-09
1.285804205977262259e-09
1.269452054091778175e-09
1.258665051366498475e-09
1.252039273102117141e-09
1.233737002234441892e-09
1.231909911507123439e-09
1.223009979704792694e-09
1.218028159165676532e-09
1.215054538186793852e-09
1.207374946480304374e-09
1.184123631921644871e-09
1.182707702686884290e-09
1.173979926929251220e-09
1.137740085006709167e-09
1.121938864127128789e-09
1.120714624142643814e-09
1.116964486546365621e-09
1.115081103352664744e-09
1.112219543597029563e-09
1.067255367243565516e-09
1.028454504683295921e-09
1.023540090872481522e-09
1.017372692720733274e-09
1.016749264527944323e-09
1.012448569133222244e-09
1.004830748832218014e-09
1.001035310260536543e-09
9.916449714605980051e-10
9.804854523829745716e-10
9.796764133087935932e-10
9.717790387539789581e-10
9.715235342434290767e-10
9.255682034767894050e-10
8.961823050789554561e-10
8.888324104214357044e-10
8.675825995556253587e-10
8.589950084424646421e-10
8.405401953936719159e-10
8.394274934679530138e-10
8.384284479382222252e-10
8.222558955241109691e-10
7.998803565454389734e-10
7.941779840054186700e-10
7.839020160600631120e-10
7.690186621641683784e-10
7.652913722192946195e-10
7.637924707843558671e-10
7.529237132472081354e-10
7.488256244461626057e-10
7.280402322089551079e-10
7.179743871786611209e-10
7.140534668252335357e-10
7.067550021927927377e-10
6.883162023922854158e-10
6.867860914229542619e-10
6.746679570335716276e-10
6.644702654499848300e-10
6.500311620936955382e-10
6.458038212395029966e-10
6.386894201943795807e-10
6.385141507353244596e-10
6.373402282752439308e-10
6.371320118528420869e-10
6.291772066569783739e-10
6.256122302108500764e-10
5.997225883559842521e-10
5.713561149186023693e-10
5.470200841581608219e-10
5.343556654898114086e-10
5.341881565652326631e-10
5.327446683702549281e-10
5.185314443997347709e-10
5.177474073952851141e-10
5.147291891857196312e-10
5.037068483147690558e-10
5.029676828710782238e-10
4.935158902072605050e-10
4.836921831886330965e-10
4.806733142077385458e-10
4.763591028282244196e-10
4.734062398369533156e-10
4.678748786412073473e-10
4.622895216798292839e-10
4.620005334411634656e-10
4.604110433254509332e-10
4.507348721207076995e-10
4.332845912009569086e-10
4.272528999026957379e-10
4.256300763191634775e-10
4.233419595059296755e-10
4.223038604831158807e-10
4.208763298242351181e-10
4.203370191979089432e-10
4.180891587494781021e-10
4.134401327483161479e-10
4.125151591498833608e-10
4.044031528279785101e-10
4.031528138921608069e-10
3.990376491227090184e-10
3.938791398870931379e-10
3.934525543961538398e-10
3.885428094406606153e-10
3.876880660653518592e-10
3.862802065948914546e-10
3.823237093369345676e-10
3.742003473907725655e-10
3.698838946183631116e-10
3.690268394799340254e-10
3.671551716603195546e-10
3.632553023760938311e-10
3.615729591612539818e-10
3.559759204126024120e-10
3.450915946600065545e-10
3.445398352624689273e-10
3.434908858127019871e-10
3.395528842651024074e-10
3.389932402276849726e-10
3.383103027035250976e-10
3.267250786085831765e-10
3.195819483181745669e-10
3.174856240618433970e-10
3.172104360371654338e-10
3.134013914945472030e-10
3.088380109374081854e-10
3.086489016126552181e-10
3.082221228559747891e-10
3.039005538026133561e-10
3.011202044367886168e-10
2.907164955029961791e-10
2.880268407344929289e-10
2.879334447326299448e-10
2.827200627149995451e-10
2.802484748977043509e-10
2.774822962815866415e-10
2.758433392410744960e-10
2.712291670281225323e-10
2.664675125420999199e-10
2.660112258194406032e-10
2.654989545560043037e-10
2.654322267730006059e-10
2.631361567325772709e-10
2.614264062806410322e-10
2.601641682226618588e-10
2.595460449274864615e-10
2.548871647957508795e-10
2.464159121239198559e-10
2.456931512495472303e-10
2.455749370923889513e-10
2.323561515485943965e-10
2.319667412702009775e-10
2.298203397438622859e-10
2.209498423625872248e-10
2.201233647896497624e-10
2.199024503927912023e-10
2.194233798880761458e-10
2.150902091024512965e-10
2.143808960401604338e-10
2.130186731358860851e-10
2.109606876798216210e-10
2.098210750815800537e-10
2.079125978263599742e-10
2.076633620646630855e-10
2.072181505756370186e-10
2.056748486219204541e-10
2.047953045681957490e-10
2.001669620707124744e-10
1.948116393203424361e-10
1.927897013425884984e-10
1.926071525100964909e-10
1.897349795289427482e-10
1.882434111991690638e-10
1.766188458774047498e-10
1.761300361686590362e-10
1.760646229322033436e-10
1.755003975368263408e-10
1.744729360947243112e-10
1.729382475253087015e-10
1.726535601112274159e-10
1.701946616527538687e-10
1.691270558704919458e-10
1.679143309703346578e-10
1.587741833684314171e-10
1.583740402087032495e-10
1.555874600916744723e-10
1.553579356384566649e-10
1.549371051765006579e-10
1.548733138413409594e-10
1.528289782844495719e-10
1.513109455193996458e-10
1.484482308651461487e-10
1.482453103246951693e-10
1.480968527326851567e-10
1.476986014919686466e-10
1.461482382286470271e-10
1.454865719982120669e-10
1.450382816545171097e-10
1.389204167921315269e-10
1.379396573147304808e-10
1.372031986406758118e-10
1.357059997683067689e-10
1.346794377224171526e-10
1.317019092442537735e-10
1.307302672873128392e-10
1.292016975025244434e-10
1.279532429920237295e-10
1.246988903742493237e-10
1.233841610392186065e-10
1.231200623041881036e-10
1.219113596504359600e-10
1.194146875031217531e-10
1.184121245481964441e-10
1.178242233144346426e-10
1.175093538260238760e-10
1.169297005488996434e-10
1.157961482984510329e-10
1.155414243746935505e-10
1.137255241157571337e-10
1.122940600513580143e-10
1.114966788558342244e-10
1.093844013496871810e-10
1.075378075381586062e-10
1.072638337407281239e-10
1.069350397200519669e-10
1.052455595233490831e-10
1.046336410706456379e-10
1.042601650361487706e-10
1.026052115101132007e-10
1.002109622660108500e-10
9.727582508540391616e-11
9.577137878283069379e-11
9.550648998721252898e-11
9.546115507768612800e-11
9.517796493937074621e-11
9.447051574470776306e-11
9.292633895328404015e-11
9.262702708708794380e-11
9.224519808001488513e-11
9.130529492564871297e-11
9.020426266747661978e-11
8.865105095643042426e-11
8.784620529439942106e-11
8.705401673916145205e-11
8.694399781444103530e-11
8.403005033321701386e-11
8.333684117208801044e-11
8.326105089014731061e-11
8.286845691290050680e-11
8.221738746664388594e-11
8.051838406988768332e-11
8.015026657032301618e-11
7.968835849388522633e-11
7.934574414797192429e-11
7.844834287458266009e-11
7.838313257136462009e-11
7.706318339401163802e-11
7.698828819207259614e-11
7.653328780325097255e-11
7.603290852240057135e-11
7.578012786438020225e-11
7.563869592482252379e-11
7.415059673896165040e-11
7.362668896390839433e-11
7.219524510468829670e-11
6.972822556076813977e-11
6.927135396552642398e-11
6.898864470492835042e-11
6.516348688406297375e-11
6.497402763357656140e-11
6.493711019780383858e-11
6.448357662572143624e-11
6.369381418311708860e-11
6.306173237682073669e-11
6.249639956675601823e-11
6.198921182338368627e-11
6.181287402328408332e-11
6.169669388640617717e-11
6.077965382738104465e-11
6.070457575571589658e-11
5.980517260013878217e-11
5.954055274998531709e-11
5.848928023000279833e-11
5.713449142655472922e-11
5.587574512894365839e-11
5.562377509779419597e-11
5.504997855652184943e-11
5.390829062974997063e-11
5.075630141053983694e-11
4.995088860823103701e-11
4.957268706063279446e-11
4.945237561679401780e-11
4.933081328274498030e-11
4.900469190821304678e-11
4.857127675775357298e-11
4.835864278477973458e-11
4.823105604123490182e-11
4.792463476216796519e-11
4.617307523733706386e-11
4.561538054578554443e-11
4.560360642911474508e-11
4.454375433023105503e-11
4.407236149992753676e-11
4.353247009380601811e-11
4.340662445494121188e-11
4.152695935933849614e-11
4.135800083104557728e-11
4.039387466964437762e-11
3.945518268764935320e-11
3.912204606604155869e-11
3.881166935202353781e-11
3.849559433204698269e-11
3.775888312259670563e-11
3.764671780318152980e-11
3.750828312737005177e-11
3.735186250644098216e-11
3.719921157303914198e-11
3.683138946416379699e-11
3.663235265087677896e-11
3.615122040138271575e-11
3.608017864859066304e-11
3.555775398275142339e-11
3.533183838174099339e-11
3.502721753151675792e-11
3.414691126139361672e-11
3.406223648811656668e-11
3.393133595160528936e-11
3.351551096388805166e-11
3.275961926411796658e-11
3.246034626629171775e-11
3.245306521956350046e-11
3.086830459801216491e-11
3.040546676132584442e-11
3.019922395480890102e-11
3.004011490315874964e-11
2.978950895076747231e-11
2.942775483325810034e-11
2.930975269846188626e-11
2.915484615676256190e-11
2.911487482672015669e-11
2.879570762998958227e-11
2.829252966334857363e-11
2.807818999323266773e-11
2.795087509729589058e-11
2.735627445811093511e-11
2.735154086522860559e-11
2.695395807875108564e-11
2.694116348275242381e-11
2.618779024369142100e-11
2.602898822866862632e-11
2.545062197062619970e-11
2.526990506174137530e-11
2.507090131154699916e-11
2.498390642444950108e-11
2.425344845931538386e-11
2.380928411096266671e-11
2.359830116283509780e-11
2.283987814042059698e-11
2.282562784515855865e-11
2.280695993367784068e-11
2.275843455761543850e-11
2.274701585936139380e-11
2.259106293478342875e-11
2.256103112035537509e-11
2.245453185019232061e-11
2.192477503028231053e-11
2.171785333598560588e-11
2.137519527802602150e-11
2.135277294955261059e-11
2.124910365923331845e-11
2.013598389291521040e-11
2.007726600832929381e-11
1.970265651254945351e-11
1.968384376369773694e-11
1.962320679727061308e-11
1.868341481380734139e-11
1.848771016740120495e-11
1.841043719123937341e-11
1.812893901876476458e-11
1.806194846165843109e-11
1.780894301852530270e-11
1.753017243717231653e-11
1.751378905768282858e-11
1.750876642947359700e-11
1.688863562106621266e-11
1.674875606561979808e-11
1.668747429435790306e-11
1.668276681397038764e-11
1.655054924565273206e-11
1.594963950877054352e-11
1.590722789027184776e-11
1.534443818271008198e-11
1.518118492170657813e-11
1.501540119166964974e-11
1.493819370434933172e-11
1.488735449141158499e-11
1.481382034042899866e-11
1.464907032962036078e-11
1.464627270372606687e-11
1.461599514039824936e-11
1.441393999158522398e-11
1.436901760855600520e-11
1.429739534760135130e-11
1.415175149601300622e-11
1.404127549200289089e-11
1.400660780636805820e-11
1.378143383100645848e-11
1.373238983034375934e-11
1.331535089240692497e-11
1.314142805905017638e-11
1.283650532052989893e-11
1.262379365415653245e-11
1.251887124585507900e-11
1.238695337769726813e-11
1.226546840740755236e-11
1.185388534666572566e-11
1.180955976633434714e-11
1.169761754363572426e-11
1.168572421759168968e-11
1.135341098949325158e-11
1.128506291574555465e-11
1.120751077355397461e-11
1.116758892274413495e-11
1.101794272775013982e-11
1.095250517174857696e-11
1.090609571885665571e-11
1.082654578921830429e-11
1.076937891712107527e-11
1.074047953301210334e-11
1.032339172605345519e-11
1.026135966440468152e-11
1.022407681814609451e-11
1.019467011842340147e-11
9.570483875501463347e-12
9.456451584507090369e-12
9.423340106246781319e-12
9.412805531751197337e-12
9.257664441334450753e-12
9.121531573057178428e-12
9.108029138652768093e-12
8.973464737805141923e-12
8.916720667628747570e-12
8.903329531251472327e-12
8.885315501810103599e-12
8.875144319780238463e-12
8.835392294306694864e-12
8.828731563055882515e-12
8.757518195229555096e-12
8.132610212862932905e-12
8.032293115047395266e-12
8.021068602035308462e-12
7.917676480272449859e-12
7.809650702819136893e-12
7.754916183676542259e-12
7.687441603221964939e-12
7.633857318777228515e-12
7.513688866456575936e-12
7.317697626704253840e-12
7.295355518329581581e-12
7.273526459846663074e-12
7.246513163993659374e-12
7.179626891182425116e-12
7.136038344363434403e-12
7.116134908608338876e-12
7.092468679160296825e-12
7.078582311509485181e-12
7.073597076635090500e-12
6.626066623048701865e-12
6.579114444292701733e-12
6.564052260231363243e-12
6.445397030120352076e-12
6.392833082454286413e-12
6.278900896905008770e-12
6.270496873553777089e-12
6.006168827841229464e-12
5.944605699020730027e-12
5.939948030285487033e-12
5.920103756914658742e-12
5.856919235306177684e-12
5.796332493275868622e-12
5.741353610900907235e-12
5.681973258809375104e-12
5.638714201562586499e-12
5.604825813977178638e-12
5.493857425883810886e-12
5.452101590807929066e-12
5.397391626492417614e-12
5.390266610139528925e-12
5.368000343952475219e-12
5.292881947591467227e-12
5.225331885041940509e-12
5.175067497449220006e-12
5.149901217815186746e-12
4.993717994965135291e-12
4.895037523043432192e-12
4.888555051973216625e-12
4.881229086505106166e-12
4.811471348903179780e-12
4.757644485008991707e-12
4.726253541380004161e-12
4.719547471936432169e-12
4.637455071047214749e-12
4.602587626330003757e-12
4.569315912866807573e-12
4.446330097922591786e-12
4.417361607606507128e-12
4.405236934381077299e-12
4.393101223001100108e-12
4.385259552472754638e-12
4.350368983070304832e-12
4.270301233022452762e-12
4.261493441481040771e-12
4.225538476769872590e-12
4.220399860216136145e-12
4.060058182790339072e-12
3.928829277296677388e-12
3.899878825217930857e-12
3.743160859091576507e-12
3.739116188298184606e-12
3.702583819916410032e-12
3.622446974810282056e-12
3.620889442912730667e-12
3.560990899976486614e-12
3.551183681677773268e-12
3.483337189819309395e-12
3.469413375094348053e-12
3.461559141762348960e-12
3.439333290717117778e-12
3.425409095798417189e-12
3.367030092541325038e-12
3.329134062774824998e-12
3.269422019209826968e-12
3.261300674938363163e-12
3.244562784668677140e-12
3.213789806254361550e-12
3.144903744660725450e-12
3.133609680767618025e-12
3.104126560227089487e-12
3.089843466813305505e-12
3.064112952162576110e-12
2.931457846991124143e-12
2.928022876376716439e-12
2.914978898618944759e-12
2.887102584500858341e-12
2.837465029398139896e-12
2.823825723961752269e-12
2.802330373334207334e-12
2.791412307485154366e-12
2.769848415497048882e-12
2.751741499798793368e-12
2.737406741924647945e-12
2.641565564733452161e-12
2.637182464966130030e-12
2.593209170517556670e-12
2.536457733494348182e-12
2.532235576912529618e-12
2.519118665567598806e-12
2.509075168971603510e-12
2.501241968190703604e-12
2.436976645764077217e-12
2.370602638720566310e-12
2.352204737255059544e-12
2.345580178916834181e-12
2.313517886070169049e-12
2.311888702519551568e-12
2.216291805396999148e-12
2.185767795496325316e-12
2.169803154751972991e-12
2.153093803353707908e-12
2.123742565420476931e-12
2.111719407325483908e-12
2.108505025973011409e-12
2.098021297978759055e-12
2.050669342938371443e-12
2.023027044195157085e-12
2.012910378816837899e-12
2.008491224547248223e-12
1.964556139268568749e-12
1.961782469365668509e-12
1.959627161596632518e-12
1.912767983736976656e-12
1.908189012434145443e-12
1.886172303704365951e-12
1.875382894253061407e-12
1.807655902941850531e-12
1.771859294819383863e-12
1.769034486325047446e-12
1.753591700673665478e-12
1.742894147190377279e-12
1.728970055514990335e-12
1.719143282774625296e-12
1.712152484367539673e-12
1.709681895281357412e-12
1.700270013658068803e-12
1.687901105346884510e-12
1.588731028636304373e-12
1.585686421175116482e-12
1.582903347370481857e-12
1.579998636621294632e-12
1.561266706406021882e-12
1.505590923005362983e-12
1.481409232530053522e-12
1.477528021410165325e-12
1.432917032847111098e-12
1.428715317595673210e-12
1.417487275840189818e-12
1.409141735853759912e-12
1.379218743090866436e-12
1.372013278655612635e-12
1.370191246454183833e-12
1.365500472250918810e-12
1.355050449187839525e-12
1.345122044477804430e-12
1.343342847094509154e-12
1.340939300413922854e-12
1.328406660702876896e-12
1.322708557175304812e-12
1.322213562823337464e-12
1.300468112834945475e-12
1.257086180526494507e-12
1.207716344506186198e-12
1.197712586623604799e-12
1.185428732715338140e-12
1.181916238788838398e-12
1.178581707947258283e-12
1.161917273230926033e-12
1.159333599764465497e-12
1.158520714927987752e-12
1.128275507508020690e-12
1.127974791603148070e-12
1.122194946457472524e-12
1.093276621474394906e-12
1.089439738863490817e-12
1.074988999291280370e-12
1.069473189446841776e-12
1.068160309786274404e-12
1.037538951844713376e-12
1.030985344752434426e-12
1.007673155384472711e-12
1.005415974270432021e-12
9.776977899665244497e-13
9.703309465128825094e-13
9.696281527153392291e-13
9.602494739109682284e-13
9.324285984248254614e-13
9.144726410253399166e-13
9.109942684537517857e-13
9.056548622599312877e-13
8.934394762830962499e-13
8.855806298894231067e-13
8.795610672939748666e-13
8.423885921261526763e-13
8.351611371789905085e-13
8.340101475375924527e-13
8.270949740690470017e-13
8.237979108060981787e-13
8.195930415088306531e-13
8.168593841401181301e-13
8.128327673494520209e-13
8.025468811186975635e-13
7.965707621699518493e-13
7.956022793733666674e-13
7.954447243315657600e-13
7.859240401857540261e-13
7.510576572614404382e-13
7.456467106071814248e-13
7.290958052737971210e-13
7.065234440673834771e-13
7.050690330682817147e-13
7.003329079164164002e-13
6.979389609854652762e-13
6.852717943959310148e-13
6.850118753620230856e-13
6.822808540294405990e-13
6.731474146571066321e-13
6.673525224272719227e-13
6.669422671368824734e-13
6.643183086827656185e-13
6.624813816834223553e-13
6.552340281717184671e-13
6.441476765079389552e-13
6.419268375626853504e-13
6.392905740013392767e-13
6.364023773319122685e-13
6.357965590360119641e-13
6.353517256557515706e-13
6.327422799909137677e-13
6.249727137192155154e-13
6.207397853240966701e-13
6.105233556865028234e-13
6.015123143258892730e-13
5.994913093901016520e-13
5.961707352363773345e-13
5.912633452485390159e-13
5.702099245444504804e-13
5.646796461996363843e-13
5.515810625426177404e-13
5.423299055492290023e-13
5.357313421920284883e-13
5.355305586013259783e-13
5.349162068594311100e-13
5.285271841558315305e-13
5.273314617467529681e-13
4.850334564630611878e-13
4.800764820963406666e-13
4.743084146599821579e-13
4.729067007380786241e-13
4.723520072231437086e-13
4.682039986254536712e-13
4.677444229016847342e-13
4.584426675477087711e-13
4.578031896366477608e-13
4.439950448849375850e-13
4.356399903785275357e-13
4.347564383529136548e-13
3.937912131357840994e-13
3.927645307288978984e-13
3.924711033187240167e-13
3.887979409991763840e-13
3.840316952351743643e-13
3.769787360643944259e-13
3.768115755154165601e-13
3.756447169855028373e-13
3.752788892875874438e-13
3.737090780339348593e-13
3.686727269686816700e-13
3.645774941549483941e-13
3.604779744531466633e-13
3.533798329820256372e-13
3.529102573594402489e-13
3.509282218263882792e-13
3.502318182925576635e-13
3.447468045901419864e-13
3.423095670309778644e-13
3.221368427038073908e-13
3.129826135566127050e-13
3.128287118796028829e-13
3.125064312477339452e-13
3.115188470180191040e-13
3.078676444324661952e-13
3.072709388447527809e-13
3.063212449342306323e-13
3.030294824360974062e-13
2.997178827907684838e-13
2.980606062872912254e-13
2.951042111022898696e-13
2.924467359101244968e-13
2.920141620021028685e-13
2.824621552595783660e-13
2.820542145018258560e-13
2.788711847161606869e-13
2.781650655617835842e-13
2.779110082631402130e-13
2.748410884727238995e-13
2.680512665925730922e-13
2.660108782374948432e-13
2.608526198937571746e-13
2.587945089622918840e-13
2.572221907296954897e-13
2.571656304970321460e-13
2.505687303396718186e-13
2.490058981618294102e-13
2.482926140628060929e-13
2.472176728927925806e-13
2.441383742083971190e-13
2.429684011727032632e-13
2.378156246394309807e-13
2.371305915456994372e-13
2.363396701977741710e-13
2.303117130141047001e-13
2.291975619776480945e-13
2.258733658831272536e-13
