9.652112112625962359e-01
9.439003685402135302e-01
9.244590068846586517e-01
9.052897457407339532e-01
8.814119893563646668e-01
8.540289851165926427e-01
8.273279860698043997e-01
7.994865536916240245e-01
7.736433515185511256e-01
7.442563769408069296e-01
7.114360659803417031e-01
6.793156038393408647e-01
6.457396100759390523e-01
6.166455788063016641e-01
5.880926283703086233e-01
5.616591976423851440e-01
5.316335418608053587e-01
5.015170201592605848e-01
4.753545486256042230e-01
4.515514310362178652e-01
4.319710499168057938e-01
4.135939718285164268e-01
3.930211598022390618e-01
3.753566183464896455e-01
3.592716772811988535e-01
3.424189502688203546e-01
3.262131025350420988e-01
3.101753749617206513e-01
2.960717944460051210e-01
2.859026355492333971e-01
2.740356331949749258e-01
2.596788685678800834e-01
2.464569342346094594e-01
2.329198279429278151e-01
2.186405918513025237e-01
2.070743357101970661e-01
1.946716118745631108e-01
1.830971263756141776e-01
1.731447415672647538e-01
1.638464221523133479e-01
1.551146125470114212e-01
1.426010942687269412e-01
1.311164581165769893e-01
1.211236204141670075e-01
1.125714748944165733e-01
1.042039903134726470e-01
9.616986708897114211e-02
8.925021876835846635e-02
8.317126624271550805e-02
7.869060744301668853e-02
7.318339863120046362e-02
6.817716786846432508e-02
6.460524147064040934e-02
6.148495592004249444e-02
5.720562358900123379e-02
5.406439061229333098e-02
5.062693961753882144e-02
4.750606728186535649e-02
4.470946794847205363e-02
4.162973222492415137e-02
3.887774685633975380e-02
3.639871127641126219e-02
3.433095002278555713e-02
3.233003202870146642e-02
3.035697427692820791e-02
2.862813857185770791e-02
2.693701064912657622e-02
2.559463093935225586e-02
2.406728551468704722e-02
2.237610927524238263e-02
2.129966328640010148e-02
1.970738661218171192e-02
1.840830130804922346e-02
1.716604989149321872e-02
1.612727756809116675e-02
1.530632968663820682e-02
1.453351735408713388e-02
1.364475304570965733e-02
1.273259703819562549e-02
1.188936925715745017e-02
1.101642633390455955e-02
1.042507111318963578e-02
1.001063188987662451e-02
9.413066545093396950e-03
8.834425979630760109e-03
8.328112596063962439e-03
7.856992873562639035e-03
7.483883912008130676e-03
6.994610929806285848e-03
6.566052513505167380e-03
6.281209521314562970e-03
5.952692151773135605e-03
5.587577617835612354e-03
5.240339901696855311e-03
5.086297384395192800e-03
4.766347417268115665e-03
4.590758773259380476e-03
4.368665811975958567e-03
4.168627499621838962e-03
3.970860046714056769e-03
3.744894718489965354e-03
3.535120891470834754e-03
3.346049221779153014e-03
3.191448718461349383e-03
2.992540150507838961e-03
2.832457078500563285e-03
2.697974467873316597e-03
2.559783232450681036e-03
2.460357625137854932e-03
2.354327624595816716e-03
2.219857042909673204e-03
2.121967404286629125e-03
2.031611591350141605e-03
1.926473360349700977e-03
1.849816430383376294e-03
1.779937955997836548e-03
1.713812127533660820e-03
1.650741971427503599e-03
1.577859443200082352e-03
1.515223005954349647e-03
1.443103593800027645e-03
1.359981972228733842e-03
1.285013243024482913e-03
1.237074016766782740e-03
1.178052393193067043e-03
1.131120645407029902e-03
1.069400657717019818e-03
1.020239717390403851e-03
9.564986808859617237e-04
8.961474760294576300e-04
8.520614710777735636e-04
8.059837103497257890e-04
7.547044405279168013e-04
7.053327731693081202e-04
6.411027298758088279e-04
5.893797474473390580e-04
5.540172468994761972e-04
5.090518496594201346e-04
4.868163364739594759e-04
4.515468119708780019e-04
4.185502490225167550e-04
3.865470653137084321e-04
3.528512905420274487e-04
3.244770456684358201e-04
2.961380129275206427e-04
2.699971553665062919e-04
2.533800760701548850e-04
2.356205957240065259e-04
2.207555451280395202e-04
2.008771942453698377e-04
1.900636885667213811e-04
1.761081615486414500e-04
1.663570044863680708e-04
1.526443691401927893e-04
1.426601929582593895e-04
1.345073457816338945e-04
1.245121292832898467e-04
1.184833626223731119e-04
1.103446138923763314e-04
1.025854533622003959e-04
9.672582741429627806e-05
8.824257746210151948e-05
8.467502475518897222e-05
7.769356982475868396e-05
7.038098737682923762e-05
6.500596703261420106e-05
6.061510980967770978e-05
5.729300464212881239e-05
5.332941699562522851e-05
4.941335379701706967e-05
4.613556848081792558e-05
4.277307918380680824e-05
3.994714935018814340e-05
3.707220756869115778e-05
3.375275960303011870e-05
3.163201498405961826e-05
2.982652900960930669e-05
2.758095547564103393e-05
2.527580475042155895e-05
2.310596030821933405e-05
2.123156319760914157e-05
2.028048545541230125e-05
1.877556739427363691e-05
1.768339365040963912e-05
1.668005589823498100e-05
1.545646300212713921e-05
1.446911388308005790e-05
1.338817320038502155e-05
1.217231975035182464e-05
1.133456100689173265e-05
1.050320718502863373e-05
9.763032027447703269e-06
8.952328143511732362e-06
8.223341416811230555e-06
7.767582346248934602e-06
7.026065105747941422e-06
6.600458604059744545e-06
6.056996965641824488e-06
5.446950786162519040e-06
5.053227358471545456e-06
4.616063831153690241e-06
4.358171143440831606e-06
4.061405234305319715e-06
3.750397430590838847e-06
3.528680646222532579e-06
3.276167400565312309e-06
2.996266858961050636e-06
2.827406108395191640e-06
2.605662948136241174e-06
2.436064296091179639e-06
2.266274508451790087e-06
2.101056095537103768e-06
1.932535090824693878e-06
1.783899460575947814e-06
1.659176215592459888e-06
1.528902983666675499e-06
1.452174323479813431e-06
1.350085061657919625e-06
1.281325046817137477e-06
1.194097722965474756e-06
1.087278948973719458e-06
9.978014459321568487e-07
9.475641806674524516e-07
8.704379045240831316e-07
8.312481756611958569e-07
7.754949279674992932e-07
7.348145336368449300e-07
6.633021091431831816e-07
6.182499377675475380e-07
5.817454608837078063e-07
5.464441702291847757e-07
5.105285942573115509e-07
4.788748030946732481e-07
4.380158967272383905e-07
4.119334706384515582e-07
3.824890267124021885e-07
3.504440364104235507e-07
3.366854637155525614e-07
3.085487323956166373e-07
2.889312842317509998e-07
2.712191850160624158e-07
2.546766669181887747e-07
2.392505667230321049e-07
2.237603815026710596e-07
2.105450787434000829e-07
1.956734327582102798e-07
1.811647282827839485e-07
1.743708884847229263e-07
1.587561767664576135e-07
1.491882263202353623e-07
1.383835752536694506e-07
1.309617735618540820e-07
1.198870395310078160e-07
1.077857680840582017e-07
9.934267393216635926e-08
9.117800147272904939e-08
8.533352012585993165e-08
7.969188689788320033e-08
7.456007570204422130e-08
6.904750429075959492e-08
6.377074855112016881e-08
5.815785242893936668e-08
5.361889120489144682e-08
5.062471201956538165e-08
4.583727453005343563e-08
4.281560408687127278e-08
3.953971883281424007e-08
3.784064757607246538e-08
3.531623099725874420e-08
3.291827931052701353e-08
3.014149452753011150e-08
2.843721714419021826e-08
2.618756140173161836e-08
2.397487492522700966e-08
2.264942149631045373e-08
2.133775631040138820e-08
1.938915536736920616e-08
1.799862941100220911e-08
1.688165772042041948e-08
1.589816623997037092e-08
1.465210676314324933e-08
1.377657322469438315e-08
1.274635721721228371e-08
1.207517714278254309e-08
1.125547234478779572e-08
1.052586595411825156e-08
9.917825579474489699e-09
9.023440604702795373e-09
8.279448966361535798e-09
7.730451611491785755e-09
7.198451339331718578e-09
6.802052017078206171e-09
6.311511760705093135e-09
5.779499871613355595e-09
5.426636246451397894e-09
5.021744077724937383e-09
4.649576595291884137e-09
4.196131346935431986e-09
3.710198951449417245e-09
3.345856050329982039e-09
3.054453360189532317e-09
2.752607641337465336e-09
2.564546381846294221e-09
2.295972555266609608e-09
2.134294347918530497e-09
1.975762567447852798e-09
1.828431174322539517e-09
1.662674791250083778e-09
1.540284690717500378e-09
1.434447761450449927e-09
1.333604988886197298e-09
1.219422906356588539e-09
1.132112766526402531e-09
1.060540882693607301e-09
9.780323562104678071e-10
9.134757328274082169e-10
8.335692670706384006e-10
7.675837326154670528e-10
7.211016317743673933e-10
6.582615192503647866e-10
5.985349956142434572e-10
5.596052723949342861e-10
5.141940439603082992e-10
4.827532018844924867e-10
4.551584815847840231e-10
4.211861610714516243e-10
3.915588624459678278e-10
3.669884562395396967e-10
3.402433134227081104e-10
3.217069860368462675e-10
3.062213034774790350e-10
2.866005225939313464e-10
2.599804771451016457e-10
2.404179149174562156e-10
2.271168404768626420e-10
2.077925488598792540e-10
1.907653571688926833e-10
1.710480579282566837e-10
1.584513994794024948e-10
1.409251422033558123e-10
1.296633324994089302e-10
1.181792345181576549e-10
1.097106039273447344e-10
9.917525848364516585e-11
9.141886457590164696e-11
8.475522232006095035e-11
7.868227010316452987e-11
7.222543547024563875e-11
6.736901899947413757e-11
6.247637124248270315e-11
5.866335244171934918e-11
5.592712134532750397e-11
5.265713281189187303e-11
4.943037044771317821e-11
4.532949656527095801e-11
4.268270096467245702e-11
3.942489650024670395e-11
3.686842409537374289e-11
3.347983569675714422e-11
3.079918610301304246e-11
2.788850936741933228e-11
2.657341086046699933e-11
2.446411874902514488e-11
2.258084885610600333e-11
2.135126173710335179e-11
1.943837173313763715e-11
1.823332343239193118e-11
1.658596313106720453e-11
1.546235914729893933e-11
1.403555478199022491e-11
1.298550551115319962e-11
1.201464096164918409e-11
1.102979788571595853e-11
1.057577077489297495e-11
9.590353209921174837e-12
8.851670546975682581e-12
8.272384081001332535e-12
7.666448793479750061e-12
6.921272185649793367e-12
6.606390103156059707e-12
6.016711577236850481e-12
5.766889567681648004e-12
5.266206669742390078e-12
4.891028816979781726e-12
4.375611324411940955e-12
4.075883789286848621e-12
3.789608261265819315e-12
3.521535795026634280e-12
3.300732082493399885e-12
2.931480832806004907e-12
2.656562396294301047e-12
2.452676416256698868e-12
2.273188432769709745e-12
2.127468212324376186e-12
1.884343409090468525e-12
1.711187934832294787e-12
1.507490483296165083e-12
1.382856362032235166e-12
1.220046220945229783e-12
1.073006667312824157e-12
9.474775022117802751e-13
8.745444320881029518e-13
8.068694684926348192e-13
7.267156715881153286e-13
6.638882941938776536e-13
6.057270927847744577e-13
5.615505372724328115e-13
