3.901049156875748269e-01
3.268614999707902813e-01
2.522004576650955787e-01
2.078823633045010222e-01
1.832593863156061487e-01
1.665972554182446053e-01
1.402605211488413828e-01
1.371163670106228250e-01
1.304198155492195255e-01
1.134252644520045844e-01
1.083469870428304532e-01
9.677761330932534156e-02
9.233114898026677231e-02
8.814177654579551102e-02
8.016296042204462680e-02
7.610755536308752567e-02
7.294441971623806531e-02
7.035071114663560277e-02
6.769575621571573276e-02
6.387725382693862364e-02
6.354491881781175466e-02
5.836322061750865570e-02
5.699695326227521147e-02
5.612216019370275255e-02
5.271394709795036715e-02
5.109531298786683384e-02
4.983412259298426045e-02
4.917351354604595354e-02
4.847455296575424455e-02
4.745008545481983059e-02
4.657346853197029402e-02
4.669464652390607762e-02
4.513672196284804206e-02
4.415265114075335451e-02
4.353129155521470034e-02
4.238458466733381613e-02
4.225020641543728722e-02
4.209697935921383194e-02
4.149110286806651643e-02
4.051621103312676164e-02
3.945735466193608237e-02
3.893606217361841176e-02
3.784100954775025671e-02
3.734968552795295965e-02
3.615221952045489379e-02
3.536173528244681424e-02
3.587922286016910489e-02
3.513760688092815165e-02
3.400277121305712164e-02
3.360641527000011314e-02
3.365725474081693314e-02
3.320412333314483322e-02
3.271485574427730747e-02
3.197899866887782272e-02
3.178508701396497160e-02
3.091385410466849018e-02
3.081939695743801666e-02
3.029410760929422686e-02
2.973610568867656942e-02
2.918952140270122952e-02
2.871473936143350766e-02
2.819907890418757793e-02
2.815192775971691458e-02
2.821322844271327568e-02
2.748269272057414503e-02
2.725596768742176434e-02
2.687047568416474005e-02
2.635594493821272200e-02
2.647613268404921602e-02
2.576889428731793732e-02
2.585161955026482605e-02
2.521068770407172699e-02
2.523578369257119258e-02
2.473910591086114774e-02
2.488190563925666079e-02
2.442866252967849927e-02
2.453722309718515265e-02
2.376148718466666518e-02
2.343206277548930475e-02
2.355327829174819892e-02
2.304400537808780000e-02
2.288657742328055814e-02
2.296159713311421435e-02
2.245911414721886434e-02
2.278476376939092551e-02
2.249989735322015585e-02
2.163668599589072331e-02
2.159363890617630247e-02
2.134224125018809037e-02
2.056129463313921199e-02
2.054810759296320233e-02
2.012550139641607061e-02
1.990292818204182287e-02
1.969879673008203755e-02
1.990620120345730146e-02
1.961127096940461570e-02
1.920890272403848881e-02
1.913071272864695638e-02
1.880649226389192324e-02
1.867180306060223921e-02
1.863417700961787771e-02
1.825215521332165108e-02
1.826748479124005314e-02
1.751942805728129784e-02
1.724311066389635355e-02
1.733001890296691563e-02
1.675988469567216838e-02
1.665755762779661323e-02
1.672056456745095107e-02
1.656258310644220452e-02
1.605295809244569605e-02
1.628577698063193510e-02
1.614068466085806161e-02
1.579879946022687276e-02
1.568476009701432958e-02
1.516310987011064253e-02
1.512013117739726721e-02
1.535757016441663750e-02
1.509626400158927892e-02
1.532200277325217012e-02
1.469330477647350260e-02
1.438854376582446998e-02
1.437449638147452260e-02
1.412338472916035981e-02
1.419721679457163800e-02
1.380026191931587112e-02
1.352545471268469003e-02
1.345136445907334395e-02
1.270582422978711219e-02
1.295729914249867283e-02
1.295124837627126269e-02
1.272395433639434380e-02
1.234949834066492377e-02
1.255732916486184889e-02
1.240954119305095679e-02
1.223860979626433150e-02
1.180593572917466513e-02
1.174410954416807602e-02
1.175720084632436886e-02
1.166832391754200372e-02
1.112603552425972704e-02
1.102883493076776793e-02
1.066745375230401631e-02
1.068798975588546203e-02
1.024366754219192474e-02
1.030199403710508992e-02
1.003854141447155755e-02
9.686561547312528414e-03
9.678191087783633711e-03
9.177978944536317046e-03
9.270784330934931164e-03
9.609114709948110913e-03
8.229752251327887222e-03
8.065604977485860139e-03
7.895127233648321224e-03
7.699243584500727912e-03
7.357830217546372509e-03
7.178674253074153119e-03
7.253649403842080470e-03
6.960083318929306297e-03
6.946230813522132758e-03
6.921370225556649353e-03
6.481907214916765234e-03
6.277215424976352771e-03
6.259838696016479902e-03
6.184443360563889915e-03
6.140385641085957698e-03
6.103730359297675732e-03
5.748864729950490041e-03
5.741181052643926259e-03
5.416021094114764622e-03
5.739455114242525240e-03
5.579900413723164719e-03
5.244372148532561867e-03
5.614012923267862158e-03
5.054309782094824552e-03
5.012775316097408361e-03
5.066366460785529623e-03
4.825811266405463824e-03
4.699111414061979755e-03
4.770707760120015441e-03
4.608858668985073466e-03
4.495252292249929914e-03
4.427425130163079557e-03
4.393345531663920243e-03
4.402144493315466797e-03
4.146023292204013139e-03
4.104696561390540517e-03
3.704565296760107748e-03
3.765253905368980396e-03
3.825216786250784737e-03
3.570036776183772593e-03
3.565079070015692974e-03
3.311891216657058146e-03
3.513307933101891562e-03
3.381365465796603003e-03
3.330776084641076402e-03
3.334434677688340610e-03
3.192891743953323643e-03
3.114112808862022543e-03
2.941147436949201940e-03
2.711946116178317635e-03
2.494919873686602188e-03
2.381619130676472865e-03
2.255672179235741499e-03
2.194941175079667510e-03
2.176156373504337105e-03
2.183909006240743102e-03
2.144939911223140566e-03
1.986305517788699345e-03
1.915429058368803240e-03
1.779358250645594322e-03
1.704875390839365656e-03
1.551029974313602230e-03
1.376804653369254235e-03
1.145958743162990004e-03
1.137451683842086300e-03
1.083799619023191954e-03
1.183727742082520303e-03
9.785489175042510514e-04
9.920307309889064232e-04
9.845596092624365938e-04
7.378263039192027584e-04
7.406756772275461696e-04
7.374447833267759166e-04
7.321292578613494435e-04
7.162872385757645260e-04
7.364544422720892790e-04
7.085060176867655950e-04
7.124655082781264186e-04
6.487112614482012539e-04
6.700885520541204066e-04
6.442761973312015594e-04
6.535140016343725464e-04
