4.570377123646713891e-01
3.679022247628823683e-01
3.266175195273623988e-01
2.413942507870112941e-01
2.236392407349949429e-01
2.012176762667901020e-01
1.911421448214082885e-01
1.809984441702861269e-01
1.718655427907316846e-01
1.604314075207000923e-01
1.527989027265152511e-01
1.494407912337958888e-01
1.431377932226315652e-01
1.305963163858070153e-01
1.183027720845886699e-01
1.137794548443146619e-01
1.074078430054606903e-01
9.924970183507798860e-02
9.384907546775503318e-02
8.932536186009477908e-02
8.554479333685234554e-02
8.291688164806022832e-02
7.597023911919820183e-02
7.362844523332841284e-02
7.066246570886028366e-02
6.816758793942803707e-02
6.604798416384052850e-02
6.314635348047627217e-02
6.256328353186536850e-02
6.051329382174774202e-02
6.070957585508732213e-02
6.025555120752755511e-02
5.881798971972523188e-02
5.845102405374632409e-02
5.524988711701235566e-02
5.556644255669187377e-02
5.495361807544265481e-02
5.344660834259979537e-02
5.256569699806997592e-02
5.162530947090062522e-02
5.093303578152362510e-02
4.954506666666926712e-02
4.866413920536349219e-02
4.748098690929215132e-02
4.702461004308405856e-02
4.657351189378608480e-02
4.545190265836873689e-02
4.470222309078446254e-02
4.420543298750284622e-02
4.360452875777791337e-02
4.251232760319424014e-02
4.255116352181687739e-02
4.192280993228846009e-02
4.111587085515716611e-02
4.117514093494450966e-02
4.054947218960495980e-02
4.018210923482359864e-02
3.920468826711416555e-02
3.909798195215694050e-02
3.899813475215781894e-02
3.750099275340973426e-02
3.655223910541913895e-02
3.597836605587019509e-02
3.482098961994185143e-02
3.479334381168500828e-02
3.482754105362238090e-02
3.453936348596586131e-02
3.383242882397983348e-02
3.387520092283215212e-02
3.364209090687007853e-02
3.382067446025006224e-02
3.306600499941832888e-02
3.277948713875251247e-02
3.239567728631662785e-02
3.241737331520482684e-02
3.293736998974916563e-02
3.163456796954253192e-02
3.133583085065011486e-02
3.125750419839241206e-02
3.038202995826051744e-02
3.093614365665000449e-02
3.022952615856029299e-02
3.016459973503658049e-02
2.980780293726609936e-02
2.931115226979756627e-02
2.922262672143914608e-02
2.941514997658398536e-02
2.896415854654664848e-02
2.821801597579306695e-02
2.782068193410432155e-02
2.780186719206116999e-02
2.777277115780583602e-02
2.715973148614319460e-02
2.697938235442177979e-02
2.639559486027328108e-02
2.663369189766650116e-02
2.636519743859086148e-02
2.648797218388236271e-02
2.604866585117920214e-02
2.519037691139890470e-02
2.543609305421526412e-02
2.540111863356960681e-02
2.445378025811238698e-02
2.444711210543290894e-02
2.485681343909311100e-02
2.418154581649317736e-02
2.392431503261567213e-02
2.430492552556254640e-02
2.362400951457676104e-02
2.366251783357690985e-02
2.257805466691738261e-02
2.268479057337284902e-02
2.272479448060409427e-02
2.231616644051408194e-02
2.228902882867955099e-02
2.245476576510344741e-02
2.275425605601631013e-02
2.232350556356539270e-02
2.189132164210534984e-02
2.157345263377260722e-02
2.181123202593173924e-02
2.154989730004143109e-02
2.124462998820520615e-02
2.150067485542426354e-02
2.122809351302662115e-02
2.103980398987429640e-02
2.016909008382135673e-02
2.017208381580881671e-02
2.022936551663168103e-02
2.034621040358162297e-02
1.966742484610912306e-02
1.998230449760939401e-02
1.989757045936183660e-02
1.969559697639696599e-02
1.934326309667978167e-02
1.917909981312762233e-02
1.864157439844255082e-02
1.881802751756954384e-02
1.847810805772232348e-02
1.877463304257016505e-02
1.819485766691434150e-02
1.848409461479122787e-02
1.839059186622931177e-02
1.809917878489477466e-02
1.796076493987436989e-02
1.818428099343239596e-02
1.759030342376180153e-02
1.754524554206190329e-02
1.745689093987671733e-02
1.712907003836440512e-02
1.695552978806628627e-02
1.673752300922649178e-02
1.648217281560030584e-02
1.633315372806871252e-02
1.628259602127517247e-02
1.575939215077646824e-02
1.589010807256424629e-02
1.583129438703719319e-02
1.560334300808033023e-02
1.574887821097588694e-02
1.551240755638473058e-02
1.542418093751896091e-02
1.543582400637106417e-02
1.518548062272358570e-02
1.502860181424870746e-02
1.491291669038064677e-02
1.454106647643845819e-02
1.451210874413783741e-02
1.440217667618342960e-02
1.484181748849600080e-02
1.457590863568126310e-02
1.450098248742335075e-02
1.395536010976764808e-02
1.381497907483451686e-02
1.399187680347185880e-02
1.372676091159925373e-02
1.345062225957619102e-02
1.326826186108772364e-02
1.317767785515290731e-02
1.269604841503104743e-02
1.274486788185058561e-02
1.294831192597790080e-02
1.263482186423362831e-02
1.277723319635639884e-02
1.214095368171357221e-02
1.249707298087363895e-02
1.207358206624335392e-02
1.205101276059472072e-02
1.187320986793923006e-02
1.190404129404062060e-02
1.187362222096785894e-02
1.131330848381315902e-02
1.148548497911782568e-02
1.126151354853624845e-02
1.122819861611299742e-02
1.121211913489512414e-02
1.129051704193409847e-02
1.102594173849504033e-02
1.107968431958511121e-02
1.070571923032066601e-02
1.053450281744003000e-02
9.650682446136692530e-03
1.021837647828704142e-02
1.016842965009112122e-02
9.752698255239874991e-03
9.843821800393674076e-03
9.443950565245646731e-03
9.350024752488783272e-03
9.028283626773494011e-03
9.317352370957949353e-03
8.908350192479522547e-03
8.744837704666816314e-03
8.772102961114440142e-03
8.506535689711195239e-03
8.731436528285776641e-03
8.845803165548523847e-03
8.673709032984800588e-03
8.481884298883827708e-03
8.487482656899379696e-03
8.099498553046192290e-03
8.070921997187920777e-03
7.908091655842943227e-03
7.650356203417330372e-03
7.694281250449312194e-03
7.877470595391710892e-03
7.790044405536493584e-03
7.685096603137344523e-03
7.478689391678038263e-03
7.495882880172995838e-03
7.544198540926324789e-03
6.939935452291799006e-03
6.975853493795699384e-03
6.938501272722376496e-03
6.761583396641067910e-03
6.767751380773367499e-03
6.505393632847156563e-03
6.223489434943295373e-03
6.318159832038973585e-03
6.437014871267635746e-03
6.056919924626170786e-03
6.043923893411712323e-03
6.116823424339648888e-03
5.997041705290157704e-03
5.782736909388898512e-03
5.887454778480032472e-03
5.740280592746117329e-03
5.383997579774847664e-03
5.695887150761819867e-03
5.118209876266034859e-03
5.236899325221454522e-03
4.771123730704088760e-03
4.857988668590226301e-03
4.922585463412154291e-03
4.806908715670073912e-03
4.648623993177985331e-03
4.869780270655461353e-03
4.665835000748047579e-03
4.537613652536798270e-03
4.328144400360015888e-03
4.489574491911410559e-03
4.286237066026033632e-03
4.235492351010360090e-03
4.287722604571014666e-03
4.207778489972964671e-03
4.141983124327569196e-03
4.118563319718649557e-03
3.962559650580281534e-03
3.999333811287052176e-03
3.766374293452255835e-03
3.853558425880435935e-03
4.217517730417114433e-03
3.808275318443965930e-03
3.748844706154790766e-03
3.584365361583894283e-03
3.473449529195988227e-03
3.479616900502597015e-03
3.373994598458093363e-03
3.335279209702034838e-03
3.444704438348138425e-03
2.937056887313108794e-03
3.438739442072363209e-03
3.242793887337292076e-03
3.246779859846306120e-03
3.048773540205163435e-03
3.038350454775168036e-03
2.961933959747372648e-03
2.992853277999796106e-03
2.931657383699806576e-03
2.849122409366296443e-03
2.707207570903152980e-03
2.659117920975579558e-03
2.625914954607375812e-03
2.704932327573590818e-03
2.696327477996091591e-03
2.556665735164543891e-03
2.518271579608561978e-03
2.655020987269000616e-03
2.385555803320184385e-03
2.348733590709449221e-03
2.438230093581312402e-03
2.305211447516103320e-03
2.099978863140475067e-03
2.282094478142982375e-03
2.205907007550442483e-03
1.995853034280933684e-03
1.909739354820546350e-03
2.049527217200767994e-03
1.955752483801749368e-03
1.901986553215605094e-03
1.869578371007755979e-03
1.806582478574408120e-03
2.050215907755697630e-03
1.915232487403671678e-03
1.182693342678179087e-03
1.091481888104611601e-03
9.083406616248756484e-04
7.040134319973480196e-04
6.694250092593391401e-04
7.494018256316136578e-04
6.455897846006272136e-04
5.368824121478588379e-04
5.973337682069974940e-04
5.756221696561636013e-04
5.379097248842607329e-04
5.755635682328607942e-04
4.921530825149388402e-04
5.264312097289914998e-04
3.579547253559405224e-04
3.385141372773613992e-04
