6.165835312097340815e-01
6.164144948881911112e-01
4.081083894176695259e-01
3.399443839366668718e-01
3.330531362917601990e-01
3.298938044010744086e-01
2.810447551027887014e-01
2.790022306042579947e-01
2.600259767523582788e-01
2.341442866967906877e-01
1.935732365877870231e-01
1.366829003476758564e-01
1.368818776889798583e-01
8.942741273872238661e-02
8.878985416103048200e-02
8.791225443420699892e-02
8.807836417539204044e-02
8.588058614091528820e-02
8.583502563236554417e-02
8.852906397216933621e-02
6.294690909253454481e-02
6.279691863523972906e-02
6.237071700210089498e-02
6.223841429746730658e-02
6.240686283660486222e-02
5.599374334806538761e-02
5.595497398575684928e-02
5.623223148452236031e-02
5.617640278332537707e-02
4.712591052206043657e-02
4.807997003455508067e-02
5.148486483641377676e-02
5.148541853511591493e-02
5.111899955551572200e-02
5.097494985762897335e-02
4.936840851827669491e-02
4.431260138751322991e-02
4.394980765886900148e-02
4.422052256580089047e-02
4.420514270155793263e-02
4.414246180818305609e-02
4.339135092438810987e-02
4.336923471972316257e-02
4.111118786687502358e-02
4.111898695694347905e-02
4.111428433300983593e-02
4.079096459232752631e-02
4.073849842690267786e-02
4.084186580673949268e-02
4.083600423155379217e-02
4.083880636162445094e-02
4.083683586623727130e-02
4.098619102876314285e-02
4.096565699796583110e-02
4.096445069183882876e-02
4.461942264893038745e-02
4.443104644415607485e-02
4.066688541180180777e-02
4.061186614102397369e-02
4.060868401791244836e-02
4.060404862346975868e-02
4.054906121194969126e-02
4.053358387167479981e-02
4.043520190738531667e-02
4.043251377078774939e-02
4.075905379962595221e-02
4.071689785473785184e-02
4.070013117950460613e-02
4.068983616796479491e-02
4.068697267150154367e-02
4.061754457545536240e-02
4.061737522417338542e-02
4.009231119419543604e-02
3.976437419764912440e-02
3.965320435198680521e-02
3.964829159577013679e-02
3.953946435777928869e-02
3.953944984124461992e-02
3.962393015415020814e-02
3.960850032924691927e-02
3.926137914964435149e-02
3.926131489444366351e-02
3.925382734075077290e-02
3.810094244804620306e-02
3.848101754957873599e-02
3.974928472996014372e-02
3.973634132134806762e-02
3.972937360723318573e-02
3.972748369179743277e-02
3.971741957974476295e-02
3.971679228669219852e-02
3.933993085885811869e-02
2.574081249925441045e-02
2.566852337297051423e-02
2.566849763054471212e-02
2.565577341756603361e-02
2.565578922581035828e-02
2.563505625958494016e-02
2.562157254862216030e-02
2.377163153655618630e-02
2.373573563034243883e-02
2.369270799043891873e-02
2.253054197663011821e-02
2.335809508085818012e-02
2.335791976201547285e-02
2.335779855262531610e-02
2.335779809930538936e-02
2.176161313357975399e-02
2.176159551724208760e-02
1.904988697756824362e-02
1.905045391978877484e-02
1.904985763413618444e-02
1.862111897195017560e-02
1.841375648115329069e-02
1.816085811546081646e-02
1.815994481750003026e-02
1.815957902734146451e-02
1.815743927642591085e-02
1.815747680974759762e-02
1.816514687086413782e-02
1.715386763742269421e-02
1.333811532407535791e-02
1.333811615971919502e-02
1.333813806559099729e-02
1.041161603678550894e-02
1.015207816935448717e-02
1.015221580805528677e-02
9.530161502189564773e-03
7.476589641958767025e-03
7.459769486821509095e-03
7.436600746067495785e-03
7.436587550404598346e-03
7.052339386574097736e-03
7.052350136945637754e-03
7.051606207548548853e-03
7.051612806740072820e-03
7.051541712401933164e-03
7.051541893351082058e-03
7.051541880954530390e-03
