4.062526664022808598e-01
4.294945518912173243e-01
4.353056813500553734e-01
4.424318503177138706e-01
4.178923343117003086e-01
4.159008711770020295e-01
4.049190756776099298e-01
4.041559940851930377e-01
4.032583888590124399e-01
4.058006067190554345e-01
4.133207338292712585e-01
4.117928438717882167e-01
4.101363659428153841e-01
4.150556252129656287e-01
4.102080777923762245e-01
4.118485730511196041e-01
4.127211282735012143e-01
4.145593677339178273e-01
4.120678405861636917e-01
4.118547318332788643e-01
4.119029002818564988e-01
4.119029009064537061e-01
4.119029049964659794e-01
4.119029050423012039e-01
