7.452831730661837462e-01
6.054137191894748415e-01
5.333955848586564574e-01
4.767546718000189587e-01
4.007919136930532811e-01
3.996704726807788766e-01
2.985393012606670227e-01
2.952488304543009479e-01
2.956509859782486815e-01
2.409962874556180745e-01
2.440712786384852395e-01
2.444540784200846251e-01
2.468864086819673453e-01
2.467196456851698527e-01
2.414801683211712513e-01
1.843159755914560993e-01
1.819908717887331606e-01
1.566779908768997365e-01
1.566007862574091414e-01
1.566005157919621860e-01
1.565929874946777878e-01
1.301614513009407281e-01
1.301605935476432274e-01
1.181971776789289275e-01
7.836919374402720462e-02
7.736633178235517716e-02
7.736647994537911022e-02
6.513405331539670606e-02
6.617330096556706120e-02
6.046694670241329478e-02
6.045984251082282823e-02
5.612678076557067741e-02
5.507869069210054314e-02
5.465016045273993206e-02
5.468688859576436440e-02
5.468507714041656587e-02
5.458312000282076332e-02
5.596950001705353062e-02
5.596730904517967231e-02
5.491620780804579161e-02
5.492336086256632138e-02
5.491890986295265564e-02
5.039892240076732088e-02
5.039893848434771895e-02
5.039860540315822118e-02
4.924647566792384606e-02
4.899396578076058856e-02
4.899537771282937160e-02
4.965871046673382694e-02
4.963788469485796301e-02
5.148940768518844163e-02
5.149103677089127834e-02
5.144124431811356035e-02
4.779749888618004677e-02
4.779655061966425755e-02
4.779721423841234301e-02
4.779450489065998481e-02
4.543790332400499815e-02
4.542768498854182074e-02
4.542736284366377664e-02
4.542737531546417462e-02
4.512190667604713823e-02
4.512189724307752448e-02
4.512184330247045322e-02
4.509839405053274464e-02
4.509184629986660170e-02
4.218917684429453197e-02
4.218807281083680055e-02
4.218807724704608242e-02
4.059732755166017143e-02
4.059530824417269951e-02
3.977778643310267426e-02
3.975500987996918173e-02
3.975152944818845235e-02
3.975143522821167341e-02
3.977678573820579710e-02
3.977634821782339430e-02
3.976460120433332468e-02
3.997337544577722612e-02
3.997131291549486237e-02
3.995314409132230682e-02
3.995222379982495825e-02
3.995150649620584499e-02
3.994358201676777992e-02
3.987572224930580750e-02
3.987525543543770506e-02
3.986438277287738391e-02
3.986445473764355096e-02
3.986370086900391935e-02
3.985965094092734640e-02
3.985156772507215950e-02
3.985136916513756788e-02
3.985057461668293360e-02
3.982573784484707419e-02
3.982825790259011955e-02
3.982914033738553516e-02
3.983620835780080777e-02
3.984484506537112197e-02
3.983843680915984120e-02
3.983828699554373132e-02
3.973575571329254069e-02
3.973273699618138505e-02
3.973651838665534508e-02
3.963717326619663889e-02
3.963719527060007020e-02
3.964058238883173130e-02
3.964068317974596412e-02
3.964069733659775219e-02
3.973756535904329062e-02
3.973742978336222004e-02
3.973743792632964539e-02
3.968654834674811838e-02
3.968554140921860124e-02
3.968013298960527957e-02
3.967998626963913783e-02
3.964528517340936559e-02
3.964528427518623083e-02
3.963901398011764748e-02
3.963775620566024199e-02
3.963781473439937503e-02
3.935918198102534432e-02
3.997673033525390301e-02
4.429230031856531274e-02
4.428619688092916978e-02
4.423363580969397191e-02
4.230189639279734876e-02
4.230098620207528581e-02
4.230076134457506909e-02
4.002389640728429981e-02
4.002353305622983332e-02
4.005056192157345485e-02
4.004898250518314912e-02
4.004642128050767136e-02
4.004654948487513383e-02
4.003709742048323222e-02
4.003709747234393546e-02
4.002405625440973169e-02
4.002405362099020064e-02
4.002405829381323193e-02
4.000661854030363590e-02
4.107848944069052155e-02
4.107643685293965730e-02
4.105173906742424356e-02
4.047555006811758005e-02
4.057947443714612912e-02
4.047141155630973319e-02
4.025957413570274007e-02
4.025772998252498402e-02
4.001889466500026249e-02
4.001522653273015956e-02
3.999241667168587644e-02
3.987663975599645139e-02
2.197614245088919463e-02
2.197613962677385374e-02
2.197533371343126513e-02
2.182249920252965839e-02
2.182247704440634997e-02
2.182247831978561051e-02
2.182247355634304997e-02
2.182247224083284920e-02
2.182247290116822586e-02
2.182458325883114211e-02
2.177168381806340522e-02
2.246146533320206307e-02
2.246146269101809492e-02
2.246143185924925206e-02
2.245195170273750138e-02
2.245143860764130250e-02
2.313217768889356749e-02
2.313218116720547335e-02
2.313230380084795729e-02
2.313230370639293362e-02
2.313213385509180903e-02
2.313209938790391010e-02
2.313197065727937152e-02
2.313196903182892367e-02
2.107670702749143629e-02
2.108279483103341415e-02
1.855893122042056795e-02
1.875102908111721950e-02
1.875069315881332591e-02
1.875067613832222257e-02
1.875067512672108985e-02
1.875067495280852148e-02
1.875066738250425954e-02
1.875051872135679448e-02
1.875051164990288594e-02
1.875047241733355033e-02
1.875046918351261707e-02
1.875052081335245105e-02
1.875051739305540893e-02
1.875019286727772072e-02
1.827603175961379015e-02
1.774032857817908759e-02
1.774032889565663185e-02
1.781873210368382573e-02
1.781872789373823915e-02
1.781771678640119150e-02
1.781770819589515581e-02
1.781771053987412506e-02
1.384245888314083496e-02
1.220894131987848921e-02
1.012149716340718202e-02
1.001380480685281488e-02
1.001380531005755317e-02
1.001380452129693385e-02
1.001380452280543377e-02
9.989937253392136216e-03
9.989853971047240808e-03
9.986284160802133547e-03
9.985350740674069428e-03
9.397880413967770602e-03
9.397070238806634612e-03
6.819897633216671050e-03
6.414698860650254984e-03
6.185084258890615090e-03
6.185084727703165502e-03
6.181608673826675775e-03
6.181609817828680013e-03
6.181609132028948773e-03
6.181610335851807879e-03
6.181609314559400464e-03
2.765223360080626587e-03
2.765224763268040072e-03
2.765224777882545858e-03
2.765224963486535067e-03
2.765224514445636852e-03
2.765221213023877182e-03
2.765220093712127559e-03
2.765226830602203738e-03
2.765225115602260465e-03
2.765227563029138812e-03
2.765226385967297154e-03
2.765211526347289162e-03
