5.066932281151886874e-01
3.475778450422069565e-01
2.676066466944257982e-01
1.787028040408699670e-01
1.891940491528718571e-01
1.514695381230037052e-01
9.859559694335737201e-02
8.443335383865413490e-02
8.074825944620044049e-02
7.642123926952468227e-02
7.550463598492679340e-02
6.926834745781797198e-02
6.932396795770486009e-02
6.643685557712360190e-02
6.341432390201144631e-02
6.163586869146854552e-02
6.260113579263373862e-02
6.170552300279354141e-02
5.990757595609370878e-02
5.908810382737174349e-02
5.829942385027096080e-02
5.779432295920348267e-02
5.762443491204852219e-02
5.675109736210895428e-02
5.700781454906477669e-02
5.682227683055657980e-02
5.665599447805971800e-02
5.647930251993622114e-02
5.631628762420953782e-02
5.633424777001713041e-02
5.652617077467139012e-02
5.641079414743790932e-02
5.645957488539777441e-02
5.655288566190370264e-02
5.643994751310058705e-02
5.650084422798053174e-02
5.612177754030191895e-02
5.626116253860172917e-02
5.653152337518962955e-02
5.618851389241526911e-02
5.574310475244540625e-02
5.560300751069038178e-02
5.553016368647804846e-02
5.556006560759233631e-02
5.497171942686533003e-02
5.493301642703152243e-02
5.488929535057262415e-02
5.430621428116653299e-02
5.411931476276485992e-02
5.418307250530696867e-02
5.417362998784244071e-02
5.423463829647014178e-02
5.398255656565482952e-02
5.353515727419512482e-02
5.346740358575529511e-02
5.296844931568876064e-02
5.267100641590083399e-02
5.265875073715189231e-02
5.264701635872992558e-02
5.255417902716356254e-02
5.240967441367859470e-02
5.241947301193825015e-02
5.247347853478156327e-02
5.250310593517959479e-02
5.255304949790899627e-02
5.259570381133769901e-02
5.260644843226190692e-02
5.264403724651639527e-02
5.269186543756274044e-02
5.272062690866240880e-02
5.269137804269421327e-02
