7.811386664900275001e-01
7.739708812302688035e-01
7.750744218369619576e-01
5.624312635519256309e-01
5.484917582603260344e-01
4.452813456115979340e-01
4.680656328783496245e-01
4.721415341290254308e-01
4.006610231748111706e-01
3.391420440392581837e-01
3.383265452306812304e-01
3.376685532835865255e-01
3.363641417277253853e-01
3.051267952823308316e-01
2.836715510095739190e-01
2.738655938249653365e-01
2.737245316764487790e-01
2.315788744569455548e-01
2.301749110638950657e-01
2.292080862636556027e-01
2.280770149210380182e-01
2.258501276526496682e-01
1.613394100035896173e-01
1.613365890842131112e-01
1.537527702136529117e-01
1.482504300855183033e-01
1.133869913556132258e-01
1.076109236078175713e-01
1.089265407515856016e-01
1.058389991394987906e-01
1.058204251597725243e-01
1.056827783693861100e-01
1.059134000828879235e-01
1.059133937447564178e-01
9.609604149800346495e-02
9.609458004422403998e-02
9.423395551549126892e-02
9.422691918752429396e-02
9.363397737100685736e-02
9.162079689292099149e-02
9.162075229048323444e-02
9.162041876888626923e-02
9.051655269485828215e-02
9.051654878505659141e-02
9.050359100504383469e-02
8.772164199149838637e-02
8.773116666961382204e-02
8.652577968839673950e-02
8.652530196356775227e-02
8.652541364545834890e-02
8.365024344724369953e-02
8.365029399892456863e-02
8.364955414677142931e-02
8.343957236748789086e-02
8.257711236823335466e-02
8.257709957642185572e-02
8.257691890252004396e-02
7.776486882906427645e-02
7.776362089854144122e-02
6.643507139647887583e-02
6.643505131141970443e-02
5.950094670910570371e-02
4.863486749725726838e-02
4.863176548574948271e-02
4.863181674940916105e-02
5.091677335695166118e-02
5.090017819165933155e-02
5.090111443886450454e-02
5.090112069925669530e-02
5.090031735048243522e-02
5.090089362578371218e-02
4.679593938722079877e-02
4.628889522286572245e-02
4.641347701515244339e-02
4.639096550302335142e-02
4.639538941769694169e-02
4.644727615187292658e-02
4.618250324836575826e-02
4.621254332786742247e-02
4.613776675139511646e-02
4.613781804890667443e-02
4.613768917137992670e-02
4.595289937297728639e-02
4.595285920285207409e-02
4.594345628590674330e-02
3.819258353578571658e-02
3.819558429379815018e-02
3.818628923942488790e-02
3.818126373829819342e-02
3.818125386383010994e-02
3.818092051245518953e-02
3.819398621396871002e-02
3.819288866471952371e-02
3.818914312989128007e-02
3.818910335104104548e-02
3.819784226057312826e-02
3.820459977116411054e-02
3.788095706277911506e-02
3.785063783651350378e-02
3.785041899882615746e-02
3.784764574687542182e-02
3.784188995685080353e-02
3.790493046141492350e-02
3.659867587075681106e-02
3.659904595171366987e-02
3.922166324952493927e-02
3.908986503917497718e-02
3.908990600358672185e-02
3.908977344021007799e-02
3.908907561485870652e-02
3.908870386412723746e-02
3.908368787495528768e-02
3.908410870084704641e-02
3.962315717461939446e-02
3.962188760555416384e-02
3.962161958859296285e-02
3.962062440507316957e-02
3.961683236733552771e-02
3.961650765652546119e-02
3.961651654031486669e-02
3.961650208119589511e-02
3.961648355075554628e-02
3.961647569468877694e-02
3.953687501989117808e-02
3.953662560109234142e-02
3.953659067212698247e-02
3.630131863342066223e-02
3.630112227308687073e-02
3.614301544715068509e-02
3.614302103230700863e-02
3.614302404181000267e-02
3.614295830327837050e-02
3.534685225279084880e-02
3.534683367032398493e-02
3.534669100677995113e-02
3.516071949068612368e-02
3.515816180052907386e-02
3.515455149171053950e-02
3.603080789665647626e-02
3.601261277614411366e-02
3.601258905359164264e-02
3.600632185747231623e-02
3.600638862581510141e-02
3.600605771337911376e-02
3.600606135167958716e-02
3.600605964463629571e-02
3.599565662890777396e-02
3.599419518538218843e-02
3.599418706175368937e-02
3.599409541031232257e-02
3.599409596353350671e-02
3.599409266557104109e-02
3.599410297113916912e-02
3.599412735744373509e-02
3.599408053248015493e-02
3.599530301619507933e-02
3.599546721859654685e-02
3.596718444242073126e-02
3.596716959664871677e-02
3.596714146711628424e-02
3.596711407359606122e-02
3.596713121571067096e-02
3.596713593451641988e-02
3.598344546873607358e-02
3.598396549590728022e-02
3.599775941244530431e-02
3.599776497682109777e-02
3.599777243849649339e-02
3.599775697473260594e-02
3.599732569025432954e-02
3.599653846672348084e-02
3.599651813299365594e-02
3.597091306330787996e-02
3.597093121482419081e-02
3.593172074584893155e-02
3.593157796827523703e-02
3.593157817465138237e-02
3.593155729396161485e-02
3.568866525647318433e-02
3.568866165202123214e-02
3.626577545047197232e-02
3.625443575256225015e-02
3.625453106040742168e-02
3.625453491066150946e-02
3.618841716984595724e-02
3.618419028196172282e-02
3.618418937014385162e-02
3.618398602600942510e-02
3.618383380420178014e-02
3.410091254608185046e-02
3.407923425855938215e-02
3.407907352624280767e-02
3.407907505436728185e-02
3.407907622314122059e-02
3.407907441639762558e-02
3.407903753839718053e-02
3.407601982684867192e-02
3.407602011372096174e-02
3.407601997851393560e-02
3.407601904993137060e-02
3.407602166861146281e-02
3.407602300150063684e-02
3.407601795288513896e-02
3.407602308731232099e-02
3.407342626464565649e-02
3.407339959752760800e-02
3.407339850525783337e-02
3.407294147400618395e-02
3.407283194414395533e-02
3.407283430726557039e-02
3.407263917566409617e-02
3.406365976586848976e-02
3.406366272324043432e-02
3.406366314442230842e-02
3.406366385642446704e-02
3.406366450019557290e-02
3.406340286518876742e-02
3.406340565224608846e-02
3.406340184314917557e-02
3.406340302105220069e-02
3.406334232429364395e-02
3.406334531634477858e-02
3.406334077354981893e-02
3.405011230720545595e-02
3.405011462331136024e-02
3.405011229171558962e-02
3.405013755382148982e-02
3.405013919819478013e-02
3.405013910796069604e-02
3.405229546476042785e-02
2.554283932959193829e-02
2.542045574486375553e-02
2.542045672266894304e-02
2.542045579958042770e-02
2.540845450982721562e-02
2.540833484053255445e-02
2.554341376518525289e-02
2.540035367430777680e-02
2.569109569427034667e-02
2.569109612467081541e-02
2.569109674732731469e-02
2.568660427287369416e-02
2.568660546141096276e-02
2.568660429007629462e-02
2.568660362002474218e-02
2.568635565723758132e-02
2.541353479814122476e-02
2.541336079236494044e-02
2.083960071412133824e-02
2.083945063574116352e-02
2.083638930088727026e-02
2.083638611826291870e-02
2.083638591140895419e-02
2.083620377469286300e-02
2.083620369713456988e-02
2.083619607353241407e-02
2.104691420245907024e-02
1.828058521848232795e-02
1.872852083149187732e-02
1.872851678243451709e-02
1.872851760641883537e-02
1.872857347716814017e-02
1.872857253513078579e-02
1.872855096558168064e-02
1.825377900503419304e-02
1.825376997578382829e-02
1.825331975389055117e-02
1.825331977826068902e-02
1.825321961644900057e-02
1.825321956340195811e-02
1.825321971468478119e-02
1.825321906728803734e-02
1.825321910337448714e-02
1.825321899828610470e-02
1.825321903460859485e-02
1.825011791149645443e-02
1.825011803562139392e-02
1.824895697978748399e-02
1.824895701002475501e-02
1.824895695095113402e-02
1.824889003519369543e-02
1.824889008080083155e-02
1.824889003263533913e-02
1.824888984944375223e-02
1.824888989435844572e-02
1.771017791208680595e-02
1.771017674336141517e-02
1.771017513565659521e-02
1.771002433325777337e-02
1.771002429947287835e-02
1.770991315691497134e-02
1.770991317991113187e-02
1.778957960452727180e-02
1.778521796551410863e-02
1.778521822240202582e-02
1.778521758851128037e-02
1.778521667781803386e-02
1.778517432327478970e-02
1.778391464032072489e-02
1.778284809200341224e-02
1.778284813447739490e-02
1.778284819134890241e-02
1.778284852422668330e-02
1.778284782543453763e-02
1.778284778097131286e-02
1.778284767923395820e-02
1.778284774221817327e-02
1.778284768990646275e-02
1.778284767683770834e-02
1.778284771291228916e-02
1.778284773075954062e-02
1.778284770406519250e-02
1.778271561046674415e-02
9.229826174270434891e-03
9.227701825700198798e-03
6.199523775728860674e-03
5.709665543380990430e-03
5.709647387402476404e-03
5.709647342890256973e-03
5.709647427762859842e-03
5.709647390482769369e-03
4.391813732168341200e-03
4.391813680884788275e-03
4.391813841228736463e-03
4.391813744470329621e-03
4.391813734091081813e-03
4.391813650692517716e-03
2.756106476148006794e-03
2.756106490669470253e-03
