8.600000000000000000e+01
1.520000000000000000e+02
2.160000000000000000e+02
2.820000000000000000e+02
3.450000000000000000e+02
4.080000000000000000e+02
4.730000000000000000e+02
5.360000000000000000e+02
5.990000000000000000e+02
6.630000000000000000e+02
7.290000000000000000e+02
7.940000000000000000e+02
8.580000000000000000e+02
9.200000000000000000e+02
9.820000000000000000e+02
1.044000000000000000e+03
1.107000000000000000e+03
1.169000000000000000e+03
1.230000000000000000e+03
1.291000000000000000e+03
1.351000000000000000e+03
1.411000000000000000e+03
1.471000000000000000e+03
1.531000000000000000e+03
1.593000000000000000e+03
1.654000000000000000e+03
1.714000000000000000e+03
1.773000000000000000e+03
1.834000000000000000e+03
1.895000000000000000e+03
1.955000000000000000e+03
2.013000000000000000e+03
2.070000000000000000e+03
2.133000000000000000e+03
2.193000000000000000e+03
2.252000000000000000e+03
2.308000000000000000e+03
2.361000000000000000e+03
2.415000000000000000e+03
2.467000000000000000e+03
2.519000000000000000e+03
2.571000000000000000e+03
2.619000000000000000e+03
2.670000000000000000e+03
2.714000000000000000e+03
2.760000000000000000e+03
2.802000000000000000e+03
2.843000000000000000e+03
2.880000000000000000e+03
2.917000000000000000e+03
2.952000000000000000e+03
2.987000000000000000e+03
3.022000000000000000e+03
3.054000000000000000e+03
3.082000000000000000e+03
3.110000000000000000e+03
3.141000000000000000e+03
3.167000000000000000e+03
3.188000000000000000e+03
3.209000000000000000e+03
3.223000000000000000e+03
3.233000000000000000e+03
3.239000000000000000e+03
3.245000000000000000e+03
3.250000000000000000e+03
3.255000000000000000e+03
3.258000000000000000e+03
3.262000000000000000e+03
3.265000000000000000e+03
3.266000000000000000e+03
3.267000000000000000e+03
