2.770000000000000000e+02
4.950000000000000000e+02
7.150000000000000000e+02
9.390000000000000000e+02
1.159000000000000000e+03
1.372000000000000000e+03
1.592000000000000000e+03
1.800000000000000000e+03
2.000000000000000000e+03
2.199000000000000000e+03
2.377000000000000000e+03
2.554000000000000000e+03
2.693000000000000000e+03
2.819000000000000000e+03
2.921000000000000000e+03
3.007000000000000000e+03
3.088000000000000000e+03
3.149000000000000000e+03
3.199000000000000000e+03
3.234000000000000000e+03
3.253000000000000000e+03
3.261000000000000000e+03
3.266000000000000000e+03
3.267000000000000000e+03
