0.000000000000000000e+00 1.000000000000000000e+00
1.000000000000000000e+00 9.996193446122583204e-01
2.000000000000000000e+00 9.990537516354236480e-01
3.000000000000000000e+00 9.962682185370860255e-01
4.000000000000000000e+00 9.851834175084162037e-01
5.000000000000000000e+00 9.778304386776787149e-01
6.000000000000000000e+00 9.640866321474315104e-01
7.000000000000000000e+00 9.465790247304288751e-01
8.000000000000000000e+00 9.204035417896828664e-01
9.000000000000000000e+00 8.996641974675951836e-01
1.000000000000000000e+01 8.693621857128327468e-01
1.100000000000000000e+01 8.241338769813368881e-01
1.200000000000000000e+01 8.174887253878841964e-01
1.300000000000000000e+01 7.751149678720810066e-01
1.400000000000000000e+01 7.398639054911331225e-01
1.500000000000000000e+01 6.829285064633592306e-01
1.600000000000000000e+01 6.322761749750619442e-01
1.700000000000000000e+01 6.205126425928618739e-01
1.800000000000000000e+01 5.697907715050332111e-01
1.900000000000000000e+01 5.644329703168804446e-01
2.000000000000000000e+01 5.167262218868960977e-01
2.100000000000000000e+01 5.149650652467154810e-01
2.200000000000000000e+01 4.968046819586596219e-01
2.300000000000000000e+01 4.547362922122438200e-01
2.400000000000000000e+01 4.191679271936707973e-01
2.500000000000000000e+01 4.101047499505657834e-01
2.600000000000000000e+01 3.723402897094075792e-01
2.700000000000000000e+01 3.670544351053639520e-01
2.800000000000000000e+01 3.408485331414475294e-01
2.900000000000000000e+01 3.393803533254037830e-01
3.000000000000000000e+01 3.256277494568163289e-01
3.100000000000000000e+01 3.199417593024979634e-01
3.200000000000000000e+01 3.080243342833151599e-01
3.300000000000000000e+01 2.950970123203729978e-01
3.400000000000000000e+01 2.925912958507118633e-01
3.500000000000000000e+01 2.731935147034870726e-01
3.600000000000000000e+01 2.473281859876597932e-01
3.700000000000000000e+01 2.290107989831250412e-01
3.800000000000000000e+01 2.281162330891378098e-01
3.900000000000000000e+01 2.221028246452373678e-01
4.000000000000000000e+01 2.069263663010671439e-01
4.100000000000000000e+01 2.004788710935054008e-01
4.200000000000000000e+01 1.966359435967942326e-01
4.300000000000000000e+01 1.908597676998514125e-01
4.400000000000000000e+01 1.859996803286227129e-01
4.500000000000000000e+01 1.725826301616876501e-01
4.600000000000000000e+01 1.717673214542759785e-01
4.700000000000000000e+01 1.639438277129410815e-01
4.800000000000000000e+01 1.597342409625649717e-01
4.900000000000000000e+01 1.586272870115693900e-01
5.000000000000000000e+01 1.449056109541672355e-01
5.100000000000000000e+01 1.386588820539384759e-01
5.200000000000000000e+01 1.304398257043763720e-01
5.300000000000000000e+01 1.219038309260795788e-01
5.400000000000000000e+01 1.171349958202325542e-01
5.500000000000000000e+01 1.142496119269245936e-01
5.600000000000000000e+01 1.105885616150135975e-01
5.700000000000000000e+01 1.045420960194025639e-01
5.800000000000000000e+01 1.002882295363705101e-01
5.900000000000000000e+01 9.625380980332813585e-02
6.000000000000000000e+01 9.439077859676656135e-02
6.100000000000000000e+01 9.267779899265683741e-02
6.200000000000000000e+01 8.481239354216764392e-02
6.300000000000000000e+01 8.110913948519411776e-02
6.400000000000000000e+01 8.051066287084722439e-02
6.500000000000000000e+01 7.684132905381606260e-02
6.600000000000000000e+01 7.582681831117660254e-02
6.700000000000000000e+01 7.382678740824610841e-02
6.800000000000000000e+01 7.216843465537450819e-02
6.900000000000000000e+01 6.556158306846457395e-02
7.000000000000000000e+01 5.816530426840885865e-02
7.100000000000000000e+01 5.681704409589653088e-02
7.200000000000000000e+01 5.477559236314701041e-02
7.300000000000000000e+01 5.391342893872126674e-02
7.400000000000000000e+01 5.327371600568538146e-02
7.500000000000000000e+01 4.861083925521030719e-02
7.600000000000000000e+01 4.814119169048329538e-02
7.700000000000000000e+01 4.607034535645734841e-02
7.800000000000000000e+01 4.488308607924215016e-02
7.900000000000000000e+01 4.200680656842514099e-02
8.000000000000000000e+01 4.076133793746198469e-02
8.100000000000000000e+01 3.959343098303218927e-02
8.200000000000000000e+01 3.947021806489478535e-02
8.300000000000000000e+01 3.743437369029324613e-02
8.400000000000000000e+01 3.378288528240598609e-02
8.500000000000000000e+01 3.369882626441759316e-02
8.600000000000000000e+01 3.141391603591821291e-02
8.700000000000000000e+01 3.100063006514219149e-02
8.800000000000000000e+01 2.989754249367216482e-02
8.900000000000000000e+01 2.956776827362866608e-02
9.000000000000000000e+01 2.951352191727654034e-02
9.100000000000000000e+01 2.677749156240390518e-02
9.200000000000000000e+01 2.615349772195134370e-02
9.300000000000000000e+01 2.578299501386879800e-02
9.400000000000000000e+01 2.455005120452896303e-02
9.500000000000000000e+01 2.163390808000700133e-02
9.600000000000000000e+01 1.804714308970917919e-02
9.700000000000000000e+01 1.773272372367654115e-02
9.800000000000000000e+01 1.759667227132947001e-02
9.900000000000000000e+01 1.743972559478170273e-02
1.000000000000000000e+02 1.711609241016966501e-02
1.010000000000000000e+02 1.552159726190044907e-02
1.020000000000000000e+02 1.522219818042459642e-02
1.030000000000000000e+02 1.411540643437931251e-02
1.040000000000000000e+02 1.310274282760203954e-02
1.050000000000000000e+02 1.307317091471575307e-02
1.060000000000000000e+02 1.305223959741005912e-02
1.070000000000000000e+02 1.274478795664736250e-02
1.080000000000000000e+02 1.216705222918806721e-02
1.090000000000000000e+02 1.205717282428711394e-02
1.100000000000000000e+02 1.171343062175857555e-02
1.110000000000000000e+02 1.165675949100982572e-02
1.120000000000000000e+02 1.126721268833594941e-02
1.130000000000000000e+02 9.965339112224049639e-03
1.140000000000000000e+02 9.913185442339505007e-03
1.150000000000000000e+02 9.276199619352646156e-03
1.160000000000000000e+02 7.762338315380395114e-03
1.170000000000000000e+02 7.602117037321699800e-03
1.180000000000000000e+02 7.550727683498409913e-03
1.190000000000000000e+02 7.316568725467422103e-03
1.200000000000000000e+02 6.843402376081648628e-03
1.210000000000000000e+02 6.634546892697765381e-03
1.220000000000000000e+02 6.626673359874758057e-03
1.230000000000000000e+02 6.610548928206329451e-03
1.240000000000000000e+02 6.370467864583589934e-03
1.250000000000000000e+02 6.326864974855990822e-03
1.260000000000000000e+02 5.901882732796855970e-03
1.270000000000000000e+02 5.431416214318044756e-03
1.280000000000000000e+02 5.326785352759420313e-03
1.290000000000000000e+02 5.160750541154835759e-03
1.300000000000000000e+02 4.578225950519037614e-03
1.310000000000000000e+02 4.561548806322464865e-03
1.320000000000000000e+02 4.456692860672161090e-03
1.330000000000000000e+02 4.236851737683336970e-03
1.340000000000000000e+02 4.091976314928959420e-03
1.350000000000000000e+02 3.738514352858526325e-03
1.360000000000000000e+02 3.672176248198314417e-03
1.370000000000000000e+02 3.596939964358884367e-03
1.380000000000000000e+02 3.471530261601434974e-03
1.390000000000000000e+02 3.423821401935543511e-03
1.400000000000000000e+02 3.388830520759491746e-03
1.410000000000000000e+02 3.336537253868122801e-03
1.420000000000000000e+02 3.121128088997469473e-03
1.430000000000000000e+02 2.609351642679980186e-03
1.440000000000000000e+02 2.574809359591315877e-03
1.450000000000000000e+02 2.542000289536221810e-03
1.460000000000000000e+02 2.346342080021030559e-03
1.470000000000000000e+02 2.333890375184855329e-03
1.480000000000000000e+02 2.300632159776236016e-03
1.490000000000000000e+02 2.277913153163022529e-03
1.500000000000000000e+02 2.158364918034007176e-03
1.510000000000000000e+02 2.109456153220504431e-03
1.520000000000000000e+02 2.029676716341130734e-03
1.530000000000000000e+02 1.889407084802654114e-03
1.540000000000000000e+02 1.726744075952208824e-03
1.550000000000000000e+02 1.596502467859231686e-03
1.560000000000000000e+02 1.487349255595307512e-03
1.570000000000000000e+02 1.477898653094096224e-03
1.580000000000000000e+02 1.472945916760842614e-03
1.590000000000000000e+02 1.447289716152786636e-03
1.600000000000000000e+02 1.418822080557098457e-03
1.610000000000000000e+02 1.249239731277319377e-03
1.620000000000000000e+02 1.149296123406963422e-03
1.630000000000000000e+02 1.073101102532877287e-03
1.640000000000000000e+02 9.602659372906037147e-04
1.650000000000000000e+02 9.447787537853263255e-04
1.660000000000000000e+02 9.414566116394421308e-04
1.670000000000000000e+02 9.238505624404838752e-04
1.680000000000000000e+02 8.811011884080980619e-04
1.690000000000000000e+02 8.324660375824683009e-04
1.700000000000000000e+02 8.286583056583290714e-04
1.710000000000000000e+02 8.126889064015477802e-04
1.720000000000000000e+02 8.032407721231030716e-04
1.730000000000000000e+02 7.865844418721919425e-04
1.740000000000000000e+02 7.646236607731893937e-04
1.750000000000000000e+02 7.436789129352944228e-04
1.760000000000000000e+02 6.864788481412144013e-04
1.770000000000000000e+02 6.358472865353597151e-04
1.780000000000000000e+02 5.733946653289399105e-04
1.790000000000000000e+02 5.550525143188460818e-04
1.800000000000000000e+02 4.851597309501266332e-04
1.810000000000000000e+02 4.692740314892968403e-04
1.820000000000000000e+02 4.394236295979204944e-04
1.830000000000000000e+02 4.336440596880562120e-04
1.840000000000000000e+02 4.173049104705526440e-04
1.850000000000000000e+02 3.956109463664746759e-04
1.860000000000000000e+02 3.666311489576281539e-04
1.870000000000000000e+02 3.491639679037756194e-04
1.880000000000000000e+02 3.414944370589688438e-04
1.890000000000000000e+02 3.251954527099733695e-04
1.900000000000000000e+02 3.223173741823525534e-04
1.910000000000000000e+02 3.216769978476804212e-04
1.920000000000000000e+02 3.119164720960943406e-04
1.930000000000000000e+02 2.878996555001995194e-04
1.940000000000000000e+02 2.707409430773440821e-04
1.950000000000000000e+02 2.701640036775882197e-04
1.960000000000000000e+02 2.357309599207043336e-04
1.970000000000000000e+02 2.347805937142995918e-04
1.980000000000000000e+02 2.190344612176294947e-04
1.990000000000000000e+02 2.177716784898684409e-04
2.000000000000000000e+02 2.022363323323308505e-04
2.010000000000000000e+02 1.929438023267736487e-04
2.020000000000000000e+02 1.814582894280824762e-04
2.030000000000000000e+02 1.743068961968442690e-04
2.040000000000000000e+02 1.678750426518532419e-04
2.050000000000000000e+02 1.635710609425250570e-04
2.060000000000000000e+02 1.627058951313035203e-04
2.070000000000000000e+02 1.601211049200842518e-04
2.080000000000000000e+02 1.485789720089831351e-04
2.090000000000000000e+02 1.451342525152653944e-04
2.100000000000000000e+02 1.408307864909392343e-04
2.110000000000000000e+02 1.397394027575617561e-04
2.120000000000000000e+02 1.378460044870905303e-04
2.130000000000000000e+02 1.276284081311495819e-04
2.140000000000000000e+02 1.253382327203185324e-04
2.150000000000000000e+02 1.233435492001918221e-04
2.160000000000000000e+02 1.198832926521159643e-04
2.170000000000000000e+02 1.062624500294682061e-04
2.180000000000000000e+02 1.060829996011032850e-04
2.190000000000000000e+02 1.060458800457875510e-04
2.200000000000000000e+02 1.033297658416810328e-04
2.210000000000000000e+02 1.027875324258931182e-04
2.220000000000000000e+02 1.026042863170528800e-04
2.230000000000000000e+02 1.017100405245618559e-04
2.240000000000000000e+02 1.007324014410069932e-04
2.250000000000000000e+02 8.432092310464032656e-05
2.260000000000000000e+02 8.048890538454151443e-05
2.270000000000000000e+02 7.897647809053785924e-05
2.280000000000000000e+02 7.382616298517112987e-05
2.290000000000000000e+02 6.768059236400091169e-05
2.300000000000000000e+02 6.742227297461043749e-05
2.310000000000000000e+02 6.703681757368598409e-05
2.320000000000000000e+02 6.597984688503068999e-05
2.330000000000000000e+02 6.167283241566827055e-05
2.340000000000000000e+02 5.203030946880438459e-05
2.350000000000000000e+02 5.072021644107688941e-05
2.360000000000000000e+02 4.984315205320545247e-05
2.370000000000000000e+02 4.559742064535764113e-05
2.380000000000000000e+02 4.413696571675044237e-05
2.390000000000000000e+02 4.353766810588907346e-05
2.400000000000000000e+02 4.150683952927799043e-05
2.410000000000000000e+02 3.673757545553335378e-05
2.420000000000000000e+02 3.571969488331299449e-05
2.430000000000000000e+02 3.564045271770384442e-05
2.440000000000000000e+02 3.427910394174277415e-05
2.450000000000000000e+02 3.223991135476869061e-05
2.460000000000000000e+02 2.948621649912326753e-05
2.470000000000000000e+02 2.906472377205620233e-05
2.480000000000000000e+02 2.845155792130605395e-05
2.490000000000000000e+02 2.819535475792910489e-05
2.500000000000000000e+02 2.754766812524998230e-05
2.510000000000000000e+02 2.726810981075779769e-05
2.520000000000000000e+02 2.613027287261380602e-05
2.530000000000000000e+02 2.435828935161431680e-05
2.540000000000000000e+02 2.412368451683931489e-05
2.550000000000000000e+02 2.301814879456506042e-05
2.560000000000000000e+02 2.212292213620757836e-05
2.570000000000000000e+02 2.199192267226475662e-05
2.580000000000000000e+02 2.049864455358989986e-05
2.590000000000000000e+02 1.791999644568414266e-05
2.600000000000000000e+02 1.787928745380090457e-05
2.610000000000000000e+02 1.782467376155847148e-05
2.620000000000000000e+02 1.589045355877203076e-05
2.630000000000000000e+02 1.586943207655616431e-05
2.640000000000000000e+02 1.389546940401939934e-05
2.650000000000000000e+02 1.333236831527294448e-05
2.660000000000000000e+02 1.328413075937968833e-05
2.670000000000000000e+02 1.320365827241679414e-05
2.680000000000000000e+02 1.304753611040977922e-05
2.690000000000000000e+02 1.158263451104264070e-05
2.700000000000000000e+02 1.151999355005020145e-05
2.710000000000000000e+02 1.077020130049640353e-05
2.720000000000000000e+02 1.072128448310991850e-05
2.730000000000000000e+02 1.067688294772071607e-05
2.740000000000000000e+02 1.063231571744707499e-05
2.750000000000000000e+02 8.964758363962899395e-06
2.760000000000000000e+02 7.862368512601819042e-06
2.770000000000000000e+02 7.647806416204037795e-06
2.780000000000000000e+02 7.609001970721466732e-06
2.790000000000000000e+02 7.325685402140390838e-06
2.800000000000000000e+02 7.272421613293287251e-06
2.810000000000000000e+02 7.144333506852209731e-06
2.820000000000000000e+02 6.909608410584930142e-06
2.830000000000000000e+02 5.561126938690664833e-06
2.840000000000000000e+02 5.502202040324425700e-06
2.850000000000000000e+02 5.382339439857108123e-06
2.860000000000000000e+02 5.300526507674881996e-06
2.870000000000000000e+02 5.277706030009015343e-06
2.880000000000000000e+02 5.221364453804270711e-06
2.890000000000000000e+02 4.761272451842656078e-06
2.900000000000000000e+02 4.732403986929680127e-06
2.910000000000000000e+02 4.692654882552306567e-06
2.920000000000000000e+02 4.648589116517999359e-06
2.930000000000000000e+02 4.530466892668424024e-06
2.940000000000000000e+02 4.316929637872880109e-06
2.950000000000000000e+02 4.291997926470891072e-06
2.960000000000000000e+02 3.824988517247433962e-06
2.970000000000000000e+02 3.560089774977959232e-06
2.980000000000000000e+02 3.270057844189563229e-06
2.990000000000000000e+02 3.258461424654801838e-06
3.000000000000000000e+02 3.170854008115326105e-06
3.010000000000000000e+02 3.142120216893316962e-06
3.020000000000000000e+02 3.027172601211048879e-06
3.030000000000000000e+02 2.600370453806139877e-06
3.040000000000000000e+02 2.576349034262165592e-06
3.050000000000000000e+02 2.517657532155078340e-06
3.060000000000000000e+02 2.475176942688235059e-06
3.070000000000000000e+02 2.405888203589424604e-06
3.080000000000000000e+02 1.977381376640716160e-06
3.090000000000000000e+02 1.838758704469386900e-06
3.100000000000000000e+02 1.836783770763004663e-06
3.110000000000000000e+02 1.711889244867659492e-06
3.120000000000000000e+02 1.679860934878446179e-06
3.130000000000000000e+02 1.661569923550273002e-06
3.140000000000000000e+02 1.593385632503791732e-06
3.150000000000000000e+02 1.499471235324306839e-06
3.160000000000000000e+02 1.463662746065112296e-06
3.170000000000000000e+02 1.337362220028627237e-06
3.180000000000000000e+02 1.316612101983687929e-06
3.190000000000000000e+02 1.316572004385568663e-06
3.200000000000000000e+02 1.232314280356179647e-06
3.210000000000000000e+02 1.220615246592561850e-06
3.220000000000000000e+02 1.169419583184328314e-06
3.230000000000000000e+02 1.143795751161717757e-06
3.240000000000000000e+02 1.057082621247253541e-06
3.250000000000000000e+02 9.972818955232861940e-07
3.260000000000000000e+02 9.694632944269154429e-07
3.270000000000000000e+02 9.598863387428901457e-07
3.280000000000000000e+02 9.072947628675832729e-07
3.290000000000000000e+02 9.060154419248131127e-07
3.300000000000000000e+02 9.052514328004816472e-07
3.310000000000000000e+02 8.132672514323911651e-07
3.320000000000000000e+02 7.438792866394341901e-07
3.330000000000000000e+02 6.928970800533640944e-07
3.340000000000000000e+02 6.881791630121484046e-07
3.350000000000000000e+02 6.622019955982501834e-07
3.360000000000000000e+02 6.337998683789761148e-07
3.370000000000000000e+02 6.210940172722765951e-07
3.380000000000000000e+02 6.073927742666717456e-07
3.390000000000000000e+02 5.933094932284063757e-07
3.400000000000000000e+02 5.468311791595878057e-07
3.410000000000000000e+02 5.345113170032652056e-07
3.420000000000000000e+02 5.304499510505565076e-07
3.430000000000000000e+02 5.263448508561507319e-07
3.440000000000000000e+02 4.685248729961396581e-07
3.450000000000000000e+02 4.507899635469683494e-07
3.460000000000000000e+02 4.462240516394425483e-07
3.470000000000000000e+02 3.892433560089180471e-07
3.480000000000000000e+02 3.677964468096377892e-07
3.490000000000000000e+02 3.634089042508459926e-07
3.500000000000000000e+02 3.628161139934780062e-07
3.510000000000000000e+02 3.617884809340148178e-07
3.520000000000000000e+02 3.546226281598060921e-07
3.530000000000000000e+02 3.316090469376658132e-07
3.540000000000000000e+02 3.136756365980799442e-07
3.550000000000000000e+02 3.099693431017047957e-07
3.560000000000000000e+02 3.000656189463405713e-07
3.570000000000000000e+02 2.967739856550574623e-07
3.580000000000000000e+02 2.937093520102765539e-07
3.590000000000000000e+02 2.611564924084064356e-07
3.600000000000000000e+02 2.349756161822403918e-07
3.610000000000000000e+02 2.043759903665468838e-07
3.620000000000000000e+02 2.042647748237886265e-07
3.630000000000000000e+02 1.866175477700876092e-07
3.640000000000000000e+02 1.751482313798052774e-07
3.650000000000000000e+02 1.745013235345984281e-07
3.660000000000000000e+02 1.675410340277680384e-07
3.670000000000000000e+02 1.550163701154446172e-07
3.680000000000000000e+02 1.511785930354191452e-07
3.690000000000000000e+02 1.490672024470825835e-07
3.700000000000000000e+02 1.482842628675556328e-07
3.710000000000000000e+02 1.441052524265212634e-07
3.720000000000000000e+02 1.420308613546807349e-07
3.730000000000000000e+02 1.315375753915017681e-07
3.740000000000000000e+02 1.290576979841504316e-07
3.750000000000000000e+02 1.192836389816812568e-07
3.760000000000000000e+02 1.187403934560498306e-07
3.770000000000000000e+02 1.155351225020529328e-07
3.780000000000000000e+02 9.977391484457289522e-08
3.790000000000000000e+02 9.273136171319796726e-08
3.800000000000000000e+02 8.706930114720498603e-08
3.810000000000000000e+02 8.228184388851300577e-08
3.820000000000000000e+02 8.178367698455326158e-08
3.830000000000000000e+02 7.958133997366678351e-08
3.840000000000000000e+02 7.611966583163032653e-08
3.850000000000000000e+02 7.449023727978300291e-08
3.860000000000000000e+02 7.244273792950090329e-08
3.870000000000000000e+02 7.077406339026206523e-08
3.880000000000000000e+02 6.786270262091453197e-08
3.890000000000000000e+02 6.655626529407271232e-08
3.900000000000000000e+02 6.504389832330661014e-08
3.910000000000000000e+02 6.432066879042937243e-08
3.920000000000000000e+02 6.311717985322524395e-08
3.930000000000000000e+02 6.171238944292468371e-08
3.940000000000000000e+02 6.103431051750658665e-08
3.950000000000000000e+02 6.075886282725500322e-08
3.960000000000000000e+02 5.566161570124027195e-08
3.970000000000000000e+02 5.546422654479374322e-08
3.980000000000000000e+02 5.524621514344832136e-08
3.990000000000000000e+02 4.089233966891682625e-08
4.000000000000000000e+02 3.960048413231377857e-08
4.010000000000000000e+02 3.596676658672142392e-08
4.020000000000000000e+02 3.334296900840281456e-08
4.030000000000000000e+02 3.312067510077924045e-08
4.040000000000000000e+02 3.178219095050784270e-08
4.050000000000000000e+02 2.860274319437026397e-08
4.060000000000000000e+02 2.810094825705733179e-08
4.070000000000000000e+02 2.811078282378972399e-08
4.080000000000000000e+02 2.808421166507427546e-08
4.090000000000000000e+02 2.671755491502908110e-08
4.100000000000000000e+02 2.593717228112846948e-08
4.110000000000000000e+02 2.575478675721969395e-08
4.120000000000000000e+02 2.216323334930202709e-08
4.130000000000000000e+02 2.193322342025082433e-08
4.140000000000000000e+02 2.155906392203803394e-08
4.150000000000000000e+02 2.071472816901663651e-08
4.160000000000000000e+02 1.911975168837831794e-08
4.170000000000000000e+02 1.733121932118862536e-08
4.180000000000000000e+02 1.713356091060175595e-08
4.190000000000000000e+02 1.698397310672220710e-08
4.200000000000000000e+02 1.677575216378677846e-08
4.210000000000000000e+02 1.664685628604256690e-08
4.220000000000000000e+02 1.534067340728280580e-08
4.230000000000000000e+02 1.474222899273550213e-08
4.240000000000000000e+02 1.451596593798088271e-08
4.250000000000000000e+02 1.425388245935991213e-08
4.260000000000000000e+02 1.416769063226341434e-08
4.270000000000000000e+02 1.384527386221484509e-08
4.280000000000000000e+02 1.311596071582442056e-08
4.290000000000000000e+02 1.307565981665504656e-08
4.300000000000000000e+02 1.111842615189859628e-08
4.310000000000000000e+02 1.067554370917853594e-08
4.320000000000000000e+02 1.046779847268816058e-08
4.330000000000000000e+02 1.041833708064664312e-08
4.340000000000000000e+02 9.907004236094820440e-09
4.350000000000000000e+02 9.610957890000113302e-09
4.360000000000000000e+02 9.109733392686495418e-09
4.370000000000000000e+02 9.031674542066443640e-09
4.380000000000000000e+02 8.901163748568856623e-09
4.390000000000000000e+02 8.775309443568412032e-09
4.400000000000000000e+02 7.723999219900157277e-09
4.410000000000000000e+02 6.312707694880256072e-09
4.420000000000000000e+02 5.386241398528485638e-09
4.430000000000000000e+02 5.281712154293176377e-09
4.440000000000000000e+02 5.115196286221628068e-09
4.450000000000000000e+02 5.024854740191014713e-09
4.460000000000000000e+02 4.943683291763968868e-09
4.470000000000000000e+02 4.806632282828497161e-09
4.480000000000000000e+02 4.794673401989540802e-09
4.490000000000000000e+02 4.593892521422326932e-09
4.500000000000000000e+02 4.494739531143816155e-09
4.510000000000000000e+02 4.277505069557497464e-09
4.520000000000000000e+02 4.270387203130788985e-09
4.530000000000000000e+02 4.179386889030815617e-09
4.540000000000000000e+02 4.098119957078391187e-09
4.550000000000000000e+02 3.827784422485875471e-09
4.560000000000000000e+02 3.594502893868176334e-09
4.570000000000000000e+02 3.485595408396654792e-09
4.580000000000000000e+02 3.475688647796276700e-09
4.590000000000000000e+02 3.426595521612241638e-09
4.600000000000000000e+02 3.405287088237698319e-09
4.610000000000000000e+02 3.372129844776269202e-09
4.620000000000000000e+02 3.348998290254744278e-09
4.630000000000000000e+02 2.977184340969876040e-09
4.640000000000000000e+02 2.950643093747642237e-09
4.650000000000000000e+02 2.740013335374605284e-09
4.660000000000000000e+02 2.642542754491506668e-09
4.670000000000000000e+02 2.584749721178966244e-09
4.680000000000000000e+02 2.580625026101281877e-09
4.690000000000000000e+02 2.479252853733806611e-09
4.700000000000000000e+02 2.451141807091850798e-09
4.710000000000000000e+02 2.403308249797303431e-09
4.720000000000000000e+02 2.076913341418105627e-09
4.730000000000000000e+02 2.058313272596152661e-09
4.740000000000000000e+02 1.920067442990097585e-09
4.750000000000000000e+02 1.810817414361802572e-09
4.760000000000000000e+02 1.786079172411053355e-09
4.770000000000000000e+02 1.777546033436505543e-09
4.780000000000000000e+02 1.647211817783415055e-09
4.790000000000000000e+02 1.625739129511769531e-09
4.800000000000000000e+02 1.514833257849574089e-09
4.810000000000000000e+02 1.463966048705427852e-09
4.820000000000000000e+02 1.438530125197055549e-09
4.830000000000000000e+02 1.418602435516164045e-09
4.840000000000000000e+02 1.410982117449033468e-09
4.850000000000000000e+02 1.322432230862669928e-09
4.860000000000000000e+02 1.296637523743109211e-09
4.870000000000000000e+02 1.281708187982783296e-09
4.880000000000000000e+02 1.152909559275486364e-09
4.890000000000000000e+02 1.153616094133842088e-09
4.900000000000000000e+02 1.002214341999049345e-09
4.910000000000000000e+02 9.689353661328117483e-10
4.920000000000000000e+02 8.675799600791655730e-10
4.930000000000000000e+02 8.032554295680458565e-10
4.940000000000000000e+02 7.936760278463852198e-10
4.950000000000000000e+02 7.897383708684671428e-10
4.960000000000000000e+02 7.282934180627368109e-10
4.970000000000000000e+02 7.246372624722279775e-10
4.980000000000000000e+02 6.677587711463143154e-10
4.990000000000000000e+02 6.495106720138160245e-10
5.000000000000000000e+02 6.303051689824987344e-10
5.010000000000000000e+02 6.186033878766196326e-10
5.020000000000000000e+02 5.740470183289233770e-10
5.030000000000000000e+02 5.608083915191297202e-10
5.040000000000000000e+02 5.500480418537919207e-10
5.050000000000000000e+02 5.123434740903820322e-10
5.060000000000000000e+02 5.113091302544852351e-10
5.070000000000000000e+02 5.095149463087938434e-10
5.080000000000000000e+02 5.081338223003332830e-10
5.090000000000000000e+02 4.640845443093032531e-10
5.100000000000000000e+02 4.144433581878319395e-10
5.110000000000000000e+02 4.131707532134654293e-10
5.120000000000000000e+02 4.106492421533030247e-10
5.130000000000000000e+02 3.793422890921039523e-10
5.140000000000000000e+02 3.447076815844388171e-10
5.150000000000000000e+02 3.400765591289941258e-10
5.160000000000000000e+02 2.752808762711258359e-10
5.170000000000000000e+02 2.620700255645820597e-10
5.180000000000000000e+02 2.408561249282390719e-10
5.190000000000000000e+02 2.376764297792546729e-10
5.200000000000000000e+02 2.324815179176938670e-10
5.210000000000000000e+02 2.272685758158890985e-10
5.220000000000000000e+02 2.036529822908919872e-10
5.230000000000000000e+02 2.024019436209400944e-10
5.240000000000000000e+02 2.011360290433639531e-10
5.250000000000000000e+02 1.895231997926041014e-10
5.260000000000000000e+02 1.813521070381755556e-10
5.270000000000000000e+02 1.693720005687142234e-10
5.280000000000000000e+02 1.603016131195458988e-10
5.290000000000000000e+02 1.527742063827026238e-10
5.300000000000000000e+02 1.478477819348713249e-10
5.310000000000000000e+02 1.456815911826677701e-10
5.320000000000000000e+02 1.444231283336513910e-10
5.330000000000000000e+02 1.389167436063176607e-10
5.340000000000000000e+02 1.368355590061057994e-10
5.350000000000000000e+02 1.342371441676075742e-10
5.360000000000000000e+02 1.297428054001272630e-10
5.370000000000000000e+02 1.274923579790955383e-10
5.380000000000000000e+02 1.057391109262519745e-10
5.390000000000000000e+02 1.027174117187226487e-10
5.400000000000000000e+02 1.001275479085197186e-10
5.410000000000000000e+02 9.703953484411746930e-11
5.420000000000000000e+02 9.488337884214614312e-11
5.430000000000000000e+02 9.398330213452145028e-11
5.440000000000000000e+02 9.323578820806460815e-11
5.450000000000000000e+02 8.099913166660181151e-11
5.460000000000000000e+02 7.407157076777620792e-11
5.470000000000000000e+02 6.941628062663487593e-11
5.480000000000000000e+02 6.628298821419067342e-11
5.490000000000000000e+02 6.586584985950282658e-11
5.500000000000000000e+02 5.862410024529051213e-11
5.510000000000000000e+02 5.836395629632485464e-11
5.520000000000000000e+02 5.824943210256053529e-11
5.530000000000000000e+02 5.666099822367035723e-11
5.540000000000000000e+02 5.610080224700847052e-11
5.550000000000000000e+02 5.480114923469729778e-11
5.560000000000000000e+02 5.424654921227104835e-11
5.570000000000000000e+02 5.022635210261076452e-11
5.580000000000000000e+02 5.007363164949283075e-11
5.590000000000000000e+02 4.789556224247855617e-11
5.600000000000000000e+02 4.497820763138801001e-11
5.610000000000000000e+02 4.451920198903099369e-11
5.620000000000000000e+02 4.186352541632382536e-11
5.630000000000000000e+02 4.162285606478193722e-11
5.640000000000000000e+02 3.706256447770961802e-11
5.650000000000000000e+02 3.415338520662434890e-11
5.660000000000000000e+02 3.340239911037387988e-11
5.670000000000000000e+02 3.325448991016124694e-11
5.680000000000000000e+02 3.243137724605260033e-11
5.690000000000000000e+02 3.234363813258392853e-11
5.700000000000000000e+02 3.203422624038441308e-11
5.710000000000000000e+02 3.169398549218821551e-11
5.720000000000000000e+02 2.837395843351956075e-11
5.730000000000000000e+02 2.308026988409831555e-11
5.740000000000000000e+02 2.293580104119546843e-11
5.750000000000000000e+02 2.282975823096203880e-11
5.760000000000000000e+02 2.233769684059412989e-11
5.770000000000000000e+02 2.226794878082696431e-11
5.780000000000000000e+02 1.958353316779623276e-11
5.790000000000000000e+02 1.888470586071146653e-11
5.800000000000000000e+02 1.849095268559671721e-11
5.810000000000000000e+02 1.841609230114911770e-11
5.820000000000000000e+02 1.546801881980332695e-11
5.830000000000000000e+02 1.406926792912548202e-11
5.840000000000000000e+02 1.351379250298065703e-11
5.850000000000000000e+02 1.262924849215661534e-11
5.860000000000000000e+02 1.242384790745321783e-11
5.870000000000000000e+02 1.229004806660239762e-11
5.880000000000000000e+02 1.225690550162370581e-11
5.890000000000000000e+02 1.146745340294262265e-11
5.900000000000000000e+02 9.086644332021020400e-12
5.910000000000000000e+02 9.042934528637123157e-12
5.920000000000000000e+02 8.962980668592059420e-12
5.930000000000000000e+02 8.866040962313008112e-12
5.940000000000000000e+02 8.784614606369609691e-12
5.950000000000000000e+02 7.781441158536750570e-12
5.960000000000000000e+02 7.561465959297943643e-12
5.970000000000000000e+02 6.542856948864474595e-12
5.980000000000000000e+02 6.457736365289755703e-12
5.990000000000000000e+02 6.426450775691290740e-12
6.000000000000000000e+02 5.764965834854758636e-12
6.010000000000000000e+02 5.727834635312940207e-12
6.020000000000000000e+02 5.704018045243352665e-12
6.030000000000000000e+02 5.391116705758795344e-12
6.040000000000000000e+02 5.317760968709820454e-12
6.050000000000000000e+02 5.039816657699130884e-12
6.060000000000000000e+02 4.706717047326851018e-12
6.070000000000000000e+02 4.668524967740498990e-12
6.080000000000000000e+02 4.413377706902508593e-12
6.090000000000000000e+02 4.203013583090674902e-12
6.100000000000000000e+02 4.174683683267542026e-12
6.110000000000000000e+02 4.148257474666585319e-12
6.120000000000000000e+02 3.985960452699545095e-12
6.130000000000000000e+02 3.869898653748805081e-12
6.140000000000000000e+02 3.790687492998251397e-12
6.150000000000000000e+02 3.731647906404641537e-12
6.160000000000000000e+02 3.730198270544176164e-12
6.170000000000000000e+02 3.686350469747229243e-12
6.180000000000000000e+02 3.638498777704698037e-12
6.190000000000000000e+02 3.324676457112053162e-12
6.200000000000000000e+02 3.198948045247360585e-12
6.210000000000000000e+02 3.001994041926647075e-12
6.220000000000000000e+02 2.917229712970284001e-12
6.230000000000000000e+02 2.770607554666172531e-12
6.240000000000000000e+02 2.718041683737769885e-12
6.250000000000000000e+02 2.598610340488195379e-12
6.260000000000000000e+02 2.568872693329188704e-12
6.270000000000000000e+02 2.446688290905680063e-12
6.280000000000000000e+02 2.397299438594576815e-12
6.290000000000000000e+02 2.269810750922416674e-12
6.300000000000000000e+02 2.223542039600716850e-12
6.310000000000000000e+02 2.052679681869574951e-12
6.320000000000000000e+02 1.997036837262970277e-12
6.330000000000000000e+02 1.884030664145221828e-12
6.340000000000000000e+02 1.874713029690504566e-12
6.350000000000000000e+02 1.801647734231877869e-12
6.360000000000000000e+02 1.732350035136032522e-12
6.370000000000000000e+02 1.716438701533470234e-12
6.380000000000000000e+02 1.697131074564818860e-12
6.390000000000000000e+02 1.620061879268577236e-12
6.400000000000000000e+02 1.305169812028344153e-12
6.410000000000000000e+02 1.198982535974349024e-12
6.420000000000000000e+02 1.199383442048583844e-12
6.430000000000000000e+02 1.199136723338745676e-12
6.440000000000000000e+02 1.148999163345147125e-12
6.450000000000000000e+02 1.095607647382032401e-12
6.460000000000000000e+02 9.251323890160787622e-13
6.470000000000000000e+02 8.911520674384971387e-13
6.480000000000000000e+02 7.908224854483370997e-13
6.490000000000000000e+02 7.686377460293987217e-13
6.500000000000000000e+02 7.679383185221432413e-13
6.510000000000000000e+02 7.353951882134577433e-13
6.520000000000000000e+02 6.849194228124786073e-13
6.530000000000000000e+02 6.817201538640787432e-13
6.540000000000000000e+02 6.641538486107327466e-13
6.550000000000000000e+02 6.055803293974646167e-13
6.560000000000000000e+02 5.562598904302248475e-13
6.570000000000000000e+02 5.513279606869041781e-13
6.580000000000000000e+02 5.319213422676508293e-13
6.590000000000000000e+02 4.942168051152183246e-13
6.600000000000000000e+02 4.865247605276990561e-13
6.610000000000000000e+02 4.858421533236845106e-13
6.620000000000000000e+02 4.810315298772536832e-13
6.630000000000000000e+02 4.749235490518813707e-13
6.640000000000000000e+02 4.701427347022490054e-13
6.650000000000000000e+02 4.652801068400818646e-13
6.660000000000000000e+02 4.623049847793399680e-13
6.670000000000000000e+02 4.451390782516299543e-13
6.680000000000000000e+02 4.378826339920873248e-13
6.690000000000000000e+02 4.003120631777854698e-13
6.700000000000000000e+02 3.902547124120099975e-13
6.710000000000000000e+02 3.849828172910941753e-13
6.720000000000000000e+02 3.230917804615333565e-13
6.730000000000000000e+02 3.221731393967222397e-13
6.740000000000000000e+02 3.153209534376143012e-13
6.750000000000000000e+02 3.121435181934900924e-13
6.760000000000000000e+02 2.678910110150280487e-13
