2.432986782924780869e+02 4.448484867656701454e+02
2.440061196553667173e+02 4.328219835965629159e+02
1.647726870118366946e+02 4.144285081614577280e+02
1.760917488180552368e+02 4.144285081614577280e+02
6.904016196381119244e+02 9.064607226254793204e+00
1.697247765520573353e+02 3.917903845490205867e+02
1.718471006407233403e+02 3.854234122830226283e+02
1.810438383582758775e+02 3.840085295572453106e+02
2.341019405749254361e+02 4.137210667985690407e+02
6.840346473721140228e+02 1.472413812936406430e+01
2.326870578491481751e+02 3.960350327263525401e+02
2.744260982595791916e+02 4.526303417574454215e+02
2.892823668802411134e+02 4.427261626770041971e+02
3.097981664040121927e+02 4.533377831203341088e+02
3.161651386700102080e+02 4.186731563387896813e+02
2.468358851069213529e+02 3.840085295572453106e+02
3.083832836782349318e+02 3.833010881943566233e+02
6.861569714607799142e+02 1.118693131492079829e+01
1.859959278984965181e+02 3.783489986541359826e+02
1.520387424798407778e+02 3.465141373241462475e+02
1.520387424798407778e+02 3.465141373241462475e+02
2.093414928738223466e+02 3.755192332025813471e+02
2.157084651398202482e+02 3.733969091139153988e+02
2.291498510347049091e+02 3.620778473076967998e+02
6.861569714607799142e+02 9.064607226254793204e+00
6.847420887350026533e+02 1.543157949225269476e+01
1.555759492942841007e+02 3.054825382766038615e+02
1.930703415273831638e+02 3.090197450910471844e+02
2.815005118884658373e+02 3.755192332025813471e+02
2.765484223482451966e+02 3.500513441385895703e+02
3.366809381937814010e+02 3.613704059448081125e+02
2.468358851069213529e+02 3.153867173570451428e+02
3.423404690968906721e+02 3.443918132354802424e+02
3.522446481773319533e+02 4.589973140234433799e+02
3.621488272577732346e+02 4.427261626770041971e+02
3.770050958784350428e+02 4.321145422336742854e+02
3.614413858948844904e+02 4.087689772583484569e+02
4.173292535630887983e+02 4.243326872418990092e+02
4.491641148930785334e+02 4.002796809036844934e+02
5.036370998355054667e+02 4.398963972254495616e+02
4.626055007879630807e+02 4.144285081614577280e+02
5.206156925448333368e+02 4.052317704439051340e+02
5.333496370768291399e+02 4.151359495243464153e+02
5.368868438912725196e+02 3.981573568150185451e+02
3.826646267815443139e+02 3.811787641056906182e+02
4.229887844661980694e+02 3.804713227428019877e+02
4.463343494415238979e+02 3.528811095901442059e+02
3.642711513464391260e+02 3.189239241714884656e+02
4.215739017404206948e+02 3.274132205261523723e+02
5.227380166334992282e+02 3.797638813799133004e+02
5.411314920686045298e+02 3.917903845490205867e+02
5.559877606892664517e+02 3.833010881943566233e+02
5.602324088665984618e+02 3.748117918396927166e+02
5.892375047450334478e+02 3.585406404932534770e+02
5.071743066499487327e+02 3.330727514292617002e+02
5.842854152048128071e+02 3.521736682272555186e+02
5.602324088665984618e+02 3.330727514292617002e+02
6.776676751061161212e+02 1.826134494380733031e+01
6.797899991947820126e+02 1.826134494380733031e+01
1.272782947787376315e+02 2.729402355837254390e+02
1.824587210840532521e+02 2.927485937446080015e+02
2.036819619707130755e+02 2.722327942208368086e+02
1.485015356653974550e+02 2.290788710846284744e+02
1.937777828902717943e+02 2.439351397052903394e+02
2.730112155338018169e+02 3.012378900992719082e+02
2.963567805091276455e+02 2.962858005590512676e+02
2.213679960429296329e+02 2.495946706083996105e+02
2.567400641873626341e+02 2.368607260764037505e+02
3.062609595895689267e+02 2.333235192619604277e+02
1.343527084076242204e+02 2.184672506412985626e+02
1.683098938262799606e+02 2.220044574557418287e+02
1.739694247293892317e+02 2.057333061093026458e+02
2.100489342367109771e+02 1.958291270288613646e+02
1.796289556324986165e+02 1.717761206906468487e+02
1.951926656160490552e+02 1.611645002473169370e+02
2.638144778162492798e+02 2.234193401815191464e+02
2.899898082431297439e+02 2.262491056330738388e+02
2.178307892284862533e+02 1.915844788515294113e+02
2.185382305913748837e+02 1.922919202144180986e+02
