k reg psf1 psf5 psf25 
0 7020.178669 3.589223 3.110485 2.573911
1 6664.622537 3.227256 2.831702 2.188679
2 6451.111559 3.192633 2.552033 2.161656
3 5698.917843 3.102840 2.406037 2.013678
4 4498.001913 2.940969 2.404911 2.003033
5 4067.869914 2.906120 2.347136 1.984675
6 3642.220242 2.878585 2.333954 1.939350
7 3607.178499 2.872472 2.318294 1.914658
8 3397.537515 2.753002 2.276810 1.914453
9 3114.924778 2.729467 2.265868 1.910769
10 3062.919701 2.673226 2.233783 1.909672
11 2935.225150 2.623926 2.160426 1.883898
12 2901.416613 2.620927 2.137821 1.860728
13 2601.561134 2.570916 2.109494 1.855861
14 2416.157141 2.559936 2.099452 1.837536
15 2387.854428 2.433398 2.079918 1.831242
16 2221.326446 2.422407 2.075807 1.829798
17 2137.742906 2.410943 2.034278 1.826186
18 1984.149546 2.405390 2.033332 1.810108
19 1878.741881 2.364984 2.008538 1.809439
20 1796.474847 2.348634 2.000407 1.791381
21 1733.238537 2.309614 1.994787 1.783790
22 1671.777113 2.304586 1.981445 1.773888
23 1615.422696 2.298896 1.979552 1.768898
24 1538.045668 2.279334 1.977393 1.767181
25 1497.496216 2.258217 1.972601 1.760740
26 1453.036703 2.230859 1.960163 1.752286
27 1386.625401 2.221052 1.956813 1.752084
28 1352.363909 2.195247 1.928771 1.749833
29 1332.258831 2.182038 1.922387 1.745396
30 1244.636679 2.152940 1.921396 1.741756
31 1199.592640 2.115811 1.917674 1.734435
32 1155.932030 2.113277 1.896243 1.733349
33 1098.276461 2.085825 1.893304 1.724826
34 1091.515595 2.054051 1.884206 1.722541
35 1052.944114 2.053159 1.881966 1.719933
36 1000.457990 2.050010 1.877547 1.707656
37 988.353162 2.043688 1.875079 1.703731
38 947.584414 2.040784 1.871328 1.697708
39 890.229655 2.033645 1.864608 1.691171
40 881.876351 2.031005 1.855492 1.685740
41 856.486072 2.019245 1.846838 1.684238
42 844.520126 2.013668 1.843723 1.675011
43 814.331493 2.005875 1.836938 1.673567
44 787.036319 1.995702 1.824968 1.669885
45 764.028949 1.984057 1.824943 1.669454
46 743.452674 1.982699 1.821708 1.668478
47 739.825100 1.981303 1.820332 1.664737
48 721.252289 1.975583 1.810078 1.662369
49 705.186963 1.973861 1.808065 1.660766
50 677.520522 1.967835 1.806692 1.659635
51 667.312060 1.947289 1.805359 1.654466
52 651.373723 1.943309 1.798768 1.653627
53 625.331937 1.938814 1.797627 1.652270
54 607.532916 1.936193 1.786464 1.650969
55 588.509029 1.932568 1.786147 1.648314
56 577.749181 1.930268 1.780908 1.641385
57 562.141420 1.920383 1.780506 1.638014
58 547.789349 1.907469 1.772138 1.634707
59 534.736577 1.904923 1.771657 1.631097
60 526.304918 1.901664 1.771252 1.629396
61 521.947709 1.901184 1.761919 1.624959
62 503.243578 1.897552 1.760641 1.620610
63 494.428624 1.889008 1.759462 1.618285
64 480.046313 1.885712 1.759276 1.614416
65 474.179356 1.880742 1.758887 1.612954
66 463.527322 1.871906 1.758070 1.611809
67 449.588103 1.865240 1.755534 1.608496
68 442.325149 1.862387 1.750221 1.605505
69 431.416886 1.854990 1.747815 1.604340
70 426.560218 1.853852 1.742149 1.592524
71 410.182778 1.847511 1.740020 1.592104
72 404.374938 1.844654 1.736032 1.588911
73 399.941329 1.838777 1.729751 1.586068
74 393.886555 1.834897 1.729003 1.584225
75 383.258786 1.827207 1.728654 1.583004
76 379.013440 1.826143 1.725773 1.579095
77 378.119230 1.824077 1.724078 1.579064
78 360.697742 1.812717 1.722687 1.571306
79 355.146971 1.809970 1.717893 1.570646
80 348.831526 1.801567 1.712365 1.567035
81 336.331465 1.791453 1.705029 1.566720
82 333.896151 1.788282 1.704498 1.563515
83 327.578906 1.783465 1.696715 1.560214
84 322.759181 1.782231 1.693442 1.557320
85 319.170677 1.781932 1.690261 1.552551
86 315.701424 1.778348 1.686314 1.551881
87 305.598929 1.773437 1.682135 1.547240
88 300.263724 1.769504 1.676971 1.544990
89 293.804208 1.768065 1.675458 1.541883
90 286.764579 1.766814 1.670541 1.541500
91 278.950285 1.762104 1.669241 1.538777
92 275.714343 1.758370 1.667137 1.536748
93 271.503401 1.754943 1.663906 1.533100
94 266.918305 1.749506 1.663808 1.532695
95 265.374404 1.748389 1.661717 1.531711
96 259.381344 1.747775 1.657612 1.530113
97 255.854861 1.745146 1.657435 1.528474
98 251.065393 1.742669 1.653875 1.526454
99 246.336254 1.738646 1.653167 1.520252
100 241.573442 1.736532 1.649181 1.515215
101 241.232803 1.733012 1.648397 1.514758
102 232.586344 1.727402 1.647707 1.513403
103 231.242758 1.727226 1.646478 1.511221
104 225.262447 1.723918 1.641907 1.508690
105 223.815077 1.722755 1.636316 1.506221
106 222.689849 1.717828 1.630742 1.502255
107 217.935967 1.714823 1.628147 1.500211
108 207.915615 1.709672 1.627160 1.498940
109 206.568601 1.706124 1.626748 1.497271
110 205.082282 1.703691 1.625931 1.497034
111 202.078336 1.700744 1.622947 1.495588
112 197.132151 1.699917 1.622351 1.494935
113 194.843091 1.696262 1.621303 1.489767
114 191.839497 1.696057 1.619133 1.488621
115 189.782760 1.691345 1.615572 1.486385
116 185.203279 1.682584 1.614341 1.483949
117 184.745974 1.680642 1.609893 1.480797
118 177.067249 1.679582 1.604300 1.477935
119 176.460931 1.675814 1.602046 1.475457
120 175.513209 1.672309 1.598771 1.474204
121 172.546528 1.670373 1.596078 1.473999
122 169.431398 1.665818 1.593245 1.472670
123 168.278384 1.662253 1.592058 1.468856
124 164.958638 1.661066 1.591126 1.466105
125 162.382197 1.658445 1.590691 1.464149
126 159.874004 1.653499 1.586799 1.461287
127 157.565710 1.647787 1.584849 1.459782
128 154.434869 1.646343 1.584257 1.459378
129 152.680650 1.644270 1.582874 1.458155
130 151.116709 1.636356 1.577806 1.456015
131 148.679126 1.634076 1.577272 1.455401
132 144.670789 1.632743 1.574821 1.455269
133 143.704190 1.627716 1.573284 1.448245
134 139.620858 1.623178 1.572240 1.447224
135 137.970703 1.621833 1.571089 1.446024
136 137.517054 1.621075 1.569838 1.442589
137 136.417711 1.618305 1.568201 1.440042
138 134.506831 1.615913 1.565476 1.438321
139 133.208284 1.614764 1.561415 1.437538
140 131.068121 1.614665 1.560297 1.436941
141 128.656265 1.612637 1.559733 1.435959
142 126.865773 1.609611 1.557486 1.433390
143 124.219037 1.608918 1.554407 1.429878
144 123.235083 1.604422 1.552759 1.429587
145 122.413593 1.603909 1.548842 1.427191
146 119.823740 1.603364 1.546370 1.425754
147 118.379223 1.597108 1.545281 1.424429
148 118.137235 1.596217 1.544043 1.422591
149 116.175383 1.593140 1.541867 1.421436
150 114.975442 1.589779 1.540245 1.420229
151 113.590412 1.587176 1.535843 1.419192
152 110.928528 1.585341 1.535183 1.417468
153 109.502247 1.582143 1.532088 1.416409
154 108.902946 1.581128 1.529633 1.415725
155 106.914013 1.578943 1.526511 1.414643
156 104.388852 1.578040 1.525645 1.406912
157 103.358051 1.573204 1.525276 1.404936
158 102.674673 1.572124 1.524819 1.403993
159 101.812456 1.570294 1.523726 1.403565
160 99.787689 1.566098 1.522944 1.402155
161 99.029606 1.564464 1.519485 1.402025
162 96.751365 1.563559 1.519330 1.400427
163 95.769808 1.561133 1.517974 1.398571
164 95.440455 1.560670 1.516383 1.398240
165 94.353799 1.557474 1.516085 1.397649
166 93.929506 1.556264 1.514396 1.396557
167 91.668455 1.554154 1.512199 1.395175
168 90.443489 1.553281 1.510851 1.393199
169 88.895754 1.551692 1.510498 1.391932
170 87.735518 1.546387 1.510218 1.391268
171 86.933659 1.545769 1.509851 1.390587
172 84.981276 1.544156 1.508495 1.389579
173 84.274426 1.538714 1.507001 1.386832
174 83.510780 1.537768 1.505899 1.385573
175 82.598014 1.536695 1.503704 1.384569
176 81.583230 1.532584 1.501346 1.380921
177 81.052993 1.531424 1.499964 1.379472
178 79.384277 1.529403 1.497700 1.375944
179 78.512019 1.525762 1.492755 1.372867
180 77.022336 1.524641 1.488047 1.372234
181 76.886060 1.523975 1.485868 1.370211
182 76.025242 1.521819 1.484526 1.369744
183 74.748052 1.518414 1.481293 1.369176
184 74.382677 1.517119 1.479277 1.366553
185 73.802614 1.516061 1.478234 1.365916
186 73.177876 1.514663 1.477023 1.364478
187 72.467546 1.513972 1.476514 1.362909
188 71.131056 1.510883 1.474254 1.361393
189 70.051699 1.508447 1.473400 1.361178
190 68.057050 1.505106 1.472779 1.359709
191 67.515882 1.503753 1.470843 1.358379
192 67.125326 1.503461 1.469713 1.357306
193 66.687012 1.497968 1.469063 1.356053
194 65.864798 1.497214 1.468656 1.355579
195 65.084608 1.496634 1.467271 1.353802
196 64.775546 1.494949 1.464878 1.351898
197 63.673891 1.492222 1.463024 1.350601
198 63.567271 1.490590 1.461597 1.350381
199 62.865842 1.488453 1.459824 1.347980
200 62.120476 1.487844 1.457565 1.346654
201 61.422639 1.487171 1.454955 1.344573
202 60.856443 1.487061 1.451186 1.342885
203 59.959980 1.484987 1.450761 1.342578
204 59.154815 1.483451 1.447919 1.341607
205 58.890380 1.481234 1.445546 1.339218
206 58.691664 1.479899 1.444730 1.338709
207 57.901859 1.478727 1.443126 1.338137
208 57.289400 1.477091 1.441831 1.337812
209 56.144704 1.475636 1.439846 1.336123
210 55.920360 1.472626 1.439042 1.334751
211 55.145734 1.472076 1.438759 1.332881
212 54.850482 1.470965 1.437340 1.332249
213 54.075686 1.469790 1.436810 1.330422
214 53.324473 1.469395 1.435474 1.328752
215 53.074274 1.466841 1.433792 1.327909
216 52.295356 1.466536 1.433208 1.327082
217 51.829803 1.465823 1.432198 1.325970
218 51.413974 1.462948 1.431623 1.325366
219 51.235818 1.460457 1.430505 1.323677
220 50.789743 1.459141 1.429640 1.322755
221 50.339969 1.457523 1.428934 1.322204
222 49.795745 1.454833 1.427068 1.321867
223 48.892474 1.454193 1.424754 1.319505
224 48.139464 1.453462 1.423825 1.318121
225 48.119102 1.451480 1.423522 1.317376
226 47.224643 1.449638 1.422388 1.315652
227 47.169019 1.449094 1.420213 1.313421
228 46.659509 1.448529 1.417361 1.312958
229 46.452633 1.447634 1.416169 1.312121
230 46.290089 1.443738 1.415988 1.310604
231 45.169315 1.442297 1.414448 1.310044
232 44.653756 1.440114 1.413023 1.309610
233 44.248833 1.438138 1.412216 1.306972
234 44.055511 1.434061 1.410958 1.306044
235 43.341922 1.432783 1.409320 1.305708
236 42.820114 1.430881 1.408547 1.305045
237 42.331756 1.430581 1.407491 1.304418
238 42.037312 1.428076 1.406754 1.304117
239 41.740048 1.425751 1.405101 1.301524
240 41.446824 1.424384 1.404531 1.299189
241 40.982238 1.423477 1.404234 1.298679
242 40.587312 1.423067 1.403738 1.297509
243 40.028583 1.422429 1.401867 1.295402
244 39.758607 1.419915 1.401765 1.294048
245 39.329372 1.416931 1.401076 1.292983
246 38.939531 1.416673 1.399641 1.292663
247 38.750430 1.415151 1.398943 1.292096
248 38.432912 1.411314 1.396146 1.289946
249 38.060706 1.410283 1.395494 1.288714
250 37.575610 1.407743 1.393694 1.287972
251 37.229925 1.404890 1.393002 1.287026
252 37.115310 1.403681 1.392145 1.286299
253 36.805568 1.401951 1.391105 1.285983
254 36.118776 1.401673 1.390189 1.285056
255 35.585431 1.399267 1.389503 1.284690
256 35.262911 1.399138 1.388987 1.282917
257 35.172548 1.398515 1.388221 1.281737
258 34.854207 1.397387 1.387715 1.281160
259 34.475652 1.396645 1.387096 1.277838
260 34.128098 1.394914 1.386400 1.276920
261 33.989670 1.393865 1.382944 1.275539
262 33.835006 1.392968 1.382465 1.275054
263 33.323024 1.389304 1.382104 1.274576
264 33.037511 1.387075 1.380645 1.273712
265 32.902241 1.386612 1.379485 1.272350
266 32.251150 1.383828 1.375571 1.271755
267 31.993500 1.383666 1.373928 1.271488
268 31.685760 1.382764 1.371686 1.270794
269 31.545861 1.381040 1.370337 1.270040
270 31.143170 1.380204 1.369645 1.268986
271 30.845434 1.377469 1.367834 1.268326
272 30.608384 1.375694 1.367045 1.267951
273 30.134889 1.373471 1.365936 1.267289
274 29.939912 1.372735 1.364567 1.266633
275 29.813098 1.372224 1.364424 1.265190
276 29.492792 1.371211 1.363926 1.264204
277 29.269942 1.370971 1.362984 1.262645
278 28.947794 1.369762 1.362531 1.262296
279 28.845433 1.368962 1.361131 1.261814
280 28.709503 1.368311 1.360213 1.261620
281 28.367724 1.366075 1.359589 1.259757
282 28.105153 1.363597 1.359293 1.258143
283 27.910614 1.363004 1.357610 1.256887
284 27.636150 1.361478 1.355653 1.256761
285 27.319262 1.360134 1.354986 1.256574
286 27.283552 1.360057 1.354713 1.255601
287 26.641786 1.358079 1.354141 1.254659
288 26.530438 1.356940 1.351896 1.253136
289 26.439448 1.355369 1.350686 1.252536
290 26.351549 1.352990 1.349810 1.251884
291 26.102992 1.352676 1.348710 1.249585
292 25.886290 1.351844 1.348057 1.249177
293 25.633873 1.351002 1.347593 1.248761
294 25.458635 1.349745 1.346845 1.248257
295 25.171372 1.348273 1.345321 1.247822
296 25.002357 1.347629 1.344751 1.247119
297 24.583348 1.346854 1.344023 1.245961
298 24.427089 1.346268 1.342252 1.245575
299 24.301269 1.344814 1.340943 1.244221
300 24.088888 1.341772 1.339548 1.244036
301 24.061475 1.339011 1.338874 1.243780
302 23.898391 1.338027 1.337581 1.241601
303 23.783955 1.336682 1.335723 1.239868
304 23.406574 1.335574 1.335384 1.237904
305 23.227302 1.333598 1.333545 1.237055
306 22.902775 1.333360 1.333164 1.236691
307 22.670237 1.332568 1.333009 1.236230
308 22.562539 1.332300 1.331353 1.235526
309 22.473817 1.330992 1.330244 1.235203
310 22.434532 1.329746 1.329877 1.234280
311 22.315095 1.328771 1.329181 1.234048
312 21.935601 1.328268 1.328448 1.233469
313 21.755447 1.326171 1.327188 1.233337
314 21.544801 1.325163 1.326081 1.232612
315 21.478985 1.322473 1.325016 1.232103
316 21.189278 1.321257 1.324197 1.231183
317 21.026849 1.320909 1.323396 1.230447
318 20.765464 1.319683 1.322959 1.229912
319 20.722003 1.319374 1.322179 1.229481
320 20.415288 1.317829 1.320790 1.228379
321 20.395133 1.316645 1.320238 1.227905
322 20.308270 1.316143 1.319242 1.226793
323 19.969852 1.314887 1.318969 1.226575
324 19.910932 1.313943 1.317272 1.225111
325 19.811277 1.313222 1.316341 1.224602
326 19.708851 1.312669 1.315749 1.223503
327 19.395151 1.310963 1.315020 1.221937
328 19.325745 1.309494 1.313795 1.220536
329 19.263404 1.309114 1.311840 1.219808
330 19.059131 1.308230 1.309638 1.219595
331 18.966408 1.307127 1.308998 1.218793
332 18.889564 1.304278 1.308152 1.218174
333 18.767687 1.303633 1.307299 1.217543
334 18.618916 1.303134 1.306446 1.217501
335 18.392099 1.300668 1.304894 1.217265
336 18.123032 1.299951 1.304080 1.216416
337 18.090998 1.299264 1.300907 1.215592
338 17.949533 1.298039 1.300322 1.215040
339 17.779281 1.296980 1.299326 1.213673
340 17.685210 1.295916 1.298485 1.213027
341 17.513573 1.295536 1.297262 1.212370
342 17.386914 1.294513 1.296494 1.211832
343 17.191494 1.292917 1.295968 1.211420
344 17.036121 1.292476 1.295017 1.210711
345 16.897678 1.291869 1.294410 1.210631
346 16.837466 1.289309 1.292186 1.210348
347 16.784199 1.288702 1.291396 1.209692
348 16.729757 1.287927 1.290704 1.208891
349 16.587828 1.287228 1.289947 1.208218
350 16.481953 1.285928 1.289331 1.208040
351 16.422168 1.285185 1.288884 1.206505
352 16.275690 1.284318 1.287856 1.205517
353 16.171349 1.284106 1.287621 1.204884
354 16.035917 1.282155 1.286773 1.203637
355 15.918443 1.280403 1.286415 1.203217
356 15.868975 1.279970 1.284648 1.202650
357 15.700198 1.278526 1.283854 1.202626
358 15.593923 1.277675 1.282471 1.201694
359 15.484366 1.277242 1.282020 1.200933
360 15.408680 1.276476 1.281239 1.200517
361 15.285520 1.275273 1.280874 1.200147
362 15.185922 1.275060 1.280268 1.198550
363 15.135597 1.274814 1.279460 1.197790
364 14.987141 1.273659 1.278006 1.197654
365 14.871965 1.272832 1.275778 1.197251
366 14.638420 1.271138 1.274347 1.196957
367 14.530502 1.270411 1.273880 1.194790
368 14.451520 1.269863 1.272022 1.194378
369 14.385750 1.269475 1.271577 1.192675
370 14.321149 1.267546 1.271548 1.192629
371 14.260440 1.266417 1.270806 1.192173
372 14.213400 1.265336 1.270052 1.191722
373 14.103993 1.264616 1.269514 1.190798
374 13.954913 1.262671 1.268852 1.190013
375 13.893728 1.262363 1.267650 1.189582
376 13.774341 1.260702 1.266728 1.188599
377 13.662178 1.260398 1.265680 1.187976
378 13.565817 1.260028 1.264031 1.187173
379 13.522129 1.258814 1.263415 1.186776
380 13.385140 1.258161 1.261993 1.186050
381 13.265702 1.256686 1.260886 1.184977
382 13.176402 1.254877 1.259971 1.184551
383 13.046210 1.254222 1.259692 1.184433
384 12.943245 1.253923 1.259126 1.183632
385 12.919011 1.253535 1.258858 1.183508
386 12.826687 1.253069 1.257146 1.182956
387 12.733325 1.251348 1.254859 1.182218
388 12.688112 1.250068 1.254450 1.181707
389 12.579593 1.248946 1.253903 1.180970
390 12.509364 1.248734 1.253481 1.180418
391 12.414573 1.247616 1.252390 1.179475
392 12.312837 1.247372 1.251768 1.179266
393 12.279520 1.246815 1.250704 1.178975
394 12.228574 1.246094 1.250601 1.178202
395 12.151710 1.244163 1.249340 1.177113
396 12.121390 1.243532 1.248846 1.177043
397 12.004314 1.242880 1.247120 1.176446
398 11.873849 1.242121 1.246795 1.176153
399 11.855405 1.241451 1.246544 1.175869
400 11.788867 1.241369 1.245589 1.174989
401 11.718615 1.240054 1.244725 1.174635
402 11.694211 1.239209 1.243897 1.173889
403 11.612383 1.238926 1.243581 1.172803
404 11.462914 1.237042 1.243483 1.172225
405 11.345789 1.236770 1.242233 1.171542
406 11.325765 1.236000 1.241772 1.170774
407 11.234650 1.235517 1.241283 1.169417
408 11.182529 1.233388 1.240348 1.168772
409 11.090650 1.232015 1.239319 1.168151
410 11.055928 1.231774 1.238843 1.166850
411 10.995142 1.229613 1.238348 1.166253
412 10.890917 1.228774 1.237849 1.165112
413 10.737496 1.228075 1.237080 1.164788
414 10.706448 1.227294 1.236485 1.163647
415 10.653258 1.226214 1.236368 1.163468
416 10.572656 1.225810 1.235698 1.163316
417 10.550380 1.225042 1.235276 1.162367
418 10.489770 1.223292 1.233985 1.161829
419 10.380497 1.222929 1.233113 1.161539
420 10.358188 1.222863 1.232175 1.160915
421 10.266638 1.221392 1.231994 1.160391
422 10.201538 1.219811 1.229999 1.159888
423 10.112192 1.219489 1.229649 1.159260
424 10.052938 1.218854 1.228678 1.157923
425 10.037150 1.218514 1.227229 1.157322
426 10.018112 1.216962 1.226374 1.156299
427 9.919090 1.216111 1.225800 1.156256
428 9.843274 1.215511 1.224652 1.155903
429 9.779798 1.215000 1.224347 1.155692
430 9.730788 1.214206 1.224199 1.155185
431 9.630060 1.213702 1.223719 1.154525
432 9.602503 1.212945 1.222279 1.153710
433 9.561898 1.211597 1.221962 1.152446
434 9.471689 1.209969 1.221093 1.152371
435 9.453073 1.209694 1.220634 1.151650
436 9.449747 1.208339 1.220454 1.151299
437 9.337334 1.207023 1.219268 1.150706
438 9.228398 1.206647 1.218992 1.150433
439 9.157183 1.205965 1.217995 1.149787
440 9.150966 1.205392 1.217640 1.149716
441 9.129198 1.204754 1.216972 1.149375
442 9.000274 1.203975 1.216095 1.148567
443 8.970504 1.203244 1.214903 1.147536
444 8.939842 1.202956 1.214111 1.146959
445 8.841574 1.202779 1.213515 1.146659
446 8.791712 1.202192 1.213105 1.146312
447 8.771823 1.201986 1.212683 1.145971
448 8.739460 1.201123 1.212212 1.144601
449 8.674192 1.200876 1.211789 1.143869
450 8.622166 1.200273 1.211001 1.143774
451 8.516469 1.199698 1.210244 1.143567
452 8.502264 1.198519 1.209479 1.142851
453 8.440730 1.198084 1.209308 1.142280
454 8.406850 1.197454 1.208007 1.142096
455 8.354215 1.195817 1.207083 1.141465
456 8.336634 1.195371 1.206443 1.140494
457 8.305560 1.193535 1.205647 1.139726
458 8.267938 1.191896 1.205451 1.138963
459 8.156178 1.191376 1.204846 1.138605
460 8.095514 1.189418 1.204306 1.138399
461 8.050188 1.188924 1.203686 1.138138
462 7.995373 1.188475 1.202771 1.137819
463 7.973966 1.188330 1.201000 1.136944
464 7.927459 1.187405 1.200577 1.136505
465 7.854835 1.185346 1.198550 1.135756
466 7.810739 1.185114 1.197070 1.135114
467 7.767432 1.184168 1.196767 1.135079
468 7.751203 1.183096 1.196104 1.134437
469 7.707038 1.183039 1.194624 1.133914
470 7.678009 1.181582 1.193719 1.133643
471 7.612788 1.181353 1.193422 1.133170
472 7.546062 1.180166 1.192752 1.132175
473 7.510238 1.179650 1.191530 1.131975
474 7.485053 1.179175 1.191167 1.131625
475 7.477803 1.178811 1.190526 1.131251
476 7.382699 1.177650 1.188016 1.130925
477 7.368698 1.177337 1.187388 1.130394
478 7.344242 1.177146 1.186536 1.130175
479 7.297608 1.176161 1.186373 1.130012
480 7.266717 1.175661 1.185523 1.129346
481 7.214982 1.175068 1.184310 1.128479
482 7.195601 1.172928 1.183498 1.127655
483 7.162320 1.172351 1.183064 1.126731
484 7.129796 1.171511 1.182539 1.126302
485 7.066064 1.170252 1.181372 1.126157
486 7.030153 1.169775 1.180167 1.125644
487 6.981814 1.169086 1.179084 1.125517
488 6.957399 1.168781 1.178256 1.125198
489 6.895747 1.168300 1.178075 1.124849
490 6.878320 1.167649 1.177952 1.124416
491 6.809210 1.166934 1.177661 1.123588
492 6.781491 1.165943 1.176707 1.122750
493 6.766220 1.165753 1.175900 1.121587
494 6.722317 1.165188 1.175320 1.121477
495 6.711270 1.164451 1.174352 1.121200
496 6.691873 1.163569 1.173947 1.120620
497 6.672931 1.163252 1.173522 1.120040
498 6.632916 1.161861 1.172526 1.119457
499 6.557640 1.160950 1.171544 1.118882
500 6.542647 1.160353 1.170987 1.118241
501 6.498319 1.159603 1.170624 1.117755
502 6.471628 1.159132 1.170541 1.117201
503 6.446303 1.158308 1.169685 1.117147
504 6.428961 1.157968 1.169283 1.116892
505 6.378129 1.156980 1.168768 1.116687
506 6.334603 1.155766 1.168163 1.116266
507 6.316581 1.154849 1.166114 1.115998
508 6.291195 1.154448 1.165697 1.115840
509 6.253452 1.154078 1.165422 1.115525
510 6.204273 1.152512 1.165306 1.115204
511 6.194226 1.152063 1.164209 1.114463
512 6.151568 1.151455 1.163944 1.113212
513 6.141866 1.150887 1.162886 1.112925
514 6.118798 1.150337 1.162356 1.112178
515 6.067431 1.149334 1.162166 1.111904
516 6.058658 1.148567 1.161189 1.110972
517 6.026913 1.147908 1.160946 1.110729
518 5.999493 1.147230 1.160377 1.109933
519 5.941621 1.147035 1.159348 1.109481
520 5.913584 1.146035 1.158402 1.109022
521 5.879115 1.145226 1.157507 1.108954
522 5.862710 1.144436 1.157329 1.108444
523 5.829266 1.144009 1.156951 1.108254
524 5.793841 1.142928 1.155651 1.107971
525 5.786406 1.142146 1.154626 1.107885
526 5.774442 1.141737 1.154500 1.107514
527 5.700228 1.140909 1.154139 1.107140
528 5.675982 1.140172 1.153444 1.106941
529 5.635788 1.139580 1.152919 1.106247
530 5.626731 1.139160 1.152526 1.106164
531 5.610152 1.138644 1.151627 1.105693
532 5.543882 1.137954 1.151227 1.104220
533 5.538218 1.137300 1.150967 1.104159
534 5.513840 1.137025 1.149956 1.103724
535 5.497655 1.136478 1.149241 1.103558
536 5.461338 1.135903 1.148640 1.103355
537 5.447119 1.134456 1.148527 1.103001
538 5.421935 1.133421 1.147822 1.102712
539 5.395146 1.132840 1.147416 1.102516
540 5.368929 1.132342 1.147302 1.101902
541 5.363626 1.131556 1.146820 1.101488
542 5.325611 1.131315 1.145695 1.101243
543 5.315886 1.131097 1.144863 1.100942
544 5.277655 1.130397 1.144715 1.100519
545 5.271963 1.129850 1.144084 1.100073
546 5.259353 1.129153 1.142861 1.099709
547 5.241642 1.128282 1.142055 1.099502
548 5.221584 1.127638 1.141132 1.098698
549 5.174233 1.127038 1.140220 1.098432
550 5.129044 1.126634 1.139822 1.098168
551 5.107663 1.126101 1.139255 1.097220
552 5.096409 1.125758 1.138457 1.097102
553 5.086038 1.125591 1.138062 1.096403
554 5.047186 1.124827 1.137285 1.095869
555 5.038853 1.124398 1.136532 1.095613
556 5.033687 1.123554 1.136241 1.095425
557 5.004931 1.123137 1.135891 1.095166
558 4.985378 1.122815 1.135276 1.094834
559 4.944502 1.122653 1.134770 1.094103
560 4.934997 1.121600 1.133716 1.093755
561 4.894578 1.121009 1.133634 1.093449
562 4.889422 1.120258 1.132908 1.092730
563 4.875099 1.119462 1.132759 1.092282
564 4.835154 1.119148 1.132306 1.091845
565 4.803994 1.118585 1.131454 1.091539
566 4.788418 1.118455 1.131289 1.090681
567 4.772133 1.117922 1.130608 1.090611
568 4.759284 1.117013 1.129868 1.089773
569 4.723369 1.116301 1.129406 1.089240
570 4.715385 1.115993 1.128893 1.088984
571 4.697056 1.114945 1.128611 1.088606
572 4.683290 1.114582 1.128094 1.088199
573 4.675221 1.113891 1.127582 1.087768
574 4.635855 1.111994 1.127116 1.087304
575 4.619006 1.110629 1.126760 1.086956
576 4.603575 1.109603 1.125492 1.085528
577 4.564086 1.109298 1.124793 1.085092
578 4.553987 1.108908 1.124214 1.084108
579 4.545898 1.108796 1.123728 1.083758
580 4.510805 1.108053 1.123450 1.083605
581 4.494990 1.107829 1.122584 1.083032
582 4.492610 1.107364 1.122102 1.082764
583 4.459191 1.106908 1.121495 1.082473
584 4.435272 1.106103 1.121130 1.082119
585 4.428727 1.105879 1.120009 1.081775
586 4.389379 1.105263 1.119778 1.081361
587 4.383950 1.103927 1.118831 1.081312
588 4.372986 1.103525 1.118576 1.080816
589 4.366456 1.103117 1.118092 1.080634
590 4.340090 1.102927 1.117331 1.080376
591 4.307300 1.102554 1.116787 1.079969
592 4.283962 1.101402 1.116395 1.079804
593 4.263464 1.101220 1.115887 1.079522
594 4.245815 1.100918 1.115040 1.079254
595 4.237622 1.100571 1.114674 1.079160
596 4.216451 1.099358 1.114207 1.078630
597 4.199986 1.098151 1.113640 1.078128
598 4.172702 1.097764 1.113296 1.077533
599 4.158588 1.097000 1.113062 1.077258
600 4.126921 1.096296 1.112525 1.076134
601 4.102348 1.095917 1.111438 1.075666
602 4.082886 1.095612 1.110947 1.075528
603 4.064820 1.094993 1.110292 1.075062
604 4.053859 1.094917 1.109996 1.074583
605 4.039312 1.094223 1.109445 1.074456
606 4.000225 1.093783 1.109217 1.073814
607 3.985471 1.093477 1.108547 1.073560
608 3.973580 1.092599 1.107776 1.073304
609 3.954246 1.091820 1.107186 1.072991
610 3.932771 1.091717 1.106938 1.072711
611 3.918975 1.091166 1.106141 1.072589
612 3.916554 1.090241 1.105726 1.072514
613 3.910869 1.090185 1.104954 1.072115
614 3.888909 1.089048 1.104515 1.071483
615 3.866071 1.088557 1.104194 1.071303
616 3.838889 1.088067 1.103964 1.070988
617 3.811746 1.087535 1.103621 1.070492
618 3.796533 1.086940 1.103113 1.070247
619 3.788312 1.086751 1.102690 1.069873
620 3.774931 1.085737 1.101798 1.069786
621 3.766709 1.085398 1.100371 1.069539
622 3.761863 1.084803 1.099733 1.068947
623 3.744089 1.084011 1.099142 1.068769
624 3.727288 1.083852 1.098717 1.068035
625 3.700353 1.083138 1.098488 1.067916
626 3.679150 1.082590 1.098390 1.067482
627 3.667574 1.082432 1.097893 1.067343
628 3.667019 1.082058 1.097588 1.066721
629 3.645443 1.081355 1.097472 1.066304
630 3.634525 1.080955 1.096776 1.065829
631 3.604235 1.080479 1.096195 1.065556
632 3.593156 1.080278 1.095691 1.065038
633 3.577587 1.080003 1.095492 1.064502
634 3.572684 1.079674 1.094593 1.064352
635 3.568514 1.079573 1.094361 1.064188
636 3.540232 1.079352 1.093615 1.064172
637 3.534216 1.078730 1.093294 1.063707
638 3.516243 1.078094 1.092387 1.063681
639 3.509019 1.077248 1.091816 1.063539
640 3.487056 1.076545 1.090763 1.062797
641 3.473332 1.076049 1.090583 1.062566
642 3.466978 1.075865 1.090176 1.062304
643 3.455489 1.075292 1.089393 1.061996
644 3.454239 1.074586 1.089050 1.061110
645 3.443121 1.073923 1.088444 1.061080
646 3.436891 1.073780 1.088138 1.060815
647 3.429486 1.073496 1.087967 1.060194
648 3.390838 1.073241 1.087345 1.060107
649 3.378915 1.072133 1.086842 1.059633
650 3.364528 1.072039 1.086781 1.059278
651 3.353862 1.071647 1.086524 1.059120
652 3.348081 1.071483 1.086175 1.058742
653 3.323036 1.070546 1.085838 1.058681
654 3.313347 1.070427 1.085279 1.058188
655 3.303275 1.070111 1.085046 1.057566
656 3.290679 1.069362 1.084735 1.057201
657 3.278931 1.069074 1.084523 1.056685
658 3.271073 1.068735 1.083822 1.056373
659 3.247786 1.068217 1.083136 1.056071
660 3.225108 1.067612 1.082671 1.055749
661 3.209456 1.067148 1.082248 1.055553
662 3.192396 1.066665 1.081657 1.055254
663 3.188013 1.066372 1.081367 1.055085
664 3.182372 1.066172 1.081268 1.054791
665 3.164334 1.065904 1.080603 1.054712
666 3.158120 1.065500 1.080239 1.054351
667 3.148819 1.065114 1.079183 1.054251
668 3.125248 1.064229 1.079063 1.053783
669 3.120216 1.063881 1.078852 1.053521
670 3.111430 1.063319 1.078457 1.053198
671 3.086784 1.063292 1.077821 1.053021
672 3.076262 1.062925 1.077659 1.052762
673 3.059952 1.061974 1.077179 1.052370
674 3.048221 1.061587 1.076785 1.052244
675 3.044406 1.060971 1.076283 1.051995
676 3.028931 1.060689 1.076080 1.051680
677 3.018118 1.060630 1.076019 1.051608
678 3.001560 1.060266 1.075453 1.050967
679 2.998186 1.059944 1.075206 1.050638
680 2.990745 1.059663 1.074842 1.050547
681 2.980582 1.059240 1.074475 1.050240
682 2.976409 1.059128 1.074105 1.049784
683 2.961992 1.058828 1.073886 1.049303
684 2.960910 1.058618 1.073653 1.049281
685 2.944555 1.058465 1.073095 1.049152
686 2.940617 1.058365 1.072545 1.048745
687 2.921305 1.057784 1.072079 1.048724
688 2.901494 1.056995 1.071800 1.048253
689 2.891950 1.056321 1.071233 1.048136
690 2.880521 1.056141 1.070892 1.047856
691 2.876551 1.055706 1.070061 1.047781
692 2.862811 1.055248 1.069871 1.047312
693 2.848958 1.054634 1.069552 1.047214
694 2.837195 1.054370 1.069431 1.047092
695 2.831294 1.054257 1.068506 1.046825
696 2.822585 1.053982 1.068112 1.046679
697 2.815420 1.053334 1.067427 1.046352
698 2.808869 1.053233 1.066897 1.046082
699 2.790992 1.052629 1.066855 1.046048
700 2.777476 1.052237 1.066603 1.045853
701 2.765740 1.051519 1.066260 1.045323
702 2.746356 1.051263 1.065656 1.045092
703 2.742752 1.050684 1.065086 1.044965
704 2.731749 1.050252 1.064693 1.044347
705 2.723477 1.050175 1.064546 1.044276
706 2.717272 1.049873 1.064154 1.044102
707 2.710931 1.049155 1.063690 1.043683
708 2.705566 1.048730 1.063336 1.043408
709 2.693994 1.048330 1.062749 1.043346
710 2.687736 1.048168 1.062580 1.042585
711 2.674052 1.048007 1.062144 1.042260
712 2.664018 1.047243 1.061575 1.042027
713 2.660893 1.047143 1.061392 1.041607
714 2.652489 1.046648 1.061185 1.041257
715 2.648536 1.046263 1.060940 1.041176
716 2.630904 1.045982 1.060418 1.041052
717 2.624682 1.045776 1.059787 1.040774
718 2.615545 1.045414 1.059648 1.040372
719 2.607947 1.045238 1.059140 1.040281
720 2.600970 1.044933 1.058899 1.039706
721 2.597718 1.044605 1.058385 1.039488
722 2.591509 1.044407 1.058290 1.039185
723 2.582457 1.044267 1.057596 1.038868
724 2.582079 1.043862 1.057182 1.038734
725 2.576645 1.043149 1.056788 1.038544
726 2.562289 1.042911 1.056592 1.038417
727 2.555490 1.042654 1.056431 1.038180
728 2.548394 1.042329 1.055714 1.038057
729 2.542884 1.042197 1.055626 1.037811
730 2.533516 1.041737 1.055265 1.037768
731 2.527380 1.041472 1.055033 1.037585
732 2.514139 1.041165 1.054573 1.037285
733 2.507798 1.040915 1.054053 1.037000
734 2.502314 1.040761 1.053900 1.036720
735 2.497897 1.040683 1.053632 1.036460
736 2.495002 1.039826 1.053225 1.036326
737 2.490182 1.039559 1.052821 1.036098
738 2.485357 1.039300 1.052205 1.035992
739 2.484025 1.038377 1.051538 1.035783
740 2.477519 1.037878 1.050833 1.035292
741 2.469338 1.037737 1.049717 1.035093
742 2.464574 1.037619 1.049330 1.035056
743 2.454275 1.037359 1.049165 1.034769
744 2.450121 1.036974 1.049017 1.034477
745 2.431379 1.036453 1.048870 1.034326
746 2.430373 1.036168 1.048441 1.034037
747 2.425566 1.035874 1.047909 1.033904
748 2.413341 1.035050 1.047545 1.033765
749 2.409330 1.034789 1.046880 1.033471
750 2.401432 1.034637 1.046593 1.033081
751 2.395344 1.034477 1.046389 1.032821
752 2.382481 1.034045 1.046030 1.032782
753 2.373521 1.033664 1.045774 1.032421
754 2.369805 1.033153 1.045390 1.032054
755 2.363997 1.032960 1.044918 1.031796
756 2.351478 1.032821 1.044700 1.031601
757 2.346901 1.032499 1.044497 1.031503
758 2.339775 1.032369 1.044435 1.031474
759 2.324317 1.032001 1.044014 1.031130
760 2.316755 1.031518 1.043994 1.031010
761 2.310881 1.031430 1.043703 1.030796
762 2.299991 1.031063 1.043102 1.030743
763 2.284736 1.030946 1.042890 1.030370
764 2.275681 1.030357 1.042711 1.030217
765 2.270654 1.029996 1.042589 1.029988
766 2.265400 1.029872 1.042131 1.029852
767 2.256688 1.029610 1.041978 1.029668
768 2.255369 1.029295 1.041650 1.029298
769 2.247180 1.029256 1.041173 1.029132
770 2.238586 1.028952 1.040759 1.029070
771 2.233386 1.028512 1.040364 1.028926
772 2.219729 1.028320 1.039978 1.028805
773 2.217829 1.027885 1.039412 1.028537
774 2.206783 1.027471 1.039314 1.028201
775 2.205640 1.027258 1.039093 1.028015
776 2.197155 1.026979 1.038823 1.027930
777 2.189193 1.026585 1.038570 1.027705
778 2.185365 1.026436 1.038135 1.027501
779 2.177874 1.026308 1.037676 1.027309
780 2.176927 1.025966 1.037631 1.027069
781 2.167796 1.025741 1.037263 1.026999
782 2.164015 1.025457 1.036830 1.026838
783 2.161680 1.024993 1.036597 1.026683
784 2.157425 1.024743 1.036312 1.026525
785 2.141296 1.024656 1.035624 1.026386
786 2.135350 1.024167 1.035552 1.026303
787 2.130147 1.024038 1.035408 1.025900
788 2.123493 1.023811 1.034974 1.025625
789 2.117748 1.023683 1.034767 1.025574
790 2.108842 1.023533 1.034431 1.025310
791 2.105618 1.023193 1.034348 1.025186
792 2.095929 1.022696 1.034006 1.025143
793 2.089326 1.022212 1.033825 1.024769
794 2.083701 1.022032 1.033738 1.024262
795 2.078610 1.021492 1.033317 1.023955
796 2.076267 1.021244 1.032985 1.023859
797 2.072721 1.021083 1.032562 1.023818
798 2.071590 1.020629 1.032206 1.023668
799 2.069008 1.020403 1.031882 1.023598
800 2.061528 1.020238 1.031442 1.023234
801 2.055300 1.020025 1.031273 1.023060
802 2.051675 1.019857 1.030633 1.022952
803 2.047284 1.019191 1.030414 1.022654
804 2.044845 1.019012 1.030020 1.022545
805 2.030694 1.018618 1.029877 1.022357
806 2.020414 1.018549 1.029671 1.022273
807 2.014318 1.018391 1.029402 1.022137
808 2.009298 1.018202 1.029053 1.022042
809 2.000168 1.017720 1.028523 1.021957
810 1.998375 1.017170 1.028405 1.021533
811 1.991900 1.016818 1.027598 1.021471
812 1.987224 1.016482 1.027495 1.021234
813 1.983937 1.016329 1.027359 1.021063
814 1.982358 1.016087 1.027232 1.021057
815 1.977238 1.015783 1.027004 1.020840
816 1.966648 1.015487 1.026584 1.020678
817 1.962854 1.015309 1.026528 1.020523
818 1.954086 1.015059 1.026433 1.020313
819 1.946978 1.014568 1.026369 1.019890
820 1.943879 1.014364 1.025975 1.019796
821 1.932436 1.014114 1.025773 1.019651
822 1.928226 1.013877 1.025547 1.019593
823 1.923769 1.013488 1.025166 1.019333
824 1.920194 1.013011 1.025076 1.019229
825 1.914605 1.012881 1.024952 1.018806
826 1.911577 1.012699 1.024749 1.018583
827 1.906514 1.012426 1.024474 1.018363
828 1.903298 1.012225 1.024318 1.018331
829 1.898848 1.012111 1.024106 1.018214
830 1.891321 1.011871 1.023928 1.017919
831 1.887882 1.011727 1.023511 1.017700
832 1.880206 1.011483 1.023241 1.017251
833 1.873872 1.011311 1.023172 1.017208
834 1.869401 1.010914 1.022896 1.016991
835 1.864079 1.010562 1.022359 1.016832
836 1.859700 1.010321 1.022264 1.016233
837 1.854674 1.009828 1.021977 1.016215
838 1.850556 1.009578 1.021935 1.016031
839 1.845195 1.008875 1.021659 1.015967
840 1.844775 1.008739 1.021412 1.015630
841 1.839408 1.008225 1.021208 1.015488
842 1.835165 1.007934 1.020804 1.015332
843 1.823584 1.007802 1.020243 1.015234
844 1.821333 1.007666 1.020140 1.015126
845 1.818581 1.007564 1.019992 1.015041
846 1.812222 1.007477 1.019781 1.014871
847 1.809986 1.007272 1.019469 1.014742
848 1.808028 1.007118 1.019302 1.014664
849 1.805964 1.007079 1.019276 1.014580
850 1.803240 1.006857 1.019070 1.014499
851 1.794453 1.006608 1.018906 1.014235
852 1.793433 1.006113 1.018841 1.014048
853 1.789972 1.005540 1.018602 1.013999
854 1.783974 1.005475 1.018301 1.013818
855 1.780099 1.004900 1.018126 1.013707
856 1.773674 1.004631 1.017725 1.013600
857 1.772032 1.004446 1.017386 1.013494
858 1.769541 1.004061 1.017293 1.013451
859 1.762234 1.003716 1.017138 1.013361
860 1.759659 1.003707 1.016406 1.013237
861 1.759329 1.003306 1.016243 1.013109
862 1.749903 1.003243 1.015986 1.013044
863 1.744965 1.002917 1.015731 1.012788
864 1.741818 1.002714 1.015531 1.012759
865 1.737868 1.002502 1.015028 1.012364
866 1.734447 1.002279 1.014936 1.012196
867 1.730612 1.002052 1.014475 1.012191
868 1.726512 1.001911 1.014285 1.012014
869 1.720774 1.001814 1.014083 1.011945
870 1.716953 1.001634 1.013547 1.011827
871 1.714984 1.001201 1.013395 1.011652
872 1.709562 1.001149 1.013202 1.011624
873 1.703842 1.000803 1.013032 1.011382
874 1.702501 1.000699 1.012929 1.011313
875 1.698168 1.000456 1.012794 1.011272
876 1.697794 1.000048 1.012427 1.011132
877 1.688795 0.999930 1.012328 1.011047
878 1.686457 0.999759 1.012280 1.010823
879 1.682956 0.998971 1.011758 1.010561
880 1.678364 0.998530 1.011597 1.010337
881 1.676924 0.998364 1.011142 1.010112
882 1.672844 0.997905 1.010946 1.009999
883 1.671232 0.997737 1.010835 1.009851
884 1.667657 0.997402 1.010404 1.009672
885 1.665216 0.997202 1.010346 1.009608
886 1.659117 0.997171 1.010189 1.009532
887 1.658629 0.996731 1.009899 1.009394
888 1.655705 0.996612 1.009857 1.009285
889 1.653469 0.996233 1.009592 1.009224
890 1.646083 0.995893 1.009469 1.009204
891 1.643598 0.995274 1.009256 1.009114
892 1.640961 0.994988 1.009139 1.008834
893 1.636684 0.994645 1.008898 1.008663
894 1.632328 0.994516 1.008755 1.008599
895 1.630590 0.994324 1.008629 1.008558
896 1.627858 0.994149 1.008408 1.008386
897 1.627168 0.993554 1.008330 1.008073
898 1.621609 0.992963 1.008045 1.007961
899 1.619284 0.992875 1.007985 1.007887
900 1.617064 0.992695 1.007720 1.007649
901 1.615422 0.992526 1.007616 1.007595
902 1.612376 0.992343 1.007471 1.007558
903 1.610618 0.991476 1.007425 1.007477
904 1.608233 0.991285 1.007073 1.007335
905 1.605839 0.990953 1.006820 1.007003
906 1.604568 0.990341 1.006500 1.006917
907 1.598990 0.989984 1.006439 1.006849
908 1.597337 0.989699 1.006023 1.006795
909 1.593690 0.989400 1.005905 1.006627
910 1.587202 0.988969 1.005502 1.006525
911 1.585424 0.988564 1.005039 1.006453
912 1.584051 0.988224 1.004692 1.006211
913 1.581656 0.988044 1.004498 1.006099
914 1.580186 0.987461 1.004321 1.006054
915 1.576970 0.987012 1.004156 1.005950
916 1.572843 0.986611 1.003846 1.005784
917 1.568909 0.986240 1.003704 1.005713
918 1.566106 0.986085 1.003174 1.005445
919 1.560058 0.985465 1.002922 1.005404
920 1.555966 0.984843 1.002775 1.005250
921 1.552475 0.984822 1.002721 1.005202
922 1.548389 0.984231 1.002393 1.005178
923 1.543107 0.983810 1.002242 1.004894
924 1.538460 0.982814 1.002214 1.004826
925 1.538353 0.982569 1.001863 1.004549
926 1.532810 0.982481 1.001745 1.004429
927 1.531228 0.981452 1.001671 1.004278
928 1.530888 0.981266 1.001575 1.004206
929 1.528282 0.980623 1.001483 1.004124
930 1.520967 0.980324 1.001200 1.004056
931 1.517452 0.980176 1.001162 1.003983
932 1.515161 0.979489 1.000952 1.003877
933 1.513418 0.979216 1.000539 1.003863
934 1.511141 0.978897 1.000378 1.003736
935 1.509698 0.977984 1.000159 1.003586
936 1.507466 0.977630 1.000014 1.003527
937 1.505717 0.977518 0.999678 1.003365
938 1.503626 0.977082 0.999247 1.003295
939 1.501666 0.976429 0.999125 1.003237
940 1.496964 0.976130 0.998638 1.003206
941 1.496022 0.975763 0.998541 1.002983
942 1.494575 0.975081 0.998225 1.002863
943 1.494105 0.974410 0.998078 1.002761
944 1.486522 0.974186 0.997697 1.002733
945 1.485321 0.973931 0.997619 1.002703
946 1.481342 0.973405 0.997450 1.002610
947 1.480990 0.972568 0.997165 1.002481
948 1.477723 0.971798 0.996800 1.002439
949 1.475971 0.971440 0.996610 1.002369
950 1.471224 0.971029 0.996273 1.002146
951 1.468892 0.970874 0.995824 1.002109
952 1.468071 0.970413 0.995481 1.001997
953 1.464048 0.970283 0.995136 1.001916
954 1.462793 0.969811 0.995131 1.001820
955 1.459906 0.969054 0.994875 1.001691
956 1.457554 0.968845 0.994466 1.001563
957 1.453057 0.968481 0.994107 1.001451
958 1.452298 0.967483 0.993441 1.001397
959 1.448678 0.967382 0.993300 1.001326
960 1.447866 0.966511 0.993114 1.001247
961 1.444780 0.966236 0.992740 1.001194
962 1.441242 0.965584 0.992369 1.001053
963 1.441152 0.964403 0.992289 1.001017
964 1.439435 0.963945 0.991777 1.000855
965 1.438790 0.963652 0.991705 1.000763
966 1.435515 0.963135 0.991417 1.000616
967 1.434098 0.963047 0.990922 1.000438
968 1.430286 0.962352 0.990619 1.000381
969 1.429815 0.961975 0.990277 1.000197
970 1.426340 0.960583 0.989809 1.000077
971 1.422000 0.960431 0.989437 0.999928
972 1.416906 0.959157 0.988920 0.999853
973 1.413265 0.958450 0.988192 0.999691
974 1.409849 0.958301 0.988095 0.999629
975 1.407459 0.957648 0.987619 0.999481
976 1.405120 0.957093 0.987235 0.999296
977 1.398266 0.956842 0.986765 0.999265
978 1.396770 0.955276 0.986407 0.999103
979 1.396362 0.954823 0.986092 0.999042
980 1.394287 0.953927 0.985721 0.999014
981 1.392144 0.953575 0.985274 0.998929
982 1.389203 0.952658 0.985169 0.998821
983 1.388000 0.952455 0.984607 0.998751
984 1.383585 0.952074 0.984248 0.998655
985 1.383242 0.951163 0.983772 0.998540
986 1.381164 0.950693 0.983344 0.998452
987 1.380069 0.949941 0.982916 0.998363
988 1.377055 0.948831 0.982380 0.998312
989 1.376186 0.948388 0.982194 0.998202
990 1.375100 0.947766 0.981681 0.998120
991 1.370882 0.947519 0.981409 0.998035
992 1.367349 0.946636 0.981030 0.997913
993 1.365874 0.945901 0.980775 0.997851
994 1.365498 0.945659 0.980686 0.997793
995 1.362993 0.944837 0.980352 0.997651
996 1.360954 0.944671 0.979892 0.997575
997 1.358947 0.944423 0.979733 0.997350
998 1.356924 0.944119 0.979368 0.997318
999 1.352281 0.943350 0.978884 0.997259
1000 1.350734 0.943272 0.978680 0.997047
1001 1.349240 0.943060 0.978623 0.996980
1002 1.346198 0.942889 0.978459 0.996913
1003 1.344512 0.942219 0.977955 0.996839
1004 1.342207 0.941652 0.976996 0.996666
1005 1.341068 0.940367 0.976781 0.996581
1006 1.336756 0.939818 0.976463 0.996451
1007 1.335656 0.939377 0.975835 0.996306
1008 1.333294 0.939019 0.975563 0.996133
1009 1.331907 0.938468 0.975348 0.995835
1010 1.330442 0.937836 0.974528 0.995697
1011 1.328292 0.937260 0.974140 0.995596
1012 1.326832 0.936285 0.973831 0.995479
1013 1.324710 0.935983 0.973394 0.995185
1014 1.323782 0.935546 0.973138 0.995054
1015 1.323304 0.935276 0.972876 0.994874
1016 1.321646 0.934701 0.972240 0.994653
1017 1.320669 0.934363 0.971990 0.994419
1018 1.318108 0.933160 0.971588 0.994280
1019 1.317604 0.932748 0.971246 0.994193
1020 1.316166 0.932552 0.970469 0.993929
1021 1.313148 0.932130 0.969860 0.993828
1022 1.312835 0.931296 0.969599 0.993692
1023 1.309676 0.930717 0.968813 0.993616
1024 1.307342 0.930342 0.968643 0.993244
1025 1.306525 0.929443 0.968032 0.993067
1026 1.305770 0.929133 0.967254 0.993015
1027 1.304945 0.928476 0.966899 0.992875
1028 1.301102 0.927763 0.966475 0.992597
1029 1.299878 0.927505 0.966254 0.992476
1030 1.297626 0.927441 0.965896 0.992337
1031 1.296293 0.926615 0.965719 0.992179
1032 1.295817 0.925972 0.965643 0.991998
1033 1.294883 0.925607 0.965133 0.991870
1034 1.293595 0.925267 0.964948 0.991608
1035 1.291337 0.923404 0.964748 0.991550
1036 1.290710 0.922775 0.964231 0.991409
1037 1.288826 0.922451 0.964021 0.991201
1038 1.287781 0.921666 0.963555 0.990999
1039 1.286644 0.920483 0.962798 0.990698
1040 1.285561 0.920346 0.962313 0.990554
1041 1.282992 0.919593 0.961824 0.990479
1042 1.281563 0.918770 0.961318 0.990063
1043 1.280927 0.918238 0.960704 0.990010
1044 1.278974 0.917889 0.960377 0.989929
1045 1.278508 0.916828 0.960284 0.989786
1046 1.275794 0.916006 0.959483 0.989734
1047 1.275312 0.915396 0.958918 0.989532
1048 1.272171 0.915287 0.958805 0.989332
1049 1.271700 0.915236 0.957993 0.988875
1050 1.270478 0.913555 0.957566 0.988767
1051 1.268719 0.912843 0.956778 0.988650
1052 1.268348 0.911990 0.956736 0.988146
1053 1.266652 0.911357 0.956110 0.988036
1054 1.264479 0.910832 0.955655 0.987937
1055 1.264019 0.910220 0.955513 0.987824
1056 1.262289 0.909468 0.954838 0.987636
1057 1.261664 0.908837 0.954174 0.987368
1058 1.260513 0.908329 0.953844 0.987132
1059 1.259454 0.906492 0.953296 0.986877
1060 1.258300 0.904709 0.952580 0.986417
1061 1.257348 0.904609 0.952343 0.986042
1062 1.256175 0.904061 0.951789 0.985844
1063 1.254566 0.900539 0.950644 0.985636
1064 1.254146 0.900477 0.950533 0.985542
1065 1.253681 0.900198 0.949995 0.985329
1066 1.252114 0.899859 0.949450 0.985276
1067 1.249661 0.898862 0.949288 0.985204
1068 1.248096 0.898571 0.948765 0.984876
1069 1.246631 0.896692 0.948569 0.984482
1070 1.243932 0.895503 0.947845 0.984294
1071 1.242999 0.895428 0.946854 0.984013
1072 1.241234 0.894597 0.946341 0.983870
1073 1.240769 0.894210 0.945413 0.983104
1074 1.240186 0.893781 0.945259 0.982887
1075 1.238622 0.893122 0.944675 0.982685
1076 1.237172 0.892786 0.944353 0.982639
1077 1.236951 0.891810 0.943802 0.982365
1078 1.235851 0.891444 0.942832 0.982176
1079 1.233834 0.890450 0.941733 0.981987
1080 1.233205 0.889920 0.941473 0.981799
1081 1.232017 0.889123 0.939889 0.981430
1082 1.229439 0.888679 0.937854 0.981211
1083 1.229018 0.888196 0.937489 0.980978
1084 1.228519 0.885898 0.936969 0.980582
1085 1.225397 0.885706 0.936656 0.980475
1086 1.224623 0.883856 0.935218 0.980198
1087 1.223303 0.883383 0.934836 0.979789
1088 1.222712 0.882374 0.934131 0.979411
1089 1.221828 0.881611 0.934000 0.979012
1090 1.220138 0.880985 0.933208 0.978838
1091 1.219721 0.880526 0.933124 0.978598
1092 1.218264 0.879574 0.932768 0.978285
1093 1.216837 0.878494 0.932620 0.977758
1094 1.216681 0.878392 0.931479 0.977543
1095 1.215304 0.878082 0.931005 0.977306
1096 1.213359 0.877161 0.930047 0.977260
1097 1.212494 0.876264 0.929472 0.976885
1098 1.211869 0.876054 0.929339 0.976745
1099 1.210013 0.874713 0.929059 0.976236
1100 1.208400 0.871639 0.927714 0.975194
1101 1.207326 0.869373 0.927188 0.975073
1102 1.206314 0.868925 0.926608 0.974716
1103 1.204716 0.868713 0.926391 0.974159
1104 1.204324 0.868260 0.925108 0.973544
1105 1.203240 0.867486 0.924668 0.972873
1106 1.202691 0.866371 0.924109 0.972683
1107 1.199968 0.865615 0.922994 0.972557
1108 1.197157 0.863796 0.922629 0.972346
1109 1.196140 0.862959 0.921882 0.972016
1110 1.193919 0.862538 0.921714 0.971804
1111 1.191800 0.860934 0.921253 0.971496
1112 1.189669 0.860196 0.920228 0.971138
1113 1.189345 0.859825 0.919769 0.971090
1114 1.188343 0.858771 0.919040 0.970846
1115 1.187634 0.858375 0.918040 0.970737
1116 1.186387 0.858042 0.917633 0.970399
1117 1.185105 0.857425 0.917328 0.970213
1118 1.184030 0.857159 0.916631 0.969725
1119 1.183208 0.856581 0.916224 0.969595
1120 1.182252 0.855356 0.915101 0.969242
1121 1.180685 0.853956 0.914859 0.969173
1122 1.179600 0.852433 0.913853 0.968512
1123 1.178809 0.851221 0.913414 0.968119
1124 1.176836 0.850342 0.912856 0.967184
1125 1.175934 0.849982 0.912161 0.966536
1126 1.175325 0.848797 0.911550 0.966418
1127 1.174051 0.848246 0.911229 0.965892
1128 1.173664 0.846055 0.908672 0.965799
1129 1.172749 0.844107 0.907689 0.965379
1130 1.172069 0.843963 0.907488 0.964932
1131 1.170292 0.843189 0.906708 0.964726
1132 1.169925 0.842628 0.905988 0.964517
1133 1.168720 0.841610 0.905710 0.964374
1134 1.168203 0.840375 0.905242 0.962668
1135 1.167446 0.839522 0.904254 0.962386
1136 1.167071 0.838076 0.903395 0.962060
1137 1.166556 0.836218 0.902624 0.961888
1138 1.166221 0.835693 0.902122 0.961092
1139 1.165308 0.835237 0.901289 0.960897
1140 1.163437 0.834864 0.900835 0.960359
1141 1.162319 0.833877 0.900182 0.960205
1142 1.161563 0.832039 0.899783 0.959782
1143 1.160927 0.831931 0.899220 0.959696
1144 1.158991 0.830698 0.898968 0.959471
1145 1.158031 0.829913 0.898389 0.958749
1146 1.157791 0.826738 0.895988 0.958496
1147 1.157470 0.823789 0.895464 0.957928
1148 1.156157 0.823163 0.894520 0.956773
1149 1.154702 0.822618 0.894378 0.955806
1150 1.153886 0.821306 0.893430 0.954835
1151 1.153422 0.818588 0.892937 0.954666
1152 1.152890 0.818016 0.892004 0.954454
1153 1.151962 0.817280 0.891392 0.953280
1154 1.150668 0.815778 0.889903 0.953034
1155 1.150016 0.814639 0.889258 0.952687
1156 1.148647 0.813967 0.889095 0.952576
1157 1.148342 0.812731 0.888534 0.952195
1158 1.147179 0.810949 0.887155 0.951994
1159 1.146172 0.809706 0.886779 0.951858
1160 1.145251 0.809490 0.885750 0.951570
1161 1.143782 0.809107 0.885399 0.950572
1162 1.142884 0.807439 0.884407 0.949761
1163 1.142053 0.806138 0.883249 0.949173
1164 1.140945 0.805636 0.881046 0.948017
1165 1.139691 0.803938 0.878064 0.947833
1166 1.137733 0.803528 0.877003 0.947377
1167 1.136871 0.803024 0.876193 0.946522
1168 1.135180 0.802156 0.875975 0.946433
1169 1.134850 0.801720 0.873691 0.945878
1170 1.133951 0.801069 0.873292 0.945792
1171 1.133019 0.800377 0.871927 0.945333
1172 1.132245 0.799196 0.871731 0.944667
1173 1.131612 0.798224 0.868533 0.944521
1174 1.131295 0.796736 0.868147 0.943491
1175 1.129735 0.795918 0.867279 0.942807
1176 1.129384 0.795309 0.867235 0.942695
1177 1.128423 0.793687 0.866496 0.942347
1178 1.125559 0.793363 0.864299 0.941088
1179 1.124894 0.791230 0.863592 0.940392
1180 1.123967 0.790792 0.862592 0.940085
1181 1.123871 0.789727 0.861781 0.939709
1182 1.123527 0.789066 0.860732 0.939349
1183 1.123283 0.788363 0.860622 0.938679
1184 1.121032 0.786565 0.859594 0.938236
1185 1.119678 0.784976 0.857709 0.937780
1186 1.119145 0.783864 0.855494 0.937587
1187 1.118994 0.781114 0.854757 0.937247
1188 1.117095 0.780694 0.854535 0.936374
1189 1.115608 0.780642 0.853219 0.935837
1190 1.115498 0.779639 0.852297 0.935333
1191 1.115091 0.778973 0.851545 0.935224
1192 1.113067 0.778825 0.851214 0.933987
1193 1.111638 0.776748 0.849813 0.933459
1194 1.111606 0.775922 0.849256 0.932355
1195 1.111081 0.775147 0.847727 0.931913
1196 1.108888 0.772481 0.845968 0.931672
1197 1.108469 0.769294 0.844635 0.930935
1198 1.108383 0.769253 0.843688 0.930750
1199 1.106931 0.767464 0.843214 0.929839
1200 1.106136 0.767384 0.842055 0.928777
1201 1.105350 0.765578 0.840468 0.928357
1202 1.103168 0.765553 0.838821 0.927626
1203 1.102431 0.763772 0.837216 0.927496
1204 1.102377 0.762726 0.835551 0.927315
1205 1.102154 0.762423 0.834337 0.927046
1206 1.100761 0.759719 0.834112 0.926255
1207 1.099845 0.759039 0.831921 0.924234
1208 1.099629 0.756927 0.830788 0.921537
1209 1.098746 0.753903 0.830231 0.921152
1210 1.097702 0.753451 0.826646 0.920508
1211 1.097412 0.751994 0.824221 0.920493
1212 1.096979 0.750352 0.823994 0.920309
1213 1.096254 0.749129 0.822560 0.919844
1214 1.095113 0.748880 0.819442 0.919471
1215 1.093824 0.748104 0.819131 0.918439
1216 1.093305 0.744527 0.817251 0.917743
1217 1.093109 0.744303 0.816652 0.917108
1218 1.092812 0.742693 0.816550 0.916267
1219 1.092213 0.742006 0.814611 0.915675
1220 1.090133 0.740797 0.813857 0.914831
1221 1.087026 0.739470 0.812746 0.914519
1222 1.085754 0.738909 0.812265 0.914427
1223 1.085182 0.734530 0.810106 0.913691
1224 1.084966 0.733244 0.809272 0.912950
1225 1.084745 0.732827 0.806453 0.912364
1226 1.084229 0.731298 0.806016 0.912019
1227 1.084022 0.730385 0.804474 0.910762
1228 1.083823 0.730170 0.803489 0.909130
1229 1.083085 0.729007 0.802545 0.908204
1230 1.080833 0.728730 0.802181 0.907932
1231 1.079407 0.728296 0.800729 0.906657
1232 1.078940 0.728131 0.799862 0.905633
1233 1.078262 0.726303 0.799717 0.901796
1234 1.077728 0.723909 0.795706 0.901170
1235 1.076753 0.722579 0.794619 0.900757
1236 1.076440 0.722546 0.793451 0.900088
1237 1.074084 0.721144 0.791461 0.899153
1238 1.074015 0.720261 0.790866 0.897961
1239 1.073863 0.718606 0.788978 0.897017
1240 1.073609 0.718411 0.788193 0.896135
1241 1.072278 0.717153 0.786520 0.894585
1242 1.072118 0.712534 0.785226 0.892901
1243 1.071788 0.712457 0.782748 0.891147
1244 1.071431 0.710800 0.781091 0.890201
1245 1.069699 0.710338 0.778491 0.888929
1246 1.069239 0.710205 0.776121 0.887589
1247 1.068867 0.709520 0.775551 0.887436
1248 1.068589 0.708384 0.774706 0.886762
1249 1.067832 0.706581 0.773836 0.885056
1250 1.067591 0.704949 0.770858 0.883112
1251 1.066300 0.704831 0.769691 0.881452
1252 1.066070 0.702687 0.767422 0.879448
1253 1.064879 0.702543 0.766343 0.879194
1254 1.064494 0.699927 0.765869 0.878960
1255 1.063537 0.698529 0.763578 0.877981
1256 1.061934 0.697005 0.760064 0.877821
1257 1.061798 0.692780 0.758867 0.875116
1258 1.060804 0.692377 0.758524 0.874562
1259 1.059849 0.692079 0.757979 0.873548
1260 1.059791 0.690744 0.757373 0.872532
1261 1.058336 0.687105 0.756687 0.872145
1262 1.057446 0.686668 0.754109 0.870625
1263 1.056950 0.684660 0.753557 0.870558
1264 1.056768 0.684228 0.752955 0.870206
1265 1.056450 0.682203 0.752267 0.869815
1266 1.056094 0.679215 0.750650 0.868385
1267 1.055929 0.678449 0.750349 0.866528
1268 1.055428 0.677274 0.747953 0.865167
1269 1.054378 0.676390 0.745753 0.863180
1270 1.053498 0.674570 0.744046 0.861042
1271 1.053206 0.674370 0.743624 0.860220
1272 1.052957 0.670250 0.737305 0.859952
1273 1.052805 0.669245 0.736797 0.858245
1274 1.052663 0.668075 0.734808 0.857372
1275 1.052639 0.665707 0.734095 0.855889
1276 1.051864 0.664679 0.732639 0.855460
1277 1.051112 0.661220 0.732156 0.854844
1278 1.050225 0.661058 0.729249 0.853576
1279 1.049614 0.657491 0.725720 0.851920
1280 1.049412 0.656415 0.724410 0.851742
1281 1.049340 0.656102 0.722130 0.850727
1282 1.049113 0.653517 0.721691 0.850508
1283 1.048637 0.653072 0.720571 0.850009
1284 1.047869 0.651161 0.719068 0.847526
1285 1.047117 0.646232 0.717567 0.846497
1286 1.047053 0.641967 0.717238 0.844995
1287 1.046870 0.638561 0.715094 0.843521
1288 1.046105 0.637916 0.713158 0.843082
1289 1.045581 0.637475 0.712632 0.842208
1290 1.045090 0.636832 0.711178 0.841412
1291 1.045079 0.631345 0.708200 0.839469
1292 1.044292 0.631002 0.706569 0.837907
1293 1.043167 0.625889 0.705741 0.837224
1294 1.042966 0.623614 0.702888 0.835153
1295 1.042793 0.619671 0.701204 0.833313
1296 1.042619 0.616655 0.700296 0.832795
1297 1.042479 0.615206 0.698478 0.830457
1298 1.041489 0.613785 0.694788 0.827856
1299 1.041459 0.609031 0.694221 0.827030
1300 1.041436 0.607089 0.688790 0.825099
1301 1.040707 0.605646 0.688293 0.821091
1302 1.040549 0.604777 0.687211 0.820369
1303 1.039465 0.604639 0.685825 0.816459
1304 1.039190 0.604240 0.679773 0.816313
1305 1.038716 0.599631 0.677217 0.814375
1306 1.037649 0.598235 0.675900 0.814125
1307 1.036746 0.593182 0.673341 0.813481
1308 1.036370 0.590034 0.672080 0.811474
1309 1.036252 0.583704 0.670334 0.811093
1310 1.036031 0.582713 0.669185 0.807549
1311 1.035355 0.581650 0.668789 0.801624
1312 1.035243 0.581058 0.661102 0.801297
1313 1.035199 0.579935 0.660371 0.799177
1314 1.034001 0.578101 0.659695 0.798898
1315 1.033550 0.576234 0.659631 0.796339
1316 1.033506 0.575011 0.654501 0.796140
1317 1.033431 0.570064 0.652598 0.796105
1318 1.033059 0.566854 0.651213 0.794923
1319 1.032948 0.562545 0.645972 0.793838
1320 1.032445 0.556415 0.645237 0.793335
1321 1.031188 0.555076 0.644057 0.789861
1322 1.031060 0.554085 0.642499 0.788025
1323 1.030546 0.553311 0.638697 0.784720
1324 1.030353 0.552551 0.634669 0.783046
1325 1.030021 0.550496 0.633928 0.779687
1326 1.029022 0.549876 0.629452 0.779105
1327 1.028945 0.547064 0.626873 0.777961
1328 1.028871 0.546972 0.624428 0.774231
1329 1.028616 0.544765 0.624279 0.773897
1330 1.028451 0.541406 0.619607 0.771287
1331 1.028279 0.534964 0.618250 0.769918
1332 1.028272 0.530111 0.617993 0.768251
1333 1.028138 0.527377 0.612029 0.766694
1334 1.027240 0.522920 0.610747 0.762376
1335 1.026972 0.521186 0.607928 0.757835
1336 1.026896 0.519399 0.607439 0.754829
1337 1.026627 0.514662 0.606066 0.744615
1338 1.026546 0.511986 0.603133 0.743588
1339 1.025761 0.507696 0.602745 0.742286
1340 1.025439 0.506846 0.597266 0.741468
1341 1.024872 0.505321 0.596575 0.740188
1342 1.024834 0.500561 0.594107 0.738022
1343 1.023745 0.500484 0.594045 0.735728
1344 1.022847 0.491903 0.585637 0.735052
1345 1.022741 0.490876 0.579755 0.733012
1346 1.021724 0.488763 0.576610 0.726638
1347 1.021015 0.488694 0.576397 0.722972
1348 1.020823 0.487373 0.570821 0.722705
1349 1.020352 0.482816 0.567483 0.720946
1350 1.019365 0.478975 0.566734 0.718307
1351 1.019140 0.478369 0.563410 0.715916
1352 1.019017 0.477493 0.562786 0.712693
1353 1.018466 0.476798 0.561982 0.705664
1354 1.018242 0.472004 0.555568 0.703023
1355 1.017407 0.470419 0.549421 0.701244
1356 1.017366 0.467879 0.544943 0.700752
1357 1.016707 0.460321 0.543839 0.697099
1358 1.016268 0.459259 0.539687 0.694717
1359 1.015967 0.455901 0.538782 0.693155
1360 1.015686 0.449428 0.537950 0.692708
1361 1.015227 0.448611 0.535365 0.688739
1362 1.013826 0.448307 0.532802 0.684994
1363 1.013659 0.444793 0.530451 0.681926
1364 1.013428 0.440671 0.526377 0.680110
1365 1.013320 0.440387 0.523595 0.678649
1366 1.013162 0.440343 0.520387 0.676996
1367 1.012203 0.439480 0.513488 0.675587
1368 1.011975 0.437280 0.508824 0.670017
1369 1.011836 0.435008 0.500080 0.663529
1370 1.011694 0.433601 0.485768 0.654529
1371 1.011484 0.432117 0.480139 0.649502
1372 1.011436 0.421802 0.474419 0.649460
1373 1.011137 0.420331 0.471720 0.649079
1374 1.010841 0.418516 0.470901 0.648649
1375 1.010809 0.415889 0.465763 0.640741
1376 1.010603 0.415204 0.455902 0.640638
1377 1.009967 0.404862 0.449747 0.635712
1378 1.009942 0.401136 0.445793 0.633479
1379 1.009445 0.396072 0.433650 0.633197
1380 1.009209 0.391990 0.432259 0.628756
1381 1.008957 0.390220 0.431819 0.626735
1382 1.008651 0.385227 0.431727 0.624212
1383 1.008455 0.375658 0.426789 0.622568
1384 1.008426 0.375379 0.425574 0.622158
1385 1.008307 0.373325 0.424611 0.612628
1386 1.008184 0.364810 0.418525 0.583048
1387 1.007755 0.360742 0.409211 0.579982
1388 1.007145 0.358275 0.407938 0.579786
1389 1.006866 0.354209 0.401788 0.570713
1390 1.006792 0.350770 0.400641 0.564444
1391 1.006478 0.350087 0.397894 0.561535
1392 1.005972 0.346870 0.391882 0.561417
1393 1.005803 0.343841 0.389163 0.551568
1394 1.005786 0.343422 0.388501 0.550190
1395 1.005416 0.341937 0.379780 0.543123
1396 1.005026 0.337966 0.376821 0.539547
1397 1.004364 0.336067 0.373531 0.533369
1398 1.004290 0.329170 0.365740 0.533237
1399 1.004103 0.325976 0.350776 0.519956
1400 1.003892 0.315735 0.343512 0.518055
1401 1.003329 0.307214 0.343054 0.499668
1402 1.002946 0.306151 0.336763 0.497233
1403 1.002879 0.289918 0.326823 0.490605
1404 1.002426 0.282087 0.318548 0.486736
1405 1.002180 0.270537 0.318248 0.475105
1406 1.002018 0.268482 0.317168 0.465007
1407 1.001801 0.265513 0.316753 0.458346
1408 1.001484 0.245684 0.308679 0.452342
1409 1.001468 0.244424 0.296438 0.416286
1410 1.001330 0.242678 0.296131 0.392687
1411 1.001277 0.234148 0.268611 0.389526
1412 1.000951 0.231229 0.258196 0.386771
1413 1.000820 0.224417 0.230240 0.382667
1414 1.000603 0.215661 0.225275 0.341087
1415 1.000487 0.204798 0.224404 0.248725
