k none reg psf1 psf5 psf25 
0 2050528.634552 36485.146036 1.577387 1.442627 1.334341
1 1746996.218063 15617.368007 1.486733 1.406376 1.285101
2 1698340.629882 14945.362850 1.449202 1.373157 1.232125
3 1646044.842825 6655.817444 1.442971 1.365199 1.212097
4 1642944.611840 5485.648286 1.396697 1.357192 1.194559
5 1598839.810201 4025.698501 1.388018 1.345620 1.191979
6 1592193.586057 2887.656035 1.372501 1.335545 1.190128
7 1576146.410509 2438.786608 1.355348 1.299749 1.186898
8 1561878.412209 2062.545123 1.335308 1.294690 1.185584
9 1540673.869749 2043.797281 1.323884 1.291711 1.185353
10 1517559.746021 1292.403353 1.306317 1.287421 1.184510
11 1490001.930699 1229.433147 1.302060 1.283460 1.173192
12 1483077.646407 1170.310518 1.291208 1.280914 1.172099
13 1474724.926321 1058.433273 1.282410 1.278787 1.170085
14 1471700.994177 756.981329 1.282019 1.276288 1.164059
15 1424850.551383 716.737747 1.272131 1.267020 1.162302
16 1391466.839075 642.794267 1.271485 1.265997 1.161546
17 1365222.078063 602.870620 1.260343 1.263818 1.157975
18 1319743.045100 566.302408 1.255371 1.262927 1.157336
19 1286315.950270 498.639540 1.253928 1.260940 1.156508
20 1272691.975522 462.722587 1.250676 1.253903 1.153884
21 1262946.786045 407.458263 1.249582 1.249930 1.152173
22 1262540.158799 373.179966 1.248396 1.248823 1.152129
23 1259024.097348 353.371481 1.244791 1.245052 1.150397
24 1254816.433324 332.141620 1.243573 1.240741 1.149776
25 1245469.681076 317.914054 1.243359 1.238510 1.146832
26 1237736.010125 291.832706 1.242006 1.237972 1.142414
27 1234398.682268 258.058953 1.241716 1.237526 1.141270
28 1225281.064620 230.894445 1.237760 1.237098 1.138634
29 1202068.456921 218.753632 1.235849 1.236822 1.136043
30 1190872.321492 208.174827 1.233711 1.227246 1.135598
31 1187040.953181 197.308382 1.231501 1.226723 1.132942
32 1181001.003089 193.502257 1.223694 1.225366 1.132259
33 1178548.250540 184.381416 1.221479 1.224754 1.131405
34 1173761.486020 161.202000 1.220365 1.223494 1.127756
35 1172440.358133 156.501162 1.219289 1.223224 1.127141
36 1168928.418978 151.905261 1.217698 1.222361 1.125782
37 1153910.674859 146.220843 1.214505 1.217471 1.125774
38 1149533.825485 133.301499 1.214021 1.216655 1.125194
39 1148946.194717 131.507930 1.211887 1.214815 1.124349
40 1145632.897457 122.713580 1.211076 1.212695 1.123073
41 1134980.009621 120.203493 1.208124 1.211361 1.122447
42 1122234.131810 113.575423 1.207731 1.210785 1.121258
43 1119092.871205 109.423512 1.206284 1.207302 1.119349
44 1115576.345192 106.318015 1.202007 1.206477 1.118645
45 1112860.475530 91.401840 1.201534 1.205378 1.118411
46 1102765.743910 90.071904 1.200306 1.203221 1.117581
47 1099723.930722 86.581032 1.199889 1.201850 1.115544
48 1094531.787726 82.920505 1.197132 1.199906 1.114342
49 1087815.031975 81.595210 1.193123 1.197097 1.111896
50 1084210.987594 80.547415 1.192748 1.195685 1.111163
51 1083732.558800 78.936520 1.191942 1.195068 1.110525
52 1073186.640042 71.995277 1.191313 1.194229 1.108584
53 1069675.043891 69.144577 1.189521 1.191166 1.107750
54 1048336.376553 65.540282 1.189332 1.190582 1.107607
55 1041091.722044 64.675477 1.185423 1.189367 1.106932
56 1040892.117916 63.738809 1.184562 1.188258 1.106182
57 1034951.046368 58.051117 1.183837 1.186199 1.106001
58 1030417.796189 57.432172 1.183126 1.185830 1.105464
59 1028986.459080 56.547736 1.179356 1.184988 1.104576
60 1026945.508726 55.300127 1.177624 1.183327 1.101877
61 1025763.619263 53.571979 1.177019 1.181954 1.101716
62 1020735.756969 52.675065 1.175358 1.181371 1.101455
63 1016307.678905 50.565255 1.175015 1.179122 1.100721
64 1014403.367552 49.165962 1.174414 1.179098 1.100178
65 1010999.521576 46.871085 1.172609 1.177261 1.099909
66 1008406.134669 44.106174 1.172247 1.176941 1.098456
67 1002935.157695 41.307143 1.171308 1.176672 1.097902
68 997256.918609 40.666970 1.170653 1.174471 1.097466
69 995325.840604 40.246344 1.169151 1.173971 1.097407
70 993246.936554 39.002023 1.168734 1.173661 1.096924
71 981907.407609 38.494774 1.165666 1.173016 1.096659
72 972524.708896 37.548043 1.165229 1.170919 1.095533
73 971267.258371 36.685047 1.163825 1.170403 1.095437
74 966736.879586 35.670812 1.163319 1.170385 1.095015
75 963650.187548 33.907696 1.162790 1.168822 1.094909
76 960001.232550 33.245035 1.160575 1.166622 1.093454
77 952792.541142 32.482788 1.159505 1.165642 1.093355
78 949862.397201 31.152590 1.159110 1.164750 1.093130
79 946752.278938 30.459944 1.158221 1.164060 1.092132
80 944712.158504 29.254930 1.157250 1.161921 1.091251
81 938019.889939 28.863632 1.156673 1.160685 1.091053
82 935120.035310 28.461229 1.155813 1.159949 1.090747
83 932641.185346 28.267704 1.154090 1.158822 1.089961
84 923904.052505 27.282034 1.153691 1.157846 1.089004
85 922510.737900 26.893408 1.153507 1.156813 1.088638
86 917602.750265 26.363807 1.151818 1.154800 1.088449
87 916810.742251 25.537641 1.150775 1.153988 1.087858
88 911156.088151 25.059576 1.148954 1.153648 1.086586
89 908304.812531 24.256222 1.148861 1.153433 1.086084
90 907220.683774 23.349323 1.147749 1.151864 1.085526
91 905381.843875 23.066594 1.146795 1.151161 1.084698
92 898323.480679 21.899158 1.145622 1.150245 1.084677
93 890292.900282 21.604230 1.144821 1.149040 1.084056
94 885073.052800 21.194411 1.143378 1.148938 1.082949
95 880161.550518 20.864396 1.143072 1.148650 1.082649
96 877242.254369 20.641996 1.142446 1.148592 1.082383
97 876000.176253 20.283396 1.141782 1.146703 1.081415
98 872070.124384 19.901250 1.141320 1.146090 1.081149
99 871865.801176 19.695957 1.140765 1.145721 1.080245
100 864273.256646 19.351236 1.140588 1.145284 1.079708
101 856826.455660 18.805389 1.139758 1.145158 1.078999
102 855872.873704 18.177849 1.138963 1.144818 1.078615
103 850859.350760 17.535579 1.138339 1.144506 1.077257
104 849425.986965 17.384956 1.136913 1.142309 1.077017
105 847362.875064 16.643588 1.136764 1.141869 1.076403
106 843955.354621 16.380702 1.136169 1.141283 1.076182
107 843011.394987 16.237714 1.134958 1.141021 1.075857
108 838802.675304 16.177589 1.134393 1.140044 1.075619
109 835226.714458 15.987781 1.133991 1.139368 1.075277
110 833799.193025 15.668974 1.133298 1.138624 1.074812
111 832907.924432 15.333516 1.132493 1.137950 1.074547
112 830803.447714 14.985426 1.131400 1.137905 1.074086
113 829553.003218 14.784967 1.130915 1.137098 1.073546
114 827204.724116 14.446485 1.130088 1.135319 1.073329
115 826151.982049 14.216503 1.129807 1.134851 1.073291
116 824681.230425 14.077152 1.128394 1.134426 1.072248
117 823567.950880 13.764821 1.128042 1.133408 1.071838
118 818960.701202 13.618947 1.126716 1.132990 1.071380
119 818339.101624 13.219894 1.125583 1.132574 1.071253
120 817771.751517 13.013541 1.125411 1.132085 1.071041
121 815580.082034 12.464527 1.125118 1.131729 1.070923
122 814424.623041 12.183782 1.124544 1.131457 1.070862
123 813017.758920 12.129238 1.123487 1.131031 1.070763
124 801667.192390 12.057009 1.123049 1.130675 1.070590
125 800264.082019 11.965905 1.123002 1.129944 1.070060
126 795476.835597 11.764827 1.122044 1.128754 1.069459
127 793362.941274 11.676261 1.121809 1.128372 1.068978
128 790506.941192 11.484537 1.121484 1.127311 1.068581
129 784474.517871 11.264089 1.120658 1.126972 1.068460
130 783613.181531 11.007417 1.120167 1.126198 1.068246
131 780693.324768 10.903377 1.118428 1.124937 1.067528
132 779512.219353 10.501656 1.118082 1.124614 1.067015
133 773044.081072 10.279002 1.117780 1.123874 1.066658
134 769314.934268 10.204949 1.117152 1.123728 1.066547
135 765076.129748 10.023375 1.117088 1.123400 1.066279
136 763897.723241 9.922883 1.116356 1.123191 1.065880
137 761615.364677 9.790490 1.115827 1.122845 1.065476
138 758399.583138 9.571865 1.115438 1.122676 1.064829
139 754884.112929 9.559319 1.115150 1.122154 1.064254
140 754466.993175 9.411475 1.113958 1.121865 1.063899
141 753327.950172 9.342902 1.113627 1.121279 1.063762
142 752727.856411 9.155427 1.113080 1.120544 1.062976
143 751454.314070 8.994603 1.110873 1.120030 1.062945
144 749626.186960 8.913687 1.110847 1.119348 1.062386
145 748585.773423 8.811746 1.110394 1.118758 1.062231
146 745748.022932 8.780263 1.110375 1.116949 1.062181
147 743715.909961 8.543733 1.109504 1.116289 1.061962
148 743491.578499 8.442642 1.109071 1.115834 1.061590
149 740952.008758 8.237732 1.108016 1.115525 1.060867
150 739846.254398 8.129560 1.107960 1.114943 1.060418
151 738566.269475 7.904649 1.107562 1.114204 1.060200
152 736459.744439 7.833253 1.106961 1.113687 1.059957
153 734230.932126 7.723532 1.105920 1.113184 1.059693
154 731507.831943 7.689097 1.105708 1.113023 1.058620
155 730267.325850 7.621785 1.105296 1.112733 1.058406
156 727389.537550 7.495548 1.105124 1.112182 1.058295
157 725670.183606 7.398415 1.104599 1.111375 1.057956
158 724290.927084 7.361220 1.103820 1.110841 1.057284
159 720839.651477 7.276362 1.103644 1.110317 1.056651
160 718430.937290 7.205049 1.102595 1.109899 1.056517
161 717490.396181 7.118527 1.102370 1.108446 1.056432
162 716231.499432 7.070634 1.102140 1.108393 1.056294
163 714579.710173 6.901994 1.102058 1.108068 1.056090
164 711813.099621 6.835530 1.101410 1.107532 1.055890
165 709929.513442 6.737752 1.100659 1.106684 1.055734
166 709692.100784 6.630808 1.099907 1.106179 1.055430
167 708651.030065 6.527845 1.099138 1.105537 1.055289
168 707000.940867 6.397597 1.098336 1.105445 1.055057
169 705544.786608 6.373089 1.097618 1.105094 1.054527
170 703851.285188 6.321988 1.097237 1.104456 1.054455
171 699349.398758 6.236168 1.097175 1.104098 1.054154
172 698381.871032 6.177013 1.096871 1.103561 1.053918
173 697525.467150 6.108818 1.096588 1.103213 1.053808
174 696485.986792 6.053362 1.096103 1.102805 1.053610
175 695633.631939 6.039113 1.095471 1.102135 1.053548
176 694229.770252 5.977519 1.094768 1.101863 1.053330
177 692821.321824 5.955943 1.094470 1.100786 1.053025
178 691101.768951 5.856291 1.094325 1.099999 1.052846
179 690368.462291 5.804090 1.094272 1.099273 1.052792
180 688756.727754 5.637989 1.093894 1.099198 1.052745
181 687768.725373 5.584106 1.093832 1.099029 1.052451
182 684460.848715 5.517697 1.093442 1.098167 1.052327
183 681557.235750 5.479890 1.093247 1.097849 1.051909
184 680385.011709 5.382449 1.093023 1.097329 1.051637
185 679571.325306 5.377251 1.092191 1.097039 1.050536
186 677601.032456 5.324873 1.092032 1.096607 1.050002
187 673534.074221 5.235469 1.091579 1.096129 1.049976
188 671989.415765 5.164010 1.090941 1.095704 1.049832
189 670356.723584 5.126328 1.090610 1.095457 1.049631
190 670089.891896 5.059598 1.089937 1.094929 1.049551
191 666940.808516 5.026560 1.089839 1.094302 1.048684
192 666530.310064 4.991782 1.089480 1.094194 1.048580
193 662928.025676 4.952437 1.089126 1.093944 1.048478
194 661577.961462 4.915159 1.088114 1.092828 1.048373
195 659321.039782 4.878898 1.087758 1.092639 1.048307
196 658506.565101 4.826978 1.087668 1.092373 1.048040
197 658068.364367 4.752225 1.087402 1.092270 1.047406
198 655432.064645 4.716030 1.086535 1.091672 1.047255
199 654492.798145 4.692987 1.086401 1.091624 1.046957
200 651856.117287 4.610477 1.086156 1.090763 1.046568
201 650334.035015 4.538729 1.085872 1.090099 1.046549
202 647999.372376 4.517412 1.085637 1.089895 1.045944
203 646783.991145 4.488546 1.084752 1.089679 1.045496
204 645383.481220 4.424602 1.084479 1.088422 1.045255
205 643602.243016 4.391390 1.084183 1.088217 1.045183
206 642289.870125 4.366370 1.083968 1.088118 1.045059
207 640627.181122 4.319274 1.083138 1.088001 1.044852
208 639217.717998 4.294245 1.082758 1.087618 1.044680
209 639005.367451 4.277426 1.082069 1.087008 1.043980
210 635052.386278 4.212678 1.081970 1.086683 1.043886
211 634505.878645 4.188723 1.081487 1.085558 1.043771
212 633418.045313 4.176273 1.081074 1.085442 1.043736
213 632209.567302 4.130128 1.080706 1.085344 1.043194
214 631140.328607 4.100736 1.080115 1.084939 1.043086
215 627039.543030 4.065226 1.078623 1.084821 1.043037
216 626353.559936 4.009885 1.078305 1.084155 1.042969
217 625630.192702 4.002901 1.078094 1.084096 1.042923
218 621004.616645 3.954203 1.077811 1.083328 1.042267
219 619390.633902 3.920353 1.076643 1.083083 1.042108
220 618093.211598 3.891665 1.076448 1.082897 1.042049
221 617331.666159 3.864976 1.076298 1.081671 1.041713
222 614784.727103 3.819858 1.076096 1.081352 1.041660
223 614098.427716 3.771251 1.075918 1.081074 1.041196
224 612468.733491 3.751510 1.075514 1.080252 1.040905
225 610676.219487 3.708562 1.075071 1.079954 1.040710
226 607115.150041 3.699360 1.074920 1.079546 1.040530
227 605726.370097 3.627043 1.074598 1.079309 1.040374
228 604049.071799 3.617895 1.074358 1.079129 1.040264
229 600856.946670 3.579675 1.074218 1.078730 1.040105
230 598819.315255 3.559846 1.073841 1.078199 1.040050
231 597456.177407 3.530926 1.073788 1.077878 1.039802
232 595553.424094 3.514570 1.073278 1.077663 1.039445
233 594622.837694 3.486913 1.072871 1.077489 1.039384
234 593201.008833 3.463842 1.071682 1.076725 1.039079
235 592295.286498 3.422068 1.071659 1.076478 1.038725
236 591104.754441 3.412831 1.070933 1.075878 1.038166
237 590176.806347 3.372935 1.070655 1.075431 1.037991
238 589125.879432 3.356857 1.070591 1.074712 1.037952
239 587242.834039 3.331329 1.070186 1.074613 1.037811
240 586766.637460 3.307761 1.069941 1.074563 1.037769
241 584910.939266 3.298203 1.069628 1.074165 1.037273
242 583169.071297 3.247894 1.069266 1.073972 1.037097
243 582154.306621 3.223699 1.068675 1.073572 1.037070
244 579998.323910 3.206596 1.068528 1.073392 1.037027
245 578608.734465 3.198219 1.067874 1.073176 1.036644
246 577021.241954 3.178075 1.067653 1.072642 1.036349
247 576197.094503 3.166942 1.067308 1.072480 1.036185
248 574993.265610 3.137683 1.067246 1.072164 1.036009
249 573685.287053 3.117223 1.066376 1.071520 1.035643
250 573245.540395 3.079913 1.066200 1.070607 1.035552
251 571713.018598 3.070895 1.065784 1.070524 1.035332
252 571094.027472 3.053856 1.065496 1.070217 1.035186
253 569171.544050 3.027734 1.065107 1.069845 1.034966
254 567993.829506 3.011065 1.064911 1.069677 1.034790
255 567789.273407 2.971371 1.064488 1.069495 1.034583
256 566773.237136 2.965262 1.064136 1.068851 1.034441
257 565358.731206 2.958776 1.062922 1.068788 1.034374
258 564332.657788 2.933262 1.062714 1.068445 1.034212
259 562870.554872 2.910682 1.062462 1.068244 1.034097
260 562302.723826 2.907927 1.062337 1.067809 1.034040
261 561096.108675 2.901666 1.062190 1.067691 1.033946
262 559617.293379 2.854087 1.062135 1.067397 1.033704
263 559360.190795 2.837526 1.062087 1.067307 1.033407
264 557709.612294 2.829790 1.061795 1.066935 1.033364
265 557279.652993 2.809160 1.061291 1.066518 1.033319
266 555565.446902 2.787029 1.060841 1.066212 1.033038
267 554096.197813 2.769003 1.060569 1.066111 1.032945
268 553117.526200 2.753433 1.060447 1.065767 1.032922
269 552295.426568 2.745678 1.060382 1.065106 1.032596
270 551098.428143 2.728515 1.060037 1.065066 1.032448
271 549499.635549 2.713580 1.059245 1.064375 1.032242
272 547916.840147 2.700053 1.058927 1.064237 1.032193
273 547840.584960 2.690081 1.058808 1.063352 1.031705
274 546654.180788 2.663041 1.058611 1.063252 1.031526
275 545126.700085 2.651506 1.058435 1.062998 1.031362
276 543637.304902 2.635241 1.058008 1.062581 1.031177
277 542877.470498 2.609497 1.057786 1.062105 1.030986
278 542179.430413 2.589459 1.057478 1.061827 1.030742
279 540304.444057 2.581085 1.057442 1.061667 1.030632
280 538082.225487 2.570588 1.057045 1.061325 1.030208
281 537635.213807 2.562753 1.056853 1.061050 1.030195
282 536997.947813 2.548286 1.056570 1.060882 1.030187
283 536709.558473 2.525657 1.056325 1.060480 1.030038
284 535861.134588 2.512441 1.055965 1.060242 1.029550
285 534202.407461 2.502900 1.055578 1.060158 1.029482
286 533487.524901 2.492692 1.055386 1.059843 1.029390
287 532334.601655 2.456299 1.055051 1.059580 1.029386
288 531625.930643 2.452466 1.054833 1.059471 1.029120
289 531161.515031 2.433128 1.054442 1.059146 1.028903
290 529770.046607 2.424111 1.054321 1.058959 1.028810
291 528677.348121 2.417308 1.054055 1.058791 1.028730
292 528346.331655 2.410159 1.053888 1.058145 1.028608
293 527387.280779 2.397816 1.053281 1.057761 1.028589
294 527266.308266 2.384855 1.052953 1.057321 1.028410
295 525095.197160 2.370138 1.052848 1.056757 1.028227
296 524689.598107 2.355446 1.052563 1.056241 1.028063
297 524014.059103 2.351048 1.052376 1.056111 1.027921
298 522037.713401 2.329805 1.052099 1.056062 1.027784
299 521601.806421 2.323090 1.051830 1.055522 1.027708
300 521029.283243 2.311861 1.051798 1.055425 1.027617
301 520313.365972 2.297853 1.051353 1.055128 1.027479
302 519505.918227 2.293393 1.051114 1.055048 1.027355
303 518460.696022 2.282278 1.050523 1.054651 1.027320
304 518050.233167 2.266227 1.050155 1.054306 1.027096
305 517505.986548 2.259979 1.050083 1.053971 1.027078
306 516649.396128 2.247541 1.049932 1.053872 1.026820
307 514540.619662 2.247340 1.049569 1.053713 1.026484
308 513110.884573 2.239532 1.049357 1.053570 1.026477
309 512606.413762 2.220972 1.048956 1.053306 1.026171
310 510709.435369 2.209847 1.048801 1.053173 1.025988
311 509887.363324 2.199445 1.048706 1.053060 1.025795
312 507993.737158 2.195360 1.048551 1.052884 1.025614
313 507776.696857 2.179829 1.048227 1.052600 1.025592
314 506585.506369 2.165015 1.047840 1.052403 1.025493
315 506256.946317 2.157712 1.047794 1.051991 1.025397
316 505344.543687 2.155954 1.047651 1.051788 1.025273
317 504418.669076 2.144713 1.047504 1.051408 1.025056
318 504219.316637 2.138213 1.047305 1.051245 1.024915
319 502585.883993 2.124858 1.046931 1.051138 1.024777
320 500669.531062 2.117334 1.046633 1.051034 1.024620
321 500274.198366 2.109990 1.046588 1.050812 1.024533
322 499075.442879 2.105269 1.046505 1.050172 1.024289
323 497347.716871 2.091703 1.046197 1.049926 1.024165
324 497226.680499 2.085403 1.045883 1.049672 1.024036
325 496021.397847 2.079187 1.045852 1.049425 1.023976
326 494887.011620 2.071703 1.045455 1.049124 1.023853
327 494013.671118 2.065390 1.045271 1.049010 1.023746
328 493534.239097 2.055479 1.045161 1.048884 1.023629
329 491585.056981 2.038662 1.044971 1.048743 1.023563
330 491321.461179 2.031583 1.044920 1.048548 1.023430
331 490859.478263 2.025082 1.044811 1.048450 1.023337
332 489886.871800 2.018098 1.044732 1.048005 1.023285
333 489210.166506 2.013100 1.044544 1.047861 1.023110
334 488980.486099 2.002408 1.044342 1.047722 1.023050
335 488329.712958 1.997077 1.044177 1.047623 1.022926
336 487275.600584 1.983337 1.043938 1.047459 1.022788
337 486320.906923 1.976495 1.043757 1.047108 1.022676
338 485331.972188 1.966296 1.043350 1.046768 1.022649
339 484867.942053 1.961957 1.043107 1.046586 1.022534
340 484335.205563 1.956048 1.042971 1.046434 1.022496
341 483974.373744 1.952359 1.042869 1.046251 1.022289
342 483352.686328 1.942120 1.042718 1.046068 1.022081
343 482637.443026 1.938801 1.042574 1.045916 1.021863
344 481773.719808 1.932584 1.042487 1.045758 1.021717
345 481072.831604 1.927317 1.042417 1.045568 1.021656
346 480035.942390 1.918467 1.042163 1.045283 1.021480
347 479403.293516 1.909987 1.041675 1.045223 1.021438
348 478391.896988 1.902526 1.041470 1.044877 1.021316
349 478067.321520 1.891261 1.041329 1.044576 1.021181
350 476875.170793 1.888469 1.040969 1.044377 1.021029
351 475284.893238 1.882326 1.040877 1.044177 1.020947
352 474960.227340 1.876564 1.040439 1.044040 1.020872
353 474239.268379 1.870406 1.040334 1.043926 1.020680
354 473301.881141 1.860568 1.039993 1.043802 1.020484
355 472804.047648 1.856884 1.039906 1.043563 1.020442
356 472047.908018 1.852469 1.039687 1.043471 1.020393
357 471241.065620 1.845983 1.039470 1.043056 1.020291
358 471090.452374 1.841968 1.039375 1.042680 1.020150
359 469458.267319 1.833181 1.038808 1.042613 1.020087
360 468500.603141 1.829926 1.038583 1.042525 1.019907
361 467102.971228 1.819146 1.038277 1.042102 1.019865
362 467012.140859 1.813288 1.038179 1.042046 1.019670
363 466396.387495 1.811255 1.037956 1.041868 1.019480
364 466067.743800 1.801425 1.037701 1.041761 1.019412
365 465629.148626 1.798072 1.037511 1.041717 1.019257
366 464292.874099 1.790735 1.037399 1.041611 1.019235
367 462677.791348 1.783842 1.037167 1.041479 1.019178
368 462159.132285 1.780003 1.037038 1.041352 1.019026
369 461702.577576 1.772570 1.036890 1.041079 1.019007
370 460384.334580 1.766871 1.036659 1.040679 1.018884
371 460257.609150 1.758576 1.036462 1.040585 1.018867
372 458503.124709 1.758016 1.036243 1.040500 1.018753
373 457679.740214 1.753747 1.036122 1.040122 1.018740
374 457311.172253 1.745081 1.035871 1.040047 1.018534
375 457228.054878 1.741209 1.035825 1.039813 1.018411
376 455912.250189 1.737429 1.035526 1.039642 1.018226
377 455243.461414 1.735033 1.035404 1.039267 1.018196
378 453829.772801 1.727749 1.035025 1.039231 1.018110
379 453651.187839 1.723362 1.034968 1.039050 1.018053
380 452906.315279 1.722419 1.034700 1.038863 1.017930
381 452565.279550 1.715815 1.034342 1.038802 1.017778
382 452237.994580 1.710997 1.034280 1.038488 1.017741
383 450762.338944 1.706438 1.034218 1.038457 1.017703
384 450271.561507 1.702324 1.034037 1.038367 1.017589
385 449717.011782 1.698751 1.033933 1.038246 1.017558
386 448305.860394 1.688505 1.033808 1.038104 1.017408
387 447433.143765 1.680521 1.033594 1.038089 1.017322
388 446970.851297 1.678197 1.033407 1.037778 1.017254
389 446288.911167 1.675915 1.033086 1.037682 1.017098
390 445990.054913 1.672636 1.033005 1.037375 1.017021
391 445531.828772 1.664673 1.032872 1.037255 1.017018
392 444699.076043 1.660487 1.032696 1.037087 1.016739
393 443656.014258 1.655418 1.032426 1.036611 1.016658
394 443517.994509 1.651597 1.032289 1.036411 1.016615
395 443107.121411 1.646336 1.032067 1.036280 1.016472
396 442113.168164 1.642716 1.031700 1.036135 1.016366
397 441436.946914 1.635915 1.031613 1.035787 1.016351
398 440880.387755 1.632501 1.031427 1.035638 1.016230
399 440546.140709 1.630026 1.031186 1.035426 1.016191
400 439543.080081 1.625884 1.031085 1.035353 1.016134
401 439491.787844 1.618162 1.030878 1.035239 1.015903
402 438607.953973 1.613672 1.030636 1.035164 1.015806
403 438188.193863 1.609643 1.030120 1.034803 1.015703
404 437517.523091 1.607037 1.030004 1.034560 1.015664
405 437068.524045 1.605577 1.029742 1.034500 1.015484
406 436130.622117 1.602629 1.029537 1.034420 1.015468
407 435909.936679 1.598446 1.029443 1.034182 1.015395
408 435320.391618 1.596790 1.029251 1.034077 1.015315
409 434245.636703 1.592422 1.029080 1.033845 1.015197
410 433852.561865 1.588427 1.029044 1.033746 1.015155
411 433118.418215 1.582775 1.029007 1.033348 1.014985
412 432379.305149 1.580721 1.028939 1.033066 1.014935
413 431531.083084 1.572992 1.028829 1.032834 1.014911
414 430911.779665 1.571150 1.028622 1.032735 1.014827
415 430530.005490 1.568215 1.028466 1.032635 1.014687
416 429581.780791 1.564460 1.028313 1.032431 1.014640
417 428592.227321 1.562960 1.028266 1.032234 1.014553
418 427767.572098 1.558900 1.028048 1.031924 1.014485
419 427383.329194 1.553614 1.027794 1.031821 1.014423
420 427007.494676 1.552281 1.027684 1.031678 1.014399
421 425616.051676 1.542996 1.027439 1.031581 1.014270
422 425277.030645 1.541176 1.027327 1.031251 1.014252
423 424757.832406 1.537918 1.027230 1.031209 1.014160
424 424106.457993 1.532707 1.027148 1.030830 1.014073
425 423030.640225 1.529157 1.026851 1.030671 1.013960
426 422668.047992 1.528625 1.026569 1.030517 1.013896
427 422462.988226 1.523536 1.026466 1.030506 1.013720
428 420616.457751 1.520392 1.026342 1.030355 1.013699
429 420028.446761 1.516812 1.026268 1.030249 1.013632
430 419534.341699 1.516221 1.026185 1.030133 1.013519
431 419280.937789 1.503717 1.026083 1.029819 1.013441
432 418642.439015 1.502830 1.025853 1.029789 1.013324
433 418062.498727 1.499620 1.025800 1.029585 1.013273
434 417221.248365 1.498580 1.025662 1.029333 1.013236
435 416408.870168 1.491426 1.025533 1.029143 1.013089
436 415742.518305 1.490212 1.025460 1.029032 1.013045
437 414854.423079 1.487215 1.025423 1.028905 1.012960
438 414097.460810 1.483674 1.025392 1.028770 1.012858
439 413423.804778 1.481309 1.025232 1.028606 1.012781
440 413142.742584 1.476597 1.025084 1.028562 1.012724
441 412797.132155 1.473514 1.024690 1.028450 1.012665
442 412392.913038 1.471544 1.024455 1.028320 1.012542
443 411745.570979 1.467638 1.024367 1.028227 1.012490
444 411457.755476 1.465107 1.024131 1.027995 1.012353
445 410652.654430 1.464405 1.023964 1.027895 1.012289
446 409972.736887 1.460217 1.023833 1.027876 1.012250
447 409729.869521 1.458704 1.023690 1.027633 1.012187
448 409159.299355 1.456944 1.023546 1.027355 1.012029
449 408466.196337 1.452493 1.023388 1.027336 1.012000
450 408175.773818 1.449549 1.023258 1.027229 1.011846
451 407567.750803 1.446925 1.023098 1.027068 1.011692
452 407185.339523 1.443888 1.022942 1.026996 1.011642
453 406921.520930 1.441154 1.022858 1.026842 1.011588
454 406460.671518 1.437734 1.022697 1.026749 1.011474
455 405977.783626 1.434479 1.022654 1.026458 1.011434
456 405777.906669 1.432464 1.022437 1.026382 1.011302
457 405548.433545 1.428844 1.022392 1.026252 1.011278
458 405328.616144 1.427197 1.022303 1.026224 1.011232
459 404276.364447 1.423394 1.022233 1.026128 1.011197
460 403975.175638 1.423290 1.022165 1.025853 1.011138
461 403620.479791 1.418243 1.022024 1.025581 1.011105
462 403112.051284 1.416253 1.021830 1.025404 1.010970
463 402040.262595 1.415697 1.021714 1.025064 1.010857
464 401350.690664 1.412160 1.021599 1.024987 1.010782
465 400648.842289 1.408218 1.021416 1.024899 1.010600
466 400273.070225 1.407440 1.021305 1.024855 1.010528
467 399531.924714 1.403069 1.021108 1.024776 1.010510
468 399465.106686 1.402769 1.021071 1.024611 1.010483
469 398266.580399 1.399816 1.020878 1.024495 1.010371
470 398011.375250 1.398131 1.020839 1.024378 1.010327
471 397899.309980 1.395987 1.020759 1.024111 1.010262
472 397830.751773 1.391037 1.020699 1.024073 1.010237
473 397378.879450 1.389992 1.020497 1.023936 1.010183
474 396984.921513 1.387037 1.020427 1.023905 1.010090
475 396201.322328 1.385774 1.020231 1.023801 1.009994
476 396037.205494 1.382883 1.020196 1.023712 1.009967
477 395827.703851 1.380070 1.019858 1.023475 1.009931
478 395418.180384 1.378493 1.019703 1.023392 1.009825
479 395225.842382 1.377727 1.019612 1.023377 1.009762
480 394749.702744 1.375238 1.019513 1.023135 1.009643
481 393765.431035 1.371594 1.019453 1.022918 1.009590
482 393050.527189 1.368697 1.019280 1.022776 1.009536
483 392770.655109 1.367032 1.019184 1.022689 1.009514
484 392444.272192 1.365560 1.019072 1.022603 1.009440
485 391983.642111 1.365357 1.018880 1.022378 1.009337
486 391536.577013 1.362582 1.018792 1.022304 1.009307
487 391103.993095 1.359823 1.018511 1.022199 1.009294
488 390120.166531 1.358303 1.018461 1.022052 1.009145
489 389565.978910 1.355134 1.018432 1.022011 1.009096
490 389318.956278 1.353310 1.018389 1.021729 1.009056
491 388853.906641 1.351270 1.018315 1.021655 1.008977
492 388246.513648 1.350110 1.018169 1.021532 1.008902
493 387604.290443 1.349201 1.018092 1.021432 1.008900
494 387323.076826 1.348767 1.018036 1.021357 1.008744
495 386374.284317 1.344597 1.017942 1.021228 1.008699
496 385918.098144 1.343531 1.017857 1.020959 1.008668
497 385044.628545 1.341047 1.017676 1.020895 1.008622
498 383633.458880 1.339904 1.017631 1.020783 1.008537
499 383397.700636 1.338690 1.017557 1.020630 1.008453
500 383017.281651 1.335988 1.017401 1.020548 1.008411
501 382317.296109 1.333455 1.017304 1.020497 1.008318
502 381883.758034 1.332469 1.017224 1.020371 1.008242
503 381007.602945 1.331839 1.017164 1.020186 1.008226
504 380556.042514 1.329781 1.017113 1.020098 1.008103
505 380279.973608 1.328569 1.016999 1.020031 1.008002
506 379979.364420 1.325913 1.016841 1.019839 1.007960
507 379829.003561 1.325402 1.016697 1.019709 1.007939
508 378952.421840 1.323870 1.016580 1.019652 1.007843
509 377916.684075 1.319078 1.016420 1.019618 1.007824
510 377691.793349 1.317322 1.016407 1.019425 1.007669
511 376802.427580 1.316052 1.016319 1.019362 1.007553
512 376327.027390 1.314787 1.015933 1.019170 1.007538
513 376144.242169 1.313186 1.015747 1.019129 1.007413
514 375824.198946 1.310738 1.015700 1.019028 1.007385
515 375134.919259 1.307766 1.015530 1.018786 1.007351
516 374864.259179 1.306185 1.015458 1.018646 1.007325
517 374087.124074 1.305168 1.015418 1.018437 1.007257
518 373398.103698 1.303362 1.015335 1.018384 1.007202
519 373052.974704 1.301826 1.015267 1.018089 1.007155
520 372146.680019 1.299916 1.015127 1.017978 1.007140
521 371931.929016 1.299276 1.015073 1.017784 1.007121
522 371157.259361 1.298139 1.014968 1.017760 1.007069
523 370458.228678 1.296109 1.014930 1.017589 1.007035
524 369976.538927 1.294563 1.014785 1.017358 1.007015
525 369667.363942 1.292802 1.014646 1.017236 1.006965
526 369239.679817 1.291000 1.014601 1.017081 1.006895
527 368653.849524 1.289044 1.014550 1.016930 1.006784
528 368209.975115 1.288532 1.014447 1.016880 1.006703
529 368055.501290 1.286661 1.014352 1.016675 1.006640
530 367066.332064 1.285049 1.014271 1.016570 1.006602
531 366722.696447 1.284458 1.014237 1.016401 1.006573
532 366141.294512 1.282121 1.014131 1.016232 1.006521
533 365945.732623 1.281574 1.014020 1.016167 1.006478
534 365357.133502 1.280134 1.013966 1.016015 1.006402
535 364999.185663 1.277360 1.013773 1.015913 1.006389
536 364639.936755 1.276708 1.013621 1.015831 1.006365
537 364149.974844 1.275281 1.013471 1.015618 1.006336
538 363434.869182 1.274486 1.013412 1.015457 1.006295
539 362759.054707 1.273711 1.013392 1.015352 1.006232
540 362734.217038 1.272270 1.013262 1.015259 1.006211
541 362268.829315 1.270509 1.013194 1.015178 1.006195
542 361851.655837 1.269464 1.013108 1.015130 1.006153
543 361342.894257 1.268744 1.013038 1.015043 1.006060
544 360690.761086 1.267798 1.012722 1.014927 1.006027
545 360013.126185 1.264848 1.012640 1.014786 1.005925
546 358866.869428 1.262995 1.012616 1.014601 1.005802
547 358497.864552 1.261754 1.012497 1.014520 1.005795
548 357529.282828 1.258815 1.012382 1.014490 1.005782
549 357052.710316 1.257239 1.012310 1.014413 1.005709
550 355937.729199 1.256211 1.012219 1.014164 1.005689
551 355625.642156 1.255472 1.012134 1.014071 1.005634
552 355544.487591 1.253759 1.012077 1.014015 1.005613
553 354538.420496 1.252670 1.012010 1.013915 1.005560
554 354402.478551 1.251486 1.011862 1.013711 1.005521
555 353761.723661 1.250111 1.011826 1.013627 1.005491
556 352838.904014 1.248082 1.011691 1.013568 1.005451
557 352674.342396 1.247165 1.011624 1.013481 1.005429
558 352235.227906 1.245241 1.011479 1.013417 1.005396
559 351820.953223 1.242825 1.011406 1.013336 1.005368
560 351587.814289 1.241802 1.011330 1.013306 1.005291
561 349918.928988 1.240786 1.011255 1.013255 1.005265
562 349528.118443 1.239362 1.011187 1.013083 1.005258
563 348820.086725 1.237826 1.011130 1.012989 1.005203
564 348176.544409 1.237202 1.011095 1.012918 1.005156
565 347771.477702 1.236362 1.011075 1.012795 1.005126
566 347533.572860 1.235050 1.010830 1.012660 1.005053
567 346928.875753 1.234468 1.010661 1.012630 1.005044
568 346046.452663 1.232651 1.010645 1.012500 1.004986
569 345438.642295 1.230997 1.010598 1.012365 1.004958
570 345051.950726 1.229087 1.010584 1.012330 1.004949
571 344724.983586 1.228088 1.010549 1.012294 1.004931
572 343944.350990 1.227509 1.010459 1.012211 1.004869
573 343327.386516 1.225386 1.010427 1.012142 1.004827
574 342850.789875 1.225017 1.010325 1.012089 1.004807
575 342732.744412 1.223219 1.010215 1.011994 1.004769
576 341668.812902 1.220732 1.010159 1.011909 1.004727
577 340517.262468 1.219585 1.010073 1.011871 1.004648
578 340212.185601 1.219492 1.010014 1.011808 1.004609
579 339353.922897 1.218479 1.009883 1.011708 1.004565
580 338801.004718 1.217100 1.009836 1.011680 1.004520
581 337851.804839 1.216159 1.009729 1.011556 1.004488
582 337308.867422 1.214344 1.009566 1.011369 1.004447
583 337147.461714 1.212018 1.009541 1.011281 1.004408
584 336294.223851 1.211578 1.009521 1.011194 1.004376
585 335720.514007 1.211099 1.009445 1.011179 1.004337
586 335397.466411 1.210453 1.009333 1.011162 1.004286
587 335086.309477 1.210040 1.009285 1.011007 1.004247
588 334519.221282 1.207768 1.009173 1.010792 1.004228
589 334174.896666 1.207372 1.009115 1.010722 1.004190
590 333840.766281 1.205985 1.009063 1.010682 1.004132
591 333600.978608 1.203142 1.009024 1.010615 1.004123
592 332793.355841 1.202673 1.008934 1.010556 1.004104
593 331852.019686 1.201589 1.008923 1.010464 1.004056
594 331125.746367 1.200931 1.008690 1.010293 1.004004
595 330872.008543 1.200433 1.008631 1.010259 1.004000
596 330171.256050 1.199648 1.008610 1.010063 1.003958
597 329717.271449 1.199239 1.008554 1.009965 1.003937
598 329524.446523 1.197038 1.008513 1.009837 1.003891
599 328811.908394 1.196319 1.008488 1.009798 1.003875
600 328265.188599 1.194515 1.008470 1.009717 1.003852
601 327559.062229 1.193348 1.008420 1.009664 1.003808
602 326944.308516 1.191769 1.008302 1.009596 1.003793
603 326556.393519 1.190370 1.008264 1.009567 1.003683
604 326485.134470 1.189989 1.008255 1.009425 1.003678
605 326017.927443 1.189441 1.008092 1.009270 1.003644
606 325604.976683 1.188409 1.007994 1.009250 1.003612
607 325062.701062 1.187200 1.007975 1.009187 1.003571
608 325036.953435 1.185372 1.007926 1.009030 1.003522
609 324430.661983 1.185134 1.007845 1.009010 1.003483
610 323244.537270 1.184268 1.007789 1.008986 1.003447
611 322971.868343 1.182733 1.007741 1.008923 1.003420
612 322607.646891 1.181460 1.007655 1.008856 1.003395
613 322268.837177 1.180752 1.007553 1.008840 1.003392
614 321941.668568 1.180157 1.007435 1.008740 1.003365
615 321700.003390 1.179202 1.007408 1.008663 1.003330
616 321361.563549 1.177579 1.007378 1.008632 1.003294
617 320909.354663 1.176887 1.007236 1.008538 1.003249
618 320394.898281 1.176603 1.007161 1.008482 1.003216
619 320371.804443 1.175208 1.007033 1.008404 1.003193
620 319123.487546 1.174771 1.007006 1.008371 1.003166
621 318880.545542 1.173645 1.006960 1.008330 1.003124
622 318408.390426 1.173231 1.006893 1.008237 1.003062
623 317974.685472 1.172826 1.006840 1.008169 1.003019
624 317724.945324 1.172038 1.006824 1.008082 1.002997
625 317075.684025 1.171412 1.006791 1.008064 1.002992
626 315794.475645 1.170603 1.006694 1.007925 1.002971
627 315607.150758 1.169147 1.006675 1.007858 1.002953
628 315358.159994 1.167525 1.006629 1.007807 1.002916
629 315226.981251 1.166634 1.006493 1.007720 1.002878
630 314400.179332 1.166337 1.006451 1.007644 1.002819
631 313942.574021 1.165332 1.006420 1.007591 1.002807
632 313452.949429 1.164511 1.006359 1.007564 1.002795
633 312761.060607 1.164081 1.006239 1.007391 1.002771
634 312557.282684 1.162526 1.006187 1.007169 1.002728
635 311988.575255 1.161628 1.006163 1.007153 1.002721
636 311912.248767 1.160754 1.006049 1.007091 1.002683
637 310718.170981 1.159724 1.005982 1.007049 1.002642
638 310417.781590 1.158887 1.005944 1.007021 1.002611
639 310095.179830 1.157354 1.005891 1.007005 1.002584
640 309785.066732 1.157280 1.005804 1.006986 1.002546
641 308870.864496 1.156436 1.005783 1.006918 1.002519
642 308403.581061 1.154522 1.005719 1.006906 1.002507
643 308014.024440 1.154058 1.005706 1.006842 1.002463
644 307760.494454 1.153543 1.005670 1.006768 1.002441
645 307086.099161 1.153181 1.005639 1.006702 1.002408
646 306912.352694 1.152507 1.005552 1.006700 1.002392
647 305848.414249 1.152499 1.005538 1.006633 1.002364
648 305396.951193 1.150790 1.005486 1.006582 1.002347
649 305308.311979 1.149848 1.005414 1.006535 1.002323
650 304732.020838 1.149543 1.005391 1.006510 1.002296
651 304129.558672 1.148292 1.005312 1.006478 1.002293
652 303178.587465 1.146103 1.005274 1.006431 1.002273
653 302848.458647 1.145691 1.005217 1.006381 1.002261
654 302370.761723 1.145229 1.005181 1.006250 1.002227
655 302103.504166 1.144339 1.005109 1.006195 1.002195
656 301920.050374 1.143823 1.005029 1.006155 1.002189
657 300619.227575 1.142855 1.004968 1.006131 1.002164
658 300212.884991 1.142060 1.004938 1.005993 1.002153
659 299553.000535 1.140662 1.004864 1.005937 1.002134
660 299413.408459 1.140430 1.004830 1.005860 1.002091
661 299137.307837 1.139924 1.004753 1.005830 1.002067
662 299025.005949 1.139035 1.004743 1.005792 1.002052
663 298979.124595 1.138123 1.004716 1.005684 1.002005
664 297814.697445 1.137532 1.004708 1.005672 1.001990
665 297243.941062 1.137111 1.004669 1.005608 1.001977
666 297152.324254 1.137018 1.004633 1.005503 1.001927
667 296942.730042 1.136391 1.004599 1.005488 1.001909
668 296672.627049 1.136233 1.004560 1.005421 1.001880
669 296491.971474 1.135731 1.004504 1.005392 1.001863
670 295945.261695 1.134950 1.004437 1.005315 1.001845
671 295470.344717 1.134258 1.004386 1.005232 1.001836
672 295278.206068 1.133663 1.004324 1.005145 1.001826
673 295069.718186 1.132849 1.004306 1.005093 1.001809
674 294794.685166 1.132027 1.004262 1.005000 1.001802
675 294438.953910 1.131793 1.004223 1.004952 1.001793
676 293400.902477 1.130512 1.004155 1.004915 1.001763
677 293107.990058 1.129814 1.004117 1.004854 1.001714
678 292743.988710 1.129218 1.004093 1.004839 1.001692
679 291849.307425 1.128221 1.003980 1.004772 1.001677
680 291693.969592 1.127667 1.003938 1.004759 1.001669
681 291250.109249 1.127343 1.003901 1.004696 1.001622
682 291165.243783 1.125418 1.003896 1.004664 1.001607
683 290919.595461 1.124647 1.003849 1.004590 1.001597
684 290518.994545 1.124419 1.003819 1.004560 1.001571
685 289881.776689 1.123583 1.003736 1.004487 1.001566
686 289307.258656 1.123152 1.003708 1.004445 1.001550
687 289179.040439 1.122327 1.003693 1.004388 1.001537
688 288710.314918 1.121808 1.003684 1.004365 1.001536
689 288082.886207 1.121603 1.003635 1.004342 1.001496
690 287502.918945 1.121029 1.003618 1.004297 1.001484
691 286981.548736 1.120245 1.003592 1.004254 1.001480
692 286450.849868 1.119769 1.003542 1.004202 1.001468
693 286121.756415 1.118787 1.003521 1.004188 1.001451
694 286034.515565 1.118286 1.003485 1.004068 1.001434
695 285701.651751 1.117601 1.003471 1.003990 1.001415
696 285272.525512 1.117017 1.003440 1.003946 1.001401
697 284939.669297 1.116567 1.003395 1.003931 1.001390
698 284698.527477 1.115718 1.003311 1.003909 1.001382
699 284458.432338 1.114969 1.003274 1.003865 1.001358
700 283432.063845 1.114384 1.003222 1.003827 1.001351
701 282831.451675 1.113904 1.003206 1.003772 1.001335
702 282155.864216 1.113431 1.003161 1.003726 1.001319
703 281787.694912 1.112902 1.003089 1.003665 1.001293
704 281493.767385 1.112400 1.003066 1.003617 1.001284
705 281283.327787 1.111249 1.003010 1.003556 1.001264
706 280757.838804 1.110425 1.002959 1.003518 1.001251
707 280334.012564 1.110090 1.002924 1.003513 1.001237
708 279048.121980 1.109869 1.002916 1.003477 1.001234
709 278844.781190 1.109286 1.002873 1.003439 1.001226
710 278672.917073 1.108848 1.002860 1.003370 1.001216
711 277896.729600 1.108351 1.002806 1.003356 1.001210
712 277399.110125 1.107945 1.002798 1.003316 1.001190
713 277185.853339 1.107400 1.002739 1.003276 1.001173
714 276700.843472 1.107274 1.002722 1.003207 1.001144
715 276588.471111 1.106522 1.002681 1.003189 1.001117
716 275892.340187 1.105950 1.002664 1.003167 1.001100
717 275549.517112 1.105636 1.002609 1.003110 1.001079
718 275210.707882 1.105177 1.002550 1.003058 1.001063
719 274933.814020 1.104873 1.002452 1.003042 1.001049
720 274056.322753 1.104748 1.002430 1.002981 1.001032
721 273341.742801 1.103989 1.002425 1.002942 1.001025
722 273256.468404 1.103814 1.002392 1.002917 1.001010
723 273171.557859 1.103366 1.002385 1.002873 1.000972
724 272793.192158 1.102960 1.002315 1.002803 1.000957
725 272474.721860 1.102700 1.002272 1.002786 1.000950
726 271980.981876 1.102229 1.002259 1.002706 1.000937
727 271630.614749 1.101678 1.002243 1.002648 1.000920
728 271347.898033 1.101383 1.002209 1.002631 1.000913
729 271170.335861 1.101245 1.002195 1.002598 1.000884
730 270625.165467 1.100403 1.002162 1.002528 1.000866
731 270581.948339 1.099985 1.002145 1.002503 1.000848
732 269867.152393 1.099319 1.002121 1.002491 1.000829
733 269699.439837 1.098972 1.002065 1.002477 1.000815
734 269597.938493 1.098233 1.002034 1.002416 1.000799
735 269465.223500 1.097759 1.001983 1.002369 1.000793
736 269216.197667 1.097383 1.001956 1.002335 1.000776
737 269129.601900 1.097167 1.001929 1.002299 1.000765
738 269050.883885 1.096829 1.001882 1.002267 1.000755
739 268932.228052 1.095987 1.001840 1.002224 1.000731
740 268838.397964 1.095515 1.001816 1.002194 1.000701
741 268728.193315 1.095263 1.001748 1.002147 1.000679
742 268312.698298 1.094443 1.001719 1.002135 1.000672
743 268037.132069 1.094081 1.001690 1.002111 1.000659
744 267488.877873 1.093749 1.001660 1.002089 1.000640
745 266700.655214 1.093053 1.001608 1.002050 1.000622
746 266209.739061 1.092397 1.001583 1.001991 1.000618
747 265867.680633 1.092117 1.001545 1.001984 1.000609
748 265730.955788 1.091763 1.001544 1.001963 1.000600
749 265453.540653 1.091189 1.001509 1.001937 1.000578
750 265215.289034 1.090645 1.001436 1.001927 1.000569
751 265083.871227 1.090278 1.001409 1.001922 1.000567
752 264179.279024 1.089971 1.001384 1.001911 1.000541
753 263922.579070 1.089733 1.001361 1.001874 1.000538
754 263443.884377 1.089247 1.001344 1.001837 1.000533
755 263249.857358 1.088767 1.001302 1.001800 1.000528
756 262604.830363 1.088444 1.001279 1.001734 1.000518
757 261455.886496 1.088145 1.001273 1.001708 1.000507
758 261333.761793 1.087395 1.001265 1.001671 1.000496
759 261293.646475 1.086869 1.001250 1.001640 1.000492
760 261169.264019 1.086646 1.001236 1.001625 1.000469
761 260995.583356 1.085982 1.001189 1.001602 1.000455
762 260957.626305 1.085719 1.001137 1.001571 1.000442
763 260420.901860 1.085557 1.001089 1.001546 1.000436
764 260088.377525 1.084433 1.001058 1.001488 1.000433
765 259875.234782 1.084041 1.001050 1.001456 1.000428
766 259576.302945 1.083638 1.001046 1.001425 1.000408
767 259038.653591 1.083344 1.001041 1.001391 1.000399
768 258613.628291 1.082886 1.000997 1.001382 1.000388
769 258024.016067 1.082014 1.000945 1.001376 1.000378
770 257569.306127 1.081854 1.000935 1.001343 1.000366
771 257322.823510 1.081465 1.000920 1.001332 1.000359
772 256945.487555 1.081087 1.000885 1.001307 1.000337
773 256434.274472 1.080905 1.000840 1.001299 1.000328
774 256069.653381 1.080378 1.000815 1.001286 1.000316
775 255666.178401 1.079369 1.000796 1.001248 1.000309
776 255490.811635 1.079086 1.000759 1.001240 1.000298
777 255187.558329 1.078984 1.000729 1.001197 1.000282
778 254707.899017 1.078749 1.000720 1.001162 1.000279
779 254534.925922 1.078235 1.000681 1.001145 1.000271
780 254229.919503 1.078019 1.000680 1.001112 1.000261
781 254104.524448 1.077231 1.000607 1.001090 1.000253
782 253969.292274 1.076763 1.000595 1.001075 1.000248
783 253880.129264 1.076553 1.000586 1.001065 1.000241
784 253204.767646 1.076247 1.000548 1.001055 1.000240
785 253064.456655 1.075853 1.000541 1.001046 1.000229
786 252872.717242 1.075337 1.000525 1.000990 1.000221
787 252732.208943 1.075057 1.000513 1.000967 1.000212
788 252470.656769 1.074881 1.000498 1.000922 1.000203
789 251804.906950 1.074178 1.000489 1.000915 1.000196
790 251285.872323 1.073955 1.000463 1.000883 1.000191
791 250592.058617 1.073705 1.000450 1.000865 1.000191
792 250347.792324 1.072969 1.000423 1.000856 1.000184
793 249788.539419 1.072511 1.000384 1.000784 1.000177
794 249340.053220 1.072143 1.000356 1.000780 1.000163
795 249214.527623 1.071786 1.000341 1.000768 1.000155
796 248681.053031 1.071560 1.000332 1.000757 1.000149
797 248323.666281 1.070586 1.000316 1.000732 1.000133
798 247991.046595 1.070480 1.000288 1.000719 1.000126
799 247847.831753 1.070452 1.000253 1.000702 1.000121
800 247700.651905 1.069600 1.000247 1.000693 1.000103
801 246970.305839 1.069219 1.000229 1.000680 1.000100
802 246383.524002 1.069107 1.000214 1.000663 1.000095
803 245795.048687 1.068743 1.000185 1.000643 1.000077
804 245744.315087 1.068412 1.000182 1.000596 1.000076
805 245333.033950 1.068045 1.000172 1.000592 1.000064
806 244967.683124 1.067537 1.000167 1.000585 1.000057
807 244740.381605 1.067307 1.000163 1.000569 1.000041
808 244132.397403 1.066795 1.000152 1.000551 1.000040
809 244070.914435 1.066487 1.000130 1.000548 1.000026
810 243723.796139 1.066064 1.000103 1.000526 1.000015
811 243222.047788 1.066026 1.000093 1.000508 1.000009
812 243029.323424 1.065796 1.000086 1.000501 1.000004
813 242809.719509 1.065489 1.000083 1.000493 0.999996
814 242126.403536 1.065301 1.000060 1.000484 0.999996
815 241645.779574 1.065171 1.000041 1.000452 0.999991
816 241116.402020 1.064692 1.000015 1.000431 0.999988
817 240763.283735 1.064494 1.000003 1.000413 0.999985
818 240714.704473 1.063975 1.000002 1.000398 0.999976
819 240371.228284 1.063611 0.999953 1.000360 0.999972
820 240174.570858 1.063071 0.999937 1.000334 0.999962
821 240002.985841 1.062345 0.999931 1.000315 0.999953
822 239623.075495 1.062047 0.999885 1.000310 0.999940
823 239450.239036 1.061875 0.999870 1.000278 0.999929
824 239217.285788 1.061615 0.999860 1.000268 0.999920
825 239111.977786 1.061268 0.999849 1.000261 0.999919
826 239050.631468 1.060761 0.999811 1.000248 0.999909
827 238037.996591 1.060635 0.999802 1.000237 0.999880
828 237698.659488 1.060078 0.999769 1.000217 0.999877
829 237557.859813 1.059715 0.999755 1.000215 0.999872
830 237142.357022 1.059214 0.999720 1.000196 0.999861
831 236548.763475 1.059058 0.999709 1.000186 0.999855
832 236146.669868 1.058767 0.999666 1.000156 0.999853
833 235725.716520 1.058520 0.999649 1.000142 0.999850
834 235485.104419 1.058471 0.999627 1.000129 0.999831
835 235410.426437 1.058339 0.999587 1.000100 0.999820
836 234920.667130 1.057817 0.999524 1.000077 0.999820
837 234520.731660 1.057696 0.999468 1.000066 0.999810
838 234413.237339 1.057119 0.999453 1.000058 0.999806
839 233895.079452 1.056910 0.999432 1.000044 0.999802
840 233663.103233 1.056868 0.999400 1.000042 0.999790
841 233372.699978 1.056174 0.999380 1.000028 0.999778
842 232964.336559 1.055909 0.999361 1.000020 0.999774
843 231958.809679 1.055465 0.999291 0.999999 0.999770
844 231791.344691 1.054807 0.999233 0.999989 0.999768
845 231662.193304 1.054431 0.999208 0.999961 0.999752
846 231604.127155 1.054403 0.999165 0.999932 0.999748
847 231464.765015 1.054115 0.999089 0.999896 0.999735
848 230851.736732 1.054045 0.999052 0.999874 0.999731
849 230439.921858 1.053413 0.998998 0.999861 0.999721
850 230030.165070 1.053217 0.998973 0.999844 0.999710
851 229683.071402 1.052896 0.998963 0.999825 0.999703
852 228877.470676 1.052788 0.998951 0.999814 0.999695
853 228733.600653 1.052452 0.998874 0.999801 0.999692
854 228314.904757 1.052188 0.998799 0.999790 0.999682
855 228027.849079 1.051834 0.998795 0.999764 0.999674
856 227804.048462 1.051688 0.998762 0.999721 0.999667
857 227209.432482 1.051452 0.998701 0.999716 0.999645
858 226179.582825 1.051196 0.998630 0.999682 0.999627
859 225894.430570 1.051053 0.998581 0.999674 0.999603
860 225728.560294 1.050894 0.998544 0.999641 0.999599
861 225460.640373 1.050684 0.998520 0.999610 0.999576
862 225183.688375 1.050524 0.998461 0.999599 0.999569
863 224528.833874 1.050444 0.998398 0.999581 0.999561
864 224328.200553 1.050225 0.998354 0.999566 0.999544
865 223925.253917 1.049932 0.998288 0.999562 0.999541
866 223687.633924 1.049641 0.998252 0.999522 0.999533
867 223453.048436 1.049516 0.998210 0.999510 0.999508
868 222712.008005 1.049192 0.998187 0.999469 0.999487
869 222570.823125 1.049036 0.998089 0.999448 0.999468
870 222009.780449 1.048777 0.997953 0.999424 0.999452
871 221256.342045 1.048713 0.997942 0.999393 0.999436
872 220781.454748 1.048574 0.997888 0.999367 0.999426
873 220115.659670 1.048440 0.997745 0.999358 0.999402
874 219840.998425 1.047601 0.997727 0.999353 0.999376
875 219670.015538 1.047539 0.997696 0.999339 0.999363
876 219068.766525 1.047305 0.997549 0.999309 0.999359
877 218817.418254 1.047105 0.997479 0.999259 0.999344
878 218295.815805 1.046656 0.997455 0.999226 0.999321
879 218126.329926 1.046527 0.997436 0.999201 0.999309
880 218103.950006 1.046407 0.997359 0.999167 0.999288
881 217275.454851 1.046175 0.997332 0.999147 0.999275
882 217118.034097 1.046078 0.997283 0.999101 0.999271
883 216794.010327 1.045756 0.997266 0.999092 0.999264
884 216215.127960 1.045684 0.997240 0.999078 0.999260
885 216160.634613 1.045530 0.997163 0.999032 0.999245
886 215796.169076 1.045350 0.997087 0.998999 0.999234
887 214611.334867 1.045001 0.997021 0.998981 0.999197
888 214296.331737 1.044413 0.997004 0.998941 0.999194
889 214228.901242 1.044162 0.996926 0.998921 0.999186
890 213881.891061 1.043989 0.996817 0.998830 0.999156
891 213426.111974 1.043766 0.996712 0.998818 0.999153
892 213315.150702 1.043659 0.996616 0.998784 0.999140
893 213106.335942 1.043458 0.996550 0.998738 0.999126
894 212851.748671 1.043224 0.996484 0.998736 0.999123
895 212580.463693 1.043105 0.996356 0.998718 0.999105
896 212501.653144 1.042878 0.996314 0.998694 0.999084
897 212409.959493 1.042862 0.996225 0.998618 0.999079
898 212267.817062 1.042250 0.996163 0.998579 0.999030
899 211861.933950 1.042066 0.995948 0.998565 0.999028
900 211355.567572 1.041989 0.995909 0.998530 0.999018
901 211172.891421 1.041788 0.995807 0.998493 0.999016
902 211007.005769 1.041623 0.995770 0.998459 0.999011
903 210618.109117 1.041455 0.995722 0.998439 0.998981
904 210410.140608 1.041399 0.995525 0.998313 0.998966
905 210369.592261 1.041184 0.995499 0.998300 0.998960
906 210124.897244 1.040887 0.995423 0.998246 0.998929
907 209318.561815 1.040710 0.995410 0.998191 0.998918
908 208544.403152 1.040402 0.995378 0.998170 0.998902
909 208368.521525 1.040212 0.995299 0.998147 0.998879
910 208249.392222 1.040003 0.995255 0.998082 0.998848
911 208142.465955 1.039824 0.995139 0.998004 0.998834
912 207646.758667 1.039731 0.995030 0.997960 0.998820
913 206941.662450 1.039498 0.994874 0.997947 0.998812
914 206354.621815 1.039232 0.994709 0.997887 0.998787
915 205995.089399 1.039040 0.994586 0.997836 0.998779
916 205569.978785 1.038865 0.994443 0.997824 0.998771
917 204912.876489 1.038811 0.994376 0.997772 0.998751
918 204760.106916 1.038570 0.994300 0.997751 0.998730
919 204080.288756 1.038191 0.994252 0.997737 0.998721
920 203754.661565 1.037953 0.994114 0.997641 0.998712
921 203380.032946 1.037731 0.994005 0.997599 0.998689
922 203037.566311 1.037549 0.993830 0.997562 0.998680
923 202971.429945 1.037312 0.993715 0.997514 0.998664
924 202369.066496 1.037137 0.993616 0.997485 0.998632
925 202073.667918 1.037079 0.993563 0.997434 0.998574
926 202021.878244 1.037021 0.993505 0.997400 0.998561
927 201972.949443 1.036860 0.993378 0.997291 0.998533
928 201849.535797 1.036629 0.993232 0.997141 0.998527
929 201284.025220 1.036414 0.993167 0.997102 0.998514
930 200876.915574 1.036206 0.992915 0.997026 0.998485
931 200785.784601 1.036046 0.992858 0.996935 0.998440
932 200724.762321 1.036024 0.992794 0.996921 0.998424
933 200253.290715 1.035850 0.992700 0.996874 0.998421
934 200158.278666 1.035763 0.992611 0.996839 0.998403
935 200031.587625 1.035467 0.992433 0.996758 0.998389
936 199801.266757 1.035323 0.992225 0.996710 0.998378
937 199675.675938 1.035127 0.991855 0.996703 0.998368
938 199268.408510 1.034989 0.991760 0.996691 0.998332
939 199142.813805 1.034821 0.991524 0.996621 0.998296
940 198797.549254 1.034605 0.991341 0.996533 0.998281
941 198770.813375 1.034545 0.991239 0.996526 0.998260
942 197740.840009 1.034217 0.991076 0.996423 0.998244
943 197361.999917 1.034065 0.990993 0.996387 0.998228
944 197184.148498 1.033924 0.990933 0.996338 0.998173
945 197030.687316 1.033594 0.990905 0.996331 0.998170
946 196998.143775 1.033316 0.990759 0.996255 0.998127
947 196778.307772 1.033217 0.990732 0.996191 0.998096
948 196670.220398 1.033031 0.990669 0.996031 0.998081
949 195965.683910 1.032884 0.990408 0.995989 0.998070
950 195535.168985 1.032632 0.990359 0.995943 0.998031
951 195285.009692 1.032504 0.990126 0.995831 0.998018
952 195058.241248 1.032304 0.989932 0.995783 0.997979
953 194844.347069 1.032235 0.989865 0.995717 0.997972
954 194531.659480 1.032156 0.989713 0.995519 0.997941
955 194351.629057 1.031862 0.989644 0.995439 0.997931
956 194105.378916 1.031746 0.989503 0.995426 0.997926
957 193472.795657 1.031505 0.989490 0.995321 0.997910
958 192694.186212 1.031249 0.989414 0.995279 0.997888
959 192491.511384 1.030990 0.989345 0.995202 0.997853
960 191492.013446 1.030921 0.989319 0.995140 0.997762
961 191414.038488 1.030876 0.989091 0.995115 0.997746
962 191176.386072 1.030605 0.988997 0.995071 0.997720
963 190676.637627 1.030345 0.988552 0.994962 0.997682
964 190481.564474 1.030056 0.988475 0.994891 0.997660
965 190382.600121 1.029963 0.988346 0.994801 0.997618
966 190015.133393 1.029867 0.988323 0.994740 0.997592
967 189312.208601 1.029582 0.988233 0.994679 0.997580
968 188702.968861 1.029255 0.988032 0.994569 0.997556
969 188587.266138 1.029137 0.987839 0.994486 0.997533
970 187858.052866 1.028879 0.987680 0.994403 0.997520
971 187446.985803 1.028830 0.987650 0.994372 0.997503
972 187304.977525 1.028667 0.987564 0.994357 0.997466
973 187094.448318 1.028510 0.987480 0.994295 0.997414
974 186708.882374 1.028478 0.987254 0.994209 0.997383
975 186048.310150 1.028313 0.987048 0.994118 0.997366
976 185739.001091 1.028029 0.986931 0.994110 0.997340
977 185689.407791 1.027869 0.986801 0.994069 0.997289
978 185484.699466 1.027751 0.986765 0.993975 0.997256
979 184952.071265 1.027514 0.986626 0.993914 0.997224
980 184570.645295 1.027392 0.986455 0.993801 0.997165
981 184099.899079 1.027289 0.986116 0.993732 0.997147
982 183797.431552 1.027071 0.986063 0.993677 0.997064
983 183586.163347 1.026819 0.985857 0.993647 0.997044
984 183087.208522 1.026616 0.985770 0.993572 0.997017
985 182986.087842 1.026371 0.985256 0.993509 0.996984
986 182617.678659 1.026290 0.984957 0.993231 0.996957
987 182530.411927 1.026253 0.984782 0.993217 0.996920
988 182432.563133 1.026114 0.984611 0.993069 0.996904
989 182144.095694 1.026085 0.984467 0.992776 0.996869
990 181507.673456 1.025896 0.984407 0.992750 0.996823
991 181021.639683 1.025755 0.984300 0.992726 0.996758
992 180740.004258 1.025514 0.984033 0.992568 0.996749
993 180657.813132 1.025341 0.983910 0.992517 0.996734
994 180405.430867 1.025316 0.983616 0.992413 0.996715
995 180299.264105 1.025172 0.983274 0.992330 0.996651
996 180255.880328 1.025005 0.983140 0.992320 0.996606
997 179541.099107 1.024886 0.982912 0.992147 0.996578
998 179200.017482 1.024799 0.982761 0.992101 0.996543
999 179141.986796 1.024707 0.982439 0.992033 0.996521
1000 179053.361574 1.024657 0.982392 0.991903 0.996497
1001 178730.743540 1.024594 0.982246 0.991864 0.996480
1002 178314.794495 1.024451 0.981985 0.991585 0.996468
1003 177902.575768 1.024253 0.981846 0.991489 0.996437
1004 177746.171254 1.024103 0.981812 0.991332 0.996398
1005 176923.740725 1.024035 0.981589 0.991241 0.996340
1006 176698.361196 1.023933 0.981527 0.991217 0.996300
1007 176575.674322 1.023798 0.981515 0.991059 0.996232
1008 176254.713195 1.023730 0.981314 0.991032 0.996197
1009 175594.194601 1.023618 0.980648 0.990957 0.996138
1010 175299.687187 1.023496 0.980502 0.990882 0.996118
1011 175204.705800 1.023411 0.980188 0.990829 0.996095
1012 174873.154991 1.023238 0.980132 0.990687 0.996036
1013 174148.718755 1.023215 0.980012 0.990601 0.996022
1014 173890.839682 1.023176 0.979804 0.990555 0.995998
1015 173817.538925 1.023054 0.979555 0.990507 0.995966
1016 173597.972012 1.023000 0.979498 0.990368 0.995927
1017 173475.267095 1.022892 0.979330 0.990060 0.995901
1018 172997.377612 1.022776 0.979295 0.989978 0.995860
1019 172023.400298 1.022633 0.979239 0.989955 0.995816
1020 171884.107673 1.022380 0.978975 0.989804 0.995765
1021 171505.654993 1.022276 0.978575 0.989763 0.995756
1022 171218.283795 1.022205 0.978539 0.989666 0.995705
1023 170818.005752 1.022193 0.978374 0.989583 0.995679
1024 170397.468443 1.022153 0.977752 0.989544 0.995660
1025 170059.711026 1.021951 0.977553 0.989412 0.995615
1026 169788.028728 1.021802 0.977369 0.989372 0.995585
1027 169402.377903 1.021657 0.976879 0.989191 0.995562
1028 169044.703243 1.021575 0.976759 0.989139 0.995513
1029 168697.938364 1.021532 0.976627 0.988969 0.995504
1030 168156.663881 1.021344 0.976073 0.988936 0.995480
1031 166699.291545 1.021244 0.975766 0.988816 0.995418
1032 166300.425154 1.021113 0.975609 0.988687 0.995383
1033 165786.062632 1.020919 0.975516 0.988655 0.995303
1034 165649.761152 1.020860 0.975376 0.988394 0.995267
1035 165201.838114 1.020778 0.974978 0.988143 0.995243
1036 164695.697826 1.020722 0.974833 0.988068 0.995210
1037 164172.077250 1.020501 0.974798 0.987933 0.995129
1038 163917.797531 1.020418 0.974717 0.987747 0.995095
1039 163256.230722 1.020325 0.974651 0.987735 0.995059
1040 162785.250514 1.020234 0.974355 0.987694 0.995037
1041 162494.765706 1.020214 0.974079 0.987597 0.994959
1042 162349.711383 1.020066 0.974041 0.987469 0.994949
1043 162196.931550 1.019911 0.973807 0.987431 0.994871
1044 161889.269693 1.019864 0.973635 0.987135 0.994861
1045 161382.137188 1.019799 0.973277 0.986999 0.994827
1046 160896.510731 1.019727 0.972855 0.986798 0.994734
1047 160494.158920 1.019639 0.972471 0.986625 0.994686
1048 160307.590095 1.019371 0.972443 0.986488 0.994619
1049 159915.266518 1.019342 0.971662 0.986190 0.994584
1050 159288.821434 1.019233 0.971566 0.986134 0.994550
1051 159045.065736 1.019133 0.971525 0.986118 0.994545
1052 158758.410709 1.019061 0.970986 0.985969 0.994480
1053 158575.818423 1.018968 0.970637 0.985922 0.994472
1054 158042.496204 1.018911 0.970440 0.985789 0.994433
1055 157731.450876 1.018699 0.970058 0.985669 0.994378
1056 157432.126699 1.018625 0.969997 0.985618 0.994329
1057 156275.243522 1.018577 0.969823 0.985462 0.994269
1058 155057.108074 1.018548 0.969144 0.985321 0.994256
1059 154916.971721 1.018432 0.969026 0.985140 0.994139
1060 154729.215126 1.018311 0.968927 0.985054 0.994038
1061 154591.281457 1.018277 0.968711 0.985037 0.994033
1062 153336.747834 1.018147 0.968325 0.984781 0.993963
1063 152856.585740 1.018067 0.968239 0.984726 0.993946
1064 152788.809209 1.017878 0.968045 0.984584 0.993889
1065 152514.736692 1.017867 0.967799 0.984499 0.993861
1066 151823.545197 1.017727 0.967497 0.984361 0.993814
1067 150950.738237 1.017631 0.967409 0.984291 0.993735
1068 150746.155919 1.017601 0.966553 0.984077 0.993683
1069 150719.893450 1.017450 0.966208 0.983979 0.993585
1070 148835.630542 1.017367 0.965898 0.983811 0.993552
1071 148311.173118 1.017216 0.965677 0.983687 0.993493
1072 147962.468232 1.017128 0.965634 0.983600 0.993428
1073 146868.531245 1.017055 0.964728 0.983515 0.993378
1074 146511.992974 1.016966 0.964654 0.983273 0.993304
1075 146139.244147 1.016911 0.964338 0.982946 0.993245
1076 146035.078764 1.016817 0.964282 0.982905 0.993175
1077 145748.748376 1.016735 0.964106 0.982781 0.993145
1078 145586.401796 1.016718 0.963536 0.982730 0.993125
1079 145144.928153 1.016610 0.963222 0.982668 0.993067
1080 144908.511692 1.016553 0.962884 0.982399 0.993036
1081 144708.819789 1.016457 0.962705 0.982187 0.993005
1082 144067.127295 1.016371 0.962561 0.982143 0.992958
1083 143366.008500 1.016342 0.961831 0.981792 0.992945
1084 143097.815295 1.016214 0.961219 0.981683 0.992827
1085 142279.360276 1.016176 0.961189 0.981572 0.992762
1086 141822.795482 1.016108 0.961127 0.981531 0.992732
1087 141815.964112 1.016091 0.960717 0.981459 0.992681
1088 141486.098201 1.015997 0.960033 0.981297 0.992637
1089 141469.454285 1.015962 0.959929 0.981135 0.992617
1090 141128.758639 1.015857 0.959787 0.980832 0.992583
1091 140643.903879 1.015781 0.959481 0.980767 0.992563
1092 140456.216948 1.015726 0.959131 0.980690 0.992490
1093 140036.943068 1.015605 0.958931 0.980485 0.992426
1094 139958.317595 1.015464 0.958858 0.980241 0.992383
1095 139008.216479 1.015410 0.958462 0.980177 0.992336
1096 138782.307302 1.015339 0.958287 0.979851 0.992259
1097 138173.854131 1.015166 0.958158 0.979689 0.992162
1098 137830.643860 1.015075 0.958102 0.979563 0.992083
1099 137666.362297 1.015055 0.957980 0.979459 0.992006
1100 137266.150640 1.014876 0.957584 0.979228 0.991973
1101 137247.296864 1.014789 0.956954 0.979154 0.991950
1102 136556.228413 1.014637 0.956264 0.979056 0.991822
1103 136493.996537 1.014568 0.955977 0.978985 0.991652
1104 136138.539659 1.014523 0.955675 0.978879 0.991579
1105 136003.738630 1.014442 0.955470 0.978781 0.991433
1106 135720.356484 1.014275 0.955398 0.978477 0.991388
1107 134544.100912 1.014181 0.954887 0.978416 0.991371
1108 134525.952548 1.014062 0.954818 0.978364 0.991234
1109 134357.313790 1.014013 0.954479 0.978304 0.991191
1110 134108.761485 1.013950 0.954398 0.978024 0.991152
1111 134026.506216 1.013898 0.954186 0.977921 0.991033
1112 133239.466016 1.013838 0.953900 0.977679 0.990986
1113 133075.034919 1.013824 0.953694 0.977564 0.990951
1114 132551.588784 1.013650 0.953021 0.977401 0.990913
1115 131743.927718 1.013607 0.951691 0.977195 0.990805
1116 131134.146031 1.013515 0.951578 0.977136 0.990733
1117 130789.859565 1.013471 0.951273 0.977044 0.990695
1118 130197.392732 1.013323 0.951152 0.976874 0.990687
1119 129705.843251 1.013227 0.950663 0.976446 0.990566
1120 129159.569716 1.013188 0.950315 0.976393 0.990458
1121 129113.507406 1.013105 0.949847 0.976329 0.990432
1122 128825.471203 1.013012 0.949457 0.976217 0.990347
1123 128730.722515 1.012954 0.949038 0.976026 0.990305
1124 127789.678892 1.012923 0.948782 0.975717 0.990159
1125 127154.124289 1.012824 0.948576 0.975590 0.990115
1126 126618.047412 1.012782 0.948191 0.975352 0.990080
1127 126479.186944 1.012695 0.948119 0.975326 0.989853
1128 125995.071041 1.012649 0.947991 0.975119 0.989803
1129 125797.543065 1.012621 0.947674 0.974601 0.989722
1130 125738.770738 1.012460 0.947423 0.974460 0.989654
1131 125410.959200 1.012247 0.946973 0.974421 0.989563
1132 125158.343859 1.012174 0.946666 0.974369 0.989480
1133 124502.769346 1.011974 0.946388 0.973932 0.989436
1134 124439.346576 1.011949 0.945531 0.973913 0.989365
1135 124290.699881 1.011937 0.945309 0.973613 0.989199
1136 124269.319058 1.011882 0.944821 0.973531 0.989182
1137 123454.655603 1.011803 0.944486 0.973414 0.989046
1138 122979.175991 1.011705 0.944266 0.973216 0.989010
1139 122333.129954 1.011634 0.944049 0.973134 0.988947
1140 122153.909137 1.011622 0.942970 0.973047 0.988898
1141 121744.445591 1.011514 0.942792 0.972661 0.988830
1142 121197.562834 1.011454 0.942485 0.972321 0.988747
1143 120827.890178 1.011417 0.942160 0.972101 0.988649
1144 119934.264836 1.011321 0.942097 0.971964 0.988495
1145 118109.146039 1.011202 0.941591 0.971779 0.988489
1146 117842.795031 1.011133 0.941555 0.971597 0.988386
1147 117737.629230 1.010977 0.940895 0.971431 0.988323
1148 116971.334578 1.010918 0.940674 0.971108 0.988278
1149 116372.902993 1.010909 0.940170 0.970843 0.988182
1150 116089.516104 1.010846 0.939738 0.970769 0.988156
1151 115636.126095 1.010792 0.939602 0.970745 0.988150
1152 115180.451236 1.010707 0.939433 0.970636 0.988098
1153 115155.834218 1.010654 0.939040 0.970553 0.988030
1154 115061.931063 1.010613 0.938672 0.970354 0.987979
1155 114453.503524 1.010582 0.938662 0.970087 0.987843
1156 114089.654943 1.010482 0.937724 0.969788 0.987653
1157 113998.934333 1.010404 0.937437 0.969651 0.987555
1158 113485.461313 1.010390 0.937317 0.969144 0.987528
1159 112621.740606 1.010307 0.936650 0.968641 0.987335
1160 112208.130518 1.010272 0.936352 0.968158 0.987328
1161 110460.970726 1.010229 0.935699 0.967914 0.987238
1162 110360.612226 1.010177 0.935656 0.967488 0.987213
1163 110308.092567 1.010152 0.935389 0.967277 0.987155
1164 110136.334242 1.010127 0.935165 0.967233 0.987131
1165 110067.202983 1.010025 0.934952 0.967130 0.987045
1166 109755.241496 1.010021 0.934631 0.966756 0.986930
1167 108824.524267 1.009874 0.934270 0.966423 0.986740
1168 108050.622230 1.009746 0.933189 0.966196 0.986587
1169 107139.613715 1.009725 0.932930 0.965774 0.986539
1170 107126.693203 1.009667 0.932779 0.964568 0.986506
1171 107115.387470 1.009646 0.932594 0.964293 0.986474
1172 106688.449650 1.009628 0.931852 0.964113 0.986438
1173 106094.056453 1.009581 0.931715 0.964010 0.986375
1174 105932.108440 1.009525 0.930341 0.963582 0.986207
1175 105860.192491 1.009375 0.929545 0.963364 0.986101
1176 104470.116783 1.009321 0.929461 0.963166 0.986053
1177 104339.250275 1.009192 0.929420 0.962758 0.985933
1178 104064.419989 1.009168 0.929251 0.962645 0.985785
1179 103708.698718 1.009135 0.928735 0.962154 0.985746
1180 103305.187906 1.009102 0.928166 0.962141 0.985659
1181 102953.588225 1.009065 0.927726 0.962137 0.985522
1182 102873.097900 1.009012 0.927638 0.962034 0.985419
1183 102536.638529 1.008827 0.926543 0.960939 0.985398
1184 102364.803026 1.008791 0.926288 0.960820 0.985346
1185 101757.411781 1.008744 0.926058 0.960761 0.985224
1186 101302.884483 1.008647 0.926001 0.960179 0.985207
1187 101048.431777 1.008614 0.925781 0.959919 0.985127
1188 100532.868917 1.008538 0.924968 0.959739 0.984856
1189 100335.670250 1.008400 0.923958 0.959333 0.984729
1190 100065.897683 1.008238 0.923456 0.959093 0.984638
1191 100054.623751 1.008174 0.921739 0.958959 0.984587
1192 99747.319115 1.008093 0.921342 0.958594 0.984459
1193 98179.724556 1.008075 0.921278 0.958429 0.984391
1194 98118.408327 1.008054 0.921081 0.958420 0.984365
1195 97846.652990 1.007836 0.920789 0.958317 0.984294
1196 97555.424378 1.007829 0.920522 0.958282 0.984140
1197 96756.740311 1.007806 0.920164 0.957763 0.984103
1198 96682.078070 1.007732 0.919898 0.957683 0.983881
1199 95643.852342 1.007631 0.919393 0.957491 0.983794
1200 95605.285849 1.007629 0.918853 0.957341 0.983673
1201 94896.995948 1.007554 0.918513 0.957325 0.983631
1202 94600.472982 1.007497 0.918466 0.956746 0.983563
1203 94445.278476 1.007328 0.917548 0.956576 0.983379
1204 94362.455143 1.007297 0.917168 0.956539 0.983261
1205 93491.636630 1.007281 0.916910 0.956471 0.983232
1206 93225.411147 1.007175 0.916498 0.956389 0.983142
1207 93161.725022 1.007165 0.915402 0.956222 0.983048
1208 92963.038093 1.007032 0.915375 0.955901 0.982965
1209 92315.586518 1.007031 0.914825 0.955848 0.982845
1210 92222.873760 1.007001 0.914531 0.955714 0.982738
1211 92020.838812 1.006953 0.914430 0.955029 0.982634
1212 91636.167397 1.006890 0.913763 0.954081 0.982577
1213 91328.758400 1.006884 0.913644 0.953668 0.982367
1214 91138.373210 1.006860 0.913270 0.953558 0.982297
1215 90938.564982 1.006735 0.912329 0.953484 0.982087
1216 89369.246697 1.006715 0.911865 0.952538 0.982048
1217 87888.548133 1.006705 0.911475 0.951930 0.982008
1218 86478.341084 1.006693 0.911220 0.951808 0.981737
1219 86395.513046 1.006661 0.910601 0.951488 0.981706
1220 86119.926282 1.006600 0.909189 0.951398 0.981603
1221 85205.432448 1.006572 0.908551 0.951184 0.981513
1222 84953.331339 1.006529 0.908226 0.950989 0.981389
1223 84527.151081 1.006477 0.907310 0.950893 0.981347
1224 84339.343072 1.006365 0.906814 0.949660 0.981086
1225 83882.170113 1.006349 0.906619 0.949304 0.981032
1226 83176.645226 1.006333 0.906219 0.948881 0.980893
1227 83075.847346 1.006254 0.905714 0.948530 0.980870
1228 82692.723174 1.006235 0.904983 0.948033 0.980723
1229 82535.686619 1.006205 0.904006 0.947421 0.980678
1230 81499.420664 1.006159 0.903744 0.946960 0.980442
1231 81213.370575 1.006115 0.902629 0.946617 0.980289
1232 80740.806960 1.006108 0.901452 0.946409 0.980250
1233 80550.444323 1.006063 0.900372 0.946238 0.980161
1234 80289.231050 1.006009 0.899933 0.945252 0.980068
1235 79755.210205 1.005968 0.899666 0.944901 0.979893
1236 79542.835975 1.005884 0.899461 0.944756 0.979724
1237 79437.827488 1.005766 0.899395 0.944282 0.979681
1238 79147.801343 1.005637 0.898522 0.943890 0.979639
1239 78593.145151 1.005517 0.897893 0.943422 0.979504
1240 78223.491072 1.005508 0.897750 0.943174 0.979308
1241 78213.305169 1.005390 0.897686 0.943085 0.979236
1242 77194.269292 1.005362 0.894464 0.943059 0.979116
1243 76795.332129 1.005314 0.893638 0.942758 0.979038
1244 76370.005301 1.005281 0.892342 0.942657 0.978776
1245 75626.522618 1.005270 0.891599 0.942503 0.978693
1246 75518.862334 1.005182 0.890816 0.941870 0.978579
1247 74950.244607 1.005180 0.890743 0.941625 0.978082
1248 74875.080306 1.005149 0.889962 0.941537 0.978055
1249 74295.500322 1.005117 0.888570 0.940963 0.977877
1250 73810.716847 1.005050 0.888540 0.940103 0.977854
1251 73069.462931 1.005024 0.888307 0.939549 0.977733
1252 72905.200596 1.004986 0.886618 0.939482 0.977045
1253 72220.726708 1.004950 0.886413 0.939095 0.977037
1254 71460.426311 1.004910 0.886351 0.938820 0.976933
1255 71415.448873 1.004849 0.885699 0.937596 0.976801
1256 70808.973212 1.004772 0.885538 0.936757 0.976722
1257 70338.854761 1.004638 0.885178 0.936470 0.976639
1258 69510.976500 1.004635 0.883692 0.936468 0.976373
1259 68955.269522 1.004631 0.883510 0.935939 0.976328
1260 68727.767196 1.004587 0.882840 0.935626 0.976280
1261 68555.743904 1.004517 0.881924 0.935377 0.976038
1262 68511.478787 1.004440 0.881409 0.934810 0.975936
1263 67689.975088 1.004432 0.881176 0.934555 0.975844
1264 67029.344416 1.004371 0.879539 0.934332 0.975645
1265 66170.761968 1.004322 0.878699 0.933417 0.975501
1266 66141.776634 1.004211 0.878243 0.932982 0.975473
1267 65796.412887 1.004166 0.877790 0.932226 0.975089
1268 65131.634032 1.004156 0.877478 0.931728 0.975016
1269 64613.688285 1.004098 0.876920 0.931466 0.974946
1270 63750.003048 1.004082 0.875974 0.931434 0.974757
1271 63394.333156 1.003943 0.875832 0.931184 0.974528
1272 62956.085479 1.003905 0.874551 0.930647 0.974429
1273 62756.079045 1.003899 0.873654 0.930555 0.974397
1274 62041.311261 1.003875 0.873078 0.930399 0.973803
1275 61218.593133 1.003790 0.871633 0.930220 0.973721
1276 61145.119666 1.003682 0.871155 0.929937 0.973610
1277 60607.720921 1.003646 0.870352 0.929143 0.973387
1278 60092.848293 1.003629 0.870169 0.928321 0.973226
1279 60026.554554 1.003589 0.869577 0.927931 0.973163
1280 59641.620149 1.003533 0.868858 0.927385 0.972848
1281 59199.593695 1.003509 0.867559 0.927210 0.972599
1282 58848.107458 1.003489 0.867457 0.927087 0.972492
1283 58666.704842 1.003465 0.866017 0.926912 0.972156
1284 58115.485498 1.003433 0.865884 0.926785 0.971884
1285 57829.644721 1.003353 0.862139 0.926461 0.971593
1286 57572.321387 1.003325 0.860539 0.926296 0.971055
1287 56981.194345 1.003318 0.860044 0.926005 0.971018
1288 56331.349914 1.003303 0.858877 0.924220 0.970941
1289 56284.141443 1.003283 0.858208 0.923868 0.970585
1290 55829.958863 1.003245 0.857563 0.923140 0.970312
1291 55315.263013 1.003159 0.857342 0.922284 0.969814
1292 55121.828417 1.003155 0.856908 0.922128 0.969372
1293 54678.835806 1.003140 0.855721 0.921787 0.969217
1294 54481.140961 1.003136 0.855146 0.921091 0.969076
1295 54338.676431 1.003118 0.852836 0.920745 0.968866
1296 54210.359714 1.003096 0.851765 0.919428 0.968430
1297 53952.446829 1.003085 0.850506 0.919080 0.968314
1298 53588.921731 1.003059 0.850427 0.918359 0.968134
1299 52773.567995 1.003027 0.849441 0.917105 0.967980
1300 52694.620651 1.003021 0.849066 0.916810 0.967824
1301 52156.619589 1.002917 0.848320 0.916471 0.967390
1302 52087.779452 1.002880 0.847473 0.915517 0.966822
1303 51845.409357 1.002856 0.845086 0.915240 0.966779
1304 50710.841183 1.002839 0.843435 0.914114 0.966668
1305 50648.259119 1.002823 0.843312 0.914013 0.966447
1306 50504.722300 1.002816 0.841572 0.912304 0.966138
1307 49885.082830 1.002811 0.840393 0.911131 0.965684
1308 49756.768286 1.002804 0.838073 0.911129 0.965547
1309 49714.656098 1.002803 0.837874 0.909846 0.965185
1310 49458.363159 1.002695 0.837384 0.909676 0.964786
1311 49303.646815 1.002620 0.834846 0.908347 0.964439
1312 48498.267074 1.002603 0.834760 0.907914 0.964171
1313 48215.213062 1.002505 0.833440 0.907353 0.963642
1314 48027.558872 1.002499 0.832130 0.906928 0.963478
1315 47583.239293 1.002467 0.831302 0.905763 0.963338
1316 47145.096748 1.002423 0.830884 0.905284 0.963207
1317 46789.398952 1.002408 0.828725 0.904083 0.963031
1318 46343.762676 1.002407 0.828634 0.902815 0.962875
1319 46263.500225 1.002345 0.827131 0.902702 0.962746
1320 46043.808136 1.002308 0.826733 0.900050 0.962387
1321 45609.548557 1.002290 0.824755 0.899174 0.962127
1322 45286.286285 1.002271 0.824225 0.897957 0.961915
1323 45170.858787 1.002240 0.823592 0.897937 0.961051
1324 44967.039939 1.002134 0.823255 0.897046 0.960814
1325 44467.686266 1.002133 0.821252 0.894004 0.960721
1326 43265.034806 1.002118 0.820789 0.893604 0.960039
1327 42875.968588 1.002016 0.820289 0.893321 0.959800
1328 42540.736080 1.001990 0.815751 0.892496 0.959646
1329 42535.934123 1.001973 0.813462 0.892154 0.959297
1330 42064.770695 1.001969 0.808809 0.891395 0.958473
1331 41926.224795 1.001923 0.808742 0.891048 0.958348
1332 41568.360832 1.001922 0.807880 0.889204 0.957921
1333 41009.934236 1.001911 0.807551 0.888791 0.957314
1334 40102.302420 1.001866 0.807370 0.885220 0.957100
1335 39882.601779 1.001827 0.806198 0.884961 0.956779
1336 38737.669197 1.001793 0.802896 0.884283 0.956555
1337 37966.858927 1.001783 0.800022 0.884226 0.956029
1338 37473.349950 1.001745 0.799658 0.883567 0.953683
1339 36944.740589 1.001743 0.799278 0.881792 0.952416
1340 36556.476784 1.001704 0.797031 0.881651 0.951487
1341 35820.106584 1.001664 0.796390 0.881088 0.950955
1342 35505.148657 1.001655 0.795480 0.878576 0.950118
1343 35439.142629 1.001597 0.793452 0.878265 0.949815
1344 34926.240101 1.001561 0.791001 0.878223 0.948562
1345 34133.978991 1.001531 0.790882 0.877583 0.948264
1346 34037.569557 1.001498 0.789550 0.876849 0.947963
1347 33949.250121 1.001474 0.785940 0.874748 0.947269
1348 33522.403490 1.001460 0.781845 0.873349 0.946952
1349 33150.541822 1.001436 0.781605 0.870744 0.946579
1350 33080.790815 1.001394 0.779702 0.869817 0.946347
1351 32998.132464 1.001361 0.777314 0.869498 0.944199
1352 32277.862695 1.001328 0.775207 0.868640 0.944154
1353 31828.068513 1.001285 0.774828 0.868393 0.943032
1354 31145.060377 1.001241 0.771936 0.865750 0.942155
1355 30831.395221 1.001233 0.771020 0.864387 0.941743
1356 30457.724380 1.001229 0.770432 0.862346 0.940859
1357 30360.326945 1.001199 0.767236 0.861482 0.940575
1358 30124.757838 1.001147 0.758528 0.861088 0.939636
1359 29538.835188 1.001143 0.756474 0.856175 0.938432
1360 29280.457478 1.001093 0.756069 0.855137 0.937107
1361 28744.298058 1.001069 0.754533 0.853834 0.936682
1362 28488.042129 1.001048 0.748267 0.853295 0.934280
1363 27611.054499 1.000987 0.746355 0.852249 0.933904
1364 27343.110279 1.000935 0.744246 0.851281 0.933485
1365 26242.107060 1.000923 0.743048 0.850713 0.933412
1366 25543.133867 1.000895 0.742688 0.847335 0.932023
1367 25371.058942 1.000878 0.737445 0.846373 0.931430
1368 25267.684868 1.000872 0.735465 0.846219 0.930832
1369 24387.548312 1.000839 0.727762 0.844912 0.929714
1370 24036.916138 1.000792 0.724706 0.839590 0.929110
1371 23754.703455 1.000782 0.724504 0.838549 0.927719
1372 22583.696502 1.000763 0.723811 0.830673 0.926507
1373 22240.734636 1.000743 0.719226 0.830670 0.925727
1374 21847.443441 1.000686 0.718943 0.829867 0.923315
1375 21599.077400 1.000674 0.718504 0.823145 0.922715
1376 20752.743533 1.000633 0.717423 0.819740 0.922396
1377 20395.368102 1.000608 0.712476 0.818580 0.922203
1378 19290.088270 1.000606 0.708995 0.810506 0.919407
1379 18560.896731 1.000577 0.707406 0.809453 0.919304
1380 17842.625048 1.000574 0.706830 0.806877 0.915091
1381 17417.056044 1.000540 0.704405 0.804966 0.914827
1382 16660.201999 1.000535 0.701618 0.803077 0.914105
1383 15840.800744 1.000508 0.700502 0.801653 0.913576
1384 15411.767726 1.000507 0.698182 0.791662 0.912057
1385 15215.782438 1.000456 0.693586 0.791482 0.910113
1386 14015.319912 1.000454 0.691740 0.781941 0.909117
1387 13530.202196 1.000432 0.688735 0.774114 0.908150
1388 13330.911149 1.000432 0.687160 0.773948 0.907138
1389 12817.988299 1.000413 0.677881 0.772468 0.903948
1390 12364.536027 1.000405 0.675598 0.770381 0.901402
1391 12122.550590 1.000379 0.670167 0.764221 0.896159
1392 11982.139003 1.000347 0.662815 0.761086 0.895868
1393 11428.443135 1.000328 0.660349 0.760310 0.887342
1394 11118.266930 1.000277 0.658158 0.757322 0.884304
1395 10548.905923 1.000266 0.653729 0.754697 0.884251
1396 10155.252120 1.000252 0.650991 0.745744 0.883582
1397 10143.689146 1.000228 0.636872 0.744901 0.879399
1398 10044.892476 1.000219 0.636177 0.740883 0.879216
1399 9826.529017 1.000194 0.633352 0.739778 0.875517
1400 9315.937794 1.000179 0.625523 0.737386 0.874175
1401 9236.439204 1.000163 0.623789 0.733019 0.870120
1402 8861.841431 1.000147 0.613133 0.724226 0.869450
1403 8403.794946 1.000118 0.610724 0.722077 0.867936
1404 8197.482434 1.000112 0.606255 0.718850 0.855482
1405 7821.461506 1.000111 0.605049 0.714576 0.850924
1406 7559.512378 1.000092 0.595883 0.712561 0.842645
1407 6830.627453 1.000090 0.594393 0.702714 0.842031
1408 6674.712705 1.000052 0.590224 0.685197 0.841405
1409 6014.331039 0.999998 0.579979 0.666733 0.834709
1410 5937.019431 0.999974 0.574100 0.662024 0.832627
1411 5913.279814 0.999957 0.568261 0.644500 0.828268
1412 5828.006760 0.999825 0.546262 0.633758 0.758519
1413 5188.278315 0.999818 0.541032 0.569463 0.741494
1414 4690.811391 0.999715 0.540569 0.558826 0.706354
1415 4392.193902 0.997764 0.455669 0.549985 0.700053
